ID	X	Y	func	noise	original_trajectory
316538	0,1,2,3,4,5,6,7,8,9,10,11,12,13,14,15,16,17,18,19	195.539518843,198.977159054,200.077775369,202.328630043,202.345273354,201.489902848,201.53200315,203.096271468,203.155909766,202.561087393,202.809293547,202.25158753,203.191244056,203.014628259,203.555846362,203.249313124,204.629063974,205.739517868,205.48181918,208.363890175	tan	0.04	308000
317692	0,1,2,3,4,5,6,7,8,9,10,11,12,13,14,15,16,17,18,19	188.774068716,190.797077291,193.4492694,193.824923866,193.560326333,193.342481621,194.71534549,195.020212698,195.194044829,194.012113606,195.572764212,194.95467991,195.4817905,195.978245531,195.250872317,195.150573006,195.47162084,196.997014629,198.118664814,200.653840273	tan	0.04	308000
319647	0,1,2,3,4,5,6,7,8,9,10,11,12,13,14,15,16,17,18,19	196.768835671,199.599503359,200.808226769,201.669603457,200.600618418,201.935600248,201.815937832,201.787044428,201.2805146,201.448715001,202.300062151,203.367360119,202.063912161,202.568417255,203.393789386,203.228425385,203.513041609,204.770693953,204.997046774,209.410113261	tan	0.04	308000
317766	0,1,2,3,4,5,6,7,8,9,10,11,12,13,14,15,16,17,18,19	183.249028707,187.588391695,188.95463075,188.786237427,188.976438186,188.57796699,190.705403758,188.979774719,190.636655385,190.064286799,191.012942225,189.576378673,191.638541305,190.164534296,190.141880397,190.870663371,191.814842489,192.227809284,192.511651424,197.597886629	tan	0.04	308000
318520	0,1,2,3,4,5,6,7,8,9,10,11,12,13,14,15,16,17,18,19	180.30483622,181.596198797,182.762222017,184.155451107,184.333439005,185.761137573,185.117732601,184.409375452,184.983905922,184.977539496,186.477566276,185.422389541,185.54131058,186.539550337,187.070012566,187.751624551,187.850951769,187.324335192,189.270326392,193.057362148	tan	0.04	308000
317089	0,1,2,3,4,5,6,7,8,9,10,11,12,13,14,15,16,17,18,19	202.863829062,207.42909792,207.541073387,208.941179406,209.37003496,208.783535523,208.906302979,209.933669294,210.160972199,209.071944944,210.849981271,209.907087126,210.94075517,210.940683379,210.237443511,210.778286015,211.96385403,212.398927175,213.455915969,216.231187916	tan	0.04	308000
319686	0,1,2,3,4,5,6,7,8,9,10,11,12,13,14,15,16,17,18,19	189.048101853,190.845427721,192.129363626,192.326874177,192.392376741,193.094632213,193.65009237,193.444194847,194.918415667,193.803193416,195.444969289,195.533857499,194.309674217,195.398965386,194.668796415,195.928471351,196.759815302,196.900184796,197.946386678,201.320217483	tan	0.04	308000
318048	0,1,2,3,4,5,6,7,8,9,10,11,12,13,14,15,16,17,18,19	194.029718529,196.850542228,198.74077794,199.736689369,200.527714169,199.312700115,201.065043046,201.144591592,199.925284468,200.420386458,201.220640232,201.12387768,200.79857791,200.837861181,201.726847521,202.06951915,202.296273445,203.683573154,203.76413967,207.843170591	tan	0.04	308000
317987	0,1,2,3,4,5,6,7,8,9,10,11,12,13,14,15,16,17,18,19	195.321112871,198.052576925,200.256632742,201.494642635,200.33627807,200.778451508,201.704093807,201.819601464,202.057275958,201.39664023,201.470206052,202.736542948,202.361229151,202.404456364,201.767851172,203.159072413,203.295261128,204.725153102,205.837794732,208.658607558	tan	0.04	308000
318958	0,1,2,3,4,5,6,7,8,9,10,11,12,13,14,15,16,17,18,19	201.438784733,205.575258714,205.322445996,206.518141994,207.216354541,207.959987233,207.858643718,207.967006248,208.089829971,208.688939065,207.84349213,207.666989323,208.093272959,208.163832969,209.306560707,209.054463089,209.310232675,210.766410179,210.17880006,213.264432039	tan	0.04	308000
316927	0,1,2,3,4,5,6,7,8,9,10,11,12,13,14,15,16,17,18,19	212.615176726,215.699203796,215.560836539,217.125699035,217.201107685,218.118061559,218.501404124,217.130018788,218.975468502,218.066787631,218.731492216,218.092497937,219.191483247,219.500361982,219.792181035,219.569781857,220.209249453,221.130245864,221.978507493,225.362226948	tan	0.04	308000
318924	0,1,2,3,4,5,6,7,8,9,10,11,12,13,14,15,16,17,18,19	188.918136084,191.759514862,193.162914778,194.565911272,195.191903971,194.109702714,193.974841745,194.214445787,194.509057363,194.665641575,196.084889252,195.822525485,196.823027364,195.803291732,196.222004769,197.261924529,196.321758373,197.348254533,199.346044656,202.4371224	tan	0.04	308000
318369	0,1,2,3,4,5,6,7,8,9,10,11,12,13,14,15,16,17,18,19	201.89572475,204.729609778,206.972378009,206.141052549,207.17789355,207.663839406,208.717070664,208.671558982,208.735992721,207.568595859,208.113721756,208.59380016,208.770845361,209.749046362,210.131329193,210.367481212,209.055371248,210.271144749,211.508804487,215.875510705	tan	0.04	308000
318844	0,1,2,3,4,5,6,7,8,9,10,11,12,13,14,15,16,17,18,19	187.250649748,190.036089129,192.647672543,192.768801303,192.133025527,194.246163044,192.614843167,193.030436053,192.887228533,193.954089008,193.6876792,194.272279318,194.357099026,195.473239563,195.086766784,195.927994855,196.502174925,195.882053908,198.217425421,199.709095429	tan	0.04	308000
319505	0,1,2,3,4,5,6,7,8,9,10,11,12,13,14,15,16,17,18,19	175.060213605,177.372906744,178.356141997,180.34624184,180.252842926,181.031636354,180.478449161,179.939482659,179.773856522,180.54549618,181.634265417,181.194212314,181.890989692,181.349375415,182.208016679,182.826288288,182.074819905,183.847343031,184.236168989,187.744695695	tan	0.04	308000
319337	0,1,2,3,4,5,6,7,8,9,10,11,12,13,14,15,16,17,18,19	177.426482046,180.379358781,181.363610576,182.107113244,182.167122556,182.363636429,182.829651607,182.951824216,182.669489379,183.00254819,183.372671641,184.417446931,183.990732157,183.209045508,183.546679133,184.713060655,185.392244022,185.595476649,185.968449728,188.694463451	tan	0.04	308000
318664	0,1,2,3,4,5,6,7,8,9,10,11,12,13,14,15,16,17,18,19	200.284868146,203.509076123,205.019044638,206.747109668,205.902802484,205.811331584,206.710208904,206.130599402,206.501386697,206.375230855,207.980568739,207.365195196,206.962063441,208.851610888,207.228902897,207.392667958,208.27310516,209.75744105,210.358955681,214.324981388	tan	0.04	308000
317291	0,1,2,3,4,5,6,7,8,9,10,11,12,13,14,15,16,17,18,19	203.311092747,207.864420842,207.958296934,208.703005317,209.038966493,208.697818438,208.760355696,210.314712906,209.65540298,210.830508213,209.97989413,210.049362425,211.016690475,210.112550177,210.54167802,210.541200123,211.609452989,211.75605591,213.49369308,217.228737095	tan	0.04	308000
318377	0,1,2,3,4,5,6,7,8,9,10,11,12,13,14,15,16,17,18,19	190.88262226,195.258188989,195.862444306,196.302851094,196.691966863,197.759269633,197.882251525,197.623649644,197.841143415,198.369671393,198.577720099,197.606022413,198.508592539,197.830246637,197.915996608,199.505199064,198.775179898,199.034818589,200.435530573,203.598370823	tan	0.04	308000
317698	0,1,2,3,4,5,6,7,8,9,10,11,12,13,14,15,16,17,18,19	200.875304131,203.045423694,205.926889602,205.898551907,205.244034203,206.643868297,206.269331245,205.893357736,207.052182512,206.920138907,206.429662671,206.597195701,207.828355543,207.259225908,207.061895192,208.033421653,209.074658664,209.859471091,209.768273987,212.757586258	tan	0.04	308000
319963	0,1,2,3,4,5,6,7,8,9,10,11,12,13,14,15,16,17,18,19	178.547747752,183.033991161,183.853447774,184.622246087,185.526995251,184.245277673,185.55313576,185.603520451,185.065342496,186.206199597,185.037546787,186.857896314,186.289106204,185.727858207,186.020011225,187.302243363,187.724436986,188.131818645,189.170401385,192.582993196	tan	0.04	308000
319429	0,1,2,3,4,5,6,7,8,9,10,11,12,13,14,15,16,17,18,19	202.448857772,206.31269985,207.10540829,207.111920855,206.58173704,207.421661324,208.831418214,207.498699497,209.132732513,209.020291035,207.59330501,208.519386666,209.104618619,209.031919582,209.537595671,210.506423018,210.378320896,210.766050041,212.061040779,215.820824988	tan	0.04	308000
319192	0,1,2,3,4,5,6,7,8,9,10,11,12,13,14,15,16,17,18,19	200.4644621,203.606552728,204.627100894,204.557085597,204.091225909,206.082101352,204.584220991,206.476014071,206.550643945,205.891958658,206.721045428,205.334547263,205.989504468,206.818617518,207.357789512,207.561978529,207.511727119,208.647316748,209.221979848,212.859772306	tan	0.04	308000
319513	0,1,2,3,4,5,6,7,8,9,10,11,12,13,14,15,16,17,18,19	210.111591181,212.241905102,213.95918604,214.553290151,214.701029565,215.265653897,216.065572481,216.051398666,215.576864281,216.122991523,214.874873272,216.890963095,216.925202412,216.539486197,216.517059069,217.058726037,217.799438512,217.796922515,218.216525443,221.844390659	tan	0.04	308000
318449	0,1,2,3,4,5,6,7,8,9,10,11,12,13,14,15,16,17,18,19	192.000651923,196.380110042,196.725221011,196.996704121,196.617729131,198.653748834,197.357983367,198.015979928,198.523580059,199.275297935,198.664928957,198.309358619,199.366474176,198.360492168,199.741983503,199.240010856,199.511531976,200.568692791,202.732741929,205.78934888	tan	0.04	308000
318212	0,1,2,3,4,5,6,7,8,9,10,11,12,13,14,15,16,17,18,19	183.797948907,187.121080967,188.428443051,189.024636295,188.450230362,190.31006852,189.154195889,189.293065198,190.270670041,189.506443062,191.018853932,191.468200491,190.034475257,190.519027632,191.907224202,192.287289084,192.711289997,193.012850582,193.519086969,196.891485229	tan	0.04	308000
317708	0,1,2,3,4,5,6,7,8,9,10,11,12,13,14,15,16,17,18,19	184.755380038,187.505360335,188.674138599,190.417371084,189.634914068,191.298921604,191.736428385,191.460883358,191.675124145,191.829005497,192.169259867,191.702838479,192.187229138,191.137389853,192.187388609,192.338560183,193.329957522,193.105915016,194.881682835,197.819808256	tan	0.04	308000
316846	0,1,2,3,4,5,6,7,8,9,10,11,12,13,14,15,16,17,18,19	197.77868482,201.549914171,202.546000032,203.977179265,203.273905286,203.963629274,203.958110001,204.024829054,203.537804317,204.711487985,203.716805021,205.325924718,205.942798734,204.293562777,204.498069719,204.855602098,206.485937052,207.552034091,208.031067324,210.254650551	tan	0.04	308000
319610	0,1,2,3,4,5,6,7,8,9,10,11,12,13,14,15,16,17,18,19	208.471575631,211.87453231,213.229269227,213.73308218,213.845896656,215.066995596,215.659260424,215.603984143,214.962076967,216.040317759,214.604243317,216.059466958,216.687580441,215.149352722,215.361429111,216.954192185,217.852598483,217.29945554,219.41728465,221.966327322	tan	0.04	308000
317784	0,1,2,3,4,5,6,7,8,9,10,11,12,13,14,15,16,17,18,19	205.199001787,208.708841941,210.379799861,209.952840538,212.104404758,211.835428058,212.234917943,211.582027801,212.760557019,212.95038084,211.795573385,213.192338771,211.893672871,212.333439826,214.014365438,213.612185315,213.449762675,214.736449777,215.040618125,218.634485535	tan	0.04	308000
317815	0,1,2,3,4,5,6,7,8,9,10,11,12,13,14,15,16,17,18,19	203.3535284,207.517468312,207.462388531,208.235956405,209.569989651,209.131915199,208.836618623,209.337121412,209.389301989,210.243114701,209.739536607,209.318751036,209.517270092,210.551695841,211.007610117,210.001933961,210.710071819,211.364285865,212.688494655,216.06883914	tan	0.04	308000
316886	0,1,2,3,4,5,6,7,8,9,10,11,12,13,14,15,16,17,18,19	204.464270048,207.665599584,208.809902616,209.484508778,210.508977649,211.342022875,211.914127268,210.933605941,212.09171482,212.332483388,210.891381002,211.319656491,211.992805052,211.796980238,212.922925987,213.746205257,213.658779903,212.745343463,215.708051076,217.9500868	tan	0.04	308000
318218	0,1,2,3,4,5,6,7,8,9,10,11,12,13,14,15,16,17,18,19	183.07586425,185.440994606,187.581729404,187.527556107,188.275049119,188.302738679,188.637599729,189.259865411,187.840977886,188.495283935,188.838828615,189.242080602,188.809716783,190.327671608,189.193475161,190.310566847,190.608558717,190.868676287,191.886300398,194.336313348	tan	0.04	308000
319004	0,1,2,3,4,5,6,7,8,9,10,11,12,13,14,15,16,17,18,19	183.579828466,187.668953463,187.84979249,189.765971785,189.604433133,188.669711028,190.238062573,190.298096949,190.964428013,190.738116842,190.677876319,190.514815648,190.352709745,190.89273331,190.568379246,190.797746137,192.538605534,191.722565287,193.706567796,196.624439625	tan	0.04	308000
319608	0,1,2,3,4,5,6,7,8,9,10,11,12,13,14,15,16,17,18,19	175.446258055,178.728335854,179.353851635,181.254819768,181.245805926,181.283023029,181.063796722,181.318158996,180.799985207,182.482425331,180.960967814,181.601076575,182.815012435,181.944785058,182.690141297,183.224733327,183.059366041,183.877880034,185.809261237,188.613937085	tan	0.04	308000
317274	0,1,2,3,4,5,6,7,8,9,10,11,12,13,14,15,16,17,18,19	186.969421459,190.525975991,191.93347314,191.66401073,192.998335193,193.933821546,193.856649261,193.678397455,193.150495619,194.649127554,193.283976421,193.747996505,194.411745814,195.242316422,194.527643096,194.92730968,195.268164147,194.964701351,197.883168394,199.812417382	tan	0.04	308000
319598	0,1,2,3,4,5,6,7,8,9,10,11,12,13,14,15,16,17,18,19	198.801683511,202.081470288,202.340705344,203.981490675,203.624913019,203.482582182,203.991439832,203.794327049,204.552517666,205.080252028,204.472014093,204.66278821,204.491861677,204.986901005,205.566258448,205.880755577,207.161585191,206.171896331,207.846359277,210.65596924	tan	0.04	308000
318399	0,1,2,3,4,5,6,7,8,9,10,11,12,13,14,15,16,17,18,19	191.507257562,194.583894519,196.605069854,196.825635741,197.699895198,197.385480421,196.821378396,197.260782563,198.362871826,197.549238535,198.696109458,197.613130957,198.458548717,197.79628503,198.593652002,198.423707147,199.400198448,199.614830786,200.190892315,204.241106694	tan	0.04	308000
316728	0,1,2,3,4,5,6,7,8,9,10,11,12,13,14,15,16,17,18,19	193.644087232,196.894208786,198.649027446,197.793080411,198.33041435,200.251349862,199.006088049,200.220971297,199.470288274,200.269247613,199.503012504,200.023436954,200.638639645,200.017503387,201.313197187,201.454106318,201.164280043,202.318028672,202.804758867,207.327586493	tan	0.04	308000
319518	0,1,2,3,4,5,6,7,8,9,10,11,12,13,14,15,16,17,18,19	175.210564394,177.808619296,178.892448395,180.674232624,180.719337951,180.454231613,181.122076416,181.662943195,182.03891995,180.513420419,181.361632218,181.745654787,181.565163431,182.077602929,181.724285683,181.665544543,183.682404852,183.426701662,185.316295662,187.615507561	tan	0.04	308000
317230	0,1,2,3,4,5,6,7,8,9,10,11,12,13,14,15,16,17,18,19	186.62205322,190.23572205,191.389756184,191.411655786,192.231312907,191.552984214,192.701426831,192.082829104,192.068223542,193.576425366,193.792387881,192.542861889,193.763868223,194.225546023,194.61640515,194.657170179,194.535462122,195.792241252,196.931244593,200.269624623	tan	0.04	308000
317951	0,1,2,3,4,5,6,7,8,9,10,11,12,13,14,15,16,17,18,19	185.239359603,189.508214221,189.760248294,189.950526179,190.044857133,190.592799218,191.546179075,191.730107812,191.747907202,191.916509584,192.153848621,192.257069101,193.160067123,191.962955764,193.625961816,193.952569501,193.127224915,193.681019125,196.170897636,197.482953877	tan	0.04	308000
319183	0,1,2,3,4,5,6,7,8,9,10,11,12,13,14,15,16,17,18,19	197.295589239,200.511057367,201.954812891,200.939974519,203.011794953,202.685796108,201.698679399,203.391389645,202.449842153,202.331531491,202.752182717,202.761546318,203.715896582,202.86928561,203.276265326,204.131935092,204.178653491,205.315244691,206.180379418,210.042363971	tan	0.04	308000
317447	0,1,2,3,4,5,6,7,8,9,10,11,12,13,14,15,16,17,18,19	206.656480596,208.893939335,209.91569577,210.736564981,210.096148853,211.659047198,211.271060085,210.789005328,211.550035768,212.027009475,212.200042954,212.174565158,213.314229372,212.49554525,213.295578729,213.516484622,212.676788511,214.987295661,215.121624585,218.811295366	tan	0.04	308000
317345	0,1,2,3,4,5,6,7,8,9,10,11,12,13,14,15,16,17,18,19	205.724874255,208.25563634,208.395289732,209.183732496,210.669981474,209.537265483,210.198266675,211.125106768,210.733873943,211.831430777,210.60118238,210.577932543,211.075995317,210.692130264,211.907671422,211.800591077,213.100726919,213.922361923,214.128508267,217.194698377	tan	0.04	308000
318558	0,1,2,3,4,5,6,7,8,9,10,11,12,13,14,15,16,17,18,19	208.551640233,211.316208561,212.476812086,212.531542352,213.035604372,213.577592859,215.061402418,214.222306506,213.596650503,214.879225077,214.33219495,215.580276724,214.230533042,215.06333302,214.672481712,215.108517249,215.852269305,216.137943758,217.958160638,221.02850631	tan	0.04	308000
318605	0,1,2,3,4,5,6,7,8,9,10,11,12,13,14,15,16,17,18,19	182.190772076,185.059094129,185.830976514,187.390276577,187.871026203,187.051461466,188.42204442,187.969170695,188.173693127,187.506298643,187.470754067,188.76961924,188.636883825,188.990253072,189.275476041,190.031584266,190.30208641,189.999621806,190.333596703,193.441698517	tan	0.04	308000
316713	0,1,2,3,4,5,6,7,8,9,10,11,12,13,14,15,16,17,18,19	185.357322428,188.893115819,188.426180849,190.260288061,190.344031765,189.930924321,189.824461964,191.072498343,190.989505246,190.496825619,190.510083446,192.119647413,190.93122684,191.562591056,191.68817986,191.813701065,192.651404739,193.314366537,194.058838724,197.139120713	tan	0.04	308000
316650	0,1,2,3,4,5,6,7,8,9,10,11,12,13,14,15,16,17,18,19	198.403226892,201.350794519,201.100711005,203.338837791,202.565496827,203.635194126,203.572541277,204.15332446,204.682625715,203.770979207,203.284078961,204.518985202,205.171737971,204.220488646,205.439049252,205.917394604,205.436582924,206.202932309,206.485131905,210.714321508	tan	0.04	308000
318681	0,1,2,3,4,5,6,7,8,9,10,11,12,13,14,15,16,17,18,19	177.038378237,179.672205944,180.464123889,181.50773234,182.280729889,182.303895905,182.069110806,182.764825613,182.648874464,182.621972157,181.859816621,181.821024232,182.169254532,182.660661179,183.800607495,184.070550397,183.712515766,184.229978341,184.93561915,188.878326133	tan	0.04	308000
316569	0,1,2,3,4,5,6,7,8,9,10,11,12,13,14,15,16,17,18,19	181.893412391,184.296888764,184.873430882,186.317382873,185.843633855,186.066399794,187.750265978,187.811608347,187.900123703,187.5977817,188.374114608,187.906681791,188.061907475,187.252204255,187.468091556,188.191315117,188.670544629,188.975822761,190.074645071,194.721765775	tan	0.04	308000
319212	0,1,2,3,4,5,6,7,8,9,10,11,12,13,14,15,16,17,18,19	177.346766756,180.761319537,180.241438137,182.65363222,181.439227625,181.724395159,183.429925841,182.766401216,182.58664398,183.994508245,182.643309678,183.509711459,184.466100796,183.839692758,183.881252161,183.535396762,184.266911515,184.540723553,187.078120559,188.691277727	tan	0.04	308000
319362	0,1,2,3,4,5,6,7,8,9,10,11,12,13,14,15,16,17,18,19	184.516310673,188.36868659,189.929926898,189.910750791,189.670578009,189.788221178,189.726269256,190.934805441,191.448915025,190.337116888,190.86147214,191.545298448,191.598735788,191.44067337,192.040537321,192.216084778,193.525450505,192.626362432,193.962759874,197.045933619	tan	0.04	308000
317530	0,1,2,3,4,5,6,7,8,9,10,11,12,13,14,15,16,17,18,19	178.926303707,180.846225121,183.622217638,184.207807044,184.456328542,183.341575712,185.176895514,184.775589967,184.422060648,183.985481183,185.783488672,184.236291494,185.245047871,185.959502833,184.73991607,185.963726345,185.609907387,185.975898033,188.131472976,190.738522842	tan	0.04	308000
318180	0,1,2,3,4,5,6,7,8,9,10,11,12,13,14,15,16,17,18,19	201.056721465,204.791430714,206.917202762,206.059527954,207.46357376,206.975953818,207.046927616,208.366585103,208.228487458,208.09302401,207.298231385,207.929922287,207.98940233,207.972946502,208.56285711,208.859528076,209.600446506,209.639212473,212.18953692,213.864538962	tan	0.04	308000
318549	0,1,2,3,4,5,6,7,8,9,10,11,12,13,14,15,16,17,18,19	185.237602995,188.113752556,188.317897202,188.784703253,189.704031432,189.912197231,190.063527344,190.803945281,189.947131428,190.228273134,190.854279971,190.459084924,192.093912748,192.247610052,190.943923591,191.697835685,192.363915806,193.693302244,194.74214666,197.579148326	tan	0.04	308000
319084	0,1,2,3,4,5,6,7,8,9,10,11,12,13,14,15,16,17,18,19	198.090062574,201.653394371,202.864004712,202.641199014,202.569087626,204.131464542,203.32750034,204.495919738,204.46145219,204.144535693,203.299774269,203.471627077,203.897097832,203.886889742,204.701381539,204.32581123,204.749381841,206.707394182,207.387945892,210.357877246	tan	0.04	308000
318609	0,1,2,3,4,5,6,7,8,9,10,11,12,13,14,15,16,17,18,19	208.640491019,211.317897901,213.649621291,213.880603683,214.675796197,214.315214955,214.712911401,214.660548303,214.339374585,214.771825742,215.515675326,215.792564406,216.254980047,215.821676681,216.495676761,215.861815252,216.704704019,217.642934438,217.263030381,220.968389333	tan	0.04	308000
319893	0,1,2,3,4,5,6,7,8,9,10,11,12,13,14,15,16,17,18,19	175.649023539,177.0521494,179.126081826,179.801569994,179.204756072,180.059982861,180.75264499,181.603438087,181.449930654,180.458549378,180.914428959,180.976491486,180.854200325,180.767033879,181.969342098,182.69295839,182.343962838,182.522510692,184.059880752,186.656957485	tan	0.04	308000
316938	0,1,2,3,4,5,6,7,8,9,10,11,12,13,14,15,16,17,18,19	178.53552498,183.143064228,184.566482112,183.646142964,183.918334302,184.965717112,185.389902492,185.195001447,186.255033232,186.714558903,186.691513303,186.936628291,185.354107131,187.013896755,187.196774282,187.878226742,187.835378127,187.519059042,188.428625155,191.335257838	tan	0.04	308000
318855	0,1,2,3,4,5,6,7,8,9,10,11,12,13,14,15,16,17,18,19	180.443684063,185.18465928,185.465475598,186.761076336,186.627407495,186.023851598,186.310994257,187.122221428,186.333994569,187.32616018,187.864017797,188.180596444,187.943120263,188.943882967,188.147756612,188.796118644,189.612676165,189.70574467,191.022121464,193.729186425	tan	0.04	308000
319482	0,1,2,3,4,5,6,7,8,9,10,11,12,13,14,15,16,17,18,19	192.28536282,194.619959154,197.119887802,197.555391714,197.940622863,197.647044111,198.065330453,198.06648121,198.77752147,197.626996759,198.302393409,198.601784444,198.630089797,199.273478875,199.394101989,199.139249713,199.661525109,201.06571967,201.623593746,205.759434863	tan	0.04	308000
316620	0,1,2,3,4,5,6,7,8,9,10,11,12,13,14,15,16,17,18,19	202.461738088,206.199613298,206.837022219,208.5720683,208.436272427,209.464564119,208.514010606,209.456539717,209.599682213,209.273350051,209.977868873,209.899304224,210.002346192,209.920153427,209.547050064,211.601068514,210.155564161,212.601331393,212.520598142,216.431055891	tan	0.04	308000
319073	0,1,2,3,4,5,6,7,8,9,10,11,12,13,14,15,16,17,18,19	194.971889293,198.109032267,198.344075233,199.408922945,198.848687328,200.819009069,200.97598581,201.131184368,200.644713978,199.868371938,199.971999271,200.424657322,200.270215687,201.137532283,201.486544553,201.810568585,202.791015828,203.269649653,204.128798134,207.149320929	tan	0.04	308000
319662	0,1,2,3,4,5,6,7,8,9,10,11,12,13,14,15,16,17,18,19	199.022320961,201.089355558,201.878394984,204.104635321,204.325998381,204.93757095,204.266502496,204.408102873,204.82441672,204.268195209,204.529132784,206.031546846,205.295878256,206.373728928,206.425586431,206.610239157,205.593516142,206.29325769,207.839601412,210.796710848	tan	0.04	308000
318775	0,1,2,3,4,5,6,7,8,9,10,11,12,13,14,15,16,17,18,19	192.346554031,195.008001143,196.583493011,196.103224041,197.023788514,197.155623782,196.736006418,198.359392924,198.329067608,197.25101545,198.390602568,198.996781054,198.397780352,198.562690688,199.429227672,199.770234099,199.326885128,200.274923833,200.674886513,204.268712923	tan	0.04	308000
316589	0,1,2,3,4,5,6,7,8,9,10,11,12,13,14,15,16,17,18,19	211.037632977,213.3134808,214.006435388,216.029433185,214.982390028,216.739071716,216.15892404,215.596863976,215.848126912,216.84583628,216.19404562,217.816510873,217.551507981,218.250819228,217.637180988,218.826792272,217.623188675,219.633224351,220.354534324,222.970251465	tan	0.04	308000
317854	0,1,2,3,4,5,6,7,8,9,10,11,12,13,14,15,16,17,18,19	207.236050548,209.944063783,210.699819387,212.291957992,211.189177069,211.428910156,212.898102671,212.853100482,213.298796354,212.847382708,214.094650368,213.683877206,213.319665345,212.874748737,212.872200301,213.221793044,215.384557591,215.421752048,216.308292167,219.180665088	tan	0.04	308000
316644	0,1,2,3,4,5,6,7,8,9,10,11,12,13,14,15,16,17,18,19	204.376725523,208.146039412,208.049077902,209.359802646,209.251748561,209.282505414,209.325875611,209.969748329,211.452445743,210.184863074,210.063150117,211.385637026,210.550491147,211.243778543,212.118552478,211.310710969,211.746302019,213.359996019,214.466567436,216.636358026	tan	0.04	308000
318618	0,1,2,3,4,5,6,7,8,9,10,11,12,13,14,15,16,17,18,19	203.174069738,207.826854319,208.923735163,209.945266769,208.453233025,210.406681413,209.450021657,210.866216874,209.82031056,210.231601946,210.24632521,210.216794199,211.44743377,211.074018165,211.011458974,212.304873919,211.651649305,211.932722403,212.676039163,216.76802181	tan	0.04	308000
319971	0,1,2,3,4,5,6,7,8,9,10,11,12,13,14,15,16,17,18,19	209.415333831,213.919864619,214.132711651,215.388199247,215.809199959,215.057033001,215.313866452,216.91131853,216.95420769,216.029399399,217.607163132,217.726373595,216.531584027,216.407732981,217.505788811,217.208045904,217.30743519,217.975144754,219.216379988,223.691089115	tan	0.04	308000
319830	0,1,2,3,4,5,6,7,8,9,10,11,12,13,14,15,16,17,18,19	176.989862123,180.393958432,179.90554607,181.920139206,181.373954564,181.33216836,183.302077678,182.337273414,182.052382173,182.133637022,182.646883101,182.371272824,184.097113775,183.259745109,183.755202119,184.283537319,184.979535226,184.71348625,186.891317984,189.137724986	tan	0.04	308000
316481	0,1,2,3,4,5,6,7,8,9,10,11,12,13,14,15,16,17,18,19	180.921890006,184.892738639,185.435638406,185.42565485,187.307892547,187.069221394,188.002362417,186.635200268,187.550637026,187.947406332,187.815387684,188.627244458,187.868771958,187.790369672,188.82471344,188.918334154,189.383573993,189.008689953,191.564144699,193.522166685	tan	0.04	308000
316839	0,1,2,3,4,5,6,7,8,9,10,11,12,13,14,15,16,17,18,19	201.436893288,205.506121091,205.902956786,206.526078427,207.40222654,208.741678233,208.6109333,207.810062655,209.122313264,208.704324084,209.265583065,208.199753537,209.468404926,208.697361911,209.34279619,209.585281554,210.163218438,211.070919179,211.819603253,215.869499545	tan	0.04	308000
319555	0,1,2,3,4,5,6,7,8,9,10,11,12,13,14,15,16,17,18,19	177.282490684,180.225507129,182.225792301,182.103264954,183.10698812,181.661880722,181.807627132,183.446442182,182.107888481,183.971400751,182.629557732,183.07925138,182.759085412,184.633493305,184.076518228,184.476090885,185.510173092,184.557220274,186.328040342,190.155681654	tan	0.04	308000
317414	0,1,2,3,4,5,6,7,8,9,10,11,12,13,14,15,16,17,18,19	208.996318489,212.240121597,212.945607378,213.522976538,213.030320995,213.874644555,214.064412436,213.56707115,215.03027181,213.845557769,214.569199101,215.560229914,214.3377394,214.4178522,215.602286234,216.119416614,216.437801249,216.635385119,217.248346976,221.035029307	tan	0.04	308000
319975	0,1,2,3,4,5,6,7,8,9,10,11,12,13,14,15,16,17,18,19	200.84270302,203.908019423,205.001661696,205.830022746,206.886378847,206.834956457,207.607646368,206.468522158,207.947211473,207.924589415,207.954235518,207.30989904,208.242409398,207.231111165,207.442616355,207.917591997,209.049750434,209.752885688,210.941964592,214.421333503	tan	0.04	308000
317579	0,1,2,3,4,5,6,7,8,9,10,11,12,13,14,15,16,17,18,19	184.327695345,186.319664402,189.035668576,189.246997637,188.323436835,190.060923266,188.719120509,189.279336835,190.935656312,190.898962459,189.829987242,190.369539475,190.291875635,191.236487952,190.890308194,191.520360504,191.233217082,191.910699471,193.965916463,197.232010567	tan	0.04	308000
317033	0,1,2,3,4,5,6,7,8,9,10,11,12,13,14,15,16,17,18,19	211.510066891,213.008426186,214.395982422,216.043039516,215.987640426,215.692041416,215.510947623,216.979769084,217.168449584,217.063138077,216.445932457,216.341141489,216.4581933,218.541843589,217.909590222,218.504343233,218.0566708,218.956912555,220.52586815,222.984213819	tan	0.04	308000
318750	0,1,2,3,4,5,6,7,8,9,10,11,12,13,14,15,16,17,18,19	175.277552828,179.008548892,180.661631661,179.631098619,180.934253961,180.430293271,181.2301476,181.200793755,181.314302035,182.332368548,181.556354015,182.454045858,181.561756238,182.395193695,183.24900898,183.722917863,184.180457624,184.448018414,186.025724632,189.295601156	tan	0.04	308000
317177	0,1,2,3,4,5,6,7,8,9,10,11,12,13,14,15,16,17,18,19	174.958066095,177.53806035,178.216132992,179.817174584,180.186868228,179.814524134,179.649092922,180.522342763,181.14434198,179.503589087,181.286909534,180.293748853,180.565416644,180.967756452,181.650855867,181.349146075,182.456257277,183.317956796,183.84792208,186.800135654	tan	0.04	308000
318690	0,1,2,3,4,5,6,7,8,9,10,11,12,13,14,15,16,17,18,19	197.515700512,201.127986836,202.673074585,203.288839848,203.5743887,203.069095097,202.999427991,203.447503574,204.035190992,205.200471391,204.375981587,204.841453458,205.314162782,204.61219174,205.049323194,205.177914996,204.98339504,206.8485836,207.056070336,210.493904772	tan	0.04	308000
317428	0,1,2,3,4,5,6,7,8,9,10,11,12,13,14,15,16,17,18,19	210.068562831,213.345080543,214.44201026,215.359572156,216.575837818,215.837052912,216.814255074,216.222784569,217.012641709,217.676224061,216.325959763,216.745094741,216.343155382,217.26688502,218.107816978,218.178739324,219.123032205,219.243745,219.236424921,223.478773821	tan	0.04	308000
317186	0,1,2,3,4,5,6,7,8,9,10,11,12,13,14,15,16,17,18,19	188.76479278,191.393101412,194.356575966,193.863916961,194.532551891,195.400112344,194.367130837,195.540774527,195.202658529,195.249405733,195.55579418,194.90760174,196.374557482,195.079492755,196.194873669,196.14964227,196.775518997,197.935965103,197.948989328,201.505495973	tan	0.04	308000
317366	0,1,2,3,4,5,6,7,8,9,10,11,12,13,14,15,16,17,18,19	211.246449464,214.242001625,213.784439472,214.607438573,216.096384618,216.708399027,216.118943855,216.123358471,216.565731486,217.076129773,216.926916833,217.253228639,217.379676113,217.720890851,216.765999743,218.766081249,219.059849174,219.162675761,220.081298638,223.807249197	tan	0.04	308000
317357	0,1,2,3,4,5,6,7,8,9,10,11,12,13,14,15,16,17,18,19	206.87770442,209.714581762,211.162387746,211.408758079,212.987671087,212.774454426,213.211968603,213.881349945,213.603130324,213.388587766,212.61023427,212.793392931,214.625341769,213.894236328,213.5056211,215.460545903,214.3497256,216.347358427,216.874221347,220.400808581	tan	0.04	308000
316936	0,1,2,3,4,5,6,7,8,9,10,11,12,13,14,15,16,17,18,19	198.82750074,203.206120628,203.609387495,203.462161655,204.98710933,204.048419919,205.148722108,205.229272945,205.906123917,205.209420616,205.067920972,206.131811812,205.604921191,206.215731638,206.086027111,206.436464464,206.888355218,207.680296151,208.665935124,212.063143039	tan	0.04	308000
316848	0,1,2,3,4,5,6,7,8,9,10,11,12,13,14,15,16,17,18,19	210.827135729,213.991316283,213.560122949,214.360852391,216.04290688,214.868486341,215.223031861,216.60856599,216.553836556,215.501198922,215.851237501,215.498846083,215.756926936,215.805645583,217.04520018,217.653545428,217.823816017,217.477240137,220.263600128,221.779675146	tan	0.04	308000
317371	0,1,2,3,4,5,6,7,8,9,10,11,12,13,14,15,16,17,18,19	207.164742276,210.339030485,211.509304556,211.219239187,212.713751368,211.716343538,212.640448899,213.372268795,212.493640221,213.017098952,212.780433502,214.227535939,213.896529366,213.882485514,213.815599703,214.801342187,214.35547228,214.616818874,216.467707461,219.042588244	tan	0.04	308000
319113	0,1,2,3,4,5,6,7,8,9,10,11,12,13,14,15,16,17,18,19	197.565798063,200.437828865,201.226859994,202.646945852,203.59633255,202.523893713,204.125510799,204.16306092,204.793673505,203.781228515,203.709496331,204.064985243,204.521644175,205.648341446,204.386766561,205.940932712,206.024580477,205.919106938,208.180286094,210.644530253	tan	0.04	308000
316678	0,1,2,3,4,5,6,7,8,9,10,11,12,13,14,15,16,17,18,19	204.102928996,206.731791859,208.765429677,209.155996394,208.768802048,208.856710362,210.876684275,211.074230185,209.763594224,210.850822942,211.388578663,210.998734638,209.969276258,211.54983587,211.162864897,211.552953315,211.360819332,212.609221877,214.064726466,217.466741068	tan	0.04	308000
319221	0,1,2,3,4,5,6,7,8,9,10,11,12,13,14,15,16,17,18,19	187.434233274,191.583944555,192.820968886,193.203123381,192.73618738,194.082942358,194.335575035,193.668703208,194.862756065,195.248096226,193.80966399,195.316216683,194.842263298,195.166812882,195.409805156,196.055229087,196.661682386,196.459971823,197.622595688,199.833174387	tan	0.04	308000
317730	0,1,2,3,4,5,6,7,8,9,10,11,12,13,14,15,16,17,18,19	173.057818304,177.444254736,178.586747237,178.359158113,179.443582286,179.849205486,179.558123155,179.279650816,179.863511775,180.051606382,181.168141278,180.759294843,180.364145127,181.46671452,180.012813496,181.050111074,182.352287082,183.031635544,183.018080176,187.465477051	tan	0.04	308000
319082	0,1,2,3,4,5,6,7,8,9,10,11,12,13,14,15,16,17,18,19	182.434592558,185.636722425,186.077248832,186.931169766,186.982703829,187.561594481,188.126956663,187.807999479,187.900660519,187.720513089,188.979598132,187.748107423,189.692996388,190.016126582,189.451000192,189.54934946,189.306859905,189.666120681,191.569165917,194.132393464	tan	0.04	308000
316372	0,1,2,3,4,5,6,7,8,9,10,11,12,13,14,15,16,17,18,19	195.972823752,198.165252462,200.52051233,200.673521305,201.150864894,200.516533357,202.263716076,200.935851605,202.686906356,201.955383543,202.014889227,202.253066781,202.377673332,203.663337373,203.175233306,203.720069464,203.404084863,203.534111878,205.819060616,209.333539178	tan	0.04	308000
318738	0,1,2,3,4,5,6,7,8,9,10,11,12,13,14,15,16,17,18,19	201.186829984,203.092242216,205.688954409,205.757516282,205.028049574,205.070030093,206.911916354,206.165814951,206.504918727,206.393562459,205.962533683,207.018398383,207.421877726,206.440060041,206.984992661,207.343084685,207.649940954,209.269824023,210.148711585,213.973347049	tan	0.04	308000
317674	0,1,2,3,4,5,6,7,8,9,10,11,12,13,14,15,16,17,18,19	209.034553534,212.620017478,212.961670971,214.222803949,214.512164429,215.766951483,215.286722978,215.45951205,216.33992671,214.943981928,215.329631922,215.057035905,215.52178798,215.682272127,216.049469423,217.173196072,216.47094316,217.705888071,218.133748508,221.338442085	tan	0.04	308000
317130	0,1,2,3,4,5,6,7,8,9,10,11,12,13,14,15,16,17,18,19	192.736191009,194.815568165,197.11892115,195.962198934,197.297514129,196.618035077,197.405833987,197.987192849,197.689706484,197.611860151,199.155367239,199.091600257,199.505855927,199.53818886,199.395274961,199.86110054,200.652121267,199.646835336,202.044790883,204.427819951	tan	0.04	308000
318917	0,1,2,3,4,5,6,7,8,9,10,11,12,13,14,15,16,17,18,19	184.900662653,187.407870602,189.346220532,190.084703963,189.03521242,190.351893891,190.753224548,189.900584548,190.21320881,190.762111343,191.178524998,191.505194805,192.345638214,190.974028757,191.183956968,191.143624471,191.776382875,194.032371906,195.04535097,197.014013	tan	0.04	308000
316355	0,1,2,3,4,5,6,7,8,9,10,11,12,13,14,15,16,17,18,19	176.877440464,180.769691045,181.279961305,182.180028354,183.129486867,183.951583471,182.847411949,182.73458284,184.167240239,184.766309917,183.985808619,184.439223548,184.712248535,185.550770219,185.008702598,185.283072325,185.939931268,185.85552424,187.975324515,190.348680436	tan	0.04	308000
317290	0,1,2,3,4,5,6,7,8,9,10,11,12,13,14,15,16,17,18,19	206.360488978,209.025995615,209.495502994,210.278977189,211.04508287,210.875729422,211.430509681,212.376824291,212.270317487,212.534298171,212.918117818,211.840879289,211.576622064,211.465918382,213.417608126,212.028116475,213.902746599,213.271778157,215.832351914,217.717762489	tan	0.04	308000
316905	0,1,2,3,4,5,6,7,8,9,10,11,12,13,14,15,16,17,18,19	205.964261959,209.010175253,211.353714258,211.292060864,211.123275795,211.771120846,212.845342474,212.728529058,213.438633744,212.705562027,213.48464535,213.966327817,212.566972286,213.006152989,213.457487443,214.93711059,213.500633894,214.877172886,215.647416504,220.15128531	tan	0.04	308000
317252	0,1,2,3,4,5,6,7,8,9,10,11,12,13,14,15,16,17,18,19	176.003432646,178.694449876,180.40577099,180.264256929,180.636574257,182.274453564,181.365649026,182.403143774,182.919601721,182.374958255,182.427742468,182.197445075,183.018487722,182.47276759,183.148808441,183.187991788,183.550643261,184.667327451,184.579836873,188.597430691	tan	0.04	308000
318170	0,1,2,3,4,5,6,7,8,9,10,11,12,13,14,15,16,17,18,19	196.653573245,199.150255173,201.540634043,201.93171999,201.334697655,201.300743228,203.257770717,202.391389525,203.268400192,202.806763617,203.815553325,202.476525804,203.26768111,203.562673289,204.15251459,204.067783701,205.351808527,205.273765358,206.738739747,208.588361805	tan	0.04	308000
317743	0,1,2,3,4,5,6,7,8,9,10,11,12,13,14,15,16,17,18,19	187.967741277,191.252959992,192.355094314,194.452208181,194.56517207,194.583976203,193.845463204,194.244120541,194.901874823,194.286612858,194.743325689,195.986308078,194.707075856,195.519082667,195.601955265,195.725865778,197.315814156,196.704014553,198.359717495,201.60627073	tan	0.04	308000
318128	0,1,2,3,4,5,6,7,8,9,10,11,12,13,14,15,16,17,18,19	190.269557321,193.617423778,194.460437438,195.291487196,196.137811911,195.55638116,196.356252354,197.214048636,197.320335375,197.510145829,196.406565416,197.499851651,196.965538654,198.757679358,199.032365098,197.800425769,197.8259736,200.008716981,199.730435687,204.284704367	tan	0.04	308000
316051	0,1,2,3,4,5,6,7,8,9,10,11,12,13,14,15,16,17,18,19	176.195910797,178.846390514,180.556415328,180.696366768,181.23749957,180.804380895,180.716221099,181.966822355,182.822182903,181.327161729,182.880736783,182.191491469,182.932523912,182.601796653,183.724034769,182.70710286,183.891769383,183.622330077,185.157881034,188.928081633	tan	0.04	308000
317724	0,1,2,3,4,5,6,7,8,9,10,11,12,13,14,15,16,17,18,19	202.936025274,206.478449616,206.770010756,207.867337898,208.755963281,208.27069547,209.763211159,208.116892927,209.514806239,210.18233852,209.884506616,209.267529207,210.33007827,209.447993534,210.371989517,210.643541195,210.688002767,212.052035623,213.38039087,214.857936221	tan	0.04	308000
319808	0,1,2,3,4,5,6,7,8,9,10,11,12,13,14,15,16,17,18,19	176.417671716,179.235124283,179.988414866,181.893363518,181.93869215,182.510882697,181.392662127,181.314633688,182.648551494,183.197858265,182.814355503,182.946477965,182.128268619,183.826798406,182.316982646,184.084556362,183.786605051,183.688009368,184.930308801,188.333427484	tan	0.04	308000
319874	0,1,2,3,4,5,6,7,8,9,10,11,12,13,14,15,16,17,18,19	182.970377373,185.685547653,187.279849575,187.686196599,188.809572996,187.953257173,189.81344698,188.685405424,189.691527481,188.850624064,190.253718788,190.603404577,189.139347508,190.962909297,191.096305881,190.343880989,191.121498419,191.780625695,191.740751885,196.496873307	tan	0.04	308000
317013	0,1,2,3,4,5,6,7,8,9,10,11,12,13,14,15,16,17,18,19	199.326630005,201.470725269,203.102071911,203.438564979,203.852840243,204.475732477,203.995280624,205.319865808,205.874925604,204.521363417,205.029482191,205.609224103,204.900869564,205.451253678,207.013513409,205.682477105,206.399294136,208.174202009,207.623615269,211.425280822	tan	0.04	308000
316235	0,1,2,3,4,5,6,7,8,9,10,11,12,13,14,15,16,17,18,19	202.010909522,204.312182649,205.825718598,205.424349256,206.044799907,207.180183226,206.390634966,206.274306318,207.920316221,207.939507743,206.752304496,208.423789448,208.69671039,207.853700781,208.028909585,208.421085737,209.508477305,210.264501458,211.684040814,213.608263012	tan	0.04	308000
317586	0,1,2,3,4,5,6,7,8,9,10,11,12,13,14,15,16,17,18,19	198.506753656,201.225826595,202.173350498,202.410380672,203.583896548,202.094382581,202.395959989,202.749819392,203.122451234,203.291154635,204.617936926,203.363093833,204.652157822,205.408824149,204.232296352,204.19075221,206.194463141,205.512568621,206.310922588,210.206770196	tan	0.04	308000
319519	0,1,2,3,4,5,6,7,8,9,10,11,12,13,14,15,16,17,18,19	201.036048232,203.777394704,205.546047551,204.959670816,204.613816957,206.076697772,206.798532118,206.162655973,206.802655299,206.630573112,206.455619776,206.720328487,207.747194333,206.629342114,208.127896342,207.407933897,208.005981087,208.775294663,208.996474098,213.294594664	tan	0.04	308000
316916	0,1,2,3,4,5,6,7,8,9,10,11,12,13,14,15,16,17,18,19	185.913694877,188.481547248,190.277374398,189.961282371,191.266262433,190.851821673,191.585616335,192.26771628,191.613882735,191.449712076,191.632288565,193.190876677,192.04210483,193.06651366,193.148123031,192.932391717,193.823741368,193.432061239,194.657923049,198.200902333	tan	0.04	308000
317433	0,1,2,3,4,5,6,7,8,9,10,11,12,13,14,15,16,17,18,19	191.267200772,192.651266013,194.464096635,195.098465833,195.478991181,195.001081921,195.969347712,195.320939703,195.597362514,197.225710607,196.131854903,197.765773288,197.76320966,196.407171271,197.903884836,197.33475947,199.06553149,199.344752612,199.3556688,202.369042608	tan	0.04	308000
316954	0,1,2,3,4,5,6,7,8,9,10,11,12,13,14,15,16,17,18,19	200.822328627,203.822527523,205.397592475,204.858567901,206.961521916,205.650947315,206.667920127,206.856023703,207.359508629,206.83188433,206.855323654,207.2188169,207.935074292,206.695699129,207.904791952,207.964856555,208.613470702,209.497770588,209.730120517,213.411025983	tan	0.04	308000
316808	0,1,2,3,4,5,6,7,8,9,10,11,12,13,14,15,16,17,18,19	188.461850302,191.869294762,192.308982046,192.553528318,193.494291027,194.544925333,194.591428989,193.954550885,194.247863968,194.229938403,194.525105855,194.977625428,194.65175363,194.597546735,194.938629372,195.892545937,196.251095777,197.209660848,197.102530782,200.579611685	tan	0.04	308000
316573	0,1,2,3,4,5,6,7,8,9,10,11,12,13,14,15,16,17,18,19	189.071374834,193.065011486,194.354757534,193.935269719,195.219365729,193.859497884,194.934337028,195.394313703,194.497998738,196.004303988,195.358910079,196.195739915,196.529478158,196.590356057,196.82012282,196.158268392,196.025273043,196.66871127,198.439448,202.790258333	tan	0.04	308000
319547	0,1,2,3,4,5,6,7,8,9,10,11,12,13,14,15,16,17,18,19	179.967788029,182.649221114,183.648437367,184.215647082,185.648310373,185.094942659,185.255881935,185.352307206,184.542215287,185.762339103,186.044149065,186.641666216,186.85020253,185.996126453,186.376506156,186.056925342,187.041093616,188.144407766,188.374004381,192.059075997	tan	0.04	308000
316922	0,1,2,3,4,5,6,7,8,9,10,11,12,13,14,15,16,17,18,19	175.347449726,177.944044072,179.499830664,179.42818403,180.492846547,180.331773659,179.639830419,180.146438205,181.507250954,181.534644006,180.604791269,182.034945425,181.74693709,182.274188634,182.957556069,183.154250809,183.169990838,182.9028724,183.538325519,186.66427226	tan	0.04	308000
319107	0,1,2,3,4,5,6,7,8,9,10,11,12,13,14,15,16,17,18,19	194.82295198,196.445588144,198.611592854,199.140533014,198.283237465,199.625069942,199.253265414,199.971444553,200.82598445,199.300326843,200.874008673,200.92418299,199.765853055,200.202429872,201.873359827,202.110405884,201.32326537,201.939787147,203.260533577,206.048158212	tan	0.04	308000
319969	0,1,2,3,4,5,6,7,8,9,10,11,12,13,14,15,16,17,18,19	201.751131143,205.167505491,206.691882482,207.162284407,207.207881844,207.750420927,206.691861768,207.192020209,208.600056291,207.160740655,208.550654289,207.714198686,208.520175827,209.01016663,208.005948875,209.63791227,209.282259189,210.134938487,211.030344955,214.801507732	tan	0.04	308000
316603	0,1,2,3,4,5,6,7,8,9,10,11,12,13,14,15,16,17,18,19	182.029054102,185.462635772,186.488329347,187.237025323,187.091690358,188.388951013,188.161871924,187.465988272,187.66960722,187.758811029,187.718723893,188.088780554,189.608464789,189.456860748,188.438500538,189.868772315,189.067023381,190.976728795,191.21463339,195.406478097	tan	0.04	308000
316993	0,1,2,3,4,5,6,7,8,9,10,11,12,13,14,15,16,17,18,19	175.065797816,178.066883343,180.007773486,180.714342554,179.679759536,180.561592259,180.38376548,180.651569622,181.724494944,181.540796518,181.095760603,181.609195843,181.319302077,182.571251971,181.848447068,182.944979608,182.676829795,183.106970215,184.713771775,187.310574769	tan	0.04	308000
317196	0,1,2,3,4,5,6,7,8,9,10,11,12,13,14,15,16,17,18,19	186.717514447,190.678691299,190.647523443,192.479497753,193.061682265,192.546803272,193.470361183,193.135943042,193.021735866,192.650449509,193.125720409,194.042361499,193.129908016,194.714948803,193.366747908,195.315675423,194.272078358,195.984775306,197.150265293,199.163426544	tan	0.04	308000
317359	0,1,2,3,4,5,6,7,8,9,10,11,12,13,14,15,16,17,18,19	195.074116057,197.90046823,199.578757146,201.113499624,199.79432375,201.347787257,201.53093632,200.392774426,202.135625126,201.021855374,202.044022536,202.077263571,201.952112501,202.456068536,202.673757957,203.347136032,203.181110494,204.475858933,205.612135837,208.752078523	tan	0.04	308000
317605	0,1,2,3,4,5,6,7,8,9,10,11,12,13,14,15,16,17,18,19	174.627171545,179.399971831,179.520470067,180.764992315,180.79712793,181.891648173,181.752610383,182.227351833,181.616628205,182.283267872,182.761091948,182.563206405,181.877165477,182.152076168,183.118273039,183.374325995,184.233988066,184.719486444,184.7192055,188.875436379	tan	0.04	308000
319904	0,1,2,3,4,5,6,7,8,9,10,11,12,13,14,15,16,17,18,19	197.075836785,201.089158197,201.5718915,202.459870925,203.159551529,202.696790709,202.12611951,204.000205179,203.630774299,202.482704291,203.641211418,202.851111059,202.944330892,204.210247356,204.151475562,204.57356273,204.110234965,205.529930852,206.356150168,210.61802282	tan	0.04	308000
319685	0,1,2,3,4,5,6,7,8,9,10,11,12,13,14,15,16,17,18,19	208.304579399,210.296655367,212.367542514,213.282928217,212.306548199,212.846982546,212.533712522,213.139143741,212.979877823,213.408118954,213.291350235,213.430620133,214.610005954,214.546825413,214.541271217,215.70723938,214.770085552,216.71717566,216.35681567,220.643123252	tan	0.04	308000
317797	0,1,2,3,4,5,6,7,8,9,10,11,12,13,14,15,16,17,18,19	212.512526974,214.858900653,216.959604697,218.371034868,216.875335067,218.705490393,218.867080701,218.410086399,218.564550311,218.972608204,218.059507333,218.768086468,218.458605262,219.443524191,219.060047793,220.410742188,220.382843112,221.82689678,222.779713591,225.929856942	tan	0.04	308000
318997	0,1,2,3,4,5,6,7,8,9,10,11,12,13,14,15,16,17,18,19	179.495781296,180.839707537,183.108624424,183.767515033,183.252320046,184.071771215,184.399134403,184.534041416,185.477198036,184.933534313,185.608312942,185.302477832,185.523429718,185.898528275,185.423152653,186.584388086,187.247313456,186.30872873,187.180818068,191.524551803	tan	0.04	308000
319825	0,1,2,3,4,5,6,7,8,9,10,11,12,13,14,15,16,17,18,19	202.165105182,205.570699134,205.908413172,206.388380758,206.369321408,207.172869706,207.971139049,208.785259976,207.899915934,207.314885582,209.139843398,207.938401198,209.343291295,208.527266402,209.730511793,209.559805941,209.050026873,210.026524402,212.233193625,213.747367277	tan	0.04	308000
316316	0,1,2,3,4,5,6,7,8,9,10,11,12,13,14,15,16,17,18,19	174.30176961,176.476243618,178.004920788,178.28551367,178.690269164,180.323628958,179.281359208,180.794235628,179.213228994,180.094694716,179.651161303,180.996258452,180.686023343,181.004630746,180.822864577,180.58977912,182.479320922,182.809993791,182.462775428,187.509048886	tan	0.04	308000
318910	0,1,2,3,4,5,6,7,8,9,10,11,12,13,14,15,16,17,18,19	176.988763325,180.784900046,181.541192552,182.66380477,183.77749977,182.624411077,183.792592786,184.835436332,183.292268542,184.700132547,183.57504085,185.372173745,184.643659482,184.605237077,184.733764456,186.17992111,185.611723544,186.026560996,188.20138796,190.647623151	tan	0.04	308000
318714	0,1,2,3,4,5,6,7,8,9,10,11,12,13,14,15,16,17,18,19	203.929669241,208.43095984,208.830029276,209.252898961,209.440601359,209.792434045,210.700241517,211.550510916,211.619559962,210.981620025,211.296475443,212.093648747,210.660494938,211.46680845,212.401125707,212.797160245,212.607730126,212.669717495,214.244875182,217.903063427	tan	0.04	308000
319645	0,1,2,3,4,5,6,7,8,9,10,11,12,13,14,15,16,17,18,19	181.955116315,185.322650712,187.472970986,186.818474269,188.196675203,187.946122924,188.957961349,187.785472762,189.122388366,189.364969665,188.141895872,189.183866724,188.569100082,189.874202788,189.500082453,190.246136279,189.720101213,190.897902254,192.833000023,195.184491368	tan	0.04	308000
319763	0,1,2,3,4,5,6,7,8,9,10,11,12,13,14,15,16,17,18,19	179.299495855,181.087290755,183.783866278,182.746008507,183.257233754,183.415750995,184.810592623,185.176151024,185.215882535,185.161456884,185.110007121,186.254198387,184.777835907,186.477163885,186.293856522,185.544892982,186.830319103,187.991221369,188.671578959,190.497364792	tan	0.04	308000
316742	0,1,2,3,4,5,6,7,8,9,10,11,12,13,14,15,16,17,18,19	212.980291042,215.824732875,216.724307686,217.370077496,217.576184946,217.806345574,216.896344557,217.969383572,219.077924774,217.344634037,219.306356186,219.470010832,219.366471944,218.91671948,219.75869944,218.854082811,220.107889495,219.713418204,220.945054749,224.947798601	tan	0.04	308000
316649	0,1,2,3,4,5,6,7,8,9,10,11,12,13,14,15,16,17,18,19	212.466927189,214.398504833,215.469656938,217.584506062,217.909731426,218.300834113,218.451443052,218.650573484,218.733603498,218.522294365,219.182481799,217.904086089,219.54406223,218.909041186,218.436951255,219.333251088,219.455263642,220.711682841,222.319279304,225.017136471	tan	0.04	308000
319925	0,1,2,3,4,5,6,7,8,9,10,11,12,13,14,15,16,17,18,19	183.611659528,185.797914358,186.622225765,188.301781697,188.447709388,189.036229296,189.721385195,189.74684923,189.50190783,189.040090548,188.520956316,190.341033895,190.404986694,190.196818831,189.17355574,190.75820322,191.401296531,191.437462974,192.875495523,196.075301782	tan	0.04	308000
318364	0,1,2,3,4,5,6,7,8,9,10,11,12,13,14,15,16,17,18,19	180.47631419,183.62979435,184.419738893,185.69936418,186.062203345,186.554347559,186.414596228,186.735147307,186.307393347,186.072479504,186.569384005,186.338829488,186.800738468,188.162759456,186.940639698,186.82358608,189.117364478,189.371850432,189.456678028,192.426354864	tan	0.04	308000
317571	0,1,2,3,4,5,6,7,8,9,10,11,12,13,14,15,16,17,18,19	200.668835566,204.109309278,206.085027208,206.647536954,207.051519879,207.707879082,207.27905346,207.245884866,206.674980586,206.960076901,208.659482068,207.794556797,207.655588434,209.033077101,207.399487374,208.583823042,209.75945186,209.508304296,210.932940061,213.328520527	tan	0.04	308000
316183	0,1,2,3,4,5,6,7,8,9,10,11,12,13,14,15,16,17,18,19	196.2575647,200.413402475,199.874696348,201.209625225,200.786428124,202.287525295,201.894535612,202.979568774,203.023989254,202.807920669,203.160883628,202.459238444,203.554645951,203.302257173,203.902120698,203.863659285,203.952558101,204.465267748,206.151426221,209.464924663	tan	0.04	308000
318833	0,1,2,3,4,5,6,7,8,9,10,11,12,13,14,15,16,17,18,19	187.565850925,190.278936006,191.998760454,192.093237757,191.803864593,192.840751658,192.435525932,193.610439515,192.067795108,193.290973775,193.855372061,193.891118889,192.959735997,194.447220237,193.590809509,194.779973799,194.38102518,196.027374839,196.593657769,199.592698883	tan	0.04	308000
316759	0,1,2,3,4,5,6,7,8,9,10,11,12,13,14,15,16,17,18,19	196.980830551,200.883616655,202.334594817,201.544791057,201.99771284,203.574110247,202.538145188,202.555670284,204.498364035,204.526929778,203.689414901,204.395645674,205.245544401,203.518594862,203.880845151,205.844791819,205.328288425,205.131994103,207.324392437,209.66373327	tan	0.04	308000
316007	0,1,2,3,4,5,6,7,8,9,10,11,12,13,14,15,16,17,18,19	204.208425896,208.717219285,210.182187518,210.133956592,209.782135682,209.581403308,211.389921991,210.051572012,210.910486486,212.077013962,211.478262796,210.621565546,212.571887031,211.462522552,212.086380391,212.150633304,212.927500625,213.779099012,215.462326145,217.180406647	tan	0.04	308000
318642	0,1,2,3,4,5,6,7,8,9,10,11,12,13,14,15,16,17,18,19	212.846416792,214.603416175,216.44782834,216.371429549,216.358066498,217.604201259,216.969733102,217.938415618,218.93566825,218.950696558,217.657107502,217.483666718,217.708375408,218.305306562,219.852520092,218.326101917,218.734333492,220.248582315,221.794014787,225.227829525	tan	0.04	308000
319735	0,1,2,3,4,5,6,7,8,9,10,11,12,13,14,15,16,17,18,19	180.512142376,181.825977072,182.86979368,184.493668591,183.991136985,185.779332258,184.612906388,184.866024122,186.199789533,185.861437018,186.182660694,186.814403091,187.23955263,186.394929421,187.307465113,186.290601724,187.366177997,187.936346905,188.333558031,191.312538805	tan	0.04	308000
316621	0,1,2,3,4,5,6,7,8,9,10,11,12,13,14,15,16,17,18,19	200.115997812,204.730164274,205.459641652,206.724436959,206.558085149,205.545365391,205.923554541,207.192042114,206.832331267,206.707802183,208.027494267,208.259105858,208.406267858,207.451692996,208.166405761,208.358685424,208.241716247,208.52239564,211.276188321,213.059468968	tan	0.04	308000
318055	0,1,2,3,4,5,6,7,8,9,10,11,12,13,14,15,16,17,18,19	197.195212999,200.256417479,200.961065422,200.2942625,202.34175878,201.05253503,202.875005364,201.376673944,202.823307705,203.285703616,203.814994465,203.893071593,202.798573547,202.874662634,203.76699606,204.190876015,204.749571158,204.509765166,205.853968376,209.795184002	tan	0.04	308000
317321	0,1,2,3,4,5,6,7,8,9,10,11,12,13,14,15,16,17,18,19	180.739832315,182.168874899,183.208733078,184.69199115,185.550417362,186.194361295,186.454767099,185.281270357,186.540325556,186.190441435,185.923814867,186.405035592,187.241008377,185.899301204,187.266588118,186.269520037,186.7764555,188.659832494,188.519223661,191.544920628	tan	0.04	308000
316096	0,1,2,3,4,5,6,7,8,9,10,11,12,13,14,15,16,17,18,19	190.926887934,194.559489475,195.88963575,196.412846068,196.40342252,196.256305426,196.822173165,196.993650121,197.355630563,197.323036978,197.622367493,199.116345081,198.927953553,198.292301331,198.457066948,198.247042153,198.513863,199.574682396,201.828853512,203.883312825	tan	0.04	308000
316466	0,1,2,3,4,5,6,7,8,9,10,11,12,13,14,15,16,17,18,19	178.344457904,181.163925539,182.965369453,183.940759101,183.917834227,183.470637662,183.640276178,184.073809852,184.927253468,184.300615379,184.874166178,184.864239885,184.608899454,184.12145531,184.359984798,186.113481865,185.602589301,186.215706953,187.23024007,190.097175956	tan	0.04	308000
318057	0,1,2,3,4,5,6,7,8,9,10,11,12,13,14,15,16,17,18,19	189.607880012,193.710647745,194.744385344,195.672544941,194.654465832,195.650091183,196.420987455,195.661031071,195.150453141,195.783895827,195.807587441,195.811369958,196.896226791,196.562027309,196.246020668,197.22275533,197.397950268,198.272546912,198.951735548,203.301239757	tan	0.04	308000
319743	0,1,2,3,4,5,6,7,8,9,10,11,12,13,14,15,16,17,18,19	193.139792402,196.480945601,196.751139551,198.394870071,199.081298536,199.782047214,199.510267951,198.586506767,199.071840705,200.567142988,200.099562343,200.090204586,200.276957428,199.967404269,199.649103603,201.593740873,201.842037814,201.516259687,202.574549296,207.018344958	tan	0.04	308000
318533	0,1,2,3,4,5,6,7,8,9,10,11,12,13,14,15,16,17,18,19	189.966691442,193.940091929,195.092248721,195.456942586,195.611479323,196.58139913,196.388449354,195.966687585,197.232764838,196.131022415,196.934020661,196.730963286,196.341285649,198.093919889,197.168601208,196.982975655,198.702948406,198.453102231,200.557676791,202.837249058	tan	0.04	308000
319091	0,1,2,3,4,5,6,7,8,9,10,11,12,13,14,15,16,17,18,19	186.845993745,189.17285606,190.149165291,191.273208083,191.651338287,192.703841084,193.144749214,192.064643877,192.098027676,193.085351053,193.131407053,193.338018377,193.04500733,193.439547127,194.109357731,194.484568963,194.259849376,194.59396089,195.713393083,198.28830441	tan	0.04	308000
316357	0,1,2,3,4,5,6,7,8,9,10,11,12,13,14,15,16,17,18,19	208.553133892,212.063676145,212.559171698,213.918002605,214.256414296,213.591617019,213.71621633,214.984894922,214.057665005,214.446335719,215.079278221,214.226372539,215.45350552,215.165275326,215.520292507,216.840597664,216.66218528,217.279656412,218.195362425,221.304179087	tan	0.04	308000
316602	0,1,2,3,4,5,6,7,8,9,10,11,12,13,14,15,16,17,18,19	174.775636538,178.011953572,179.736988911,179.413478378,179.952449679,180.373937134,180.644092585,181.309181477,181.526026469,180.443591221,180.67695772,181.288000256,182.138871655,180.567407519,182.453766442,182.766799348,182.61498409,182.453672272,183.476548233,187.392421068	tan	0.04	308000
318507	0,1,2,3,4,5,6,7,8,9,10,11,12,13,14,15,16,17,18,19	192.762048522,195.692791128,196.402387074,197.838586484,198.547061178,199.248015993,199.390879625,198.583644557,198.855590861,199.356515946,199.200669737,199.621101572,199.232657572,200.763685396,199.402596033,200.915770873,199.676477002,201.636209725,202.163330336,205.998983975	tan	0.04	308000
317650	0,1,2,3,4,5,6,7,8,9,10,11,12,13,14,15,16,17,18,19	193.242947706,195.98862527,198.407953499,198.938043003,197.922626833,198.169162699,199.79991307,199.416292029,199.51434671,199.290612579,198.894416894,199.259458234,200.111947495,200.370855255,199.573798368,201.249173087,202.131548435,202.541935936,202.273658948,205.84845735	tan	0.04	308000
317382	0,1,2,3,4,5,6,7,8,9,10,11,12,13,14,15,16,17,18,19	177.252566848,180.215703188,181.578427768,181.877375151,182.697900338,182.37485163,181.257688937,181.752882096,181.981538632,183.524030965,182.174876814,182.221318506,182.945302686,182.737266449,182.999669108,183.381534819,183.448828343,183.939872582,185.430639172,189.999406233	tan	0.04	308000
318837	0,1,2,3,4,5,6,7,8,9,10,11,12,13,14,15,16,17,18,19	199.089294075,202.964150021,202.58502701,203.226965166,204.622102843,204.932818894,205.38962937,204.734455239,205.411909655,206.487257841,205.404692199,206.623496049,206.365283304,206.371589819,206.258709382,206.810852105,206.855844386,208.089148605,208.366649413,212.884387969	tan	0.04	308000
317301	0,1,2,3,4,5,6,7,8,9,10,11,12,13,14,15,16,17,18,19	202.653454535,205.346265156,206.349082945,207.707586325,207.723151164,206.544809118,208.622884275,208.821943286,208.745783355,208.019198488,208.70863961,208.107328905,208.524073881,208.756216068,209.685006434,208.456688712,210.136341836,210.33408899,211.526937206,214.216992767	tan	0.04	308000
319153	0,1,2,3,4,5,6,7,8,9,10,11,12,13,14,15,16,17,18,19	200.46238567,203.133398721,204.628086913,205.627649643,206.367263494,205.958587998,205.100525511,205.994747849,206.603917088,205.649095684,205.896393916,205.961497923,206.404317763,208.04664435,207.92671827,207.245640332,207.210270722,208.539302978,209.60071695,212.689725163	tan	0.04	308000
316798	0,1,2,3,4,5,6,7,8,9,10,11,12,13,14,15,16,17,18,19	202.384879139,206.775916351,207.117381788,207.613530475,208.090280431,208.900420527,208.695009585,208.56819904,209.798011851,210.240331242,208.605482955,208.699809411,210.009045156,210.734525555,209.41533859,210.347312126,211.492987038,212.254596925,213.23161945,216.271782348	tan	0.04	308000
318803	0,1,2,3,4,5,6,7,8,9,10,11,12,13,14,15,16,17,18,19	201.249771347,204.3427609,205.477783243,206.40205582,207.439231308,208.181167667,207.7684776,208.598141697,208.327043627,207.753839634,207.859453785,207.831408121,208.87551743,208.273852034,208.798985888,210.283556177,210.292812407,209.968201321,211.108889963,214.551036095	tan	0.04	308000
317497	0,1,2,3,4,5,6,7,8,9,10,11,12,13,14,15,16,17,18,19	212.876204561,214.886521448,216.722124816,217.60184933,217.970484889,217.382012636,217.360477815,217.809706055,219.397741328,218.896339484,219.78486933,219.617440711,219.220102754,219.758517515,219.474876533,220.70670615,221.182343037,220.334983083,222.633097169,225.796282352	tan	0.04	308000
318466	0,1,2,3,4,5,6,7,8,9,10,11,12,13,14,15,16,17,18,19	184.050087137,186.885158562,188.791241062,188.332068435,189.769886874,189.816743495,188.986004926,189.684190942,190.05981437,188.964805407,189.47573431,190.36001988,190.202467495,190.938896831,190.837948078,191.35042956,191.006861852,191.972611819,193.783580269,196.303200261	tan	0.04	308000
317221	0,1,2,3,4,5,6,7,8,9,10,11,12,13,14,15,16,17,18,19	209.998321748,213.013927967,213.48704796,215.276848892,215.9585176,215.266948431,216.004535173,216.313868087,216.62263596,217.3928639,217.437562,216.244055086,216.256071074,218.10130768,217.237150445,218.360349112,217.559627941,217.778175316,219.739481332,223.492268372	tan	0.04	308000
318355	0,1,2,3,4,5,6,7,8,9,10,11,12,13,14,15,16,17,18,19	197.153514686,200.09871786,200.437647044,201.30930371,201.818468388,203.642368582,203.574998063,203.458123531,203.939538092,203.83553214,202.538034696,202.875292091,203.04980677,203.696183163,205.006573242,205.466062935,204.457435892,205.72237189,205.900008875,209.219506858	tan	0.04	308000
316980	0,1,2,3,4,5,6,7,8,9,10,11,12,13,14,15,16,17,18,19	200.558880571,204.399589099,204.593366285,205.923203119,205.312748581,206.457187265,206.124399762,207.395684343,207.173458371,207.573665022,206.43867329,208.147629538,207.863670972,208.286295336,207.98343268,208.194192911,207.692610526,208.881998862,209.309072019,212.93277238	tan	0.04	308000
316775	0,1,2,3,4,5,6,7,8,9,10,11,12,13,14,15,16,17,18,19	210.69395753,214.054380574,214.525500168,214.787862849,216.117015251,215.914232582,215.947434815,216.691069491,215.806512689,216.706976366,215.723931122,217.62251005,217.000351932,217.728229468,217.383523836,217.218438759,217.878643596,217.59676804,220.256251538,222.888370256	tan	0.04	308000
316476	0,1,2,3,4,5,6,7,8,9,10,11,12,13,14,15,16,17,18,19	206.010957678,209.574074379,210.429811666,212.47351572,211.967843401,213.17010508,212.79898236,212.670928757,213.848257838,212.382276065,214.012551132,214.33169933,214.338869322,214.224724441,213.767508727,215.353637611,214.136147023,214.819446946,216.156662392,219.596436331	tan	0.04	308000
318476	0,1,2,3,4,5,6,7,8,9,10,11,12,13,14,15,16,17,18,19	206.309433609,210.166215576,211.429017681,212.790924713,213.185015704,213.554697333,212.651469381,213.371519334,212.387497261,213.405060073,213.778827204,214.296739861,214.577920371,213.31705518,215.110562838,215.069440893,215.824173467,216.616577261,216.338077034,220.671883408	tan	0.04	308000
316309	0,1,2,3,4,5,6,7,8,9,10,11,12,13,14,15,16,17,18,19	203.180190683,206.928377012,207.545099927,208.754044197,207.953042574,209.444354824,209.6084527,209.048338686,208.980057326,208.53614152,208.825296048,210.031694577,209.076868931,209.324488975,209.335217491,210.267070502,210.39818185,211.569007196,213.420666924,215.300341263	tan	0.04	308000
317584	0,1,2,3,4,5,6,7,8,9,10,11,12,13,14,15,16,17,18,19	197.254150006,201.280575432,202.302099782,201.822506179,203.829483657,204.197536077,204.34831329,202.847664483,204.40477192,203.78322138,204.329991845,204.12238515,205.334266966,203.74286255,204.411698048,205.824758391,205.594519693,205.442882401,206.869221787,211.213139591	tan	0.04	308000
317983	0,1,2,3,4,5,6,7,8,9,10,11,12,13,14,15,16,17,18,19	174.304077641,177.734180149,178.301077545,178.301468568,179.471344542,179.251536772,180.522495791,180.508826904,179.775968184,181.4188164,181.585389064,180.392729334,181.388074287,182.014606188,181.57100634,181.723447935,181.055051749,182.626272948,183.446989735,187.04368774	tan	0.04	308000
319469	0,1,2,3,4,5,6,7,8,9,10,11,12,13,14,15,16,17,18,19	210.801361543,213.562099763,216.242986588,215.373828569,216.802952341,216.717719648,217.575915338,216.579640166,217.347850328,216.755737202,217.048678528,218.117299015,218.286383441,217.878824235,217.90236949,218.407359674,219.456372801,220.426005584,220.304396945,223.463785401	tan	0.04	308000
317546	0,1,2,3,4,5,6,7,8,9,10,11,12,13,14,15,16,17,18,19	192.78555437,197.063645257,198.056033743,197.507415443,199.120279973,197.86837141,198.957677643,200.115650588,199.299928257,199.58271385,199.602820856,198.943857241,199.639588515,200.02533481,199.518574018,199.761471135,201.838380874,201.951184037,202.313787041,205.439974104	tan	0.04	308000
316612	0,1,2,3,4,5,6,7,8,9,10,11,12,13,14,15,16,17,18,19	187.024647419,190.953180613,191.43833494,191.280454471,192.606213637,192.151345057,192.775403627,192.956084999,193.144280126,192.92623422,193.678516792,193.800482033,193.386971774,193.787898325,194.819344774,195.193136391,194.880933017,194.394753562,195.885116424,199.614148578	tan	0.04	308000
319384	0,1,2,3,4,5,6,7,8,9,10,11,12,13,14,15,16,17,18,19	210.672427707,214.506472822,216.280656102,215.20643087,217.019797045,217.831317971,217.431422563,217.119689389,217.322096021,217.209412188,217.766158435,218.582743728,217.262521615,218.451261676,218.859212232,218.106605059,218.311636104,219.924349031,221.776658016,224.68339583	tan	0.04	308000
317712	0,1,2,3,4,5,6,7,8,9,10,11,12,13,14,15,16,17,18,19	204.536106729,209.390159167,208.868393364,209.495204054,211.042936882,211.355006443,211.061143634,211.932149141,212.056753885,211.48156363,211.573160709,212.540312597,212.310020432,211.514719136,212.520586335,213.351931944,214.194370428,214.703797275,214.434224385,218.879439099	tan	0.04	308000
316957	0,1,2,3,4,5,6,7,8,9,10,11,12,13,14,15,16,17,18,19	194.887786715,196.665680986,198.330066891,199.522501679,199.902076867,198.521996043,199.519717035,200.397185018,199.39507681,200.877660371,199.540456513,200.45260056,200.449971689,199.984571767,200.177102438,202.027335503,201.401206073,202.622686829,203.194548883,205.649868794	tan	0.04	308000
318201	0,1,2,3,4,5,6,7,8,9,10,11,12,13,14,15,16,17,18,19	205.621430473,208.134288402,209.985838744,209.7664531,211.972020191,211.335069266,210.867361008,211.793851589,211.886146675,212.31194797,212.721308308,212.065505075,212.559972283,212.055190473,212.766640142,212.587940016,214.433369001,213.41583829,215.83352638,218.835720717	tan	0.04	308000
318471	0,1,2,3,4,5,6,7,8,9,10,11,12,13,14,15,16,17,18,19	193.556320412,197.316241117,197.448912038,199.35417361,199.75405862,200.13211888,199.569630374,199.241368271,199.805494738,199.580395363,200.043939802,200.206040092,200.861071088,200.60347295,201.536444347,201.793416372,202.750392961,202.47777743,203.760890348,207.235753058	tan	0.04	308000
319098	0,1,2,3,4,5,6,7,8,9,10,11,12,13,14,15,16,17,18,19	209.398672069,212.071593061,214.282097497,215.301938929,215.965111295,216.091614107,214.632678248,215.327787535,215.030772552,215.328155838,215.243040496,215.657752568,216.373419246,215.720780397,217.665886171,216.771063503,217.594020687,217.585585945,218.219714997,221.874755097	tan	0.04	308000
317678	0,1,2,3,4,5,6,7,8,9,10,11,12,13,14,15,16,17,18,19	211.917037377,215.433011654,216.530666588,216.997222188,217.2742736,216.759924228,216.979134753,217.163434739,217.751413775,218.013908306,218.248088585,218.790773855,219.159392656,219.370366506,218.91986535,218.469867799,219.000917152,219.619066956,220.765214565,223.991460591	tan	0.04	308000
316733	0,1,2,3,4,5,6,7,8,9,10,11,12,13,14,15,16,17,18,19	206.053661803,208.495700707,210.027905122,210.439749427,209.844611284,211.452653142,211.766207681,211.326523779,211.438858004,211.116368429,210.79271663,211.968517174,212.849635426,211.967412918,212.105955536,212.179403171,211.965076766,212.688634839,215.323528703,218.221271683	tan	0.04	308000
316265	0,1,2,3,4,5,6,7,8,9,10,11,12,13,14,15,16,17,18,19	179.00935653,183.10560457,184.111531998,184.889010848,185.198423454,184.872665022,185.216615651,184.599614306,185.332763096,185.406880828,185.882540747,186.196450856,186.477627723,186.241505865,186.437473211,186.603514429,187.324793286,188.099452014,189.147291179,190.987468834	tan	0.04	308000
317248	0,1,2,3,4,5,6,7,8,9,10,11,12,13,14,15,16,17,18,19	213.280918865,214.615401861,215.974063553,217.883554032,217.656672221,218.468650547,217.564089743,217.487260464,217.694658511,218.761530909,218.524957968,219.044343772,218.757899622,220.086761416,219.308889048,218.951418104,219.922817169,220.879158378,221.735994452,225.720619789	tan	0.04	308000
318824	0,1,2,3,4,5,6,7,8,9,10,11,12,13,14,15,16,17,18,19	176.618121223,178.419052644,179.858935701,181.988600683,181.419754584,181.815133464,182.313547397,182.595244991,182.425690161,181.674408517,182.067240005,182.499631029,181.980637578,182.492439792,183.656747323,184.327588846,184.996127643,183.753768843,186.00064979,189.867162573	tan	0.04	308000
318845	0,1,2,3,4,5,6,7,8,9,10,11,12,13,14,15,16,17,18,19	196.781391409,201.542967121,200.954555081,202.611764939,202.584627093,203.895774687,203.693459427,203.936598178,203.511039527,204.521050119,203.886943358,203.80964729,203.566464584,204.270861109,203.800045156,205.739535577,204.956288325,205.483475314,206.858843349,209.844952242	tan	0.04	308000
316586	0,1,2,3,4,5,6,7,8,9,10,11,12,13,14,15,16,17,18,19	180.805499903,183.17135688,185.493529579,185.518757538,185.611435538,186.804943949,187.103028983,185.668732928,186.484500183,187.129016483,187.524017379,186.212174566,187.732449391,187.329650411,187.179526695,187.43031242,187.46313749,188.56418906,189.613779963,192.61411521	tan	0.04	308000
319586	0,1,2,3,4,5,6,7,8,9,10,11,12,13,14,15,16,17,18,19	195.941945722,198.79976404,201.016229042,200.060413191,200.330378401,201.396856178,200.9105284,202.037535339,201.524202811,201.767969534,202.950392089,201.712918403,202.855906638,201.847266997,203.043101627,204.120383393,203.110288786,203.634654246,204.830997508,208.055458321	tan	0.04	308000
317373	0,1,2,3,4,5,6,7,8,9,10,11,12,13,14,15,16,17,18,19	204.553832294,208.637549942,210.131023621,209.675919663,210.888111533,211.390630586,210.817717383,210.93302556,210.849465464,210.709026802,211.155034608,211.041937619,212.730752958,212.856890835,211.701401872,213.188633758,213.5012281,214.499198133,214.394679125,218.587225236	tan	0.04	308000
319414	0,1,2,3,4,5,6,7,8,9,10,11,12,13,14,15,16,17,18,19	205.471505103,208.372776236,210.057776803,210.364626329,210.951182278,212.003264864,210.671379416,211.784368048,211.269862488,211.138410681,211.097041269,211.605446266,212.77564338,212.393611115,212.550481188,212.074487828,213.414329384,214.579611477,215.204355214,218.765869146	tan	0.04	308000
319582	0,1,2,3,4,5,6,7,8,9,10,11,12,13,14,15,16,17,18,19	188.904888685,193.477721087,194.498846828,194.792576789,194.826470298,196.153530175,195.390955387,195.697779812,196.211132673,196.753113255,195.431434915,197.057992676,196.937332994,196.282003315,197.214606807,197.540567087,198.564135605,198.570726389,199.341094283,202.342825913	tan	0.04	308000
317376	0,1,2,3,4,5,6,7,8,9,10,11,12,13,14,15,16,17,18,19	201.862655258,204.324173719,205.638503065,205.65815923,207.350697667,208.076497992,207.765863125,207.136272982,208.56780717,208.126712433,208.585632093,207.578984284,208.487706131,208.552985251,209.738421633,208.970596748,208.960532197,210.889038883,211.586085577,214.947132192	tan	0.04	308000
186844	0,1,2,3,4,5,6,7,8,9,10,11,12,13,14,15,16,17,18,19	35.641360407,32.473037524,29.4614577932,27.2569130655,24.5539978614,23.1083466471,22.2078827107,21.787014539,21.1567585114,20.8478209356,20.8460393751,22.4231083422,23.4044834597,24.6294352416,27.3290362853,29.8060597936,32.5082555515,35.1414402828,39.1253400349,42.8645359226	poly	0.04	176000
186122	0,1,2,3,4,5,6,7,8,9,10,11,12,13,14,15,16,17,18,19	14.2493645343,11.262297664,8.5829285267,5.45968595204,3.43631952357,2.36286452654,0.836665465366,0.538296760974,-0.0675542441991,-0.335378640166,0.500153676266,1.42629120608,1.75824251732,4.11903851147,5.55613919385,8.10916657852,10.5101094754,14.0076144834,17.5347143085,21.7877286372	poly	0.04	176000
187704	0,1,2,3,4,5,6,7,8,9,10,11,12,13,14,15,16,17,18,19	20.0593361851,16.5904892091,13.7931776133,11.2228304688,9.04087455449,7.76972892389,6.48357762899,5.44255472461,5.00120943029,5.30681581879,5.61242218921,7.11837695794,7.46244964362,9.32309710854,11.9339025138,13.635774614,16.5727467514,19.9278764717,23.3237003436,27.7113183984	poly	0.04	176000
184479	0,1,2,3,4,5,6,7,8,9,10,11,12,13,14,15,16,17,18,19	5.51227975433,2.34936740673,-0.0135642971814,-2.52322144373,-4.44197913944,-5.97862609701,-7.88894638386,-8.78739544733,-8.80605678252,-8.5459483652,-8.20866869726,-8.06480138637,-6.46620555826,-4.93182002238,-2.95849818768,-0.569873448534,2.48045786354,6.08853717795,9.18377878427,13.1484944994	poly	0.04	176000
187991	0,1,2,3,4,5,6,7,8,9,10,11,12,13,14,15,16,17,18,19	20.3598557291,16.3706848721,14.0845371888,11.5971706022,9.64701430115,7.72433117019,6.82133213674,5.82861104445,5.07751854807,5.93276738583,5.53186302555,6.91675084024,8.45085882815,9.07557552625,11.084831457,14.3010048319,16.7337999194,19.4866108648,24.0017071181,27.4370722334	poly	0.04	176000
184359	0,1,2,3,4,5,6,7,8,9,10,11,12,13,14,15,16,17,18,19	22.8202121608,19.0781769697,16.7824299911,14.5399026086,11.8125793691,10.8391746574,9.42073958244,8.39557075798,8.34844194165,8.48566093754,8.62242150004,9.51249156754,10.6797007439,12.084198855,13.9961854933,16.646923191,19.4307086016,22.0701424934,26.1404136596,29.7365602575	poly	0.04	176000
185266	0,1,2,3,4,5,6,7,8,9,10,11,12,13,14,15,16,17,18,19	16.7127224886,12.7326903939,10.1104016895,7.78162706016,5.85981892483,4.4781597459,3.15923246888,2.23549216135,2.07166899344,2.40963530093,2.91215298669,3.01613596212,4.70771427355,6.27050574072,7.88593787519,10.0311862115,13.0098742753,16.6536479713,19.5991861231,24.2689785327	poly	0.04	176000
187122	0,1,2,3,4,5,6,7,8,9,10,11,12,13,14,15,16,17,18,19	-6.14911703072,-9.2012587534,-11.7458057903,-14.0039485535,-16.2183998491,-17.4034138895,-18.8157986589,-19.7133164317,-20.0294869132,-19.5876108034,-19.7741646662,-18.8776981594,-17.2249448372,-16.5412354047,-14.2669879049,-11.2043394743,-8.47045374113,-5.85942668319,-1.84606385172,1.54318196943	poly	0.04	176000
184595	0,1,2,3,4,5,6,7,8,9,10,11,12,13,14,15,16,17,18,19	15.4266206079,12.4976004787,9.31572738342,6.83121399477,5.04266115406,3.16034428645,2.50297725041,1.00167929143,0.76083205973,1.02020464547,1.63014400007,2.47285031326,3.29917067681,5.04097903712,6.88052375424,9.51186213351,11.9485056839,15.3827270129,18.8115366419,22.6490600011	poly	0.04	176000
185067	0,1,2,3,4,5,6,7,8,9,10,11,12,13,14,15,16,17,18,19	5.83713086197,3.26327900904,0.15045314162,-1.76297386113,-3.66529659729,-5.68591547025,-7.07783622341,-7.51516540544,-7.82010324625,-7.80427733249,-7.26508789199,-6.67041327725,-5.55192045136,-3.88056902466,-2.33851237113,0.162220265789,3.51026131006,6.11031295114,10.1686525632,13.8811972316	poly	0.04	176000
186873	0,1,2,3,4,5,6,7,8,9,10,11,12,13,14,15,16,17,18,19	17.2977445014,13.9778911197,11.4102944647,8.64704691754,6.71039809174,5.61225444295,4.30241897207,2.87186435912,2.72616857536,2.4183406851,2.71951838794,3.60990725933,5.59938830325,6.8932219946,9.01600689695,10.9322794945,14.3508226624,16.7431940517,20.5268301097,25.1504028432	poly	0.04	176000
185660	0,1,2,3,4,5,6,7,8,9,10,11,12,13,14,15,16,17,18,19	27.5119161558,24.4611152586,21.7866917716,19.7795053523,17.5589385004,16.4394531778,15.1352547712,13.8168133404,13.1239250471,14.0184029898,14.4770467379,14.7998303388,15.5531084801,17.1215027786,19.7009470472,22.460260461,24.7885272568,27.8782405506,31.6084831341,35.9368548993	poly	0.04	176000
187920	0,1,2,3,4,5,6,7,8,9,10,11,12,13,14,15,16,17,18,19	20.9021184433,17.2174533946,15.1922666253,12.6273421518,10.5243629411,8.66418857748,7.18300265115,7.1901981865,6.23265093754,5.94122984149,6.85100782795,7.5149236922,8.40968582317,9.95425032501,12.5401519251,14.7532027115,17.7086478572,20.9373886842,24.7644260984,27.9657102731	poly	0.04	176000
185765	0,1,2,3,4,5,6,7,8,9,10,11,12,13,14,15,16,17,18,19	26.4876196567,23.1041157116,20.8445919375,18.3146842768,15.929131294,14.3639860184,13.8579927809,12.6880896533,12.0920605918,12.5854632669,12.1704507467,13.6670583733,15.0315930852,15.9546219731,18.6195847742,21.0802050622,23.6045766193,26.4078109178,29.7657950416,34.4958036494	poly	0.04	176000
184651	0,1,2,3,4,5,6,7,8,9,10,11,12,13,14,15,16,17,18,19	31.9362764972,29.1939797925,25.657459562,23.5760291673,21.3390256116,19.7460448344,18.5944816698,17.7209770381,17.9224464901,17.3459044654,17.9350025887,18.9824008053,20.2204475125,21.7474421014,23.4808544373,26.3833548307,28.9917659127,31.8447432281,35.648949463,39.2995589439	poly	0.04	176000
184397	0,1,2,3,4,5,6,7,8,9,10,11,12,13,14,15,16,17,18,19	29.7853940136,27.1847669512,24.1314122601,21.1135985384,19.1306752387,18.0909644808,17.0253965207,15.8882422486,15.1685844585,15.0464287027,15.5526058288,17.0551366637,17.9305094183,19.744390027,21.2944722227,24.1434383444,27.1987889801,29.9759487645,33.830889298,37.4956480332	poly	0.04	176000
186408	0,1,2,3,4,5,6,7,8,9,10,11,12,13,14,15,16,17,18,19	25.0202750143,22.112647184,19.0575347778,16.6953491612,15.3356155327,13.3211791115,12.0603132444,11.9750307405,10.9983881418,10.8935113367,11.9427616028,12.2272326352,13.0850101251,15.1634100714,17.2600524054,19.2158026412,22.7313361197,25.3068837796,29.3523058134,32.9884118762	poly	0.04	176000
187823	0,1,2,3,4,5,6,7,8,9,10,11,12,13,14,15,16,17,18,19	10.5517258448,7.80115884424,4.88518222123,2.59455167656,0.831977121592,-1.06558740612,-1.98794202827,-2.58530610292,-3.80419048604,-3.06085177657,-2.77372728606,-1.99281809463,-0.513467306161,0.870108941688,3.0350067265,5.39671118063,8.29969359415,11.4438479191,14.7772560226,18.6844906431	poly	0.04	176000
185154	0,1,2,3,4,5,6,7,8,9,10,11,12,13,14,15,16,17,18,19	21.2751170952,18.3956942045,14.7557024717,12.5223402722,11.0391292742,9.18680639762,8.09411033148,6.68761366249,7.12251014032,6.92506849642,7.31051732531,7.60526070238,9.55421561276,10.9452796577,12.3285795425,14.9840331612,17.6479574934,21.194293196,24.510263208,28.3002377492	poly	0.04	176000
187349	0,1,2,3,4,5,6,7,8,9,10,11,12,13,14,15,16,17,18,19	9.76157517944,6.5347386916,3.85499028549,0.934620327047,-1.24843037064,-2.70750122243,-3.26534239782,-4.10334148925,-5.11731749842,-4.56345833122,-4.67936171989,-4.09886469973,-2.71745218917,-0.917115462093,1.22326708185,3.18915669138,6.28474833819,9.94087881794,13.3286754052,16.993054724	poly	0.04	176000
184864	0,1,2,3,4,5,6,7,8,9,10,11,12,13,14,15,16,17,18,19	10.5817026689,7.63499948383,4.53278590913,2.68542691078,0.834990570971,-1.38099398963,-2.01309430042,-3.03860523498,-3.49797008031,-3.81811582871,-2.70645631903,-2.64756171854,-1.13741461799,0.150561597823,2.74764389323,5.18987885781,7.67320674848,10.9870395106,15.0958854438,18.3771804322	poly	0.04	176000
186851	0,1,2,3,4,5,6,7,8,9,10,11,12,13,14,15,16,17,18,19	10.1361493364,7.00651042498,4.2716930569,2.17147163838,-0.62242405283,-1.29731045316,-2.52759110608,-4.27349936992,-3.86188490791,-3.93919599137,-3.96645935295,-2.84372772503,-2.00886840837,0.257958038771,1.47932772291,3.83759633836,6.99253170651,10.1723688763,13.4278450101,18.1343349933	poly	0.04	176000
187135	0,1,2,3,4,5,6,7,8,9,10,11,12,13,14,15,16,17,18,19	24.3860442245,21.406929268,18.8418572334,16.3599833405,14.4121660425,12.8499648486,11.9431458217,10.8355118462,10.0947694564,10.2422372185,10.8012385784,11.4818021998,13.0144308084,14.1005483855,16.3897466055,19.133159801,21.3089039647,24.9940491868,28.7847280686,32.28691202	poly	0.04	176000
184166	0,1,2,3,4,5,6,7,8,9,10,11,12,13,14,15,16,17,18,19	25.0583068441,21.9068244724,18.9401163125,16.5942275474,14.4594228461,12.6338111123,11.74683392,10.9281478808,10.6212401947,10.606369346,11.1396612505,11.6792751913,13.5451017647,14.570859748,16.4316606273,19.4314725718,22.333358178,25.1708996488,29.0554687616,32.3822954688	poly	0.04	176000
187466	0,1,2,3,4,5,6,7,8,9,10,11,12,13,14,15,16,17,18,19	9.27419441446,5.87053379536,3.8151402705,0.815066109891,-1.18607144683,-2.41948229788,-3.59294608094,-4.89183987481,-4.64496255235,-4.86796653926,-4.66741078577,-3.56816425859,-2.39212505024,-0.630897031022,1.5367260034,3.0771057764,6.28235081065,9.20406801383,13.1155276496,17.1972514314	poly	0.04	176000
185953	0,1,2,3,4,5,6,7,8,9,10,11,12,13,14,15,16,17,18,19	14.5895073046,11.928319958,9.42483811097,6.78734827952,4.69136380312,2.97432288908,2.20550554813,0.499474943744,0.0813040967881,0.330523995447,0.72768724415,1.96711707264,3.13239406093,4.31817196109,6.80039106937,8.78061064984,11.9602886964,15.3137648544,18.2920445213,22.2542723146	poly	0.04	176000
185115	0,1,2,3,4,5,6,7,8,9,10,11,12,13,14,15,16,17,18,19	-3.75438841051,-7.01038392351,-10.2708972305,-11.9695792108,-14.7208861041,-15.682804897,-17.6708418016,-17.9196129036,-18.425955499,-18.5757465658,-17.8921125705,-17.6770063144,-16.4547089056,-14.1748125158,-11.9897206138,-10.4321469119,-7.08016196521,-4.45702698422,0.0393203694599,3.10667677403	poly	0.04	176000
184278	0,1,2,3,4,5,6,7,8,9,10,11,12,13,14,15,16,17,18,19	19.064256588,16.114062864,12.8389534397,10.605772102,8.96079429538,6.85730441963,6.0334784225,5.49877715509,4.88396692166,4.49047023906,5.55887833825,6.11642014322,7.77541813814,8.45397430139,10.9869574233,13.6651117527,15.6649837303,19.2616035314,22.3958344535,26.4487146645	poly	0.04	176000
186234	0,1,2,3,4,5,6,7,8,9,10,11,12,13,14,15,16,17,18,19	27.503634451,25.0955185412,22.0835365159,19.8419005269,17.6391177524,15.3074324392,14.4028481234,13.5748499343,13.0744651186,13.7940273376,13.778425816,15.005236565,15.8073295059,17.7633873606,18.9718187117,21.8837944781,24.8869872841,27.5252797685,31.7306081633,35.4187502133	poly	0.04	176000
186899	0,1,2,3,4,5,6,7,8,9,10,11,12,13,14,15,16,17,18,19	5.85214170837,2.55747216505,-0.680207825222,-2.79738711328,-4.75897879225,-6.01787306089,-7.36335684942,-8.0592865566,-9.30640059928,-9.04164575081,-7.96518661423,-7.64482947915,-6.70818744031,-5.04716368406,-3.2887384425,0.044129360674,2.65403612124,5.09212924411,9.47802349462,13.4551983272	poly	0.04	176000
187119	0,1,2,3,4,5,6,7,8,9,10,11,12,13,14,15,16,17,18,19	31.8797405409,28.7874179106,25.4223939306,23.6989717359,21.2245302666,19.6682146786,18.8202712282,17.5474300896,17.2355844063,17.1714197024,17.4999432717,18.5926499272,20.1692474454,21.1081259636,23.1788233588,25.7834882643,28.2546250765,31.8865714226,35.4140805086,39.7057706019	poly	0.04	176000
185678	0,1,2,3,4,5,6,7,8,9,10,11,12,13,14,15,16,17,18,19	30.8777262024,26.8189504607,24.4247030199,21.5861319602,20.0551974881,18.0859214437,17.5465931622,16.8091841033,16.3072618778,15.5791562034,16.5447693308,17.6879190066,18.2867290548,19.8115064647,22.2618735165,24.2725292772,27.3399753285,30.1901647597,33.9893210575,37.6972376093	poly	0.04	176000
187413	0,1,2,3,4,5,6,7,8,9,10,11,12,13,14,15,16,17,18,19	6.09593158059,2.55420406891,0.364274057158,-2.62532002503,-4.47392753592,-6.09488429997,-7.40109872142,-8.05984880851,-8.73359223762,-8.09223343699,-7.82017475761,-7.05724911913,-5.58515552324,-4.15611833181,-1.95938213654,-0.382691516523,2.78205149384,5.87627879444,9.41611405212,14.0770134578	poly	0.04	176000
185388	0,1,2,3,4,5,6,7,8,9,10,11,12,13,14,15,16,17,18,19	3.46746859945,-0.307983657744,-2.94783225912,-5.35544599698,-7.16806806008,-9.03099587047,-10.1348129665,-10.5120727596,-11.4701671616,-10.780252628,-10.3939963933,-9.81798140418,-8.86883641807,-7.20874344704,-5.14222843119,-3.12741445532,0.0910182623708,2.88154382966,6.56964217963,10.7983587231	poly	0.04	176000
187763	0,1,2,3,4,5,6,7,8,9,10,11,12,13,14,15,16,17,18,19	15.8192686956,12.6444333443,10.2167373504,8.145891961,6.03976877904,3.85891065615,2.80879680737,1.90480416518,1.37925051581,1.72147710667,1.9794092496,3.3954472672,3.89930734418,6.20242796038,8.04724788363,10.5072272833,12.566307018,16.2103448663,19.772075137,23.7465491511	poly	0.04	176000
187353	0,1,2,3,4,5,6,7,8,9,10,11,12,13,14,15,16,17,18,19	-0.527331766953,-4.13689330255,-6.10268074731,-8.75117006263,-10.848353055,-13.0031825321,-13.9656006192,-14.3631176985,-15.3798809033,-14.9686370296,-14.6010005573,-13.8334282186,-12.8357932794,-11.1550975754,-8.65665711549,-6.9699678997,-3.89211133086,-0.63650906864,3.13296407153,7.07412101397	poly	0.04	176000
187514	0,1,2,3,4,5,6,7,8,9,10,11,12,13,14,15,16,17,18,19	-3.98330544535,-6.7623905048,-9.48118781952,-11.6935670053,-14.6419182847,-15.2750596685,-16.6147643536,-17.5271564511,-17.7793827377,-17.8214518732,-18.0041215133,-16.6276010252,-16.1848423849,-14.4684997522,-12.4469499929,-9.8180631469,-7.0187800769,-3.67409754598,-0.29696872235,3.42762892442	poly	0.04	176000
186532	0,1,2,3,4,5,6,7,8,9,10,11,12,13,14,15,16,17,18,19	-3.11675869053,-6.84084374028,-9.04348019378,-11.5971861903,-13.4404300159,-15.5350671595,-16.3594153694,-17.7654189298,-17.6619132538,-17.7201866426,-17.7217948497,-16.3357367718,-15.8693214529,-13.6939658441,-11.7608109843,-9.45138390939,-6.75578708924,-2.93602294259,-0.0874500930546,3.69743094788	poly	0.04	176000
184149	0,1,2,3,4,5,6,7,8,9,10,11,12,13,14,15,16,17,18,19	20.7099405493,17.1059203101,15.109278168,12.5172566052,10.1397893812,9.29295269268,7.91982404497,6.62455968071,6.77610207251,6.08001398611,6.49626626813,7.41730373429,8.8989131179,9.96547908238,12.315228061,14.5389231924,17.5092481534,21.1567199764,24.7034867522,28.7579195271	poly	0.04	176000
184140	0,1,2,3,4,5,6,7,8,9,10,11,12,13,14,15,16,17,18,19	-7.48568762737,-10.6713398868,-12.9172175307,-15.614339884,-17.7289572499,-19.4185032807,-20.7683461832,-20.7455892546,-22.0236456948,-21.9189250798,-21.2666908779,-20.7925391302,-19.0189626022,-17.7078150569,-15.3176389849,-13.4583631185,-10.5444539384,-6.86876878562,-3.730688305,0.0674786630905	poly	0.04	176000
184180	0,1,2,3,4,5,6,7,8,9,10,11,12,13,14,15,16,17,18,19	26.7482616338,24.0677167473,20.9776144204,18.3478028853,16.6067081343,14.8630838908,14.3784609906,13.1612197795,12.5967326663,12.2950852625,12.9522369549,13.4864543843,15.4527168227,16.2702515031,18.6214409481,21.4313904826,24.2432878526,26.9356675918,30.7304850444,34.3092002543	poly	0.04	176000
184720	0,1,2,3,4,5,6,7,8,9,10,11,12,13,14,15,16,17,18,19	31.9102875053,29.6181554514,26.1625697518,23.4705061411,21.9944986601,20.2311048755,19.409464469,18.0990818531,17.6226058613,17.8417754383,17.9539257815,19.3105421059,20.8221893333,21.8856651792,23.8440980613,26.8509861915,28.7710104115,31.9661761412,36.4349336151,39.7191699678	poly	0.04	176000
187980	0,1,2,3,4,5,6,7,8,9,10,11,12,13,14,15,16,17,18,19	0.0985645101537,-3.36930205896,-5.53908817374,-8.07110995447,-9.76687384257,-11.8745830905,-12.5983807755,-13.6570304721,-14.4883316612,-14.5461577992,-14.091920679,-12.9777064048,-11.7353435131,-10.3853739719,-7.94060513723,-5.95270417577,-2.58057989451,0.442305036721,3.65130415814,8.28051754035	poly	0.04	176000
184198	0,1,2,3,4,5,6,7,8,9,10,11,12,13,14,15,16,17,18,19	24.175016519,20.6517514105,18.346806138,15.4617761256,13.9355026773,11.9535713437,10.5443269447,9.77001508869,9.38396813503,9.83577034835,9.57185244861,10.9531351544,12.2604494033,12.9912158538,15.3954619634,17.7287023076,20.6824279049,23.758221204,27.0078265813,31.5867426654	poly	0.04	176000
187376	0,1,2,3,4,5,6,7,8,9,10,11,12,13,14,15,16,17,18,19	10.7005072884,7.16559653753,4.64918091399,1.86630994327,0.125774989198,-2.04838544194,-3.0703787291,-3.76772673455,-4.05331843062,-3.94337343962,-4.07620849855,-2.55834352231,-1.99222395826,0.172218380355,1.96671985325,4.16355637324,6.98430087124,9.82776580978,14.1896372194,18.273243895	poly	0.04	176000
184641	0,1,2,3,4,5,6,7,8,9,10,11,12,13,14,15,16,17,18,19	14.6680504699,11.836002491,8.48876358976,5.77223653119,4.16763160506,2.87828204293,1.59660124371,1.04041855193,0.261093501724,0.618488472117,0.917813399832,1.50217961659,2.34951468146,4.34921707984,6.44208941948,8.63792076209,11.8417375854,14.7945056515,18.2522933112,21.8277709634	poly	0.04	176000
187594	0,1,2,3,4,5,6,7,8,9,10,11,12,13,14,15,16,17,18,19	2.2326635445,-0.70670884713,-3.77042130265,-5.59305232147,-8.07773079812,-9.73225364797,-10.5058770323,-11.6239613034,-11.3459955625,-11.9676364955,-11.2533433839,-10.8721989338,-9.15672829278,-8.07537406657,-5.6290039756,-3.65984841748,-0.944040251187,2.13802200535,6.04795648433,9.84008595549	poly	0.04	176000
186313	0,1,2,3,4,5,6,7,8,9,10,11,12,13,14,15,16,17,18,19	-7.3532067646,-11.1084852576,-13.5946975965,-16.2950537534,-17.8078993367,-19.4716919306,-20.8976717274,-21.4445574847,-21.5719886216,-22.17395134,-21.3599941117,-21.2233617467,-19.8072059095,-17.6968862841,-15.9460749656,-13.7550577656,-10.4058529237,-8.11331610652,-4.48471098314,-0.266235914419	poly	0.04	176000
185837	0,1,2,3,4,5,6,7,8,9,10,11,12,13,14,15,16,17,18,19	4.31780424221,1.20819517342,-1.2938976578,-3.4212274436,-5.26193681418,-6.94392152009,-8.87340579994,-8.77970209019,-9.17629923962,-9.79099913801,-9.68724246679,-7.91955089527,-6.80025615259,-6.01920042687,-4.10267218678,-1.2249007765,1.22633118595,4.9134996431,8.52972956224,12.0961555095	poly	0.04	176000
187168	0,1,2,3,4,5,6,7,8,9,10,11,12,13,14,15,16,17,18,19	11.7081503581,8.94389281189,5.5966603914,3.43359320029,0.998632504185,-0.502438773143,-1.88810757166,-2.30885913244,-2.25580584227,-3.05402071389,-2.74008728944,-1.98418149374,-0.22528847775,1.55079959314,3.22392935516,5.86355570142,8.18473964603,11.756072181,15.1459736974,19.4295272521	poly	0.04	176000
184260	0,1,2,3,4,5,6,7,8,9,10,11,12,13,14,15,16,17,18,19	22.0302898544,18.8890725647,16.5246807524,13.9370229869,11.9101462886,10.1930941889,8.3610071109,8.42577688891,7.16906188034,7.22416357755,8.3483721374,8.35005918688,10.3622938273,11.7309320311,13.3750150906,15.7448981007,18.5375929698,22.0706612829,25.8945725158,29.1534309571	poly	0.04	176000
185232	0,1,2,3,4,5,6,7,8,9,10,11,12,13,14,15,16,17,18,19	20.8636785125,18.1301759367,14.9451432592,13.1181817932,11.0693359884,8.93547874866,8.14268947275,7.7571804147,6.76976767999,6.90488191958,7.10917224402,7.64607062559,9.11969388634,11.2373352438,12.4923536179,15.6443161369,18.5014920249,21.7157300647,25.0925286533,29.1777452813	poly	0.04	176000
187752	0,1,2,3,4,5,6,7,8,9,10,11,12,13,14,15,16,17,18,19	-7.19850863419,-11.1620785773,-13.8202037307,-16.264940746,-17.7986729464,-20.0916263435,-20.6013849334,-22.0458507291,-21.6155704195,-21.8066756417,-21.9331095956,-20.9284071743,-19.6419493037,-18.1626894954,-16.0326468508,-13.6905009329,-10.7262384473,-7.25353492349,-4.37692086448,0.324219133538	poly	0.04	176000
184932	0,1,2,3,4,5,6,7,8,9,10,11,12,13,14,15,16,17,18,19	-6.17350482225,-9.16110455267,-12.1076383321,-15.1587641679,-16.5958164468,-18.8438045738,-19.2959054604,-20.3875532152,-21.0820485611,-20.7350666601,-20.571126069,-19.7894065166,-18.766970863,-17.2293486926,-14.6355974386,-12.6858351702,-9.90768242141,-6.67934170487,-2.99287308236,0.71453754586	poly	0.04	176000
186634	0,1,2,3,4,5,6,7,8,9,10,11,12,13,14,15,16,17,18,19	24.3456392406,20.4742391114,18.5005268728,15.9588364544,13.3313240252,12.4343525901,10.4215600511,10.0423568735,10.0682549104,9.35514720284,9.80150866952,11.0827933259,11.6311410941,13.3980800609,15.5460221105,18.469514753,21.2839194899,24.0701801177,27.2845680109,31.6836769159	poly	0.04	176000
185863	0,1,2,3,4,5,6,7,8,9,10,11,12,13,14,15,16,17,18,19	23.6920996046,20.6025248306,17.6604077657,15.035331212,13.4179249618,11.882262125,10.2812230746,9.13131431596,8.69539690565,8.94864759126,9.40531361871,9.97712919559,11.4819955103,13.2677506561,15.3987961993,18.0856604404,20.5776075834,23.5370213015,27.3285358531,30.8479766275	poly	0.04	176000
185981	0,1,2,3,4,5,6,7,8,9,10,11,12,13,14,15,16,17,18,19	11.7952111536,9.3943091036,6.21714286947,3.86582315063,2.17271285089,0.548799566723,-0.739304232318,-1.37077666192,-2.03135449562,-2.19758256978,-1.49959492539,-1.17377687173,0.119330330686,2.17221498091,4.0118580331,6.64713152451,9.20185165371,12.2185956737,15.3850508638,20.1867677617	poly	0.04	176000
187700	0,1,2,3,4,5,6,7,8,9,10,11,12,13,14,15,16,17,18,19	21.7669383944,18.6995071256,15.5597586368,13.3020707393,11.5957320392,9.89907352979,8.2731454787,8.032247634,7.81199871285,7.55858234884,8.13950608405,8.74899447609,10.3785108131,11.4062950158,13.0950474535,15.7566917333,18.2598899241,22.3186322716,26.0141417869,29.9381773617	poly	0.04	176000
187417	0,1,2,3,4,5,6,7,8,9,10,11,12,13,14,15,16,17,18,19	10.312218534,7.60668059095,4.60621497007,2.21522947438,0.0267706131736,-1.2508611958,-2.99810350333,-4.04824266234,-3.59523124911,-4.23391830545,-3.64039195139,-2.30204013032,-1.40794100275,0.40231062075,1.69288117549,4.2711276987,7.47624794197,10.0084700885,13.5831581376,18.2101712255	poly	0.04	176000
184464	0,1,2,3,4,5,6,7,8,9,10,11,12,13,14,15,16,17,18,19	18.8136174991,16.2748884882,13.2180953728,11.1219151491,8.51041176844,7.08024137408,5.78126565846,4.79851844484,4.61496249109,4.28161414735,5.18744164632,5.77981687583,6.8947032518,8.67794494142,10.6569138939,13.0802515496,15.6310527466,19.2735598552,22.6788261691,27.0058472097	poly	0.04	176000
184729	0,1,2,3,4,5,6,7,8,9,10,11,12,13,14,15,16,17,18,19	10.785500479,7.48422689971,3.83991792667,2.32545405687,0.353274994453,-1.95011519586,-2.46315986616,-4.14237352131,-4.06451276457,-4.32941974031,-3.23563269825,-2.57856911536,-1.85251841011,-0.0232428855585,1.66051581019,3.89143393793,6.71202183269,9.91619638925,13.5280428084,18.1072133702	poly	0.04	176000
186764	0,1,2,3,4,5,6,7,8,9,10,11,12,13,14,15,16,17,18,19	-7.66645338439,-10.5012569029,-13.7090154984,-16.0239915787,-17.7173408428,-19.2684606582,-21.181761751,-21.8005524191,-22.5717917228,-21.8164729536,-21.3101402511,-20.6470282266,-19.963529842,-18.4982277022,-16.160563931,-13.7147825638,-11.0254161938,-7.43788145542,-4.18850363406,0.304829704924	poly	0.04	176000
185823	0,1,2,3,4,5,6,7,8,9,10,11,12,13,14,15,16,17,18,19	14.9806347435,11.6876630857,9.13040466769,6.21273532068,4.97595172812,2.65597065127,1.67360742538,0.704560281985,0.927862321413,0.444594810297,1.41967525794,1.92398520424,3.08517444205,4.39117196541,6.26948509728,9.35844106991,11.6232204118,15.1063699605,18.1913182048,22.4194374931	poly	0.04	176000
187130	0,1,2,3,4,5,6,7,8,9,10,11,12,13,14,15,16,17,18,19	18.8539631454,16.4147899516,13.7033564914,10.7288153237,9.20362732624,7.21578469041,5.82537725783,5.73282871134,5.1632554773,4.42459840018,5.39518539925,6.1484130115,7.70117464816,9.13380940602,10.7426375134,13.5871221448,15.9586085775,19.5833548251,23.1975797224,26.6760592586	poly	0.04	176000
184929	0,1,2,3,4,5,6,7,8,9,10,11,12,13,14,15,16,17,18,19	31.8668860611,28.3875606833,25.184089931,22.7868932741,20.9485118447,19.1816215805,18.422216082,17.9997725247,16.9562116676,17.4788063052,17.8348655468,18.8760437032,19.8922508579,21.1678937966,22.8932898584,26.058439498,28.3273485114,32.0035484142,35.4403485648,38.9659686402	poly	0.04	176000
185853	0,1,2,3,4,5,6,7,8,9,10,11,12,13,14,15,16,17,18,19	15.8088160744,12.7666142725,10.003371904,7.73977053517,5.56117589505,4.06776441843,2.91882077565,2.64248470296,2.09306570405,2.23255751227,2.261877149,3.31679556971,4.04729181424,5.5936429715,8.3029147668,10.681732887,12.5755832629,16.1846359339,19.559515818,24.0074476097	poly	0.04	176000
186006	0,1,2,3,4,5,6,7,8,9,10,11,12,13,14,15,16,17,18,19	-5.88869777129,-8.88488265176,-12.0435588879,-13.7273823887,-16.4527839699,-17.6629355992,-18.4411232311,-19.5354109177,-20.2756847181,-19.6649257322,-19.6239368766,-19.0245455755,-17.679825553,-15.7088911284,-14.450696758,-12.0756403958,-9.22287176946,-5.42932200615,-1.72961571747,1.64445595336	poly	0.04	176000
185662	0,1,2,3,4,5,6,7,8,9,10,11,12,13,14,15,16,17,18,19	-2.03850469717,-5.90538983227,-8.6690020554,-10.6489519343,-12.3892911745,-13.8900012954,-15.4561071461,-16.554849537,-17.1473433038,-17.1172121434,-16.3120450627,-15.6730861354,-14.6536159698,-12.5742585234,-10.2487565896,-8.35687930797,-5.86323256991,-2.11650657916,1.08347211899,5.5157343953	poly	0.04	176000
187152	0,1,2,3,4,5,6,7,8,9,10,11,12,13,14,15,16,17,18,19	30.4200102422,26.6310423523,24.0625167499,21.286910241,19.9359007486,18.1676208298,16.912109719,15.6453156757,15.6557096713,15.9090041295,16.3016428314,16.914857687,18.3958092996,19.9046483934,21.5339094625,23.7411666903,26.8349968679,29.8303848837,33.4462091636,37.9149616773	poly	0.04	176000
185373	0,1,2,3,4,5,6,7,8,9,10,11,12,13,14,15,16,17,18,19	3.31661266909,-0.0530743861427,-2.26904924983,-5.19734363536,-6.48526694565,-8.20071222409,-9.19247406092,-10.8411815465,-10.7528823098,-10.7233290822,-10.5950953501,-9.90153611031,-8.7886733279,-6.39085709504,-4.93982035023,-2.1231591548,0.611768132826,3.80458928327,7.48093532507,11.1583735878	poly	0.04	176000
184329	0,1,2,3,4,5,6,7,8,9,10,11,12,13,14,15,16,17,18,19	35.0683275375,31.9422437793,29.0023766337,26.611314616,23.9926497311,22.3029059747,21.2640980282,20.5494030308,20.2415702445,20.789098506,20.7595767144,21.2695508856,22.4176039015,24.3474035267,26.6888247861,28.6252367184,31.7512538123,34.4913622431,38.623961797,42.2457502353	poly	0.04	176000
185534	0,1,2,3,4,5,6,7,8,9,10,11,12,13,14,15,16,17,18,19	13.8790554513,10.1625983639,7.96842157257,5.57024077595,3.62604843404,1.40905279387,0.508176915596,0.00925805568121,-1.1292653392,-1.1679346205,0.111740603875,-0.00957695577367,2.13589290393,2.77614514891,5.34405932024,7.59174793266,10.6845047822,14.0733625566,17.7029875787,21.3835014763	poly	0.04	176000
187757	0,1,2,3,4,5,6,7,8,9,10,11,12,13,14,15,16,17,18,19	1.439193549,-1.88654109204,-4.92041910427,-6.84363145289,-8.80311167164,-10.3151082526,-12.2430663771,-12.2607251099,-12.8017921839,-12.5641592711,-12.8120937389,-12.0422159882,-10.3062150312,-9.3207340579,-7.46959081824,-4.61338873016,-1.58558290484,1.44781434063,4.82486648606,9.28828596035	poly	0.04	176000
184030	0,1,2,3,4,5,6,7,8,9,10,11,12,13,14,15,16,17,18,19	24.907761107,21.7925601981,18.5281938995,16.5610570444,14.977893814,12.9347075076,11.3809823314,10.5358770499,10.2288030757,10.4440220713,11.1923385506,11.3550315178,12.825616069,14.7032516821,16.5530676025,18.7628524492,21.8944377684,24.9900938144,28.1601610762,32.0549514574	poly	0.04	176000
185212	0,1,2,3,4,5,6,7,8,9,10,11,12,13,14,15,16,17,18,19	1.78059515566,-2.00345187241,-4.82757263005,-7.33282433477,-8.70047608083,-10.5817648739,-12.0091315281,-12.2256333747,-12.4211958077,-13.0991604459,-12.1904684031,-12.0813168608,-10.1226587941,-8.96721906278,-6.35870168222,-4.85441361272,-1.6246478915,1.48691693892,5.08792763746,9.34938728801	poly	0.04	176000
184963	0,1,2,3,4,5,6,7,8,9,10,11,12,13,14,15,16,17,18,19	1.12210203994,-2.07189000422,-5.07383167799,-7.55590064206,-9.29442735609,-11.5872136705,-12.4278221864,-13.2762724562,-13.6393582991,-13.1118242153,-13.5912949026,-12.683488296,-11.0767995875,-9.23493914263,-7.67349361762,-5.29877957438,-2.80482992834,0.819522245096,4.98706595632,8.79913617644	poly	0.04	176000
184133	0,1,2,3,4,5,6,7,8,9,10,11,12,13,14,15,16,17,18,19	3.8426476514,1.27088934709,-1.29210138133,-3.93931627971,-6.47276778443,-7.69390537221,-8.94364084806,-9.96545093312,-9.95216778257,-9.80724075744,-10.1067669897,-9.13340468588,-7.56359064843,-5.86019453397,-3.99311340528,-1.32606477597,0.894018879169,4.7355167494,8.28788251896,11.8982777676	poly	0.04	176000
185298	0,1,2,3,4,5,6,7,8,9,10,11,12,13,14,15,16,17,18,19	9.29180310158,6.78506181277,4.18674534606,1.58019778926,-0.559342000524,-2.13016217773,-3.71161178827,-4.05728766067,-4.6637170186,-4.53768510682,-4.178549043,-3.35304477214,-2.48728205887,-0.391187986129,1.29510681192,3.98815850272,6.92017371688,9.4364812617,13.4092348906,17.5808078504	poly	0.04	176000
184949	0,1,2,3,4,5,6,7,8,9,10,11,12,13,14,15,16,17,18,19	-5.44510676201,-7.96822912444,-11.388724576,-13.9190847356,-15.3602238535,-16.6104524664,-18.2375098807,-18.6703716899,-19.8343117289,-19.9433144556,-19.5444374868,-18.2261832115,-16.7828450804,-15.4907909767,-13.153796768,-11.5465788373,-8.65593975828,-4.61551858837,-0.989107576945,2.32985235983	poly	0.04	176000
184840	0,1,2,3,4,5,6,7,8,9,10,11,12,13,14,15,16,17,18,19	5.05927533094,1.65740503749,-1.04414581585,-3.44780867661,-5.51587743833,-6.98196249324,-7.85331675133,-8.84484409113,-9.58635668086,-9.63125624794,-9.18764566351,-8.17294622239,-7.39322524264,-5.25903792823,-3.84911105798,-0.798773895077,1.29311736949,5.22863483088,8.62468753106,12.6801674118	poly	0.04	176000
184693	0,1,2,3,4,5,6,7,8,9,10,11,12,13,14,15,16,17,18,19	30.6115570674,27.1015249307,24.7967306331,21.8832915555,19.6736173572,18.2830552549,17.2567528697,15.856276114,16.2661256346,16.2075616573,16.594731247,17.1527408839,18.4612461807,20.1073160709,21.4640300286,24.2176875051,26.7985484708,30.4638691273,34.1583181091,37.4813304596	poly	0.04	176000
184596	0,1,2,3,4,5,6,7,8,9,10,11,12,13,14,15,16,17,18,19	13.4582459895,10.6660704476,7.76601277155,4.96070709275,3.4850847315,1.55826495781,0.426719873641,-0.20466978672,-0.922229395824,-0.256822947765,-0.431521777968,0.724704518982,1.97450748024,3.78171440875,4.97649869335,8.12975932004,10.2749917586,13.7535755514,16.904663897,21.225012987	poly	0.04	176000
187961	0,1,2,3,4,5,6,7,8,9,10,11,12,13,14,15,16,17,18,19	29.8048308791,26.3132880432,23.5007694919,20.6764934309,18.8882183252,17.4662271905,15.8626928848,15.5522364744,14.6442512862,14.7821810361,15.0757678105,16.5457531345,16.9148343677,19.3733661039,20.5906412002,23.5247910965,25.8126885297,28.9406178277,32.4456912571,37.1859940697	poly	0.04	176000
184017	0,1,2,3,4,5,6,7,8,9,10,11,12,13,14,15,16,17,18,19	18.7265131294,15.0969618009,12.3332804068,10.0781888297,7.63603264136,6.59664244669,4.83015939947,4.84818795829,3.55253934159,4.32624850839,4.21236784455,4.94576931516,6.07552446763,8.20754116431,9.85624038959,12.7676469217,15.4221092955,18.7637352959,21.8492837405,26.4667633407	poly	0.04	176000
185351	0,1,2,3,4,5,6,7,8,9,10,11,12,13,14,15,16,17,18,19	25.9842904857,22.9514364493,20.8405037686,18.1273676365,16.1074696423,14.6677350108,12.860281595,11.9546060478,11.5526915459,11.763540566,12.4473060445,12.8969199696,14.4796757367,16.3925697123,17.8120351739,20.3379622599,22.9504867148,26.5172199183,30.1722628842,33.6130697557	poly	0.04	176000
185760	0,1,2,3,4,5,6,7,8,9,10,11,12,13,14,15,16,17,18,19	21.4096191673,17.8200591809,15.1780594875,12.9626184904,11.1982262905,9.02635594901,8.44409749053,7.22478912082,6.91452765078,6.71014770642,7.56720739243,8.47166573794,9.11666515857,11.1589774924,13.2289880831,15.8195567861,17.8966991484,20.9019658177,24.6175221731,29.0530085707	poly	0.04	176000
184459	0,1,2,3,4,5,6,7,8,9,10,11,12,13,14,15,16,17,18,19	31.1248462415,27.9952096618,25.3228506708,22.9169913031,20.8832968457,19.2363332696,18.2654036939,17.2491272783,16.7726429157,17.1872037493,17.2020146163,17.8534184824,19.1757157383,21.1778038541,22.4922446851,25.1340857738,27.921633019,31.4760543454,34.9685857554,39.3608725159	poly	0.04	176000
187313	0,1,2,3,4,5,6,7,8,9,10,11,12,13,14,15,16,17,18,19	32.548216859,29.3111055768,27.0226275752,24.0135547157,22.0249938569,20.6410690085,19.4213225143,18.6088679144,18.0248346307,18.7290138773,18.9427421015,19.2054902918,20.8163249986,22.1317741447,23.8945383533,27.0770019737,29.2281292289,32.5297684789,36.5977075455,40.344504526	poly	0.04	176000
184796	0,1,2,3,4,5,6,7,8,9,10,11,12,13,14,15,16,17,18,19	32.4152554663,29.4968625707,26.1048784293,23.8405213403,21.6444453632,19.8036038034,19.1391802149,18.6729782168,18.0831005397,17.8718460548,18.4429726132,19.4307268851,20.6524433745,21.6666824816,23.9727651348,26.7028455449,29.2279930684,32.3134569337,36.3591411255,40.1216242288	poly	0.04	176000
184604	0,1,2,3,4,5,6,7,8,9,10,11,12,13,14,15,16,17,18,19	8.97989950827,5.7886632976,2.74533468653,-0.211906125577,-1.92562930952,-3.68042450323,-4.58726599154,-5.77893987476,-5.90065340456,-6.39661396363,-5.55351273756,-4.41050069915,-3.25128035944,-1.53711416282,0.191498148821,2.46245656417,4.85753367707,8.53703378676,12.1390266304,16.4508026416	poly	0.04	176000
184593	0,1,2,3,4,5,6,7,8,9,10,11,12,13,14,15,16,17,18,19	11.5141293693,7.59485769021,5.01087470953,2.91089483805,0.322450091231,-1.26351129446,-2.07115781535,-2.67944632853,-3.58901215618,-3.23080202874,-3.26101043331,-2.37123002482,-0.923611457523,0.907545070061,2.32695473594,5.20576504595,7.91714799041,10.7188733358,14.3468731337,19.2009467712	poly	0.04	176000
184807	0,1,2,3,4,5,6,7,8,9,10,11,12,13,14,15,16,17,18,19	11.2071356116,7.85862428267,5.19061363092,2.12487424874,0.980886793852,-1.35209975146,-2.59255919375,-3.19552389572,-3.53762027146,-3.73010374607,-2.92363011959,-2.48747734353,-0.637036135127,0.367622867719,2.78831130169,4.63465345948,7.33820635788,11.4165759568,14.637933155,18.8942984302	poly	0.04	176000
185692	0,1,2,3,4,5,6,7,8,9,10,11,12,13,14,15,16,17,18,19	31.3679199524,28.7419358491,25.9465382762,23.4435397322,21.0520748643,19.4787451815,18.1557398356,17.5180274544,17.4799611899,17.5916554158,18.0312295145,18.8621755857,20.1939452625,21.5528764315,23.8338971373,25.3521341421,28.5907535108,31.9075236704,35.4627157035,39.1038497577	poly	0.04	176000
186737	0,1,2,3,4,5,6,7,8,9,10,11,12,13,14,15,16,17,18,19	-1.10469086823,-4.26879680389,-6.86253997725,-9.54909361498,-11.5153270319,-13.2616975431,-14.1434810101,-15.5673895537,-15.6513311862,-15.4087668427,-15.4085142675,-14.1372460118,-13.585257884,-11.3167243486,-9.17309387556,-7.08272529854,-4.4122523612,-1.30702069022,2.65124068967,6.06344431182	poly	0.04	176000
187274	0,1,2,3,4,5,6,7,8,9,10,11,12,13,14,15,16,17,18,19	19.2780872041,15.8756040913,12.8962705535,10.4614639625,8.35864696441,6.49284059525,5.20507848335,5.28099214106,4.78021864621,4.44593044703,4.96361818479,5.34684762089,6.89051473978,8.59385050433,9.96369793512,12.6115489818,15.2753180456,18.6383530842,22.2734888984,26.1768530206	poly	0.04	176000
185323	0,1,2,3,4,5,6,7,8,9,10,11,12,13,14,15,16,17,18,19	-1.57904221313,-4.79306082972,-7.03485913048,-9.40063972498,-11.3214479943,-13.5241114084,-14.1753530498,-15.5886656578,-16.0993273625,-16.202373452,-15.3127369665,-14.6576993863,-12.9150102183,-11.4464770826,-9.96718564772,-7.19443482382,-4.21885512088,-1.5871962414,1.87755753503,6.13316302663	poly	0.04	176000
185839	0,1,2,3,4,5,6,7,8,9,10,11,12,13,14,15,16,17,18,19	10.6565260988,8.03918312093,4.77713063393,2.48537170721,0.919970570025,-0.820151216703,-2.14141855376,-2.93746332144,-3.48174025637,-3.63126845559,-3.03953175749,-1.96246692254,-1.29484279132,0.512801063443,2.34218258668,5.05532627525,7.66667029697,11.0470999687,14.4974535493,18.9581012033	poly	0.04	176000
184990	0,1,2,3,4,5,6,7,8,9,10,11,12,13,14,15,16,17,18,19	31.9972211765,28.9269974491,25.6049191689,23.177063798,21.1272634527,20.0894333339,18.302890373,17.7766717788,17.5657886984,17.0384615635,18.0036955582,18.4686464678,19.6488429869,20.8460020567,23.6187241449,25.6420874647,28.8480202281,31.336070115,34.9114900665,39.4946594361	poly	0.04	176000
185020	0,1,2,3,4,5,6,7,8,9,10,11,12,13,14,15,16,17,18,19	20.3105042475,17.162955891,15.0651603002,12.3468181549,10.0116479261,8.59194847074,7.66170337387,7.21676460509,6.40171407891,5.97227805855,6.73199941606,7.26308200303,9.01903036933,10.1446952244,12.7914801935,15.1954011892,17.5125051707,20.4989101319,24.3240125549,28.8214306006	poly	0.04	176000
186460	0,1,2,3,4,5,6,7,8,9,10,11,12,13,14,15,16,17,18,19	14.0984757903,10.5694425981,8.63748403526,5.31130491849,3.46129379909,1.89741805224,1.18921651755,0.528842722475,-0.231870980229,-0.320996457778,0.260226153879,1.34257958191,1.87057948562,3.62992456797,5.57794398555,7.82460822005,11.3422547271,14.0263831111,17.3215986613,21.6103891004	poly	0.04	176000
184139	0,1,2,3,4,5,6,7,8,9,10,11,12,13,14,15,16,17,18,19	-6.03726980521,-10.0480205531,-12.7972865081,-14.6401659005,-16.8793253656,-18.4522518475,-19.8909991858,-20.6190021815,-21.0510387736,-20.967413031,-20.3671694702,-19.7933612066,-18.0570299132,-16.3665469761,-14.8028257814,-12.7888647536,-9.88721698055,-6.58477673199,-3.32348319015,1.04922859122	poly	0.04	176000
186378	0,1,2,3,4,5,6,7,8,9,10,11,12,13,14,15,16,17,18,19	3.7070165354,0.510822043191,-2.69864569273,-4.47276298463,-6.55388968777,-8.98894399929,-9.46200027613,-10.8914464301,-11.1951782177,-11.2028107578,-10.5819173348,-9.82405200044,-8.70724814711,-7.17620436945,-5.33201342053,-2.50583599049,-0.158414569908,3.81935165726,6.80698206574,11.1547932645	poly	0.04	176000
187491	0,1,2,3,4,5,6,7,8,9,10,11,12,13,14,15,16,17,18,19	3.09462269479,-0.075970422802,-2.48641687609,-5.35741285017,-6.77034941088,-8.69626511756,-9.45980531476,-10.4930891607,-11.4223250044,-11.1585003473,-10.4068612815,-10.0385884508,-8.58399378517,-7.27556926737,-4.7436483784,-2.6849323596,0.5481065295,3.80914070097,7.36987517618,10.4930460657	poly	0.04	176000
185001	0,1,2,3,4,5,6,7,8,9,10,11,12,13,14,15,16,17,18,19	-0.604402106269,-3.71475803464,-6.21271235432,-8.81395583188,-10.5462100204,-12.2138747928,-13.9940987375,-14.3172531188,-15.2124388747,-15.0538874473,-14.1703741984,-14.2830442299,-12.4768564591,-10.8058308706,-9.31617068049,-6.46688753055,-3.84272331577,-0.535895038083,2.57491728631,6.63594667511	poly	0.04	176000
186320	0,1,2,3,4,5,6,7,8,9,10,11,12,13,14,15,16,17,18,19	32.4094763547,28.5273795715,25.4828680087,23.7853707815,21.3632371721,20.0805698213,18.803278509,17.8441997424,17.4786393779,17.8417405186,17.569305514,18.9725970965,19.7678391153,21.6957668999,23.7505512736,25.9132317317,28.7211579031,31.787310018,35.6916273191,39.2657948175	poly	0.04	176000
185253	0,1,2,3,4,5,6,7,8,9,10,11,12,13,14,15,16,17,18,19	17.4266075149,14.2959356789,11.3013183276,9.44191260135,7.46186834475,5.50448333268,4.13336935933,3.53465329987,3.66486124371,3.80749388519,3.48308688806,4.58136954463,5.97847327156,7.15052355696,9.36448378606,11.8044714934,14.7184930616,17.8635357751,21.2855523526,25.6633383775	poly	0.04	176000
186338	0,1,2,3,4,5,6,7,8,9,10,11,12,13,14,15,16,17,18,19	29.6181570793,26.860721476,24.047203603,21.5275373908,18.996733307,17.5309729966,16.1330898974,15.3677059132,15.8430864955,15.8119255406,15.3810757615,16.5368874854,18.1063841419,18.967455615,21.4173603172,23.5101884208,26.7034463808,29.4725486514,33.3403623848,37.8988058275	poly	0.04	176000
184991	0,1,2,3,4,5,6,7,8,9,10,11,12,13,14,15,16,17,18,19	-5.23554583263,-7.99139664449,-11.0430251494,-13.3059348928,-15.3586463682,-17.2162793538,-17.9688680757,-19.1724771215,-20.0018578882,-20.1102515339,-19.0517378994,-18.7961956769,-17.4731623895,-15.6629784074,-13.5221706696,-11.3345120377,-8.19551464864,-5.69284928,-1.71828411357,1.98737979225	poly	0.04	176000
185130	0,1,2,3,4,5,6,7,8,9,10,11,12,13,14,15,16,17,18,19	22.5220294652,20.0570015261,16.5162981472,13.9479435458,12.7708903816,11.0970543136,9.26425016199,8.62376933996,7.9452445863,7.90790803035,9.04172115784,10.047646503,11.0843002034,12.0231508742,14.0422924823,16.3700674019,19.0865980899,22.6132574756,26.4555010045,30.1349772453	poly	0.04	176000
184715	0,1,2,3,4,5,6,7,8,9,10,11,12,13,14,15,16,17,18,19	-3.52440232789,-7.31964629296,-10.062799654,-12.5780611356,-14.0737671586,-15.7581325298,-17.0465005311,-17.3769770944,-18.5477332515,-18.4549321656,-17.3708652942,-16.8390187511,-15.3616271237,-14.0328235578,-12.5574271492,-9.20573001538,-7.27488440607,-4.03495161172,-0.452123210718,3.50371564086	poly	0.04	176000
186478	0,1,2,3,4,5,6,7,8,9,10,11,12,13,14,15,16,17,18,19	1.02134257091,-2.26307788993,-5.07594619018,-7.49064635557,-9.36677168438,-11.4674742915,-11.9817324613,-12.8911900299,-13.6556433824,-14.0245258205,-13.3952138471,-12.5014280271,-11.3450065454,-9.51246496672,-7.95845263958,-4.84773456441,-2.56626658542,1.09283722908,4.7546895796,8.21373299868	poly	0.04	176000
187254	0,1,2,3,4,5,6,7,8,9,10,11,12,13,14,15,16,17,18,19	30.3543136111,27.3620551275,24.4625543998,21.9918709759,20.1458602631,18.6080378878,17.6635964751,16.6643925691,16.4962562691,16.3088805247,16.6500487839,17.9668757624,18.4125379804,20.235559283,21.8952674315,24.7353654974,27.2641064354,30.8895136695,34.0681603836,38.5257781441	poly	0.04	176000
184658	0,1,2,3,4,5,6,7,8,9,10,11,12,13,14,15,16,17,18,19	19.8091093849,16.2451199962,13.9044863841,11.0226168508,9.8770660015,7.82134404424,6.21253759746,5.66100527867,5.81740268972,5.84777696136,6.00780447663,6.36720437731,7.75682952131,9.59444974925,11.2492981782,14.0240060608,16.9649099913,19.3912789816,23.0245980033,27.3849957241	poly	0.04	176000
187102	0,1,2,3,4,5,6,7,8,9,10,11,12,13,14,15,16,17,18,19	1.15206066145,-2.013828913,-4.92409142844,-7.77592828542,-9.161423048,-11.2009916389,-12.1849062725,-13.1219498256,-13.2046281167,-13.1280425462,-13.180828124,-12.2722520062,-10.9208824734,-9.84240106984,-7.50810470589,-5.16673606432,-2.68966237611,1.01134966789,4.84204506666,8.3116435574	poly	0.04	176000
187409	0,1,2,3,4,5,6,7,8,9,10,11,12,13,14,15,16,17,18,19	2.18874455056,-1.03319536242,-3.72264144378,-5.95787796382,-8.00564497364,-9.62626300703,-10.4973138799,-11.8667258422,-12.4857637748,-12.2789629898,-11.9166033665,-11.1390272079,-9.97552192662,-8.12739031481,-5.78802511798,-3.34725644832,-0.524986489335,2.4951097894,6.06923341501,9.94148380237	poly	0.04	176000
184862	0,1,2,3,4,5,6,7,8,9,10,11,12,13,14,15,16,17,18,19	3.98518154731,1.5178431168,-2.05951026347,-4.43927893491,-5.82604522374,-7.47854351173,-8.54464613838,-10.1135080831,-9.81729805477,-10.0966756693,-10.2412732559,-8.91443417236,-7.25750178364,-6.02424904652,-4.21375923306,-1.85057377368,0.625113759177,4.1283568933,7.63426330068,12.3431276043	poly	0.04	176000
187442	0,1,2,3,4,5,6,7,8,9,10,11,12,13,14,15,16,17,18,19	26.2731359589,22.7295346093,20.553261929,17.607797065,15.8895050978,14.4375361557,13.3136947032,11.9654968546,11.656667274,11.5483286649,12.3023250397,13.1111635092,14.6471637002,15.5326971313,17.5991466679,20.1789200168,23.3008612296,25.8627812116,29.5866278933,34.1574822133	poly	0.04	176000
186728	0,1,2,3,4,5,6,7,8,9,10,11,12,13,14,15,16,17,18,19	-7.8395426856,-11.0658524305,-13.1194076207,-15.5033188512,-17.4797985618,-18.9523868905,-20.5036314133,-21.3878640041,-22.3333609249,-21.7751065388,-21.519692016,-21.0139999495,-19.2213671651,-18.1573139502,-15.9691672128,-13.6262890242,-10.2444610009,-7.58813288924,-3.41516309969,0.171005286895	poly	0.04	176000
185295	0,1,2,3,4,5,6,7,8,9,10,11,12,13,14,15,16,17,18,19	1.79822729426,-1.0003242558,-3.97337528015,-6.30469277319,-8.06882447875,-10.5509999154,-11.0108153699,-12.2113554184,-12.2756196916,-12.5711598541,-11.8518437013,-10.8947628994,-9.88085902108,-8.36624084732,-6.11374355708,-4.33037304345,-1.83009779438,2.03600525522,5.52833971919,9.1224867541	poly	0.04	176000
186766	0,1,2,3,4,5,6,7,8,9,10,11,12,13,14,15,16,17,18,19	2.00871656964,-0.978316578012,-3.9272700722,-6.11175874928,-8.64540459283,-9.38720291077,-11.3232932532,-12.2372903726,-12.4141507533,-12.6067094477,-12.173071159,-11.0029613772,-9.78865897808,-8.33979682946,-6.53822015021,-3.81302586083,-1.20807491234,1.67956569763,5.59285609222,9.29957390086	poly	0.04	176000
185743	0,1,2,3,4,5,6,7,8,9,10,11,12,13,14,15,16,17,18,19	11.0555988591,7.92239440665,5.57530630696,3.35096734877,0.992904965999,-0.26169295695,-1.60713820975,-2.49114982885,-3.0701461151,-2.95804981636,-2.5119524843,-1.93503192011,-1.08301028973,1.38805074788,2.55455017188,5.31251039851,8.18247460017,11.5371040925,14.9766690194,18.4464769659	poly	0.04	176000
185325	0,1,2,3,4,5,6,7,8,9,10,11,12,13,14,15,16,17,18,19	13.6733795784,10.9771042256,7.80165149419,5.79790255189,3.74512457919,2.33014882699,1.05899068676,0.164427399629,-0.548967509654,-0.499964286375,0.54611402067,0.831495709279,1.87020313213,3.99259878963,6.00083042068,8.36247508112,10.8236352094,14.1553285296,17.729384438,21.8366847454	poly	0.04	176000
186960	0,1,2,3,4,5,6,7,8,9,10,11,12,13,14,15,16,17,18,19	35.4622970577,31.910617054,29.2483899612,27.2372666476,25.1827327727,22.9646039734,22.1547132115,21.0650832456,20.4676612626,20.5953758618,21.4081253542,22.1119837649,23.2500346108,24.9875684648,27.2239152245,29.2866336663,32.2318809402,35.3659640549,39.0867231503,42.9087113104	poly	0.04	176000
184065	0,1,2,3,4,5,6,7,8,9,10,11,12,13,14,15,16,17,18,19	23.4727212752,19.9149075217,17.3601889824,15.3783943822,12.5217508065,11.196315388,9.66967181762,9.07944640549,9.09573992429,8.63170085825,9.75579349083,9.62408537036,11.5462051882,13.0545764805,14.4032362165,17.3788468347,20.3674375166,23.607686947,27.3403572154,31.2272131419	poly	0.04	176000
186314	0,1,2,3,4,5,6,7,8,9,10,11,12,13,14,15,16,17,18,19	28.8836846912,25.5208809738,23.0457595945,20.6303419293,18.0684048256,17.2925837501,15.3459007226,15.0325272733,14.2226851147,14.7488219892,14.6497772516,15.5611942055,16.6307777965,18.6371503021,20.3315514846,23.2460188149,25.2346396676,28.9826691255,32.0552058356,36.625269524	poly	0.04	176000
185077	0,1,2,3,4,5,6,7,8,9,10,11,12,13,14,15,16,17,18,19	16.7222086382,13.335586974,10.5507111763,8.24180235056,6.35862090225,4.68880815981,3.14429606743,2.87107045129,2.33344289771,2.29299376583,3.16328397406,3.53178481719,4.99995191179,6.33587082759,8.32912938422,10.5656789054,13.0935214762,16.6210582859,19.8911364744,24.1844838598	poly	0.04	176000
184671	0,1,2,3,4,5,6,7,8,9,10,11,12,13,14,15,16,17,18,19	-0.843375622766,-4.03534634207,-6.9631646136,-8.57374547525,-11.011405692,-12.8381668541,-13.3885950895,-14.8751279279,-14.9495752542,-15.0644366817,-14.832280532,-13.8536794351,-12.8211300502,-11.1062121186,-9.23790482865,-6.95471467994,-3.89227357113,-0.346459917347,3.09983488468,7.33585299092	poly	0.04	176000
187933	0,1,2,3,4,5,6,7,8,9,10,11,12,13,14,15,16,17,18,19	-0.231869158387,-3.09467915198,-6.82993528,-8.51804544687,-10.5979365326,-11.9312739349,-14.0003131501,-14.4839583647,-14.3543497134,-15.0330986527,-14.4842672846,-13.8886539147,-12.5035194988,-10.9785233955,-9.02976556695,-6.66503556502,-3.82369632691,-0.189276658283,2.7708839057,6.91856526387	poly	0.04	176000
185048	0,1,2,3,4,5,6,7,8,9,10,11,12,13,14,15,16,17,18,19	27.8116113724,23.9240662966,21.3663599496,19.1680560887,17.4858861568,15.0796620427,13.9893743497,13.6837176784,13.495290935,13.2068010665,13.366895095,14.0030157047,15.0337638966,16.6710243545,18.9883697643,21.8751538308,24.353709853,27.4725327768,31.4009740647,34.7144024109	poly	0.04	176000
184159	0,1,2,3,4,5,6,7,8,9,10,11,12,13,14,15,16,17,18,19	-5.77920435169,-8.98434117036,-11.5988116706,-14.6135902547,-16.8166051667,-18.3098385439,-19.2523737036,-19.9721301586,-20.8734557256,-20.7976985516,-20.1288790966,-18.8779637863,-17.7886521776,-15.9552758468,-14.827810755,-11.5528328479,-9.31772460604,-5.80093024934,-1.97068183912,1.58810494314	poly	0.04	176000
185519	0,1,2,3,4,5,6,7,8,9,10,11,12,13,14,15,16,17,18,19	-4.59792458539,-8.09450680583,-10.9513323107,-13.5092445623,-14.9497245548,-16.7322263467,-18.4812826411,-18.8652056003,-19.6710678734,-19.6807113487,-18.9588008707,-18.0447435246,-16.4267998039,-15.676747798,-12.812999123,-11.2558410421,-8.01706958361,-4.60439672941,-1.48040542947,3.1954711513	poly	0.04	176000
186503	0,1,2,3,4,5,6,7,8,9,10,11,12,13,14,15,16,17,18,19	5.34517335569,2.56356731471,-0.551213947603,-2.16597698292,-4.77678101559,-5.67863739752,-6.89043806957,-8.39788931674,-8.66731631367,-8.67296477646,-8.49302180025,-7.83874697926,-6.14372081597,-4.07704230139,-2.72168543013,-0.363307216434,2.79741092749,5.50303123819,9.91355279656,13.2597551742	poly	0.04	176000
186621	0,1,2,3,4,5,6,7,8,9,10,11,12,13,14,15,16,17,18,19	6.84658712033,3.67055579279,0.689471701901,-1.53628100309,-3.72348753011,-4.94228608382,-6.23566458617,-7.3147483124,-7.64777196524,-7.39709906237,-6.49141529784,-5.89806209189,-5.18131891377,-3.30844272464,-1.40600198815,1.18780904729,4.08844562022,7.48447387284,11.0961874499,14.9176891427	poly	0.04	176000
184757	0,1,2,3,4,5,6,7,8,9,10,11,12,13,14,15,16,17,18,19	35.4761513399,31.7731065318,28.970656374,26.4984594073,24.411032122,22.9033689649,21.912076264,20.9015236549,20.1254557546,21.0611348927,21.0884152801,21.6983017986,23.0889850209,24.0863685056,26.571944016,29.1273109394,31.6952013733,34.7870619181,38.2663298415,42.4646814285	poly	0.04	176000
184450	0,1,2,3,4,5,6,7,8,9,10,11,12,13,14,15,16,17,18,19	19.2492219395,16.0192705739,13.061810995,10.076730421,7.9926785922,6.75435048073,6.03272719367,5.21761716222,3.99243274274,4.72097810817,4.69554922403,5.58992083038,7.13264188197,8.55714245831,10.2228070212,13.1763989005,15.9753756095,18.983467252,22.2825976313,26.2344058564	poly	0.04	176000
187428	0,1,2,3,4,5,6,7,8,9,10,11,12,13,14,15,16,17,18,19	24.0908515141,20.5566263194,17.5503151894,15.1024351649,12.9342761421,11.8521724045,10.9962122237,9.88163820308,9.04466050084,9.62062804027,9.46593099478,10.536142667,11.6160545737,13.2155274513,15.2016229586,17.2169829363,20.2064891923,24.1870444515,26.8236880585,31.6421008319	poly	0.04	176000
186997	0,1,2,3,4,5,6,7,8,9,10,11,12,13,14,15,16,17,18,19	-1.46527431543,-4.12165450154,-7.67877539667,-10.1514971992,-12.2123256367,-13.0242234122,-14.0360302719,-15.1230415116,-16.0584586265,-15.7788742308,-15.7763607389,-14.8873384119,-13.1750169112,-12.0603438993,-9.50501927066,-7.7869312583,-4.47322423341,-1.64624134141,2.20527170936,6.01026490637	poly	0.04	176000
185499	0,1,2,3,4,5,6,7,8,9,10,11,12,13,14,15,16,17,18,19	25.586473013,22.7158075407,19.1696008064,16.975071552,15.5585855874,13.4207736189,12.796156208,11.7781273618,11.4853722589,11.065701128,11.3446041203,12.5970093042,13.194949537,15.7445171294,17.4744228299,19.5780538035,22.6898280549,25.9789808369,29.6751730605,32.9297984034	poly	0.04	176000
185977	0,1,2,3,4,5,6,7,8,9,10,11,12,13,14,15,16,17,18,19	9.07790018388,5.96661144587,2.82041504856,0.446985800086,-1.33299794898,-2.95790066428,-4.31092404812,-5.46122321651,-6.18368174731,-5.68964467028,-5.53637390345,-4.30109306071,-2.93444344633,-1.4915384373,-0.141359606033,2.89187068534,5.53477851523,8.38795178445,12.6428016904,16.3880977585	poly	0.04	176000
185337	0,1,2,3,4,5,6,7,8,9,10,11,12,13,14,15,16,17,18,19	19.8558768161,16.9206238626,13.6540594247,11.0450536721,9.24228482471,7.55694374724,6.59626601472,5.84237516406,4.92912995748,5.50667355599,5.68572185731,6.43585103339,7.88011088427,8.77535576232,10.8495236831,13.7795879797,16.8246904834,19.5633240778,23.3905284151,27.5072121619	poly	0.04	176000
184508	0,1,2,3,4,5,6,7,8,9,10,11,12,13,14,15,16,17,18,19	25.9401603898,22.4333958416,19.6163924054,17.9722889207,15.9886155433,13.9702863268,13.0385127896,12.4163332829,11.6733157269,11.5038410922,12.5215881689,12.9665003159,14.3951644592,15.8948785972,17.1861862091,20.229236226,23.0461145483,25.8601574565,29.2657756908,33.6511501022	poly	0.04	176000
186669	0,1,2,3,4,5,6,7,8,9,10,11,12,13,14,15,16,17,18,19	0.567957219642,-2.48661677274,-5.27989673231,-8.05957472264,-9.45685329779,-11.8816512051,-12.8264307199,-13.4091857608,-13.9076895899,-13.8251977339,-13.0360655872,-12.7824273656,-11.850053144,-9.37618271764,-7.74511235709,-5.8750033095,-3.14001107646,0.943598503723,4.30034135432,8.2730843275	poly	0.04	176000
187742	0,1,2,3,4,5,6,7,8,9,10,11,12,13,14,15,16,17,18,19	35.1777308936,31.5486701858,28.5559953376,26.1194300733,23.8083827038,23.1065215182,21.643121569,21.0798230948,20.1860535114,19.9173850961,20.6354941324,21.1833661017,23.0243417273,24.4583200732,26.5829888406,28.370011143,31.3133326098,34.1878744818,37.8782787564,42.466005347	poly	0.04	176000
184226	0,1,2,3,4,5,6,7,8,9,10,11,12,13,14,15,16,17,18,19	9.67065911768,6.26916362429,3.34254027935,1.7844227304,-0.675104330605,-2.44676397288,-3.6774302012,-4.28848436904,-5.08903036893,-4.69354479142,-4.61850982146,-3.14232400811,-1.79514163581,-1.03436822456,1.55137568932,3.54714749881,6.9956822309,9.54801064069,13.2912726632,16.9076276638	poly	0.04	176000
185465	0,1,2,3,4,5,6,7,8,9,10,11,12,13,14,15,16,17,18,19	34.8497595467,31.2298718687,28.6518932098,26.2580036369,24.7795416727,22.8925960686,21.7565512173,20.8863199825,19.8915492115,20.280245234,20.857313169,21.0975789812,23.1472840608,23.9772406975,26.2655761232,28.9461585107,31.5278293617,34.8814976001,38.7276816096,42.1738236375	poly	0.04	176000
186677	0,1,2,3,4,5,6,7,8,9,10,11,12,13,14,15,16,17,18,19	-1.1645633145,-4.01005586844,-6.91694904873,-10.1202285009,-11.5963089399,-12.7911116781,-14.6674492121,-15.0533051125,-15.9020870321,-15.7686387577,-15.1212243606,-14.0693456411,-12.8941896874,-11.6514311812,-10.0318280643,-7.27283203795,-4.83452729885,-1.37494778264,2.53120677665,5.8784041643	poly	0.04	176000
184390	0,1,2,3,4,5,6,7,8,9,10,11,12,13,14,15,16,17,18,19	-4.51479599007,-7.80557660009,-10.3593808942,-13.4426599565,-15.1399317185,-16.5955749444,-17.4643170488,-18.3789340143,-18.704080885,-18.876117715,-19.0132459719,-17.5582832783,-16.5200847407,-15.0493203639,-13.1436835217,-11.068915647,-7.57560410937,-4.96491649765,-1.43579970184,3.20653879915	poly	0.04	176000
184577	0,1,2,3,4,5,6,7,8,9,10,11,12,13,14,15,16,17,18,19	32.7056659963,29.4873660389,27.5457086,24.6407082165,23.1306550046,20.718694412,19.655308636,18.7959497745,19.0385580614,19.0238342275,19.0125421632,20.3880700853,21.4985866006,23.1447875373,24.303772402,27.117254711,29.9397131817,33.1198083213,37.2169761641,40.91366814	poly	0.04	176000
186863	0,1,2,3,4,5,6,7,8,9,10,11,12,13,14,15,16,17,18,19	25.7653508165,22.8478407752,20.1051047826,17.4667532615,15.7358628793,13.6135520297,13.1266610035,11.5726745833,11.2347215432,11.5374580064,11.914442863,12.7388575549,13.9952108086,15.8748246396,17.3130151327,20.171927966,22.3430494153,26.4519157095,29.3266466746,33.8435351644	poly	0.04	176000
185582	0,1,2,3,4,5,6,7,8,9,10,11,12,13,14,15,16,17,18,19	17.481723569,14.1970098911,11.6991081264,9.02515689127,7.18364709762,5.4206187889,4.26733955528,3.65805043817,3.72184500224,3.0063811008,3.51349929265,4.89496839877,5.58758026339,7.82402160504,9.04778938255,11.8287516603,15.1311042085,18.1695630438,21.3975951012,24.9887962208	poly	0.04	176000
187627	0,1,2,3,4,5,6,7,8,9,10,11,12,13,14,15,16,17,18,19	13.9682409897,10.7082799173,7.41928003994,5.58843766727,2.9824987378,1.26728922741,0.242410844033,-0.601656296803,-0.555107258216,-0.486911965105,-0.939063859736,-0.00575381967421,1.249980965,3.51974467171,5.48320490539,7.81459898118,10.3298569994,13.1984967851,17.1990529612,20.9735341703	poly	0.04	176000
184618	0,1,2,3,4,5,6,7,8,9,10,11,12,13,14,15,16,17,18,19	18.4966915294,15.1061306388,12.9833022346,9.94541220197,8.4535278157,6.82494302718,5.19133215163,4.77600089805,4.60120207277,4.68151440471,4.61980559969,5.15959494857,6.78148776848,8.73003569909,10.5374960585,12.6785929441,15.1947290353,18.8960511841,22.3511552718,26.5107145897	poly	0.04	176000
185361	0,1,2,3,4,5,6,7,8,9,10,11,12,13,14,15,16,17,18,19	10.7981228464,7.61164536193,4.15260721156,2.42507918574,0.22048334562,-1.48115123902,-2.38604407927,-3.66904474404,-3.57809156529,-4.09138863244,-3.64749471862,-2.33592199931,-1.84243137048,0.547329437388,1.88141202531,4.34121618091,7.55127331806,10.5422322282,14.1079136124,17.7052004018	poly	0.04	176000
186241	0,1,2,3,4,5,6,7,8,9,10,11,12,13,14,15,16,17,18,19	16.5501669457,13.5288415652,10.9661080278,7.90201303657,6.34923986846,4.45737774073,3.85301146133,2.95343774736,2.63298834134,2.1527601002,2.82784911405,3.71451555704,4.41158113665,5.96665324488,7.96583722261,11.1538857488,13.1110457986,17.1833583205,20.307784914,24.7768360425	poly	0.04	176000
187779	0,1,2,3,4,5,6,7,8,9,10,11,12,13,14,15,16,17,18,19	18.1909809241,15.4013171125,12.8668540405,9.77745962802,8.22427120259,6.84653403262,5.36595389305,4.1674057561,4.1639538108,3.66911878724,4.36591106433,5.1338189416,6.79656040652,8.15773343752,10.2074823649,12.4824883225,15.6305578,18.0079597263,21.8418174018,25.7084836669	poly	0.04	176000
185967	0,1,2,3,4,5,6,7,8,9,10,11,12,13,14,15,16,17,18,19	6.02905946829,3.4769897754,0.0446555115838,-2.60442889674,-4.12552377744,-5.89019037607,-6.86998106245,-7.90408692167,-8.64795362855,-8.28053597434,-7.46680550309,-7.46267936912,-5.76401102045,-4.07890546269,-2.61716903067,0.202720490671,2.66800852595,6.33011137941,10.0369535439,14.2616734123	poly	0.04	176000
187217	0,1,2,3,4,5,6,7,8,9,10,11,12,13,14,15,16,17,18,19	3.03981275581,-0.184431395619,-3.48030831937,-5.24902414214,-7.01890842186,-8.9779034669,-10.099533156,-11.3081094482,-11.3677314847,-11.9264402918,-11.0050954939,-10.6672962667,-9.18780454511,-7.11825420535,-5.74079090123,-2.78557236123,-0.217967798771,3.17506030892,6.33671191785,10.1727250019	poly	0.04	176000
185429	0,1,2,3,4,5,6,7,8,9,10,11,12,13,14,15,16,17,18,19	-1.27169759006,-4.95656556441,-7.63247912685,-10.1341645695,-11.9405635403,-13.0220944685,-14.753694892,-15.497735422,-16.2835840719,-16.2354194607,-15.2519508779,-14.1678037779,-13.4433851279,-11.6389989507,-10.0597178416,-7.73708961884,-4.48070267431,-1.32233762175,1.92051959963,6.40935336392	poly	0.04	176000
187368	0,1,2,3,4,5,6,7,8,9,10,11,12,13,14,15,16,17,18,19	27.6332888722,25.0431036397,22.112323846,20.1421113651,17.4553795778,16.5917593683,14.5278904782,13.9801164207,13.8690482768,13.9323914255,14.3762789508,14.4606574277,16.0418850804,18.1037850755,19.390706481,21.716733818,25.1065704667,28.428616501,31.2106801138,35.8803642518	poly	0.04	176000
186311	0,1,2,3,4,5,6,7,8,9,10,11,12,13,14,15,16,17,18,19	31.8774471996,28.4367122054,25.7786372858,23.0824734594,20.6488374641,19.1277209957,18.0613285311,17.7997988019,16.7288716612,17.0197177948,17.5998633159,17.8357191782,19.0350650383,20.70374936,22.9892557956,25.0986905094,28.3380668405,31.2824076111,35.5573842456,39.4512219115	poly	0.04	176000
186683	0,1,2,3,4,5,6,7,8,9,10,11,12,13,14,15,16,17,18,19	35.0281136025,31.6015191954,28.452183252,26.3153174444,24.3097037459,22.5840224704,21.25555826,20.626133408,19.9090398812,20.2124278133,21.1574106416,21.3173202759,22.5523586115,24.1819040024,26.7016702701,28.4779352764,31.3538386061,34.8661061997,38.6978222635,42.184704358	poly	0.04	176000
186890	0,1,2,3,4,5,6,7,8,9,10,11,12,13,14,15,16,17,18,19	22.6526683521,19.0714979316,16.1082358897,14.1997306975,12.0586096919,10.4222322278,8.82660660303,8.36755001729,8.28868555985,8.40586407685,8.58983588052,9.20394809593,10.7124571612,11.8413079807,14.2625966198,16.4127870605,19.5452474634,22.1867610497,25.6750337141,30.1306477594	poly	0.04	176000
184728	0,1,2,3,4,5,6,7,8,9,10,11,12,13,14,15,16,17,18,19	12.8839284448,9.5519414286,6.39967244787,4.31951143047,2.17021928694,0.75366899046,-0.920208654018,-1.9881939115,-2.45096007436,-2.24719080384,-1.84808135756,-0.336478689027,0.324534788145,1.77327304347,4.52335006531,6.14997492046,9.71090863691,12.3004690411,15.7129401822,20.5151283233	poly	0.04	176000
185757	0,1,2,3,4,5,6,7,8,9,10,11,12,13,14,15,16,17,18,19	-1.3214688019,-5.10270122898,-7.68338821386,-10.1918205964,-11.8928356202,-13.0820136936,-14.9971097827,-15.9282089959,-15.681083805,-15.8950642583,-15.7889951635,-15.1383661826,-13.1607736785,-11.4344616808,-9.86730690655,-7.95560103545,-4.29948434624,-1.57178158288,2.05772720538,6.44192801947	poly	0.04	176000
185278	0,1,2,3,4,5,6,7,8,9,10,11,12,13,14,15,16,17,18,19	-4.58640173341,-8.36697024749,-10.7812461717,-13.0281380475,-14.7047902538,-16.4111460933,-17.4565547474,-18.9673760542,-19.3267429164,-18.8879455656,-18.5050724881,-18.1473627347,-16.3568868294,-14.7346861543,-13.2649400842,-10.2647334745,-8.18557082423,-4.78337718023,-1.36404769613,2.55227727975	poly	0.04	176000
186511	0,1,2,3,4,5,6,7,8,9,10,11,12,13,14,15,16,17,18,19	-4.27763789769,-8.24685572694,-11.2025423939,-12.8761035809,-15.6204551185,-16.2852007558,-18.0930114064,-18.9661903665,-19.3593378902,-19.1891092685,-19.1003938724,-18.1222361255,-16.8524886945,-15.6564982306,-12.977691402,-10.2861730509,-8.22838931884,-4.994918094,-1.38392574717,2.9509881271	poly	0.04	176000
185384	0,1,2,3,4,5,6,7,8,9,10,11,12,13,14,15,16,17,18,19	0.432242325416,-2.47488141789,-4.68127632099,-7.93909672572,-9.89402032752,-11.2878598814,-12.1599836689,-13.1319241098,-13.4678031409,-13.409134543,-13.438352334,-12.1627881082,-11.2820809794,-9.21674698721,-7.64196657708,-5.15623062859,-2.60017005413,0.719385544761,4.60660958399,8.89463972898	poly	0.04	176000
187116	0,1,2,3,4,5,6,7,8,9,10,11,12,13,14,15,16,17,18,19	0.523467903961,-1.92917919845,-5.38468065407,-7.09400195657,-9.08071406404,-11.3577189173,-12.0252874936,-13.2615475209,-13.5643100891,-13.1096334608,-12.8650220627,-12.1341281893,-10.6933106431,-9.20582656978,-7.43624484971,-5.34433674401,-2.3219157103,0.754640948065,4.05323522143,8.57929092715	poly	0.04	176000
186373	0,1,2,3,4,5,6,7,8,9,10,11,12,13,14,15,16,17,18,19	1.96337707643,-1.00134272319,-4.59629014324,-6.26576350346,-8.66190580552,-10.1546601902,-11.7557727091,-12.4436023366,-12.4466025603,-12.1976056088,-12.1631198944,-10.9079987348,-10.1644180552,-8.97209684916,-6.60667584295,-4.45373352759,-1.54901164184,2.31762253608,5.50350361195,9.01492228982	poly	0.04	176000
185450	0,1,2,3,4,5,6,7,8,9,10,11,12,13,14,15,16,17,18,19	17.6830161378,14.9182519506,11.2803773942,9.68748182739,7.53211866108,5.5315285438,4.41086370274,3.57315704035,3.23684301269,3.2444598693,3.96499575353,4.46925129473,5.29518782136,7.2218820004,9.64470967582,11.5312754081,14.8935673708,17.5401714039,21.6684596517,25.2501554525	poly	0.04	176000
186762	0,1,2,3,4,5,6,7,8,9,10,11,12,13,14,15,16,17,18,19	17.7713734895,13.6110204671,11.5775343466,8.58067787033,7.09999078963,5.26773688269,3.68925259173,3.23322833236,2.94375804455,2.48913934989,3.02613450974,4.11138597668,5.76971499211,6.93890873799,9.18768155397,10.8007619523,13.869781294,17.2561884622,20.8295164727,25.0892651312	poly	0.04	176000
187706	0,1,2,3,4,5,6,7,8,9,10,11,12,13,14,15,16,17,18,19	0.345661072988,-3.35132778455,-6.38871073442,-8.00886694448,-10.3156915268,-12.2837895029,-13.2696165104,-13.8347166553,-13.985969736,-14.0506405314,-13.7010090782,-13.284852881,-11.7938618174,-10.9035304897,-8.73971961969,-6.05787437086,-3.29323170709,-0.178912848841,3.12143697429,7.21842290711	poly	0.04	176000
186111	0,1,2,3,4,5,6,7,8,9,10,11,12,13,14,15,16,17,18,19	27.8732445016,24.8152636317,21.8909850856,19.7036212488,17.431282239,15.4393939923,14.3669876269,13.8091519445,13.2188135129,13.0944905092,14.0079671248,14.418236666,15.9326511129,16.8617013345,19.6562770093,21.1961427601,24.5981646081,28.0211912359,31.7242378063,35.591071332	poly	0.04	176000
186628	0,1,2,3,4,5,6,7,8,9,10,11,12,13,14,15,16,17,18,19	8.58692237918,5.94604974068,3.11271856689,0.222812860006,-1.36259138154,-3.17633518341,-3.88781405517,-5.5140754463,-5.1752141154,-5.34179707334,-4.96744657958,-4.58347248904,-2.95407846483,-1.26109774591,0.853521291431,2.54422045539,6.07557860614,9.06811485005,13.011734529,16.1361484	poly	0.04	176000
187608	0,1,2,3,4,5,6,7,8,9,10,11,12,13,14,15,16,17,18,19	21.9098548746,19.6100394911,16.7242822116,13.9154255621,11.6335727774,9.9136290121,8.84136327674,8.13670717102,7.90073248755,7.88573304177,8.13671265617,8.83362730875,10.0892274564,11.8795728044,13.9593033665,16.7441966232,19.1863088532,22.4332691597,25.6255700522,30.3910524468	poly	0.04	176000
185066	0,1,2,3,4,5,6,7,8,9,10,11,12,13,14,15,16,17,18,19	31.9134215724,28.8714887454,25.7248292681,23.6496555441,21.1399842057,20.2538149031,18.6223160632,18.0691118782,17.0223508505,17.7789307293,18.175072572,19.1119041936,19.3704198406,21.7985310744,23.1351282796,25.4079355091,29.0565084131,31.4180098504,35.3137610187,39.6028773781	poly	0.04	176000
184769	0,1,2,3,4,5,6,7,8,9,10,11,12,13,14,15,16,17,18,19	-3.7596868894,-6.83908885673,-9.70813522665,-12.3615029618,-13.7968210173,-15.7328733486,-16.7571792225,-17.9873335424,-18.2279050298,-17.6914738275,-18.2012003972,-17.283991813,-16.0049806327,-14.217837193,-11.9251998031,-9.91066942129,-6.59908805232,-3.56813935015,-0.0980085680974,4.12687782292	poly	0.04	176000
185453	0,1,2,3,4,5,6,7,8,9,10,11,12,13,14,15,16,17,18,19	-2.36980381544,-5.27448751154,-8.20144073671,-10.1966959059,-12.1706725862,-14.1446324209,-15.2845103602,-15.8873526353,-16.1238692335,-17.0272431226,-15.8817881917,-15.6846494895,-14.0205752722,-12.2531576529,-10.1111261343,-8.0021225443,-5.43638036016,-2.40116339353,1.82608231483,5.80505918492	poly	0.04	176000
186209	0,1,2,3,4,5,6,7,8,9,10,11,12,13,14,15,16,17,18,19	-2.21185796507,-5.78535205058,-7.90887171321,-10.783141215,-12.4763214417,-13.7638014234,-15.6441738749,-16.3400990342,-16.1661389271,-16.483777167,-16.6022777646,-15.2010560933,-14.1228979488,-12.6808561255,-10.9202696172,-7.88976704887,-4.84751371138,-2.53066916281,1.94991708084,5.66468581867	poly	0.04	176000
184300	0,1,2,3,4,5,6,7,8,9,10,11,12,13,14,15,16,17,18,19	14.574686503,10.7258670565,8.49993143439,5.40769827198,4.17184594395,2.51216969168,0.910262593112,0.387934481884,-0.0696587347915,0.212629411132,-0.193751276913,1.51984573502,2.70324429131,3.60294141708,5.52717272323,8.39349495965,10.7500462859,14.1815401322,18.317397372,22.2942528526	poly	0.04	176000
186462	0,1,2,3,4,5,6,7,8,9,10,11,12,13,14,15,16,17,18,19	9.75341198028,6.68823457511,3.14374013401,0.73168509874,-0.922215573431,-2.26543978898,-3.72478293333,-4.90453878652,-4.69973513685,-4.91497748169,-4.70986237918,-3.78295434409,-2.8939870177,-0.916097947639,0.865755656085,3.86188876136,5.89741867604,9.17809362552,13.0927410689,17.212925617	poly	0.04	176000
184627	0,1,2,3,4,5,6,7,8,9,10,11,12,13,14,15,16,17,18,19	19.386571249,15.5432064333,13.0580891187,10.471478506,8.49427806197,7.44999315869,5.56260657785,5.55348901764,5.12146471271,4.74748951512,5.38927603694,5.87561462863,7.53238565972,8.52261859357,10.3819308782,12.7092559874,16.2423753102,19.5237657594,23.0181022294,26.5489374295	poly	0.04	176000
185639	0,1,2,3,4,5,6,7,8,9,10,11,12,13,14,15,16,17,18,19	-5.87694333048,-9.90402280853,-12.1405902427,-14.9711789766,-16.1977870106,-18.1104919123,-19.3826608817,-20.427836599,-20.4317837873,-20.431746206,-19.930581192,-19.0053805825,-18.0656135985,-16.8449041716,-14.7570699822,-11.8543857462,-9.11711228226,-5.93721110211,-2.55436946333,1.45260664914	poly	0.04	176000
187239	0,1,2,3,4,5,6,7,8,9,10,11,12,13,14,15,16,17,18,19	26.4891165144,24.0273281518,21.1764077518,18.1904113108,16.180613014,15.2638934766,13.5778163845,12.4795094961,12.0691862749,12.6369504578,12.4057021431,13.6064447919,14.4252430937,16.6966528732,18.2507869935,20.4634417833,23.7306649179,27.2568774463,30.3362996619,34.465625636	poly	0.04	176000
185901	0,1,2,3,4,5,6,7,8,9,10,11,12,13,14,15,16,17,18,19	18.4995450322,15.6465500419,12.8102862281,10.8181798344,8.00998270648,7.13031764002,5.53781795649,4.36378343754,4.39108059354,4.61085013441,4.92112766915,5.75921349888,7.16979193248,7.88759821368,10.5891418654,12.4485034067,15.6784567782,18.7159542044,22.1524560636,26.3818667788	poly	0.04	176000
186249	0,1,2,3,4,5,6,7,8,9,10,11,12,13,14,15,16,17,18,19	-0.965696852989,-4.40351672265,-6.62499125396,-9.71459705242,-11.4475169159,-13.1845918544,-13.7379805106,-15.0646040768,-15.2256553525,-14.7996686127,-15.170227525,-13.6486647134,-12.8775374508,-10.8824087671,-9.70554440969,-7.3060100317,-3.63989108165,-1.04867934974,2.73087849966,7.08845061917	poly	0.04	176000
184980	0,1,2,3,4,5,6,7,8,9,10,11,12,13,14,15,16,17,18,19	10.1162851066,7.48414615259,4.40150167108,2.28790563232,0.445274660823,-1.34134703529,-3.14994027721,-4.09253791445,-3.65415292993,-3.94430936715,-3.62391114703,-2.37761691707,-1.93015304114,-0.174545971572,2.39461751559,4.13491764583,7.15017123615,10.5615956023,14.0155955939,17.597637507	poly	0.04	176000
187717	0,1,2,3,4,5,6,7,8,9,10,11,12,13,14,15,16,17,18,19	29.4395928634,26.8436140613,23.9440069331,21.2531001599,19.5192169475,17.409649653,16.8426744016,15.1959937576,15.4868451679,14.9678022146,15.5855334301,16.4826929564,17.3418345785,19.455215319,20.9034007286,23.5866115714,25.8989601049,29.7822894466,33.3540511751,37.1193261496	poly	0.04	176000
187535	0,1,2,3,4,5,6,7,8,9,10,11,12,13,14,15,16,17,18,19	-0.0537988396911,-2.74739111288,-5.93370921892,-8.19319152296,-10.1821681143,-11.5440479231,-13.497339955,-13.9677829855,-14.1517054661,-14.2395288935,-14.3110669574,-12.9877001118,-12.1089195397,-9.80169599868,-7.83537824854,-6.1565106246,-3.10011107144,0.366450658413,3.38660555956,7.45660210124	poly	0.04	176000
186193	0,1,2,3,4,5,6,7,8,9,10,11,12,13,14,15,16,17,18,19	15.7209969085,12.3836222852,10.3540098543,7.16358538317,5.78645918793,4.10393088593,2.87985904644,1.53060451998,1.22926082664,1.83218574671,2.13788188373,2.47296207173,3.66791158408,5.138163342,7.40208483057,10.0118319882,12.615860319,15.8790389194,19.4956979345,23.2381962991	poly	0.04	176000
185286	0,1,2,3,4,5,6,7,8,9,10,11,12,13,14,15,16,17,18,19	28.9898067687,25.8393616718,22.5670042602,20.729107331,17.9620152724,16.244452439,15.6148332129,14.2114990675,14.7622885994,14.5538562401,15.1758960949,15.5050815917,16.9521505955,17.9272067545,20.1957169162,22.8550721803,25.832286656,29.1160111212,32.0537299274,36.5491317305	poly	0.04	176000
187946	0,1,2,3,4,5,6,7,8,9,10,11,12,13,14,15,16,17,18,19	26.6152327648,22.84665438,20.3512364765,18.1957395292,15.5240843218,13.846927713,12.5069278817,11.7338535099,11.6025592971,11.7651378906,11.9955854335,13.241471732,14.6382770274,15.3935740746,17.4402045831,20.1624612268,23.131445757,25.9177138344,29.9764155604,33.6102994576	poly	0.04	176000
186763	0,1,2,3,4,5,6,7,8,9,10,11,12,13,14,15,16,17,18,19	9.14500077613,6.5252945824,2.96836707078,1.15247092756,-1.46037590531,-2.84032742951,-4.18040038646,-4.92896633838,-4.87305522878,-4.5854285891,-4.39714646537,-4.27913195444,-2.51139790823,-0.923963623411,0.551373497966,3.78363241636,6.16102345635,9.18269574967,13.1861531443,16.5486165114	poly	0.04	176000
185615	0,1,2,3,4,5,6,7,8,9,10,11,12,13,14,15,16,17,18,19	-0.291439283734,-3.38191610465,-5.35515827417,-8.60272053809,-10.2310499119,-11.7278195054,-13.4279641655,-13.5549487922,-14.5858362114,-13.7232852841,-14.2909468323,-12.6407470659,-11.341316006,-10.6158706693,-8.18364346881,-5.96680567293,-2.76941445635,0.550290490056,4.07073924076,7.32957813286	poly	0.04	176000
185136	0,1,2,3,4,5,6,7,8,9,10,11,12,13,14,15,16,17,18,19	-4.23925891542,-7.34784701893,-9.53078772063,-12.1151087496,-13.971337236,-15.8832371325,-17.332541141,-18.0556369648,-18.0628905584,-18.4251034338,-18.3864308533,-17.5163673255,-16.3668900622,-14.716901832,-12.2250231519,-10.2416530164,-6.95411460295,-4.18785954081,-0.434811126692,3.72832864085	poly	0.04	176000
185964	0,1,2,3,4,5,6,7,8,9,10,11,12,13,14,15,16,17,18,19	-1.43651234875,-4.13347189199,-7.09410341843,-9.19191431364,-11.8790266474,-12.8929397615,-14.2736414056,-14.7985851964,-15.0073628689,-15.3166522314,-14.7605063184,-14.2260104804,-13.0489737767,-11.674833863,-9.37519051808,-6.84427461654,-3.89000543243,-1.06834139384,2.45881629177,7.00174501764	poly	0.04	176000
184927	0,1,2,3,4,5,6,7,8,9,10,11,12,13,14,15,16,17,18,19	16.4859226046,12.9718672888,10.3591030297,8.11518794566,6.20638981298,4.04182538503,2.55315305997,2.60143207048,1.63810723135,1.29628149253,2.0050920928,2.48396833031,4.46194619616,5.99194118369,7.74993117898,9.62813414816,12.4962134213,15.7870057389,19.9253321489,24.1743435911	poly	0.04	176000
184943	0,1,2,3,4,5,6,7,8,9,10,11,12,13,14,15,16,17,18,19	24.5180613339,21.3219215638,18.9373748766,15.6221891972,13.7954385784,12.8530873036,11.4904999563,10.7188213726,9.88182600281,9.82732367739,10.1110974462,11.3163333813,12.4796380658,13.793157293,16.0294452519,18.361238549,21.4474321224,24.1899938313,28.492710163,31.5468639572	poly	0.04	176000
186078	0,1,2,3,4,5,6,7,8,9,10,11,12,13,14,15,16,17,18,19	0.63586427014,-2.24813802131,-5.6356601053,-7.9960274839,-9.97202105315,-11.0567355686,-13.0088521615,-13.5798786096,-13.7873667431,-14.1177499717,-13.5192043431,-12.8294985273,-11.3448887394,-9.86777918177,-7.24926124935,-5.61503549389,-2.7755714274,0.440883778096,4.32846851725,7.89859892816	poly	0.04	176000
186814	0,1,2,3,4,5,6,7,8,9,10,11,12,13,14,15,16,17,18,19	26.5332090684,23.2712851574,21.3019342591,18.0095769057,16.3085855295,14.8443007917,13.148261711,12.3510736647,11.9617953,12.2378943029,12.915255959,14.017502832,14.907168375,16.2362420257,18.0600132429,20.8876082356,23.1583029876,26.3912988928,30.8956489119,34.4881199688	poly	0.04	176000
274334	0,1,2,3,4,5,6,7,8,9,10,11,12,13,14,15,16,17,18,19	7.16913703536,7.6890955278,7.83041159621,8.88404996554,9.48741343058,11.9186780027,15.2714310431,19.1584718568,22.875606965,26.2297849976,26.6101925255,25.4701683778,23.5368926068,19.5508012091,15.3173734783,11.8084293012,9.69364146306,8.11814983517,7.3198454541,7.33770405246	norm	0.04	264000
273426	0,1,2,3,4,5,6,7,8,9,10,11,12,13,14,15,16,17,18,19	-3.03023556645,-2.06235819625,-2.09164638836,-1.81678940139,-0.35579660794,2.20336088399,5.928363402,9.84274122568,13.0450143784,16.1553673682,16.8104803375,15.7713975901,13.1575707913,9.3662806966,5.93169199292,1.88037108922,0.0739420002057,-1.48161096937,-2.58222989074,-2.70081446462	norm	0.04	264000
273527	0,1,2,3,4,5,6,7,8,9,10,11,12,13,14,15,16,17,18,19	-4.894737254,-4.64350897479,-4.57734570336,-4.17448632561,-2.7803131395,-0.359267018976,2.61801727037,7.19402083442,10.8565626217,14.2442811793,15.0190873127,14.1264280984,10.7673194829,6.68008260313,2.68634464724,-0.484946618835,-2.24492451513,-3.48880827936,-4.70384638305,-4.63659729174	norm	0.04	264000
274278	0,1,2,3,4,5,6,7,8,9,10,11,12,13,14,15,16,17,18,19	1.47448239509,1.43046879638,1.39987635901,2.38861590243,3.61736872481,6.26569106204,9.71680290881,13.0566216527,17.068875819,19.7164621561,21.1855480217,19.5214432476,17.5744732228,13.0102931056,8.85764456517,5.83395065365,3.8910185863,2.20548324771,2.03319091159,1.02930907881	norm	0.04	264000
273584	0,1,2,3,4,5,6,7,8,9,10,11,12,13,14,15,16,17,18,19	10.8685304229,11.1381288676,11.8206281698,12.6660085883,14.1809011954,15.9790225135,19.2960453716,22.9132628465,27.52600758,30.1712200161,30.9935892676,29.920466077,27.0813587668,23.714476564,19.2737391824,16.5563248339,14.115497775,12.7377071676,11.9865422235,11.8161267623	norm	0.04	264000
272987	0,1,2,3,4,5,6,7,8,9,10,11,12,13,14,15,16,17,18,19	-10.1852573561,-10.4409233556,-9.66042168884,-9.2167502671,-7.89870841654,-5.61692193504,-2.07672940215,1.76265521512,6.08918294855,8.46187851121,9.55256278676,8.66985211569,5.35138218539,1.5013133877,-2.12571910753,-5.59421632123,-7.11628371679,-9.29766955733,-9.98899545236,-10.2722244317	norm	0.04	264000
274703	0,1,2,3,4,5,6,7,8,9,10,11,12,13,14,15,16,17,18,19	8.11150191829,8.28899263324,8.94053959457,10.1338640956,11.3221253753,13.7905220173,16.1432915951,20.6052098394,24.5964532205,27.3412101309,28.7360728663,27.7786715414,24.7507351607,20.3396145309,16.3541194097,13.9031045228,11.3648710864,9.7876973074,9.39885134821,8.83934712571	norm	0.04	264000
272637	0,1,2,3,4,5,6,7,8,9,10,11,12,13,14,15,16,17,18,19	1.90713066767,2.0326980181,3.20628308941,3.59680569694,4.90883365405,7.23062065581,10.3014871873,13.9850668342,18.6961690218,21.5557786842,22.4332474946,21.1445064349,17.9279904415,14.138943482,10.9175053152,7.00954243923,5.36211381703,3.96253003868,2.34266530031,2.56678857919	norm	0.04	264000
274149	0,1,2,3,4,5,6,7,8,9,10,11,12,13,14,15,16,17,18,19	16.4089037209,17.1039196281,17.4324032097,17.3577940755,19.2126588812,21.8581623784,24.3292116085,28.4214052518,32.6298796099,35.0410863471,36.2615560416,35.5994933585,32.0821121559,28.9437114033,24.7763130247,20.9519921561,19.221592884,18.0619810698,17.322586659,16.9746352987	norm	0.04	264000
272660	0,1,2,3,4,5,6,7,8,9,10,11,12,13,14,15,16,17,18,19	-5.42031950501,-5.29918995312,-5.0394045702,-4.1860598282,-2.64899719847,-0.0774437049862,2.56635896556,6.85169118651,10.4342037445,13.6823515319,14.7830935977,13.3263789638,10.8161703457,6.76071141635,2.41921500014,-0.0488211963553,-2.65638897238,-3.962964499,-5.21090692601,-5.55687345393	norm	0.04	264000
273771	0,1,2,3,4,5,6,7,8,9,10,11,12,13,14,15,16,17,18,19	8.37683473428,8.31185352512,9.04277655401,9.41584310828,11.3323213913,13.5570331357,16.489748616,20.7718140566,23.8888355069,27.3283412162,27.8954460154,27.0311602106,24.2649711794,20.4368567086,16.4062050381,12.9830210232,11.1796230531,9.75412959822,9.10651574315,8.96807910808	norm	0.04	264000
275504	0,1,2,3,4,5,6,7,8,9,10,11,12,13,14,15,16,17,18,19	-5.90414524184,-5.5799154134,-5.85891399354,-4.79786108448,-3.57979630616,-0.81690062054,1.92670234209,6.30097192161,9.79735814586,12.5473331903,13.9864727048,12.8291895333,10.0602418293,5.7450300536,1.65698558806,-0.905774178732,-3.48038522326,-4.77276678942,-5.0194999744,-5.46546638138	norm	0.04	264000
275411	0,1,2,3,4,5,6,7,8,9,10,11,12,13,14,15,16,17,18,19	-5.30098114668,-4.79541667052,-4.31857803358,-3.76467788268,-1.9797812814,0.433700989111,2.70269408278,6.94628824261,10.4860702038,13.6698234446,15.2162224859,14.0088839167,11.0250630392,7.1620683664,2.94659124085,0.223915105105,-2.22318607179,-3.94894492239,-4.77889744345,-5.26410891639	norm	0.04	264000
275962	0,1,2,3,4,5,6,7,8,9,10,11,12,13,14,15,16,17,18,19	-13.0015826675,-13.3381371542,-12.5349564311,-11.5526061525,-10.3078801754,-8.1936064056,-5.12945152379,-0.832849843528,2.19400850855,5.6191975031,6.36833125926,5.87796406354,2.22619739266,-0.993650526049,-4.93858166268,-8.75678030172,-10.537386834,-12.4535669419,-12.7930884906,-12.7774806845	norm	0.04	264000
275220	0,1,2,3,4,5,6,7,8,9,10,11,12,13,14,15,16,17,18,19	-18.5300046798,-18.406814767,-18.192386716,-17.7310730017,-16.0125561676,-13.1226437564,-10.1650237794,-6.65731639996,-2.1123494711,-0.0498503841757,1.58374857907,0.531245234648,-2.18572804448,-6.63343309229,-10.4767561101,-13.5682537454,-16.2773379191,-16.8314812678,-17.8491898236,-18.7103438102	norm	0.04	264000
273710	0,1,2,3,4,5,6,7,8,9,10,11,12,13,14,15,16,17,18,19	9.86462260602,10.3426400928,10.1265940893,11.1691463229,12.4899186126,15.3300315341,18.3690477893,22.2173025663,26.2769839133,28.5054259901,29.4777982999,28.629972824,25.591335345,21.9012084381,17.7331737468,15.3976914203,12.2125376054,10.7848303948,10.2388169058,10.499782257	norm	0.04	264000
275117	0,1,2,3,4,5,6,7,8,9,10,11,12,13,14,15,16,17,18,19	4.48496028332,4.48713282667,5.00648707348,5.14385069497,6.60930455883,9.61614764979,12.2266006096,16.6076974923,19.8697127989,22.9382346592,24.3692576748,22.746478925,20.4541497009,16.058653981,12.1723884221,9.10620326739,6.6439575662,5.95309028266,4.93817567611,5.01960030709	norm	0.04	264000
275503	0,1,2,3,4,5,6,7,8,9,10,11,12,13,14,15,16,17,18,19	-8.68345457283,-7.94757420625,-7.7245123588,-7.31067520114,-5.27468967338,-3.84385496557,-0.350355502849,3.48958460726,7.55529024043,10.1649775097,11.9898944462,10.368077854,7.60070890271,3.50158230712,-0.450775780606,-3.63176977341,-5.87840478813,-7.05731300979,-7.37295866532,-8.2139413051	norm	0.04	264000
274122	0,1,2,3,4,5,6,7,8,9,10,11,12,13,14,15,16,17,18,19	0.384912462167,0.803510353431,1.46049229301,2.33185294012,3.01717038306,5.33806582392,8.96282319063,13.1112327056,16.9415842309,19.1735993813,20.3998116099,19.094925204,16.0509640507,13.031361204,8.25309669019,5.9053093351,2.83696221635,1.46497925333,0.779336023539,1.23504393558	norm	0.04	264000
275734	0,1,2,3,4,5,6,7,8,9,10,11,12,13,14,15,16,17,18,19	10.1371763643,10.8091290211,10.8049477528,11.9129693482,13.0833852702,14.9490596985,18.8453199682,22.3675683371,25.9354241921,29.143233275,30.399785119,29.1161065508,26.5045383629,22.4574268469,18.8849630707,15.6613347606,13.2515743729,11.3279857481,11.287969294,11.0078531444	norm	0.04	264000
274644	0,1,2,3,4,5,6,7,8,9,10,11,12,13,14,15,16,17,18,19	15.9379739594,16.3342083207,16.25396336,17.2300304493,18.2858567457,20.6211274766,24.3116297347,27.9804049793,31.9797031501,34.7592838902,36.0538695714,34.5843388554,32.2609861787,27.6652668699,24.2089271207,20.7576806349,18.1257783241,17.5840218276,16.2352928982,15.8950005417	norm	0.04	264000
273102	0,1,2,3,4,5,6,7,8,9,10,11,12,13,14,15,16,17,18,19	15.8234985724,15.9642057187,17.027843024,17.8605041838,18.9457409753,20.8628608542,23.8841513286,28.5358150946,32.5830132142,35.2381476991,36.5941626563,35.293150653,32.3137050087,28.2165720345,24.6662762399,21.0491562742,18.4557369498,17.7353420307,16.6631407056,16.4588578499	norm	0.04	264000
273054	0,1,2,3,4,5,6,7,8,9,10,11,12,13,14,15,16,17,18,19	-13.7202080046,-13.751230918,-13.4582870292,-13.0694848074,-10.7328015115,-9.02790180266,-5.54249246352,-1.34945354179,2.27799037542,4.47676581596,6.0397064997,4.81718710999,1.74373038,-2.19948851895,-5.9031936969,-9.00663637067,-11.144713386,-12.2077983091,-12.9041288081,-13.991891476	norm	0.04	264000
273476	0,1,2,3,4,5,6,7,8,9,10,11,12,13,14,15,16,17,18,19	0.836099828248,1.64774936889,1.65927704177,2.4458236273,3.87259140129,6.15382548704,8.77170853355,13.36693396,16.6861313755,19.9139653747,20.9617668449,19.9740938245,17.1439942691,13.4816074416,9.53327820824,6.13858245687,3.27960674624,2.04113919102,1.64739569653,1.521467355	norm	0.04	264000
272784	0,1,2,3,4,5,6,7,8,9,10,11,12,13,14,15,16,17,18,19	8.83390388581,9.14847255933,9.67608477028,10.1516477848,11.3649759895,13.6392905126,16.6654316715,20.6610519525,24.6445238698,27.5452788788,29.1799107611,27.6744943914,24.3946533516,21.3945781973,17.009470695,14.1877380457,11.1160452913,10.2353270267,9.80294373496,8.72640417496	norm	0.04	264000
275157	0,1,2,3,4,5,6,7,8,9,10,11,12,13,14,15,16,17,18,19	-11.8559749312,-11.5449870168,-11.3609879477,-10.9883197294,-9.05551003928,-6.81066788643,-3.93950415785,0.0321711275752,3.77098540015,7.37204964556,7.74753986155,7.45021419821,4.1066903197,0.551587194726,-3.1856829226,-6.89753697991,-9.46364299305,-10.2516837992,-11.3329428099,-11.285863783	norm	0.04	264000
274916	0,1,2,3,4,5,6,7,8,9,10,11,12,13,14,15,16,17,18,19	12.8097036118,12.6490166002,13.2218855587,14.4441384525,15.026982586,18.0044352128,20.8386829868,24.9777250895,28.797309488,31.7500409073,32.5627963932,32.0241778665,28.3492949631,24.4063794633,20.8580498054,17.6442404337,15.7626877509,13.8944504286,13.1627085471,12.7334853717	norm	0.04	264000
274081	0,1,2,3,4,5,6,7,8,9,10,11,12,13,14,15,16,17,18,19	-14.973664211,-15.575900576,-15.1582643962,-13.7644420932,-12.7201401006,-10.7634719631,-7.08665058513,-2.98413062489,0.286590482354,3.47119757214,4.47173763851,3.23354443527,1.05127264338,-3.46497540144,-7.19687018498,-10.8409689651,-12.4201221751,-13.783512156,-14.9056564182,-15.1479027851	norm	0.04	264000
272836	0,1,2,3,4,5,6,7,8,9,10,11,12,13,14,15,16,17,18,19	-1.35172129985,-1.08666497776,-1.53133933325,-0.559683643279,0.926986370166,3.27703595962,7.07833050973,10.0984216092,14.5936573159,16.8395857652,18.2518082449,17.5186000871,13.8871644038,10.2125639375,6.11906969488,3.05881974484,0.740909775767,-0.506175457663,-0.805055160887,-1.70614820507	norm	0.04	264000
272651	0,1,2,3,4,5,6,7,8,9,10,11,12,13,14,15,16,17,18,19	8.90039563684,9.23307362336,9.06663798619,9.72180738333,11.4794063171,13.0024623076,16.4787889784,20.7230246828,24.3268436609,27.7448282241,28.6301340694,26.9347809557,24.3378577256,20.5117896769,16.8617600072,13.1219971196,11.1487778203,9.89572958858,8.75177036152,8.75815390032	norm	0.04	264000
275225	0,1,2,3,4,5,6,7,8,9,10,11,12,13,14,15,16,17,18,19	-11.6144606634,-10.6672865265,-10.7438166422,-9.57174496063,-8.65360969589,-6.79724664375,-2.77722495999,0.962290109071,4.19992510551,7.87542925119,8.65725229536,7.13208989493,4.8541825126,0.955695484764,-3.06041985906,-6.25585140894,-8.51135764633,-10.1955517697,-10.96943018,-11.3675478446	norm	0.04	264000
274443	0,1,2,3,4,5,6,7,8,9,10,11,12,13,14,15,16,17,18,19	14.1395937472,13.8516046828,14.0809340423,15.2160367177,15.8316030187,18.4529930617,21.4202724228,25.6475419994,29.1900313054,32.4340042186,33.815808851,32.3846834489,29.6133607708,25.6341071147,21.5922294439,18.8871943402,15.9295020734,14.7571608989,14.1206730766,13.6708565364	norm	0.04	264000
272585	0,1,2,3,4,5,6,7,8,9,10,11,12,13,14,15,16,17,18,19	-7.1659689197,-7.76960132511,-7.02035062984,-6.16572179056,-4.4329158056,-2.59951125544,0.31534582429,4.78523744562,8.16300957138,11.3575953791,12.3186884744,11.6199265611,8.56592962206,4.76819192682,0.760217972946,-2.27900054557,-4.5238327348,-6.44340265503,-6.90272954557,-6.86499441703	norm	0.04	264000
273287	0,1,2,3,4,5,6,7,8,9,10,11,12,13,14,15,16,17,18,19	-10.9442225485,-11.4014156036,-10.5623737701,-10.0157708948,-7.97990857083,-6.03630576859,-2.7085338973,1.10679379987,5.18744621177,7.48233373768,8.5115233833,7.66868443017,4.59887830294,1.05844904578,-3.26623100303,-5.89060923996,-8.51363180658,-9.51035339629,-10.935313992,-11.1529719098	norm	0.04	264000
275746	0,1,2,3,4,5,6,7,8,9,10,11,12,13,14,15,16,17,18,19	0.39714266548,-0.230999472916,1.00411369404,1.75821009952,2.42606573496,4.88327579606,8.03012177741,12.5247886103,15.9772934116,18.6697199222,19.8724885383,19.015589501,15.7599997074,12.1610768596,8.45837814276,4.9180698085,2.29972445947,0.903983459259,0.404190409082,0.491926722302	norm	0.04	264000
272829	0,1,2,3,4,5,6,7,8,9,10,11,12,13,14,15,16,17,18,19	15.8302540707,16.2233818379,15.7360624711,16.8532619891,18.1881210854,20.2129014261,23.7648176805,27.3232130294,31.2502942378,34.0249436896,35.4971080338,34.3071228281,31.1340071655,27.195130838,23.3463975204,20.9686305486,18.3716890409,16.6216238803,15.9507320802,15.5042692344	norm	0.04	264000
275879	0,1,2,3,4,5,6,7,8,9,10,11,12,13,14,15,16,17,18,19	-2.98645787042,-2.18037235374,-1.90871451488,-1.66505646141,0.221535482715,2.27376753501,5.15989486137,9.67563201334,13.8530309897,16.016260573,17.6536134206,16.4161696707,13.0878511949,9.13971703237,5.28462231394,1.95736707685,-0.0670871111377,-1.2594981805,-2.45442497556,-1.87448559503	norm	0.04	264000
275894	0,1,2,3,4,5,6,7,8,9,10,11,12,13,14,15,16,17,18,19	-12.7048028899,-12.3327984843,-11.8317889611,-11.0579428782,-9.9222464381,-7.05223648715,-4.05222779522,-0.181265401372,3.48126548692,6.36769927375,7.56124265951,6.63454185373,3.62742263656,-0.13322533431,-4.58159362104,-7.13277176876,-10.0437121557,-11.0772436678,-12.2215856047,-12.5104687567	norm	0.04	264000
273485	0,1,2,3,4,5,6,7,8,9,10,11,12,13,14,15,16,17,18,19	-6.69233454496,-5.79954676675,-5.35721746181,-5.0345504412,-3.68692039303,-1.72660281891,2.04058450636,6.1169176421,9.31024996612,12.8439220459,13.4796061457,13.030487244,9.19177159431,5.65334738993,2.25893341899,-1.40954038464,-4.04205657032,-5.0702424255,-6.1538395816,-6.2086916525	norm	0.04	264000
273547	0,1,2,3,4,5,6,7,8,9,10,11,12,13,14,15,16,17,18,19	-4.77225286356,-4.84729516998,-4.53760264531,-4.41473568428,-2.22556824996,-0.405770749242,3.14065307779,6.60241638123,10.5290878054,13.8039925132,14.7946072835,13.3624697078,11.078416452,7.17031660496,3.13454809127,0.0758531877622,-2.37326541994,-3.61511853627,-4.7634250753,-4.84586683338	norm	0.04	264000
274752	0,1,2,3,4,5,6,7,8,9,10,11,12,13,14,15,16,17,18,19	18.2710082002,18.4318848036,19.2973349738,20.0686776126,21.5919103587,23.8062577785,27.1313364262,30.2383932455,34.3999776162,37.2821610843,38.2027078434,37.6908661549,34.1531990311,30.6186720126,26.6185855575,23.3129289307,21.7636398483,19.8608063619,19.153013496,18.6561986983	norm	0.04	264000
272741	0,1,2,3,4,5,6,7,8,9,10,11,12,13,14,15,16,17,18,19	5.69821475833,6.38952477808,7.04240836167,7.81898863392,8.49880696197,11.3599977665,13.8053141796,17.9424867855,22.2372798194,25.1257083293,26.0634275038,25.1902294884,22.3647157941,17.7652814181,14.1385301824,10.9922145167,8.88077121862,7.76562762673,6.38575691113,6.3138717293	norm	0.04	264000
275661	0,1,2,3,4,5,6,7,8,9,10,11,12,13,14,15,16,17,18,19	-13.7680475464,-12.8446811808,-12.6142661487,-12.2361140778,-10.8499922296,-8.82121832284,-5.50885307557,-1.87990364339,1.98113305672,5.45724248181,5.96621490055,5.03911408269,2.60906494199,-1.89907342896,-5.05940372077,-8.80087956939,-10.7964289656,-12.0198140153,-12.9589995391,-13.5908833113	norm	0.04	264000
275901	0,1,2,3,4,5,6,7,8,9,10,11,12,13,14,15,16,17,18,19	-2.92019832519,-3.11460705402,-2.77431930282,-1.50559793897,-0.333685655131,1.95994275917,5.36193741518,8.91818685455,12.7368560824,15.8372531621,16.8568018236,15.3476871762,12.2567675787,8.57940283877,5.06627410014,1.61759807188,-0.998448135862,-2.21165979528,-2.81755712497,-2.79731616888	norm	0.04	264000
273924	0,1,2,3,4,5,6,7,8,9,10,11,12,13,14,15,16,17,18,19	-17.9415006236,-17.8903347052,-17.6350390384,-16.977179881,-14.9412173835,-12.7132820366,-10.2861990746,-6.3026313073,-2.47629468533,0.747690386225,1.73326943045,0.394543831385,-2.19058459421,-5.88591681464,-9.56333830906,-12.5548597627,-14.9147690681,-17.0362269875,-17.4924363014,-17.5988961161	norm	0.04	264000
272292	0,1,2,3,4,5,6,7,8,9,10,11,12,13,14,15,16,17,18,19	5.28029992602,5.37545942787,5.93951739054,6.14740448477,7.81941906139,9.53912802262,13.3063606865,17.1104439556,21.0891659966,24.2138006131,24.3942891237,23.4126927559,21.1573721838,16.6429661224,12.6145404283,10.2320516909,7.7738553442,6.53638471518,5.97835431724,5.20550199884	norm	0.04	264000
272082	0,1,2,3,4,5,6,7,8,9,10,11,12,13,14,15,16,17,18,19	1.36681526259,1.77472403735,2.13498976789,2.64320004126,3.7220411483,6.24294613686,9.79349419192,12.9408087001,17.1165430261,19.7432171204,21.5005131674,20.2766941642,17.0990029734,13.099180156,9.74074146137,5.82165020921,3.9925030334,2.15358187491,2.08035858363,1.10478884503	norm	0.04	264000
274984	0,1,2,3,4,5,6,7,8,9,10,11,12,13,14,15,16,17,18,19	-9.70001388454,-9.4758146946,-9.44579398239,-9.25509104306,-6.94670964224,-5.32046953221,-1.40390493381,2.41275921034,5.37957240035,8.88042607537,9.61665808374,8.3031193435,5.64563579175,2.12213063863,-1.75032816817,-4.830937596,-7.03051341962,-8.34541974432,-9.07122158152,-10.0889089673	norm	0.04	264000
274317	0,1,2,3,4,5,6,7,8,9,10,11,12,13,14,15,16,17,18,19	3.35614900616,3.38265966726,4.45021723191,4.41852969518,6.02164884626,8.83489111676,11.2412555158,15.9399357128,19.3524265294,22.3121191929,23.5210943197,22.0441813987,19.912122221,15.8223414708,11.427008684,7.97285603056,6.0444157638,5.15565628175,3.82255204375,3.23691317589	norm	0.04	264000
274949	0,1,2,3,4,5,6,7,8,9,10,11,12,13,14,15,16,17,18,19	-15.0104503709,-15.322990123,-14.5273964825,-14.3739121733,-12.8843598366,-10.181364746,-7.4742950836,-3.0149829672,0.17267405526,3.08501634636,4.79399696332,3.18618938412,0.439303978874,-3.31004043912,-7.61534343785,-10.4504902322,-12.6433488589,-14.3062845429,-14.962679283,-15.6908327576	norm	0.04	264000
273947	0,1,2,3,4,5,6,7,8,9,10,11,12,13,14,15,16,17,18,19	9.75170520939,9.17748313674,10.0315541204,10.1973215481,12.0420520877,14.634166649,18.0016358636,21.401786299,25.8206233357,28.2019857699,28.8423262379,28.6845161926,24.9372679174,21.9465837803,17.348522668,14.4981201457,11.8249310476,10.681868113,10.3845330123,9.46423581078	norm	0.04	264000
274065	0,1,2,3,4,5,6,7,8,9,10,11,12,13,14,15,16,17,18,19	13.1080975391,13.5438906721,13.8394160853,14.65550967,15.6425965449,18.3091842323,21.4949826274,25.4054726766,28.9472525225,32.1828187097,32.8818104893,31.9814904347,29.4275694251,25.030969132,21.2734399152,18.4789706403,15.9627615807,14.9249340614,13.7719255471,13.6542773363	norm	0.04	264000
275830	0,1,2,3,4,5,6,7,8,9,10,11,12,13,14,15,16,17,18,19	-12.799301813,-13.1544794439,-12.2580204898,-11.4150910187,-10.8412444924,-8.08482326296,-4.82648775373,-1.15782722099,2.5905904828,5.61219340703,6.51605902662,5.37640609171,3.31632086611,-1.40480966546,-5.30052379762,-7.97308088185,-10.589544308,-11.8751365322,-12.2913905296,-12.6178480473	norm	0.04	264000
273996	0,1,2,3,4,5,6,7,8,9,10,11,12,13,14,15,16,17,18,19	1.76971549713,1.37456581101,2.23370885777,2.54239605442,4.42710144192,5.93884283773,9.76051724513,13.3272287431,17.5450501313,20.5180728273,20.9233601967,19.6456635026,16.9773447093,12.8967180338,9.36662794285,6.19358509581,4.34323604936,2.69098840713,1.72316387147,1.59985870109	norm	0.04	264000
274306	0,1,2,3,4,5,6,7,8,9,10,11,12,13,14,15,16,17,18,19	-12.3888649066,-12.3595082737,-12.107454319,-11.0256877991,-9.47150264737,-7.36289141778,-4.69912085479,-0.0604227540151,3.85441683042,6.85275119088,7.24552810014,6.04314113385,3.97070343975,-0.0483432310751,-4.69750319101,-7.87653767461,-10.0428890283,-11.4303064158,-12.1019443697,-12.1214684066	norm	0.04	264000
274938	0,1,2,3,4,5,6,7,8,9,10,11,12,13,14,15,16,17,18,19	-6.71241475508,-6.41083876635,-5.51900629886,-5.23362961881,-4.14570388878,-1.5907112718,1.76224257223,5.46119398329,9.21941278676,12.5806992766,13.1908661944,12.152403685,9.60845854837,5.59201234657,1.35293586914,-1.17170480009,-4.24540970901,-5.13307938894,-5.7565815806,-5.833659101	norm	0.04	264000
273845	0,1,2,3,4,5,6,7,8,9,10,11,12,13,14,15,16,17,18,19	-9.41066962212,-9.48984434284,-9.05763862972,-7.6177403739,-6.34025198896,-4.68117394423,-1.20707315939,2.92000851005,6.80651479002,9.91746064162,10.3270620525,9.81469705679,6.6745366931,3.14445006227,-0.814035952408,-4.39781715143,-6.0407393886,-7.65473274433,-8.65473028247,-8.52976907628	norm	0.04	264000
273313	0,1,2,3,4,5,6,7,8,9,10,11,12,13,14,15,16,17,18,19	-14.4125176365,-14.6626316256,-14.365000826,-13.0973845601,-11.6013670666,-9.71796864933,-6.5130777194,-2.74991005605,1.5025455136,4.48392335186,5.81131418426,4.78329668489,1.81024137541,-2.57016443357,-6.29735448067,-9.20535721218,-12.0551488418,-12.8004930003,-14.0809303877,-14.5796044331	norm	0.04	264000
273967	0,1,2,3,4,5,6,7,8,9,10,11,12,13,14,15,16,17,18,19	-10.338591354,-10.0473799354,-9.27295303422,-8.5329360265,-6.99129088194,-4.89198599137,-2.14629120862,1.63672388557,5.69401419175,9.2042638703,9.68133894767,9.11142430743,6.1424593203,2.51652586573,-2.20445564154,-5.42582704323,-7.55291724132,-9.0283887393,-9.07662632952,-9.68992235432	norm	0.04	264000
275032	0,1,2,3,4,5,6,7,8,9,10,11,12,13,14,15,16,17,18,19	-2.33056447108,-1.66730870058,-1.91632812247,-0.260563551863,0.864843497274,3.26483838561,6.08707517387,10.1536328922,14.4351216237,16.4914208259,17.6320892262,16.726194315,14.0830854864,10.0386204631,6.54094396741,3.24299870479,0.407334938801,-0.905480452973,-1.59088795728,-1.89989166384	norm	0.04	264000
272302	0,1,2,3,4,5,6,7,8,9,10,11,12,13,14,15,16,17,18,19	6.81792147489,7.64132829052,7.67851568968,7.97512271651,9.26967898066,12.1994444415,14.9462213548,18.6480794346,22.7926850425,26.0836725777,27.4142139075,26.0555916657,22.9157443514,18.970579604,15.086743861,12.0076035623,10.0443868983,8.31695607387,7.14195175386,7.69603015631	norm	0.04	264000
275515	0,1,2,3,4,5,6,7,8,9,10,11,12,13,14,15,16,17,18,19	0.252737635117,0.153066393759,1.30533899404,1.63511805567,2.56834058572,5.12003705293,8.70279599578,12.4742735625,16.8150521805,19.0267582498,20.408976332,18.9303833185,16.1380774921,12.5450207571,8.30405048113,5.34663746141,3.25011353578,1.47789857446,1.03404505652,0.331884041326	norm	0.04	264000
273545	0,1,2,3,4,5,6,7,8,9,10,11,12,13,14,15,16,17,18,19	19.2021631605,19.2559378526,20.5313770179,20.8733670808,22.21097706,24.276430688,28.172177846,32.0109449441,35.5554859662,38.2965778553,39.4733762767,38.4022062158,35.1427511677,31.5040361007,28.1101991481,24.2883483011,22.0147860741,20.7867746919,19.9685863263,19.2581675289	norm	0.04	264000
274773	0,1,2,3,4,5,6,7,8,9,10,11,12,13,14,15,16,17,18,19	-8.8865822784,-7.94988004153,-8.14052708929,-6.86385113445,-6.2294727192,-4.03446591642,-0.242219642947,3.24423060686,7.3826402436,10.7215500158,11.1878407731,10.6020305506,7.44393001951,3.80502368154,0.122169797341,-3.8119250416,-5.82757268267,-7.06827356079,-7.56887645514,-8.48255139993	norm	0.04	264000
275765	0,1,2,3,4,5,6,7,8,9,10,11,12,13,14,15,16,17,18,19	-12.3705834658,-11.9439133976,-11.3803248956,-11.3068623356,-9.47938516457,-6.99459187461,-3.61345454374,-0.285214241976,3.9948982539,6.24909851994,7.59197284503,6.44323547599,3.27545162844,-0.382586510197,-3.72209199258,-6.80641004699,-9.12382738269,-10.8378444353,-11.3095685874,-12.3292001187	norm	0.04	264000
275380	0,1,2,3,4,5,6,7,8,9,10,11,12,13,14,15,16,17,18,19	-19.3656097561,-19.2100568186,-19.3822241872,-18.4876093446,-16.8516747006,-14.8945140195,-10.9330516061,-7.04297303388,-3.48149351475,-0.39602398863,0.0767962072949,-0.920560854004,-3.61484543863,-7.34258760888,-11.0578570392,-14.0264911887,-16.9919604029,-18.5815161363,-19.2214726763,-19.5496406755	norm	0.04	264000
273225	0,1,2,3,4,5,6,7,8,9,10,11,12,13,14,15,16,17,18,19	8.1087540119,8.3934847532,9.19058612742,9.09145289294,11.3997855353,13.0706354256,16.3296915814,20.09541513,24.5673351359,26.9037618939,28.0513382491,27.0831572239,24.3750938855,20.6828880649,16.1448247392,13.0042336272,11.0524044687,10.0040387969,8.51597577975,8.7114164393	norm	0.04	264000
273433	0,1,2,3,4,5,6,7,8,9,10,11,12,13,14,15,16,17,18,19	2.68533744489,2.70830276079,3.52785036019,3.9835411611,5.14922457678,7.16492128697,10.7893685086,14.7807568272,18.666013753,21.2714495291,22.28493846,21.105474212,18.7609675697,14.8355370325,11.1870459454,8.14756282815,5.19088082842,3.59022809086,3.56122760661,2.56083433974	norm	0.04	264000
274260	0,1,2,3,4,5,6,7,8,9,10,11,12,13,14,15,16,17,18,19	6.69628489044,6.61218603704,6.93239830329,7.89569652758,9.40757346194,11.3654774864,15.2868546666,18.9168553258,22.192961342,26.0622067947,27.0455459773,25.5725054948,22.4486605451,18.3992611492,15.0429301206,11.8026406367,9.21912431108,7.60277110069,7.47093911125,6.55437940064	norm	0.04	264000
272531	0,1,2,3,4,5,6,7,8,9,10,11,12,13,14,15,16,17,18,19	-11.15520642,-10.6290658113,-10.4895331776,-9.02668640649,-8.18365677093,-5.83093969491,-2.89547227823,1.79111912491,5.55886976149,7.67492589724,9.36189266468,8.10001457691,4.93696846013,0.965886965863,-2.2548191609,-6.16050137421,-7.84171546737,-9.12253278607,-9.85761713738,-10.5512094255	norm	0.04	264000
275120	0,1,2,3,4,5,6,7,8,9,10,11,12,13,14,15,16,17,18,19	1.16722774522,0.581888886703,0.830290235061,1.64991197271,3.4186215433,5.42916636054,8.72650207274,12.2056281751,16.4093539573,19.9022236252,20.0619875325,19.6860411558,16.8568859614,13.0814846592,9.20983695478,6.07596111191,2.94905361142,1.70128250902,1.45482807592,1.15291999024	norm	0.04	264000
274055	0,1,2,3,4,5,6,7,8,9,10,11,12,13,14,15,16,17,18,19	-7.12528078441,-6.89192899238,-6.83386129315,-6.15925795331,-4.63493565761,-1.9134574524,0.891748677681,4.43706831747,8.4658492067,11.7666486489,13.0859311674,11.6245459784,9.08144922354,4.78404240986,0.506283853414,-1.87302897496,-4.0132586347,-5.49558816076,-6.84244151237,-6.94400416998	norm	0.04	264000
274140	0,1,2,3,4,5,6,7,8,9,10,11,12,13,14,15,16,17,18,19	-9.38557396978,-10.0615451542,-8.90765270906,-8.81677099966,-6.83244540164,-4.47511014915,-1.47135582643,2.70157941285,6.51485525768,9.47480082666,10.592256088,9.12225526532,5.91052553392,2.5052837207,-1.71282468698,-4.4104213611,-6.96611874041,-8.00074744908,-9.08034659504,-9.38780353237	norm	0.04	264000
274616	0,1,2,3,4,5,6,7,8,9,10,11,12,13,14,15,16,17,18,19	7.69666885857,7.52993630693,7.933781132,8.94122827276,9.93677141655,12.5470327899,15.5029293794,19.4481292318,23.2781182879,26.4084015267,27.2749738237,26.4835363461,22.837975011,19.8461630735,15.5950610496,12.284173487,10.3261812859,8.78381581738,7.45120401906,7.13049522754	norm	0.04	264000
272236	0,1,2,3,4,5,6,7,8,9,10,11,12,13,14,15,16,17,18,19	-14.3702074002,-14.1903917741,-14.0804150008,-13.2440327383,-11.4337962453,-9.82500926336,-6.50296169619,-2.25634092078,1.58574650784,3.96928420727,5.19845017059,3.8491165355,1.79476912383,-2.9059899136,-6.01425617901,-9.24440105203,-12.3870997688,-13.1763135522,-14.5191716083,-14.8224839542	norm	0.04	264000
275770	0,1,2,3,4,5,6,7,8,9,10,11,12,13,14,15,16,17,18,19	-0.947340941884,-0.403307999872,-0.545265608089,-0.0942612642064,1.84584761726,4.20541245311,7.1181527584,10.9045231314,14.7420528406,17.7890056413,18.5060040776,18.2643009915,15.4387583625,11.2390050354,7.47914212614,3.91063029467,1.94425749001,0.267376895674,-0.672997458936,-0.651494646921	norm	0.04	264000
275322	0,1,2,3,4,5,6,7,8,9,10,11,12,13,14,15,16,17,18,19	-18.8872907733,-18.2724977592,-18.1055456856,-17.129266188,-15.3810342768,-13.719262735,-9.83193134168,-6.61575210053,-2.09878637542,0.639259471763,1.25702908768,0.32255436603,-2.01418589754,-5.99945534793,-10.0411810071,-13.8665608369,-15.3691400751,-17.0832684713,-17.7521587894,-18.2480389338	norm	0.04	264000
272019	0,1,2,3,4,5,6,7,8,9,10,11,12,13,14,15,16,17,18,19	-17.2882783666,-17.4040332727,-17.0608478556,-15.9660417272,-14.8484996779,-11.8818555866,-9.47802789817,-5.0056531143,-1.59545207535,1.8517251128,2.23415014428,1.35515788201,-1.17728682924,-5.26506076126,-8.72097626459,-12.375796807,-14.5093826588,-15.8900893575,-16.3910806564,-17.0461898805	norm	0.04	264000
275309	0,1,2,3,4,5,6,7,8,9,10,11,12,13,14,15,16,17,18,19	8.58828798858,8.96136096919,9.38688522433,9.73675633228,11.253936208,13.8927120441,16.9970880469,20.4494624472,24.1326747868,26.9332674494,28.6191480608,27.3812313182,24.7382442131,20.8283223145,16.9371539115,13.3227369116,11.5335057632,9.64223081652,9.18779598358,8.66433634787	norm	0.04	264000
272901	0,1,2,3,4,5,6,7,8,9,10,11,12,13,14,15,16,17,18,19	4.27514785814,4.29676764064,4.99679970969,5.8618167494,6.74327327578,9.54536719955,12.8197255018,17.0723745779,20.9387689033,23.4980632014,24.7064963338,23.3497191584,20.4448464901,16.570610824,13.1692449319,9.2397916285,7.02396628041,5.67814929335,5.53846934982,4.98241875773	norm	0.04	264000
274832	0,1,2,3,4,5,6,7,8,9,10,11,12,13,14,15,16,17,18,19	13.8494737607,13.5809224994,14.1680742806,14.7603500176,16.8480463574,18.7233447427,21.6261596496,26.0114964025,29.3628359163,32.9318429975,33.4907368514,32.4355439802,29.9909918556,25.6071120215,21.931576395,18.3554799458,16.5555383034,15.0420238692,14.6483423561,13.4331914767	norm	0.04	264000
275336	0,1,2,3,4,5,6,7,8,9,10,11,12,13,14,15,16,17,18,19	9.58626057274,9.66072380972,9.98743578941,10.8063471564,11.8245281999,14.4676118561,16.9790161042,21.552714864,24.8552423397,28.0310250362,29.2272850924,28.3743511103,25.1469504403,21.6388089408,17.4281798485,14.2711644892,11.6711956901,10.6937565574,9.278491452,9.24427463492	norm	0.04	264000
275113	0,1,2,3,4,5,6,7,8,9,10,11,12,13,14,15,16,17,18,19	10.0741322593,10.1465488205,10.7329519609,10.9427107466,11.912960603,15.0780573659,18.2336914071,22.1993346219,25.9667552369,28.9889487483,29.7936126039,28.586497143,25.1838595084,22.0560330162,18.0396268489,14.5964771797,12.1523701033,11.1950464406,10.1409026568,9.53621232161	norm	0.04	264000
273368	0,1,2,3,4,5,6,7,8,9,10,11,12,13,14,15,16,17,18,19	11.4176045134,11.5532832129,12.0077553241,12.8841663907,14.0211605928,17.0572396924,20.0290669298,24.1685616517,27.8406340549,29.983444887,31.0405522442,30.7908007776,27.8109752833,23.7475612607,20.1343477681,16.3814016295,14.6032170547,13.1778588185,12.5995508402,11.6778147428	norm	0.04	264000
274540	0,1,2,3,4,5,6,7,8,9,10,11,12,13,14,15,16,17,18,19	16.5273654837,16.8269174112,16.7318040981,17.749147896,19.4597018396,21.789476168,25.0712783974,28.43493147,32.3671597984,35.4053387426,36.1919466841,35.5270972283,32.9449599362,28.3553284345,24.5938057767,21.9165802063,19.2782217611,18.242049479,16.9190118085,17.0590690607	norm	0.04	264000
272631	0,1,2,3,4,5,6,7,8,9,10,11,12,13,14,15,16,17,18,19	-12.1157723938,-11.8450331794,-11.3315654982,-11.5797429211,-9.84767495831,-7.22883740001,-3.86324099346,0.0376020427905,3.82620072696,6.56698260883,7.38657786654,6.05706247964,3.74691921587,-0.374745646251,-4.33163686354,-7.35962920916,-9.48358279039,-10.9919302479,-11.3505961181,-11.9355164951	norm	0.04	264000
274785	0,1,2,3,4,5,6,7,8,9,10,11,12,13,14,15,16,17,18,19	-13.6819479018,-13.7827414127,-13.8766287349,-12.5982671435,-11.0642417767,-8.86827899496,-5.73203939237,-2.07214042896,1.52889297016,5.06270995973,6.3932283138,4.96322976233,2.14049175727,-2.06191020331,-5.39860566734,-9.11748461125,-10.8574363645,-12.3931601095,-13.5103053725,-13.7779372204	norm	0.04	264000
273775	0,1,2,3,4,5,6,7,8,9,10,11,12,13,14,15,16,17,18,19	11.2982686879,11.4946379142,12.2575471022,12.5642998262,13.6106733493,16.2310640521,19.3353603121,23.0432479643,27.5404891107,30.6678767983,31.1207158569,30.2716008802,27.4120262668,23.1491555757,19.104168184,15.908607832,14.2194420033,12.2343876035,11.8755872079,11.3753191405	norm	0.04	264000
273792	0,1,2,3,4,5,6,7,8,9,10,11,12,13,14,15,16,17,18,19	-5.17361447949,-5.54540631983,-5.62023587946,-4.39985252599,-2.75252106457,-1.11447418583,2.0150061813,6.21191014161,10.1253029719,12.8556665699,13.9166951508,13.4672034243,10.4635380129,6.7971112427,2.42805517615,-0.862051823245,-2.65481109408,-4.69408636388,-5.07324609427,-5.83232504394	norm	0.04	264000
272809	0,1,2,3,4,5,6,7,8,9,10,11,12,13,14,15,16,17,18,19	-16.2528000551,-16.8827313746,-16.6014738736,-15.0077892263,-13.846461214,-11.6501095363,-8.20618863311,-4.59723909145,-0.844321172483,2.02390987855,3.25587102415,2.00380424363,-1.07632402086,-5.01407645502,-8.92636287414,-11.8813636189,-14.0834298718,-15.2449622177,-16.2111867288,-16.5113064687	norm	0.04	264000
274352	0,1,2,3,4,5,6,7,8,9,10,11,12,13,14,15,16,17,18,19	3.48318451639,3.92307788629,4.63747948847,5.50328656399,6.70578628145,8.32572750558,11.7669111083,15.6386250355,19.7057335655,22.4451817536,23.5284251711,22.5211622235,20.1208650813,15.7355240813,11.7275235118,8.59471211691,6.39432884789,5.21149166313,4.78431768131,4.35663697472	norm	0.04	264000
274293	0,1,2,3,4,5,6,7,8,9,10,11,12,13,14,15,16,17,18,19	1.089165924,1.29901811201,2.12558924211,2.86160989627,4.1567184108,6.20283311933,9.38801959811,13.6666996318,17.7648362458,20.5513568732,21.1416587557,19.9191238391,17.2537494183,13.9495539832,9.87543005153,6.27310807595,4.15662892737,2.38235965529,1.88781283994,2.05126589634	norm	0.04	264000
275270	0,1,2,3,4,5,6,7,8,9,10,11,12,13,14,15,16,17,18,19	18.818973129,19.0197896327,19.7022745424,20.8697484596,22.0408546911,23.7035107674,27.1704571384,30.7899948417,35.0013125343,38.176060626,39.5781903337,37.7834417395,35.0500069066,31.1402060165,27.4589325365,24.317776718,21.6109820409,20.0292350556,19.6038739179,19.5440787293	norm	0.04	264000
274047	0,1,2,3,4,5,6,7,8,9,10,11,12,13,14,15,16,17,18,19	-10.3301480437,-10.2802106871,-9.88108724898,-9.26894993659,-8.02350501747,-5.28545170796,-1.87826821983,1.51526469305,5.40610495485,8.5031405875,9.13996793034,8.85253326768,5.57129122048,1.29764405932,-2.61884685581,-5.82170566187,-7.41308484074,-8.80914524917,-9.39036820179,-10.305847357	norm	0.04	264000
274536	0,1,2,3,4,5,6,7,8,9,10,11,12,13,14,15,16,17,18,19	18.2412487929,18.6406130436,18.6069599923,19.2111497581,21.0933569804,23.0870614352,27.0330412,30.9505365599,34.2991453879,36.7894734139,38.4899403589,37.5696057827,34.3078456595,30.6078978533,26.790545442,23.6616138287,21.3312558418,19.3956147755,18.6150184167,18.1513341704	norm	0.04	264000
273381	0,1,2,3,4,5,6,7,8,9,10,11,12,13,14,15,16,17,18,19	13.0523332901,13.8223499226,14.2137953367,14.1269168027,15.6001287572,18.5915152322,21.1269691754,25.7473942349,29.0943053077,31.8391381696,33.3331643884,31.5653769864,29.3787398182,25.295632748,21.2898069278,18.0141250392,16.029670294,14.5240486128,13.3191287233,13.1752162656	norm	0.04	264000
273319	0,1,2,3,4,5,6,7,8,9,10,11,12,13,14,15,16,17,18,19	14.6646794892,14.4604893352,14.9086102912,15.8464921537,16.9131531165,19.1929973467,22.6090949175,26.7662613322,30.8691813197,33.1404614472,34.8825145613,34.019681182,30.7989979535,26.5636383357,22.8201635417,19.6899219452,17.00033286,15.8897215552,15.1694504371,14.9353178734	norm	0.04	264000
274667	0,1,2,3,4,5,6,7,8,9,10,11,12,13,14,15,16,17,18,19	1.26957434408,1.84870019985,1.77428308322,2.11772168855,3.55911475792,6.23375877108,9.47482587319,12.8837889882,17.4587981984,20.0519730247,21.6292339797,19.5967599449,17.2642083544,13.4267842199,9.0989197571,5.95118666649,3.49645302136,2.47452868672,2.06478395585,1.34278649943	norm	0.04	264000
274973	0,1,2,3,4,5,6,7,8,9,10,11,12,13,14,15,16,17,18,19	-15.1578000413,-14.2590423007,-14.1398382071,-13.3243054061,-11.859252898,-9.69347620343,-6.96548185883,-2.52038696357,1.04068104631,4.10963077184,5.24082100318,4.21667198764,1.38065866018,-2.33180207163,-6.4822303067,-10.2120704173,-12.2183873656,-13.7643534149,-14.4933619306,-14.4306792502	norm	0.04	264000
274032	0,1,2,3,4,5,6,7,8,9,10,11,12,13,14,15,16,17,18,19	-3.48746406624,-3.76644388535,-3.00072751533,-2.17820453228,-1.30731177002,1.43300970574,4.63226735299,8.32092561656,11.9530450892,14.9253490575,15.6703035956,14.4398703704,11.7598773457,8.12969999267,4.34755077444,1.01796455381,-1.02000877435,-2.68281251497,-3.70097607848,-3.68325545157	norm	0.04	264000
275470	0,1,2,3,4,5,6,7,8,9,10,11,12,13,14,15,16,17,18,19	-9.01319377735,-9.06306288423,-8.04728138987,-7.41970579948,-6.51264116375,-4.32978423114,-0.610433700865,2.82674617271,6.74132408987,10.2436977108,10.3786463059,9.65393844841,6.46499112004,2.83324134867,-0.542309214113,-4.06804090841,-6.62615193516,-7.81731325092,-8.23301074896,-8.56887267284	norm	0.04	264000
274347	0,1,2,3,4,5,6,7,8,9,10,11,12,13,14,15,16,17,18,19	-17.7337619907,-17.4406475577,-17.2686075951,-16.8366441629,-15.031221948,-13.2053183796,-9.77846849751,-5.82162866228,-1.9610321723,0.897170755055,1.79973657089,0.74872495945,-1.84923864243,-5.4382749753,-9.42814636466,-13.1665377657,-15.1039489569,-16.601655567,-17.3215536767,-17.8419023087	norm	0.04	264000
275051	0,1,2,3,4,5,6,7,8,9,10,11,12,13,14,15,16,17,18,19	-14.2543270149,-14.3583681818,-13.7468498255,-12.8127640331,-11.7413236709,-9.52015422043,-5.92999895184,-1.79618475189,1.74093822552,4.07587540932,5.71093087642,4.43393493,1.79301629867,-2.71136254322,-6.31653023271,-9.52387963745,-11.8342693469,-12.6971940249,-13.6930906778,-14.0730505855	norm	0.04	264000
275707	0,1,2,3,4,5,6,7,8,9,10,11,12,13,14,15,16,17,18,19	-3.933851712,-3.21532959621,-3.47050860335,-2.64398170626,-0.543917303213,0.827090407282,4.44677569805,8.51884038924,11.8452363724,15.5487943258,15.9108994163,15.4840507126,11.8482003609,8.64161980727,4.17952518192,1.6047627491,-1.01425485532,-2.27655355211,-3.00250969056,-3.62754851803	norm	0.04	264000
272023	0,1,2,3,4,5,6,7,8,9,10,11,12,13,14,15,16,17,18,19	-14.4314400376,-13.6164393575,-13.424927368,-12.4503356965,-11.8428009958,-9.55837762302,-6.32157954589,-2.22559798063,2.23763167191,4.50034174035,5.48908956211,5.09346405846,1.91424469188,-1.84123099797,-6.47959410625,-9.48442918874,-11.7220177581,-13.2581953033,-13.4413118573,-13.7358427707	norm	0.04	264000
272740	0,1,2,3,4,5,6,7,8,9,10,11,12,13,14,15,16,17,18,19	-15.912690495,-14.8243374661,-15.2427697397,-13.7132286487,-12.9603483381,-10.3493725887,-7.15942010985,-3.19725001237,0.572523207462,3.4436618171,4.42635554274,3.78698564522,0.705327942487,-3.8199125015,-7.76817771585,-10.4988036235,-12.7707984877,-14.1871818502,-14.9952066372,-15.4685027127	norm	0.04	264000
273183	0,1,2,3,4,5,6,7,8,9,10,11,12,13,14,15,16,17,18,19	-13.4735193644,-13.5165252955,-12.9909462366,-12.0488574806,-11.5702333617,-8.88386361879,-5.89785638357,-1.7977240313,2.14769703956,5.11900670448,6.34962029616,5.4989268952,2.07209592497,-1.36777349289,-5.67446658635,-8.90594894216,-10.8406036451,-12.5240419379,-12.9796828199,-13.9302824632	norm	0.04	264000
272756	0,1,2,3,4,5,6,7,8,9,10,11,12,13,14,15,16,17,18,19	-6.76681548103,-6.46800548402,-6.65275982693,-5.35107045333,-4.32635226276,-1.91482684147,1.07175397471,5.20076311365,9.24128558706,11.4791697271,13.0015509236,11.6772943556,8.75779039081,5.36791169359,1.58553036579,-2.15877815207,-3.94587454882,-6.17967502795,-6.15623597414,-6.82449397471	norm	0.04	264000
272154	0,1,2,3,4,5,6,7,8,9,10,11,12,13,14,15,16,17,18,19	3.20727428976,2.87953803625,3.61548023535,4.36918246388,5.8820539364,7.4811807735,10.8852537503,15.1216866407,18.8581790471,22.1864966109,22.4092885905,22.1083814434,18.7266382154,14.6685503586,10.620638304,8.0175080698,5.93748536375,3.74747774094,3.92390904956,3.17004329278	norm	0.04	264000
272833	0,1,2,3,4,5,6,7,8,9,10,11,12,13,14,15,16,17,18,19	12.1541143733,11.9018758737,12.1295059244,13.4764518808,14.2795871277,17.1333158682,19.9496632843,24.3274900695,27.7148440988,30.9854809199,31.6420067449,30.5207478437,27.6530478967,23.6512723659,19.9241465078,17.3956920314,14.7345564007,13.198441728,13.0219936191,11.8960817876	norm	0.04	264000
273008	0,1,2,3,4,5,6,7,8,9,10,11,12,13,14,15,16,17,18,19	-4.39469883512,-3.76953835934,-3.17893745505,-2.68430620065,-1.45086524378,1.22865077528,4.5689240699,8.37218945293,11.7439377089,15.2159451836,15.9917592349,15.2816213033,11.5089914161,7.72007690274,4.43199300247,1.21669369324,-1.57217782895,-2.49745362124,-3.84570180853,-3.72253344388	norm	0.04	264000
273083	0,1,2,3,4,5,6,7,8,9,10,11,12,13,14,15,16,17,18,19	9.23687506953,9.69259819477,9.55255672853,11.0167642417,12.3825129969,14.1897117602,17.1484698922,21.8453979604,25.7829577772,28.6771198779,29.1641394976,28.4143368147,24.9789213879,21.4859775447,17.9640842968,14.3699783838,12.5177080238,10.3843073999,10.0590988134,9.32945302738	norm	0.04	264000
274040	0,1,2,3,4,5,6,7,8,9,10,11,12,13,14,15,16,17,18,19	-9.66364729723,-8.88331571905,-8.9137867435,-8.41948178772,-6.50168668707,-4.82412870323,-1.15967199737,2.28028413684,6.84050177568,9.14911999636,10.2887921929,8.91885760326,6.57326405467,3.10909512611,-1.28693636427,-4.82468777405,-6.53803005115,-8.05267357843,-8.40607570978,-9.49015697141	norm	0.04	264000
274751	0,1,2,3,4,5,6,7,8,9,10,11,12,13,14,15,16,17,18,19	-17.0659196872,-16.6286097428,-16.508154757,-16.2401385787,-14.5596127717,-12.4053458224,-8.62965649753,-4.72275497317,-1.71147756591,1.29433197352,2.67678685413,1.16247881443,-1.01793267742,-5.24630331691,-9.23756294252,-12.550445285,-14.9058654074,-15.4991490531,-16.3773278264,-16.9481259184	norm	0.04	264000
274680	0,1,2,3,4,5,6,7,8,9,10,11,12,13,14,15,16,17,18,19	11.2726461034,11.1526455868,11.97696179,12.4822768653,14.437267355,16.5614777255,19.5619881205,23.2603970134,27.5210737826,30.5739990302,31.5387176178,29.9505950734,27.1693661325,23.7006791097,19.1538071528,16.3980417794,13.6315233839,12.2464436373,12.0066901752,11.4052432573	norm	0.04	264000
275186	0,1,2,3,4,5,6,7,8,9,10,11,12,13,14,15,16,17,18,19	9.59758949534,8.95438214527,9.86228365152,10.6530792082,12.1802392095,14.275330988,17.6686104389,21.0475153368,25.2014032709,27.5293489943,29.3600890411,28.2878929848,24.7529826453,21.1193594901,16.8922619638,14.4393393041,12.1688277007,10.8292528032,10.1009711475,9.57118210797	norm	0.04	264000
275645	0,1,2,3,4,5,6,7,8,9,10,11,12,13,14,15,16,17,18,19	-12.485172807,-12.4207200848,-11.8713804223,-11.0195639807,-9.9081710806,-6.97126001215,-3.71251851906,0.235590887425,3.97586309935,6.84580194077,7.7595302672,6.45963156648,3.56820707045,-0.473126611186,-4.218501622,-7.76751639673,-9.94206133504,-11.1830721066,-11.3963416389,-12.505677924	norm	0.04	264000
275356	0,1,2,3,4,5,6,7,8,9,10,11,12,13,14,15,16,17,18,19	12.1999322448,12.5995408372,12.4878768928,13.8580793401,15.3456729323,17.6980545064,20.3228114871,24.0275732574,28.5131897076,31.3744384469,32.7412822606,31.2930729776,28.4588120772,24.9431187635,20.1914030808,17.6191655487,14.9177876653,13.542390276,12.5876308728,12.5856885768	norm	0.04	264000
274867	0,1,2,3,4,5,6,7,8,9,10,11,12,13,14,15,16,17,18,19	11.3810310897,11.9772032378,11.8882619047,13.0546279486,13.7595372435,15.9315592319,19.311396343,23.081913837,27.7213205721,30.2222781837,31.1862484321,30.4605116111,26.9917427584,23.7771926577,19.4450233447,16.0564197571,13.6484843385,13.1536962799,12.0193447163,11.3783375629	norm	0.04	264000
273304	0,1,2,3,4,5,6,7,8,9,10,11,12,13,14,15,16,17,18,19	-15.2795631656,-15.4108183803,-15.1035923669,-13.9678967246,-12.3113777352,-10.3513245237,-7.12733264618,-3.0164040179,0.256513514623,3.88331551629,4.91676053422,3.42992555748,0.205622951077,-3.11726588159,-6.96570161084,-10.4988269876,-12.0865689218,-13.7925894088,-14.9719220783,-14.7964351047	norm	0.04	264000
275869	0,1,2,3,4,5,6,7,8,9,10,11,12,13,14,15,16,17,18,19	14.1372706997,13.7668142738,14.3509789604,15.136292415,16.5955692512,18.5146199444,21.3846979959,25.585369146,29.5910432866,32.8710794062,33.4116490306,32.5284585058,30.0013943058,26.0123852821,21.796524748,18.8159016543,16.858962638,15.4058219732,14.2860188214,13.8027079437	norm	0.04	264000
272524	0,1,2,3,4,5,6,7,8,9,10,11,12,13,14,15,16,17,18,19	-1.46133329646,-1.78618158016,-1.15247936668,-0.539486098311,1.01165356737,3.07748764631,6.20016923657,10.4058071016,14.5421682331,16.7840493442,18.7294986515,17.6590197267,13.9301217622,10.4616892944,6.85046952807,3.76287701503,0.699725340943,0.016853428102,-1.43075548554,-1.63293929834	norm	0.04	264000
272008	0,1,2,3,4,5,6,7,8,9,10,11,12,13,14,15,16,17,18,19	16.38341665,16.0819396263,16.6895611013,17.4449844741,19.3794327777,21.4572886168,24.7418629347,28.7622468691,31.707635726,34.7486063603,36.4942443004,35.1135335105,31.8152775861,28.5288263958,23.9565459899,20.9492354963,19.3495781941,17.9256184703,17.0162859547,16.2987233509	norm	0.04	264000
273983	0,1,2,3,4,5,6,7,8,9,10,11,12,13,14,15,16,17,18,19	-12.7523813102,-12.4300932926,-11.8240091095,-10.8817135744,-9.66682674233,-7.74885679409,-3.87548476041,0.114462247522,3.13713890357,6.32092911396,7.73835208793,6.56873795184,3.44917245757,-0.402591408935,-3.91757231427,-7.05885411343,-9.15296925797,-10.5786248024,-11.4031373905,-12.4148584587	norm	0.04	264000
273690	0,1,2,3,4,5,6,7,8,9,10,11,12,13,14,15,16,17,18,19	3.45198243036,3.16619278976,4.23362499526,4.2665818915,6.26461120737,8.17028987894,11.7294521544,15.5499228413,19.5813574125,21.6413042453,23.1164162181,22.0931746151,19.5012758494,15.113144019,11.2828861573,8.36346930477,6.02503725737,4.60848598889,3.45370116444,3.35975568429	norm	0.04	264000
274330	0,1,2,3,4,5,6,7,8,9,10,11,12,13,14,15,16,17,18,19	-4.14420921765,-3.69184508254,-3.85733559045,-2.8495947047,-0.888367755045,0.731844054099,4.4898701699,8.5044035062,11.6688322352,14.5227574119,15.5952360152,15.2252578944,11.7403094707,8.17725533774,4.61423746176,0.790936184303,-1.23096496178,-2.57262425607,-3.29756896404,-3.87842364154	norm	0.04	264000
274717	0,1,2,3,4,5,6,7,8,9,10,11,12,13,14,15,16,17,18,19	-17.6196948821,-18.1188576992,-17.4732804358,-16.7838156946,-15.2316170759,-12.5607518833,-9.97024880438,-5.35605522698,-2.38746748676,1.24516114661,2.00914548535,1.44091761056,-1.64607210318,-5.58329218129,-9.36918458236,-13.2235697256,-15.2537707694,-16.7318641896,-17.4257440382,-17.2148316584	norm	0.04	264000
272770	0,1,2,3,4,5,6,7,8,9,10,11,12,13,14,15,16,17,18,19	0.692932612149,0.488572719982,1.35741272851,1.29204871663,3.26513977196,5.02410508188,8.37610847789,12.179617316,16.8270158901,19.1435080181,19.9793825992,19.5458853226,16.3727623336,12.2960555202,8.20457631804,5.89183853676,3.16237728728,1.36451820976,0.906668828795,0.942378167362	norm	0.04	264000
274024	0,1,2,3,4,5,6,7,8,9,10,11,12,13,14,15,16,17,18,19	12.7905210741,13.3108626468,12.6688243504,13.5270218911,15.1274940445,17.967232229,20.5107777898,24.2865559731,28.6724863131,31.2517301673,32.6739286836,31.8207573672,28.2850244029,25.1635410488,20.9704009657,17.5730603166,15.1761805356,14.3106215066,12.6955760284,12.4900969425	norm	0.04	264000
273757	0,1,2,3,4,5,6,7,8,9,10,11,12,13,14,15,16,17,18,19	-12.1382786666,-12.6408976515,-12.0174087025,-11.8077879326,-9.8017753714,-7.38507745625,-4.65926793878,-0.393497277724,3.31574784438,6.57160341107,7.42436926553,6.32932209482,3.59880917525,-0.823355667034,-4.68064227587,-7.85137511539,-10.3371635295,-11.1199055399,-12.0049741144,-12.4040570418	norm	0.04	264000
272579	0,1,2,3,4,5,6,7,8,9,10,11,12,13,14,15,16,17,18,19	7.92391710026,8.95839662985,9.19566077438,9.37457298311,10.5504676658,13.2829328385,16.304155516,20.6889279479,24.4572466235,27.6765731913,28.517630229,26.7101947194,24.4804833149,20.8312930518,16.0952744426,13.055940614,11.3453553801,10.1137777988,9.34038295795,8.42209846418	norm	0.04	264000
273419	0,1,2,3,4,5,6,7,8,9,10,11,12,13,14,15,16,17,18,19	-9.70427581898,-9.06790781341,-8.32806101121,-7.57704286352,-6.88177318237,-4.00341289545,-1.39397727875,3.1744763489,7.17308184009,9.78003785458,10.8752430982,9.58885495329,6.90627005552,2.482592855,-0.619780884282,-4.21023629527,-6.92587095077,-8.23769707407,-8.25118747165,-8.74262179572	norm	0.04	264000
275041	0,1,2,3,4,5,6,7,8,9,10,11,12,13,14,15,16,17,18,19	19.4785546163,20.247626877,20.8967378875,21.3678779323,22.4034670158,25.3087798059,28.2644254702,31.7691555751,36.2345780708,39.1901554461,39.6760179452,38.2164664208,35.8599341943,32.1972267252,28.3161599829,24.9310481955,22.389158366,20.747766755,20.6368444172,20.4984941747	norm	0.04	264000
275495	0,1,2,3,4,5,6,7,8,9,10,11,12,13,14,15,16,17,18,19	-10.8636970184,-10.4321726579,-9.82424817347,-9.64224938059,-8.09679522497,-5.77422463249,-2.90412843112,1.77424295301,5.21197840715,7.69396598272,9.24755641566,8.51283073217,5.20592597518,1.74627977834,-2.37030366483,-5.4241523246,-8.39837795931,-9.28021417327,-9.90841577692,-10.5803965478	norm	0.04	264000
273637	0,1,2,3,4,5,6,7,8,9,10,11,12,13,14,15,16,17,18,19	6.03929474749,6.59172870738,7.12037967421,7.19628301083,9.10315649757,11.214790155,14.7154793705,18.2248281594,22.0947979709,25.334283771,26.0359865147,24.9005378333,22.1652166274,18.2573915592,14.7560405475,11.3839988768,8.96326088816,7.14697469401,6.95343752745,6.18566703906	norm	0.04	264000
274983	0,1,2,3,4,5,6,7,8,9,10,11,12,13,14,15,16,17,18,19	15.0688902213,14.5512722063,15.2504548092,16.2889050535,17.2293831902,20.1186721821,23.3493710882,26.2871008553,30.9241654417,33.2465588897,34.3904429558,33.2925652817,30.6047289894,26.8199406636,22.6101800529,19.5671718795,17.4438934732,16.2207066592,15.5862932864,14.8897813978	norm	0.04	264000
273593	0,1,2,3,4,5,6,7,8,9,10,11,12,13,14,15,16,17,18,19	14.7072740162,14.2025681288,14.8521416559,15.8048547591,17.3970088325,19.0633054517,22.9660006849,26.3020356135,30.6317766114,32.9723350225,33.8245845833,32.9167795895,30.1882590415,26.0956244412,22.5701481918,19.5327524753,17.269661404,15.8589526822,15.1279344249,14.5531473049	norm	0.04	264000
272014	0,1,2,3,4,5,6,7,8,9,10,11,12,13,14,15,16,17,18,19	7.10366519567,6.56024481501,7.05073071135,8.239346614,9.2360859945,11.763611557,15.2862256112,18.354727824,22.2608068884,26.0435564933,27.0052311248,25.1505325554,22.6025594612,18.8919827419,14.8835701376,12.0195127496,9.48590920768,7.8589468102,7.45824706373,6.61182691434	norm	0.04	264000
273454	0,1,2,3,4,5,6,7,8,9,10,11,12,13,14,15,16,17,18,19	-18.5103635757,-18.5767420332,-18.0384209125,-17.5649040412,-16.2641571121,-13.5707874051,-10.8322085619,-6.71685609061,-2.58691168803,0.283453381175,0.943462430124,0.151594315446,-2.94822595448,-6.67540058805,-10.7903175536,-13.8968948549,-16.5310943113,-17.7380233769,-18.3635367729,-18.6820862987	norm	0.04	264000
274320	0,1,2,3,4,5,6,7,8,9,10,11,12,13,14,15,16,17,18,19	2.44191442043,3.03478280637,2.82967754232,4.28736636176,5.41856687566,7.26780178915,10.9695771399,14.5601437359,18.2459272127,21.7864336808,22.8090258913,21.8658012733,18.7857653229,14.6586600569,10.2771143769,7.60352727091,5.38474034587,3.60757500599,2.68382174304,2.846309779	norm	0.04	264000
272004	0,1,2,3,4,5,6,7,8,9,10,11,12,13,14,15,16,17,18,19	3.24020102972,3.37911997713,3.63683154077,4.64007204366,5.74531916078,8.35174950898,11.1000059736,15.6042299604,18.907588965,22.0703592808,23.5189371675,22.2541990264,19.1482859176,15.47907247,11.7259988211,8.23663509277,6.17697893942,4.7856901362,4.15990657127,3.07385339602	norm	0.04	264000
274925	0,1,2,3,4,5,6,7,8,9,10,11,12,13,14,15,16,17,18,19	10.462977758,10.3436211414,10.8601985345,11.0679332498,13.2820541116,14.7210903323,18.9261216247,22.3121509746,25.7122808844,28.7389699848,29.7169061149,28.9993742345,26.3939153405,22.2508595685,18.3439403209,15.7031687142,12.7735017261,11.346097632,10.9391136399,10.8387910518	norm	0.04	264000
272301	0,1,2,3,4,5,6,7,8,9,10,11,12,13,14,15,16,17,18,19	16.262388574,16.6519020031,16.8424837638,18.1152043012,18.5295830096,21.0379800057,24.729067132,28.2497896643,32.6514150393,35.2968214922,36.2850033269,35.0859905634,31.7913624172,28.9085071649,24.8639423894,21.0015218224,18.5398686637,17.3603198659,17.2768404907,16.4928694474	norm	0.04	264000
272143	0,1,2,3,4,5,6,7,8,9,10,11,12,13,14,15,16,17,18,19	-18.8371630425,-19.2118476393,-19.0163757608,-18.5642746963,-16.8389954352,-14.3810587992,-11.3920008349,-7.7329280498,-3.86333521361,-0.796611740723,0.442330036099,-0.222031940519,-3.00815390685,-7.0515096089,-11.5298612048,-14.7847732064,-17.1431820762,-17.7374535296,-19.3127112964,-19.3635150657	norm	0.04	264000
272530	0,1,2,3,4,5,6,7,8,9,10,11,12,13,14,15,16,17,18,19	16.0747634334,15.7396216397,16.1963286226,16.6325016784,18.5889154639,20.2742871922,23.9204341033,28.2578355684,32.0643876906,34.3691667923,35.6607196009,34.2764792402,31.7561750514,27.6927502441,24.0803307932,20.818183689,18.7891713489,16.6914020344,16.0486615336,16.2357459206	norm	0.04	264000
273920	0,1,2,3,4,5,6,7,8,9,10,11,12,13,14,15,16,17,18,19	7.25046916104,6.96790103524,7.82051820765,7.74092371195,9.42897331536,11.5798911938,15.126348342,19.4449350747,22.9053132473,25.6109224266,26.8986781264,25.6960669832,22.7106986236,19.3574749368,14.8822922833,11.5280666768,9.97514772711,8.69837527006,7.76613028967,7.39321507796	norm	0.04	264000
275298	0,1,2,3,4,5,6,7,8,9,10,11,12,13,14,15,16,17,18,19	8.34002412061,8.80012078862,9.15595962978,10.0392989684,11.5556650336,13.7792590031,17.0402222684,20.7424681848,24.6165210486,27.7469913321,29.0570744866,28.0210760943,24.7534143715,20.4264190864,17.1723778482,13.783293794,11.1936736515,9.72005969489,9.23360622032,8.83705530624	norm	0.04	264000
274905	0,1,2,3,4,5,6,7,8,9,10,11,12,13,14,15,16,17,18,19	14.9799909451,14.7402947256,15.4180705774,16.191128598,18.1772636569,19.718055847,23.119242692,27.318127378,30.9973715192,33.9433155581,34.7402232523,34.0199055754,30.9581447791,27.0469724887,22.8701598906,19.7628813808,17.2376390423,16.0232060793,15.9769505233,14.9239344649	norm	0.04	264000
272560	0,1,2,3,4,5,6,7,8,9,10,11,12,13,14,15,16,17,18,19	12.5772020814,12.8556608992,13.0925712788,13.7413106158,15.2583188555,17.9991520517,21.1437816643,24.8022168668,28.2730361164,31.2781705823,33.1197052856,31.756191167,28.9240881426,24.9961254267,20.910731046,17.3393529611,15.8321095035,14.4282243177,13.6802445689,12.4964241576	norm	0.04	264000
275881	0,1,2,3,4,5,6,7,8,9,10,11,12,13,14,15,16,17,18,19	12.7965830398,13.1123473322,13.5725314051,14.5198297516,15.5104653636,18.3123241067,21.6670096597,25.2775733431,29.3953748925,32.426519204,33.0820761008,31.548227138,29.2959249169,25.4137142718,20.8838633622,18.4920471674,15.4317714809,14.6284479899,13.9041871142,13.7910579658	norm	0.04	264000
274182	0,1,2,3,4,5,6,7,8,9,10,11,12,13,14,15,16,17,18,19	19.0316925295,19.2368693676,19.2128360338,20.4824223599,21.7266112647,23.7269662643,26.8265918816,30.7033008283,35.1093957469,37.8950893035,38.5184513369,37.9858382154,35.124603789,31.1730441097,27.2884426974,23.6369643532,21.7597027758,19.6662291387,19.3585252051,18.4229075594	norm	0.04	264000
273514	0,1,2,3,4,5,6,7,8,9,10,11,12,13,14,15,16,17,18,19	16.0663857934,16.5859991886,16.4527194149,16.8574128953,19.2265793464,20.8577488686,23.8567009475,28.3055366149,31.605181835,34.422749936,36.3490789329,35.3945607737,31.8299754694,28.6317050162,23.9730429606,21.4447358158,19.0029790793,17.6218583831,17.0946591404,16.2150020157	norm	0.04	264000
272177	0,1,2,3,4,5,6,7,8,9,10,11,12,13,14,15,16,17,18,19	-18.7902996438,-17.9800900841,-18.277566523,-17.1919850771,-16.1609035671,-14.0032574647,-10.2932127527,-6.30639189108,-2.28130605925,0.0181040019473,1.85399152261,0.387172607875,-2.71821839774,-6.42943861287,-10.5345908254,-13.2885967652,-15.3977536456,-17.1916114186,-17.780717778,-18.4145735491	norm	0.04	264000
274331	0,1,2,3,4,5,6,7,8,9,10,11,12,13,14,15,16,17,18,19	-18.5963161763,-19.0738985122,-18.330394529,-18.1791455668,-16.1471086665,-13.5661742819,-11.0077702241,-6.80481186865,-3.10158652062,-0.0598557523556,1.12498108734,-0.174123407493,-3.18768710533,-6.69190793458,-11.1665517807,-14.2181939991,-16.0992740711,-17.9231844466,-18.1648886658,-19.2017591382	norm	0.04	264000
274361	0,1,2,3,4,5,6,7,8,9,10,11,12,13,14,15,16,17,18,19	-13.9914302518,-13.9221821982,-13.0962005544,-12.9969006595,-11.8318465567,-9.53264753423,-5.7482782174,-2.01826657911,1.78271746134,4.72550881121,6.03492350405,4.66539616358,1.47868511278,-2.38144662923,-6.05247154064,-9.29302036796,-10.9536389412,-13.1797510341,-13.7992722508,-13.9939995978	norm	0.04	264000
272106	0,1,2,3,4,5,6,7,8,9,10,11,12,13,14,15,16,17,18,19	14.6417749983,14.7172480558,15.3301620825,16.0764232227,17.6010063681,19.3832604927,22.9343270053,26.6090280811,31.0396229793,33.6384724285,34.2111492647,33.4977811574,30.9851427046,26.9820015375,22.7794110925,19.3942687545,17.411786694,15.5177127503,15.2083429109,15.1578825063	norm	0.04	264000
272939	0,1,2,3,4,5,6,7,8,9,10,11,12,13,14,15,16,17,18,19	-7.08416444953,-6.19786530374,-6.08983012075,-5.52838417934,-3.73308296439,-1.74854682496,1.23873707063,4.89661923065,9.08474502054,11.7540843073,13.2647976076,12.5675238321,9.38323265939,5.36035784288,1.94624922968,-1.80792249621,-4.0786367996,-5.08899314573,-6.31504290481,-6.36761786448	norm	0.04	264000
275078	0,1,2,3,4,5,6,7,8,9,10,11,12,13,14,15,16,17,18,19	7.28667958073,7.15620786562,8.05048068397,9.19937659688,10.4579937586,12.1190730173,15.6294221128,19.9371623529,23.2285294358,26.7147666553,27.0204429658,25.7998509937,23.2344059446,19.3919388029,15.2288345081,12.6027408569,9.8077181712,9.16896279344,8.07451946569,8.0183237366	norm	0.04	264000
273290	0,1,2,3,4,5,6,7,8,9,10,11,12,13,14,15,16,17,18,19	14.1683270245,14.0017582084,14.0417020634,15.6233771269,17.0557407932,18.7025537662,22.0117385061,25.778447048,30.3172352723,33.155919447,33.617548703,33.2371507258,29.9381543672,26.2619311066,22.242218739,18.4218831249,16.1031819168,15.6108920318,14.3781731341,13.7841289866	norm	0.04	264000
275949	0,1,2,3,4,5,6,7,8,9,10,11,12,13,14,15,16,17,18,19	1.78930619898,2.08414225308,2.14799710077,3.11890361307,4.50978061329,6.62930347142,9.44347203074,13.4503980309,18.0077260624,20.004155807,22.0172445443,20.8068612849,17.6661032441,13.770419396,9.42464693812,6.61397578706,4.14314987834,2.61722971524,1.89285837054,1.48479919968	norm	0.04	264000
274921	0,1,2,3,4,5,6,7,8,9,10,11,12,13,14,15,16,17,18,19	-7.69957848696,-8.1953118137,-7.70169405275,-7.29883310526,-5.69177301308,-3.49073912687,-0.158214400998,4.1331295455,7.9634740869,10.9026262635,12.1602011683,10.2543601979,7.67425158989,4.34772289297,-0.257506584807,-3.62642338661,-5.55703140933,-7.03083944815,-7.8447318067,-7.7180045264	norm	0.04	264000
273569	0,1,2,3,4,5,6,7,8,9,10,11,12,13,14,15,16,17,18,19	14.8764361312,14.6498571226,15.2331952149,15.4688768594,16.7526578281,19.9578220172,22.7776489397,26.434900322,30.8950623128,33.8730228002,34.8680723308,33.1555510425,30.824099472,26.9687436368,23.0593460556,19.8005696664,17.5360300683,16.3134434248,14.7357040359,15.2482481536	norm	0.04	264000
273241	0,1,2,3,4,5,6,7,8,9,10,11,12,13,14,15,16,17,18,19	11.3069677581,11.468921563,11.9999574701,12.3979450243,13.6869030854,15.7806316483,18.6641122593,23.1545330934,26.8404517083,29.4720877767,31.002272182,30.1513791401,26.6166661593,23.4441757621,19.1578607238,15.907012904,13.8982743343,12.2065607425,11.2028387308,11.4129727279	norm	0.04	264000
272420	0,1,2,3,4,5,6,7,8,9,10,11,12,13,14,15,16,17,18,19	9.25652565703,9.70451389009,9.70775219062,10.1807456516,11.9392451077,14.1688197556,17.1581347249,21.1434401216,25.4097933996,27.4560862566,29.3642719616,27.5305887083,25.241316899,20.7185033018,17.6435236095,13.7407227374,11.3998024141,10.1906659761,9.43054937107,9.23509809459	norm	0.04	264000
272942	0,1,2,3,4,5,6,7,8,9,10,11,12,13,14,15,16,17,18,19	-19.3445642723,-19.1254414213,-18.6754026843,-17.4640247244,-16.6173382373,-14.4553650164,-11.0010396639,-7.23778734997,-3.32695808315,-0.34455023331,0.955785395558,-0.299118374631,-3.30123668317,-7.07831831254,-10.498259836,-14.4222426037,-16.2150117694,-17.8395162645,-18.2991115949,-18.5230427056	norm	0.04	264000
273130	0,1,2,3,4,5,6,7,8,9,10,11,12,13,14,15,16,17,18,19	-4.07522813283,-4.14637225326,-3.88734308982,-3.43243738997,-1.20931767542,0.589075509315,3.48033475192,8.04747338797,11.5382884646,14.8133422287,15.6717204072,14.4799530405,11.3612166246,8.10627558141,3.97728029029,0.466341869335,-1.89400362628,-2.78576530531,-3.32266251456,-4.2010507194	norm	0.04	264000
273830	0,1,2,3,4,5,6,7,8,9,10,11,12,13,14,15,16,17,18,19	-4.34060186437,-3.96427735786,-3.87417527899,-3.34876586454,-2.19787393637,0.601492564043,4.16639068438,7.90602557486,11.8268836264,14.3189788894,15.2455234247,14.8962367764,11.3018639885,7.93055146953,4.239579759,0.369910909714,-1.384371039,-3.13775523833,-3.99629446081,-4.13977815693	norm	0.04	264000
275573	0,1,2,3,4,5,6,7,8,9,10,11,12,13,14,15,16,17,18,19	12.6638513504,12.9360140402,13.8015442325,14.558080864,15.0208443704,18.0283567091,21.0395028503,25.1819048001,28.813773688,31.1249268797,32.396916057,31.5933657523,29.1904398078,24.6544511458,20.6502596806,17.4188804037,15.4439723632,13.6253577927,13.762839866,12.8456861478	norm	0.04	264000
273965	0,1,2,3,4,5,6,7,8,9,10,11,12,13,14,15,16,17,18,19	-1.82645940244,-2.31512306088,-1.32292055268,-0.894585669489,0.552667588375,2.41673437966,5.60955980201,10.1921197667,13.7899317959,16.7186917933,17.585545868,16.8870519302,13.3306570422,9.73490850013,6.13370472762,2.47524598615,0.656499705665,-0.624511999286,-1.47566866049,-2.04963347964	norm	0.04	264000
272806	0,1,2,3,4,5,6,7,8,9,10,11,12,13,14,15,16,17,18,19	3.90698979802,3.60540354216,3.87241776345,5.06474430593,6.77374783012,8.20537357123,11.4811114336,15.4492813386,19.3715590376,22.4653584621,23.7436815971,22.5484099331,19.9189226671,15.6878852772,11.9215507508,8.90429479605,6.17182193886,5.27541923069,3.71407537512,4.23773117996	norm	0.04	264000
273640	0,1,2,3,4,5,6,7,8,9,10,11,12,13,14,15,16,17,18,19	19.6965747007,19.3154752206,20.1844516934,20.5807882486,22.3913289706,23.9399180841,27.273640238,31.6892584283,35.3268835967,38.3299305526,39.3299800534,38.5120539909,35.0338558922,31.7934874701,27.7827392363,24.7918877121,21.5969829712,20.9774844855,19.6866584938,19.2044763755	norm	0.04	264000
274659	0,1,2,3,4,5,6,7,8,9,10,11,12,13,14,15,16,17,18,19	-0.397373773803,-0.861142578538,0.0914454711355,0.587485695239,2.24720351385,4.17275302739,7.5506662683,11.7094848378,14.918334512,18.1488112567,19.1041212844,18.4997969264,15.2311117518,11.1190929885,7.27643672072,3.69355994954,1.65041002089,0.835426680554,-0.748211922695,-0.119891873202	norm	0.04	264000
275885	0,1,2,3,4,5,6,7,8,9,10,11,12,13,14,15,16,17,18,19	-8.31219476149,-8.87751656143,-8.46610160013,-7.18570417131,-6.13467317952,-3.78973868148,-0.495043184321,3.75370804952,6.88398091326,10.4601817416,10.8710874868,10.3970167946,7.20397783832,3.49657532938,-0.0814159351456,-3.1834759087,-5.57013769209,-6.85156520267,-8.38449866822,-8.07578328027	norm	0.04	264000
274768	0,1,2,3,4,5,6,7,8,9,10,11,12,13,14,15,16,17,18,19	-19.5748272877,-20.0810644124,-19.5514961187,-18.5917645846,-16.7799047755,-14.5478745258,-11.3691509191,-7.84350492336,-3.80344133391,-0.740444020954,0.370220592891,-0.905925554291,-3.54187836842,-7.9300126303,-11.2029168823,-14.5311737283,-16.8480283658,-18.5028071599,-19.4529665744,-19.2425276871	norm	0.04	264000
274493	0,1,2,3,4,5,6,7,8,9,10,11,12,13,14,15,16,17,18,19	-7.28453716695,-7.50427079362,-7.29044280394,-6.363465507,-5.28177859073,-2.56711486874,0.420786239849,4.25206293168,8.51406970715,11.1944426416,12.0083093151,10.9600745532,7.96878218982,4.30166846794,0.37029708487,-3.27068719245,-4.84376213723,-6.74409867573,-7.75585537416,-7.91290543892	norm	0.04	264000
272401	0,1,2,3,4,5,6,7,8,9,10,11,12,13,14,15,16,17,18,19	-2.30150119676,-2.17267268483,-2.45234252653,-1.881119303,0.277032756338,2.36891241108,5.36124309592,9.55707854053,12.9516997631,15.9668539239,17.0416985487,16.1928750674,13.2500875711,9.825320577,5.6985938934,2.18326626678,0.334270678558,-1.65612093501,-1.8673577083,-2.62460504455	norm	0.04	264000
272397	0,1,2,3,4,5,6,7,8,9,10,11,12,13,14,15,16,17,18,19	6.90860300409,6.6030841247,7.23686545574,7.83699547964,9.35532534318,11.4751560561,14.454178766,18.0534468719,22.5910931965,24.9691431923,25.785210075,24.930539348,22.4821099287,18.7626397381,14.854761493,11.7252480835,9.1643610331,7.54995352049,6.96576977435,6.14629271704	norm	0.04	264000
275778	0,1,2,3,4,5,6,7,8,9,10,11,12,13,14,15,16,17,18,19	14.2192539473,14.6519060739,15.3956382319,15.8989113191,16.8571914955,19.1742214184,22.7950757154,27.1252639302,30.9084293467,33.4510061303,34.4066578853,33.5915939958,30.411620479,26.8505157696,22.9257425215,19.663984067,17.4731573221,15.7615203875,15.4207171355,14.5891499374	norm	0.04	264000
275978	0,1,2,3,4,5,6,7,8,9,10,11,12,13,14,15,16,17,18,19	13.8607429929,14.3802821815,14.9497756298,15.4565296477,16.5744181154,18.9507029124,22.1118534993,25.9172540484,29.9281759144,32.9810154915,33.9963586542,33.1019849951,29.7060938241,26.0740464808,22.4544542739,18.7333724225,17.1337219582,15.5586800499,15.057663712,14.7339461724	norm	0.04	264000
273260	0,1,2,3,4,5,6,7,8,9,10,11,12,13,14,15,16,17,18,19	-2.6742470647,-2.13817037571,-1.92429005449,-1.78438901958,-0.402723260416,2.27587892202,5.53819552777,9.07275089097,13.4104553914,16.2421220836,17.700918388,15.8606502457,13.233753787,9.75580867326,5.77274791523,1.91365856234,-0.231019887898,-1.74199450413,-2.16322312311,-2.86796287084	norm	0.04	264000
272603	0,1,2,3,4,5,6,7,8,9,10,11,12,13,14,15,16,17,18,19	8.60694354961,8.30710826845,8.52474720424,8.93605067491,10.3712058004,13.3872968698,16.4758068196,20.0509846467,23.6681948779,27.0594512694,27.9455555092,26.7909701607,23.7761929106,19.6412820794,16.3712072607,13.2567077937,11.2079443746,8.93541036012,8.6132513069,8.61872935866	norm	0.04	264000
272539	0,1,2,3,4,5,6,7,8,9,10,11,12,13,14,15,16,17,18,19	-7.9066043952,-7.27847262816,-7.1880149134,-6.09603039748,-5.3938214314,-2.98546301882,0.18591626682,4.55480016762,8.43721313852,11.1924770758,11.7585678448,10.9800379839,8.33178854664,4.27241534265,0.770647777428,-2.71277849494,-4.96675373863,-6.31615462183,-6.83358579899,-7.25094882474	norm	0.04	264000
275396	0,1,2,3,4,5,6,7,8,9,10,11,12,13,14,15,16,17,18,19	-7.77609952979,-7.98000998612,-7.90241855465,-7.36783936505,-5.89911860366,-3.43435137555,-0.0216032845161,3.98014858908,7.5938295851,11.0295671334,12.1108460033,10.6629548238,7.75138692561,3.88956002079,-0.373263354303,-3.5433488421,-5.16629767692,-7.32884305006,-7.95149626291,-7.97914445986	norm	0.04	264000
275855	0,1,2,3,4,5,6,7,8,9,10,11,12,13,14,15,16,17,18,19	14.9007863621,15.6533658232,15.8353478788,16.3587691945,17.9727745984,19.6500217605,22.7412376728,26.7149589501,31.0803058552,33.4301616384,35.3681086302,33.7384228081,31.1009973445,27.2259837994,23.2845043203,20.3369371888,17.5931696136,16.6433161654,15.4849962816,14.8386102463	norm	0.04	264000
275544	0,1,2,3,4,5,6,7,8,9,10,11,12,13,14,15,16,17,18,19	-11.9429713409,-11.0801179629,-10.9595791537,-10.1985014354,-9.18163724418,-6.71625294672,-3.46700474739,0.40536429739,3.95882312832,7.50433916973,8.79318314833,7.55076695056,4.73291620296,0.857221274935,-3.3013230912,-6.70471061123,-9.27971030586,-10.0485472996,-10.8609939366,-10.8962589226	norm	0.04	264000
274829	0,1,2,3,4,5,6,7,8,9,10,11,12,13,14,15,16,17,18,19	19.4889172224,20.2456997014,19.9901820718,21.0305148408,22.2885944362,25.0316842125,28.3453033136,32.0714852876,35.4951110733,38.8256922261,40.0457227887,38.3072058752,35.483996136,32.0734550388,27.587142905,25.2286838599,22.4123192036,20.6145396958,20.0243546276,19.7170196126	norm	0.04	264000
275492	0,1,2,3,4,5,6,7,8,9,10,11,12,13,14,15,16,17,18,19	17.8618827486,17.8839673007,18.3760243349,18.9275441269,20.7753169714,23.0415550751,26.0981453424,29.7023988061,34.1932069964,36.7168598807,37.8869507512,36.9578809169,33.8175840761,30.069361686,25.9500508582,22.5340113094,20.5218647909,19.3026880084,18.1610321104,17.803681408	norm	0.04	264000
272620	0,1,2,3,4,5,6,7,8,9,10,11,12,13,14,15,16,17,18,19	9.50766963009,9.88500537202,9.9826396036,10.4348671823,11.4193743106,13.9376271535,17.471090592,21.2819720008,25.2101832131,27.9953419474,29.6283316973,27.6286221989,25.2545999004,21.4752990883,17.8057680982,14.4183901726,11.7069937219,10.6689620769,10.0442263373,8.92357815631	norm	0.04	264000
273005	0,1,2,3,4,5,6,7,8,9,10,11,12,13,14,15,16,17,18,19	12.6826487875,13.2333141048,12.9602962638,13.7950714073,15.1988291861,18.236395853,20.9126427076,24.9930194279,29.2779792962,31.8835289028,32.7542897858,31.5686274067,29.2960928692,24.9978431182,21.1810519652,17.83564686,15.5322471198,14.2149738246,13.3967574278,13.399444355	norm	0.04	264000
274675	0,1,2,3,4,5,6,7,8,9,10,11,12,13,14,15,16,17,18,19	3.97882428188,3.64936354006,3.98791167427,4.55415068209,6.06875038631,8.42608666385,11.5057426748,15.6893219288,19.1569533963,22.0631981382,23.1354715087,22.2753737113,19.5821579833,15.3353240536,11.4296578985,8.90893127755,5.98393303064,4.81502398402,3.89076749379,3.64357263521	norm	0.04	264000
274484	0,1,2,3,4,5,6,7,8,9,10,11,12,13,14,15,16,17,18,19	9.38900722884,9.89989324081,9.55787458702,10.5356677686,12.4713512282,14.2041350327,17.8817057956,21.8842975661,24.9584472384,27.8542733404,29.5505963993,28.6532652199,25.273338529,21.7425397725,17.923982772,14.6876130198,11.9299270965,10.7360800938,10.4205304076,9.63576235346	norm	0.04	264000
274509	0,1,2,3,4,5,6,7,8,9,10,11,12,13,14,15,16,17,18,19	14.2701290161,14.3242111607,14.8152026705,15.3320021226,16.7531029628,18.5160648316,22.1610018659,26.4702654634,29.5909802346,33.0461470541,34.072923135,32.773861025,29.3639782503,26.0419022804,22.4721240005,19.1820951672,16.2282735666,15.6549206874,14.9538454575,14.1650997249	norm	0.04	264000
274946	0,1,2,3,4,5,6,7,8,9,10,11,12,13,14,15,16,17,18,19	-1.81154426736,-2.24274152896,-1.38488749187,-0.964331100974,0.65051645303,2.73538233614,5.80614524825,10.4851278841,13.667494361,16.6707294706,17.9002644542,16.9602902326,14.0020785528,10.2355937932,6.03453216405,2.42277044578,0.863675193417,-0.591215387623,-1.41797020681,-1.95446483485	norm	0.04	264000
275825	0,1,2,3,4,5,6,7,8,9,10,11,12,13,14,15,16,17,18,19	11.4890480807,11.9878339664,12.5684624265,12.7691064038,14.6030386589,17.0124913274,19.7503605569,24.0380890368,28.078890256,30.6577649527,32.1200214887,30.1567630811,27.2916436742,24.0586720015,20.1772210034,17.1994658387,14.0881700431,13.1143050575,12.761570548,12.4311761607	norm	0.04	264000
272080	0,1,2,3,4,5,6,7,8,9,10,11,12,13,14,15,16,17,18,19	13.2505831466,13.3407307497,13.2447450598,14.7560362509,15.6289892555,18.1763634901,21.4889521063,25.5567769069,29.340941775,32.0968464948,32.6186397354,32.2873625826,28.8189288454,25.2327751849,21.6504529142,17.8701978674,16.1281736848,14.1070371978,13.9470029857,13.2667646462	norm	0.04	264000
274475	0,1,2,3,4,5,6,7,8,9,10,11,12,13,14,15,16,17,18,19	-7.14916780954,-7.2194701563,-6.7663402821,-6.45649767076,-4.74401236964,-2.6385424138,0.381520917807,4.87574760358,8.07836577002,11.5336942003,12.1919922005,11.1067052281,8.45567561748,5.08451595343,0.842657763931,-2.12396104569,-4.86214245786,-5.61943511623,-6.56270824902,-7.59777293394	norm	0.04	264000
274067	0,1,2,3,4,5,6,7,8,9,10,11,12,13,14,15,16,17,18,19	-3.75646971883,-3.553630831,-2.82563413207,-2.29652155378,-0.322069842576,1.42853833672,4.47504101041,8.7312645227,12.5615131189,15.8795777757,16.6827721005,15.2986869013,12.6973438001,8.36382403811,5.35863167546,1.60060796177,-1.12567611529,-1.61559254368,-3.03041828424,-3.56691705833	norm	0.04	264000
275545	0,1,2,3,4,5,6,7,8,9,10,11,12,13,14,15,16,17,18,19	-16.8351960289,-16.1720615827,-16.2712910615,-14.8547198028,-13.847781353,-11.6690827673,-8.2629413369,-3.9709489618,-0.70094090303,2.71431820072,2.90763840411,2.21407647954,-0.147095480225,-4.3010035519,-8.20951624744,-11.7678381853,-14.0382492951,-15.5995980118,-15.7921814995,-16.3566629843	norm	0.04	264000
274232	0,1,2,3,4,5,6,7,8,9,10,11,12,13,14,15,16,17,18,19	-16.8512445377,-16.6973618914,-15.8285574843,-15.6309333116,-14.2981010829,-11.6612289534,-8.40810678571,-4.85557023947,-1.11994153039,1.65436730381,3.56131642259,1.83647235312,-1.22527336087,-4.40722979356,-8.03991385261,-11.815385608,-14.1386726139,-15.2357192502,-15.9102805904,-16.9163507766	norm	0.04	264000
272435	0,1,2,3,4,5,6,7,8,9,10,11,12,13,14,15,16,17,18,19	-0.43752523977,-0.76713487078,-0.11118282053,0.929305043168,1.86570172001,3.67822409171,7.46261950146,10.8709779163,14.8558062515,18.1548864233,19.1056146399,17.7985891834,14.8011037472,11.5696529714,7.03001858277,3.99695909866,2.25956170648,0.193868111346,0.130331082525,-0.457546814117	norm	0.04	264000
