ID	X	Y	func	noise	original_trajectory
351858	0,1,2,3,4,5,6,7,8,9,10,11,12,13,14,15,16,17,18,19	212.14531464,218.017981445,219.968944328,218.466278161,217.744271759,219.561851317,220.611560862,216.505076099,217.738098418,213.006766422,218.104057241,222.586407008,219.73110371,221.846477108,216.021710399,216.429005337,216.948748797,218.197898466,219.136944102,220.41234261	tan	0.2	308000
348139	0,1,2,3,4,5,6,7,8,9,10,11,12,13,14,15,16,17,18,19	193.506222918,196.828817108,194.108202593,196.138154467,194.080161382,192.987334484,198.71003771,195.175469176,192.83266855,197.354421361,199.085075182,195.959806876,198.817103273,196.324252104,192.565164413,201.651582958,198.813571806,202.985872129,201.502199383,197.662068202	tan	0.2	308000
351842	0,1,2,3,4,5,6,7,8,9,10,11,12,13,14,15,16,17,18,19	188.011945459,191.080178669,197.747926096,191.14365685,199.667276406,199.334920052,191.773269424,201.207086003,194.743224678,193.442509671,195.704321848,193.028552248,201.901353737,199.05810028,198.407164811,199.703462307,201.395022071,198.245259215,203.681639593,207.938395113	tan	0.2	308000
350887	0,1,2,3,4,5,6,7,8,9,10,11,12,13,14,15,16,17,18,19	198.801758275,199.777533513,209.789761419,204.314892696,211.457844702,210.589274917,202.523725656,211.679533284,207.46312786,208.45775699,204.918089348,209.070322048,209.013103399,213.054308345,203.63856907,207.00595385,209.285157744,212.390800574,209.471283602,213.523521186	tan	0.2	308000
349428	0,1,2,3,4,5,6,7,8,9,10,11,12,13,14,15,16,17,18,19	189.025584892,192.862880901,189.684355048,190.16344817,193.540084842,197.084891169,195.186534472,192.664913693,194.347125915,190.548416253,191.092004953,198.178002206,199.380103692,190.903835026,193.760853871,191.792465945,193.615288056,196.502034441,199.54835692,196.980905436	tan	0.2	308000
348522	0,1,2,3,4,5,6,7,8,9,10,11,12,13,14,15,16,17,18,19	198.997843011,193.586269175,197.819253474,198.373214668,200.626576469,202.018193565,196.117392592,202.769276926,204.901709147,203.137991335,204.424130427,204.245513106,200.962744028,195.988391416,205.481278227,202.180679076,205.564417268,199.459621161,201.478306024,210.68496494	tan	0.2	308000
349975	0,1,2,3,4,5,6,7,8,9,10,11,12,13,14,15,16,17,18,19	202.380086493,208.435772576,215.842648512,209.678742368,211.282785231,207.711625509,210.452440532,215.330882026,214.954203389,209.213090212,211.696173846,209.648422862,208.561342258,213.279411633,214.542312521,217.198424022,217.55674457,211.31472188,220.304357506,218.368394836	tan	0.2	308000
351007	0,1,2,3,4,5,6,7,8,9,10,11,12,13,14,15,16,17,18,19	203.577516523,202.779237688,201.173127291,204.209336867,210.10504114,202.938788967,202.062878441,210.07285647,205.402107813,207.032498383,207.379265811,207.571421278,207.117563595,209.195748742,209.32395037,208.318834404,213.371722529,208.547940534,213.618480552,213.26420778	tan	0.2	308000
350382	0,1,2,3,4,5,6,7,8,9,10,11,12,13,14,15,16,17,18,19	176.679309311,177.912809588,175.44334753,183.422954464,178.33294185,184.822250455,180.16198456,177.732064874,181.82693563,184.769635851,185.649221815,185.485153736,182.899784739,184.069917458,186.035441048,180.853437786,183.043382817,178.771724665,188.655527956,187.090189414	tan	0.2	308000
348060	0,1,2,3,4,5,6,7,8,9,10,11,12,13,14,15,16,17,18,19	200.26746872,201.810658358,201.526747855,208.026634349,205.821637664,206.908698872,204.788752741,200.847003904,208.788270394,206.868210966,210.07285151,207.93868125,207.916169614,204.935526769,206.584450683,204.427741281,208.45525913,207.94127715,208.186879573,212.719627301	tan	0.2	308000
350354	0,1,2,3,4,5,6,7,8,9,10,11,12,13,14,15,16,17,18,19	207.69306578,205.85989743,206.543365279,212.353477749,214.744847956,216.266716897,213.163917042,215.487128363,208.432741097,216.982560059,213.616809864,209.803013456,216.901061243,210.917161757,216.909092936,213.91319327,210.722912194,216.418224972,215.188788579,220.619121586	tan	0.2	308000
349240	0,1,2,3,4,5,6,7,8,9,10,11,12,13,14,15,16,17,18,19	196.773553973,193.811239787,204.120545764,204.160605678,201.251454669,201.866439666,201.453021639,203.668519229,204.98564697,201.688282558,198.072533355,199.521104952,201.859980756,205.892172559,203.932930458,203.785396376,200.56115381,202.988772032,209.702285465,206.389648822	tan	0.2	308000
351431	0,1,2,3,4,5,6,7,8,9,10,11,12,13,14,15,16,17,18,19	196.564283452,201.933466586,202.952172794,205.137148255,208.333389201,200.788539682,200.984074417,206.438558409,207.810379348,203.735257228,203.573639502,206.132087074,204.536780503,206.754948473,208.667888383,207.09427484,202.905245575,202.33849283,208.406676049,209.014085701	tan	0.2	308000
349041	0,1,2,3,4,5,6,7,8,9,10,11,12,13,14,15,16,17,18,19	181.647775196,179.005574451,182.982059385,186.877881336,182.773224448,180.727203333,178.972624234,182.315889233,180.628796218,182.911634284,188.974079944,179.364036697,186.290899533,180.584358308,181.226078433,184.696882687,186.611019975,188.174930964,189.784662204,187.889990501	tan	0.2	308000
349248	0,1,2,3,4,5,6,7,8,9,10,11,12,13,14,15,16,17,18,19	199.184121222,205.981558828,207.125267704,210.666716743,211.241211661,210.926471472,206.982111652,209.087091077,205.549491631,206.544544019,209.169916397,206.239713371,208.59711694,213.083460899,211.185920977,210.484555662,210.046142961,208.108032389,209.765496209,211.63167086	tan	0.2	308000
348581	0,1,2,3,4,5,6,7,8,9,10,11,12,13,14,15,16,17,18,19	177.12750992,180.766684017,181.811426013,178.309396761,187.427235859,185.051597404,187.500235758,187.206469106,180.63001119,181.723141143,187.676267577,182.101307413,182.765785162,183.091656426,184.560292103,180.695114352,187.072387966,189.088365728,184.956461627,187.938773877	tan	0.2	308000
350036	0,1,2,3,4,5,6,7,8,9,10,11,12,13,14,15,16,17,18,19	195.173147093,199.315766816,199.386381234,200.386667738,199.878570841,198.583648924,207.323942721,199.451343563,202.220340766,207.475679908,203.825138853,199.497444141,206.47817782,200.392940702,200.577065987,208.120645895,201.359668824,205.211514177,204.249046667,208.0982639	tan	0.2	308000
349604	0,1,2,3,4,5,6,7,8,9,10,11,12,13,14,15,16,17,18,19	176.026311001,181.009141669,187.845677229,186.245434544,186.918421796,180.890053331,189.29610292,185.485001987,189.243455697,189.402251885,188.713165783,182.184020524,180.880104,188.118156818,187.848637442,190.601169989,183.274348343,189.379651564,185.20787718,186.634865418	tan	0.2	308000
349207	0,1,2,3,4,5,6,7,8,9,10,11,12,13,14,15,16,17,18,19	177.022088477,187.588087555,184.454249851,183.116375624,191.414540817,189.239606922,185.154594137,184.249185113,185.358426546,183.84556168,188.829542336,190.655560625,191.582657923,188.680019177,191.640443425,187.114998887,184.718863181,189.107491645,189.55284819,194.01227946	tan	0.2	308000
348126	0,1,2,3,4,5,6,7,8,9,10,11,12,13,14,15,16,17,18,19	173.830511541,180.144758813,181.151029343,186.365180066,186.060329265,185.071743634,181.89904276,185.620854068,185.936439563,179.805100844,185.160302971,184.430941394,185.984756308,185.642284048,183.724660152,185.594871365,189.589675843,188.252060702,181.843327198,191.666917663	tan	0.2	308000
348642	0,1,2,3,4,5,6,7,8,9,10,11,12,13,14,15,16,17,18,19	201.984549145,197.734412326,206.274308817,200.780612577,207.624007131,206.922024701,201.734259147,203.238824166,206.140184205,203.851220105,201.456054443,205.100255804,209.122016389,207.427144877,201.912055496,209.056173192,208.058318577,209.284702512,209.348584584,205.890982793	tan	0.2	308000
350309	0,1,2,3,4,5,6,7,8,9,10,11,12,13,14,15,16,17,18,19	176.635217244,178.561522421,180.009801707,177.550490804,179.744942366,184.482020682,176.109092042,184.890833747,176.529747675,184.576633893,182.600800725,179.854601192,179.813812502,183.80591951,186.302797533,182.85006204,179.528245084,179.527722532,183.360926722,188.43207687	tan	0.2	308000
351043	0,1,2,3,4,5,6,7,8,9,10,11,12,13,14,15,16,17,18,19	188.148046355,197.49204416,195.221686485,190.366180501,193.376559396,193.957167496,194.298560888,193.53646332,195.781842473,197.544814969,198.182176099,197.037280735,193.501420441,194.877914171,193.918924745,196.109345624,192.452689281,196.62471307,194.117059823,198.730250837	tan	0.2	308000
351372	0,1,2,3,4,5,6,7,8,9,10,11,12,13,14,15,16,17,18,19	212.963751449,213.2940399,211.47329788,213.943368091,213.118654443,214.439931517,219.543472762,213.913055903,221.566987035,212.570157466,221.177455633,221.636601706,217.303804544,219.260787299,223.442995765,216.482806995,217.760864234,218.188981195,220.162142635,219.376209176	tan	0.2	308000
349664	0,1,2,3,4,5,6,7,8,9,10,11,12,13,14,15,16,17,18,19	179.293459339,182.314853931,180.190357406,188.39590062,190.190565049,187.509115547,186.69456255,181.841135617,184.640672372,187.800489534,191.338013433,184.020897519,188.967480805,191.723184821,185.172478817,189.822995328,185.919661871,188.823177993,192.347946641,195.995654024	tan	0.2	308000
348667	0,1,2,3,4,5,6,7,8,9,10,11,12,13,14,15,16,17,18,19	193.635689873,193.975814424,196.125871571,194.214648918,194.513514741,195.349988461,200.168166845,196.499315454,198.712382106,204.450965296,196.061794369,205.382851885,196.673369174,197.983905275,200.698675338,198.174307043,202.86113974,199.622629196,200.141591965,203.698283819	tan	0.2	308000
351784	0,1,2,3,4,5,6,7,8,9,10,11,12,13,14,15,16,17,18,19	189.852288355,195.395117157,189.763179734,188.425643915,195.300302512,192.701274516,194.515164775,189.318212437,197.249497424,195.492329133,192.254451316,198.640928391,194.695431196,195.469241435,199.343426327,194.222080224,193.290110345,192.85497593,193.723669462,204.938154661	tan	0.2	308000
349789	0,1,2,3,4,5,6,7,8,9,10,11,12,13,14,15,16,17,18,19	191.956586827,191.730176984,191.06039866,191.493391575,197.253159888,194.184319398,197.612546411,196.210677932,199.276335141,194.247973194,198.772638964,195.118968293,196.499856829,199.777445203,193.649793666,193.358898099,201.323014054,194.518354622,194.691455588,203.596399666	tan	0.2	308000
350782	0,1,2,3,4,5,6,7,8,9,10,11,12,13,14,15,16,17,18,19	176.313798326,174.715891369,180.902480154,181.82889418,179.349166773,183.374077725,184.486928393,180.490651939,176.342626817,178.870828001,185.040847936,181.363667945,177.050187209,176.620953802,181.104098998,180.563545418,185.787849255,184.130505075,181.512040459,186.135615131	tan	0.2	308000
351978	0,1,2,3,4,5,6,7,8,9,10,11,12,13,14,15,16,17,18,19	176.190199373,182.232295452,179.710276821,179.669028091,178.860994328,187.587420452,188.345383465,181.802012658,183.730124335,183.884499292,182.530979552,183.560211623,183.726033875,182.006940917,184.458167155,187.527984482,188.5725949,186.24057301,190.668114263,192.939897469	tan	0.2	308000
351754	0,1,2,3,4,5,6,7,8,9,10,11,12,13,14,15,16,17,18,19	202.427894617,208.111108756,212.525967442,211.313792554,208.514084193,208.903016499,212.698911616,211.67233532,211.129542559,212.633771016,206.621806496,211.026822249,208.436873889,212.847850829,209.335872825,215.234377449,216.835627936,210.652049628,215.278167544,213.75682609	tan	0.2	308000
348038	0,1,2,3,4,5,6,7,8,9,10,11,12,13,14,15,16,17,18,19	200.473806093,197.691550496,195.511627205,195.869240053,200.093009535,202.92031215,200.813271057,200.79565524,202.921069891,202.967223933,203.559175911,205.003990756,201.216273939,203.063367457,200.774413208,201.978429732,207.635558863,199.46621092,206.611505861,207.124597715	tan	0.2	308000
350467	0,1,2,3,4,5,6,7,8,9,10,11,12,13,14,15,16,17,18,19	193.284062792,199.664412061,193.341136256,194.259943204,193.486609861,201.691437558,193.030486781,194.687977428,192.906495877,196.208775444,195.013864566,194.615178342,198.251174374,198.75875367,197.055735412,197.578127819,196.468523279,195.191190164,200.467684087,201.355161698	tan	0.2	308000
349400	0,1,2,3,4,5,6,7,8,9,10,11,12,13,14,15,16,17,18,19	193.571378766,203.297601166,205.831397277,205.326234991,202.608777767,199.198684385,201.179980153,207.957411847,208.212281209,200.280526228,199.457676442,209.131277378,205.70370422,202.29656439,200.140374446,208.985050188,205.484625381,211.206571182,211.262396608,212.353231419	tan	0.2	308000
351156	0,1,2,3,4,5,6,7,8,9,10,11,12,13,14,15,16,17,18,19	179.52143166,182.929298562,180.975458452,183.976533686,183.985348318,182.851147591,181.550889428,182.806897497,186.082858801,186.089436028,187.247979724,180.800806822,182.866903859,187.015220508,182.179985545,182.719003365,189.627122753,182.012332508,188.473309901,191.098228623	tan	0.2	308000
350967	0,1,2,3,4,5,6,7,8,9,10,11,12,13,14,15,16,17,18,19	191.453305581,199.002757025,196.394021882,197.885397804,202.534932431,202.992607306,203.32987884,194.575306501,200.152864282,196.325654832,202.660250702,202.967869325,196.480860107,201.868931989,198.533033229,198.133648184,197.067270917,205.426608911,203.705490509,203.850865486	tan	0.2	308000
351294	0,1,2,3,4,5,6,7,8,9,10,11,12,13,14,15,16,17,18,19	199.495331181,206.644808728,201.863956685,205.886816064,205.859367178,202.755192682,207.907701834,208.303189137,210.343217218,206.323640866,207.596148156,206.10665982,203.681576456,210.41832268,209.482994705,206.310460422,205.801516352,211.619578894,211.570930489,210.293691954	tan	0.2	308000
349981	0,1,2,3,4,5,6,7,8,9,10,11,12,13,14,15,16,17,18,19	193.92491807,194.829335236,193.291065999,194.749333602,199.99045554,196.801109774,195.749298599,195.572498417,200.42474611,204.498033303,201.423885784,196.555617818,201.675329843,205.599596011,199.12740907,198.130192158,204.63216748,204.491614389,201.119540386,210.278036146	tan	0.2	308000
351720	0,1,2,3,4,5,6,7,8,9,10,11,12,13,14,15,16,17,18,19	181.323428077,185.653382422,185.755448622,187.370542544,179.51011749,182.888937677,187.457309964,189.183212555,184.595844338,188.901369486,182.155246268,182.537720658,186.55706639,181.206844688,190.204247899,189.495677499,189.787899311,188.946170057,184.057802232,186.728170027	tan	0.2	308000
351685	0,1,2,3,4,5,6,7,8,9,10,11,12,13,14,15,16,17,18,19	187.279774545,191.343913814,188.36668883,189.658543025,196.015597287,190.044463234,190.780703077,190.73337642,194.844094836,196.229997686,195.302959217,191.305833282,196.475147834,198.307340541,194.224947104,191.6021215,198.618453946,191.764453318,196.32498819,202.260330695	tan	0.2	308000
350275	0,1,2,3,4,5,6,7,8,9,10,11,12,13,14,15,16,17,18,19	210.190213088,217.539492152,214.735177417,216.583195269,219.55074913,222.219418149,220.539712645,218.659985374,219.162064804,220.146709361,216.557441455,216.325140511,220.50213338,217.03646705,223.502962412,219.982868919,218.25459432,216.51339267,222.126568292,225.991572907	tan	0.2	308000
350341	0,1,2,3,4,5,6,7,8,9,10,11,12,13,14,15,16,17,18,19	178.53473627,187.298369216,190.809590466,188.755129357,190.111156554,185.105456697,191.658162768,186.497223217,189.371121793,187.038694416,186.607318355,190.000838397,189.384662366,191.607357684,185.675076337,188.393272748,187.981305512,192.004054127,191.605888017,195.603827767	tan	0.2	308000
351562	0,1,2,3,4,5,6,7,8,9,10,11,12,13,14,15,16,17,18,19	188.641082037,190.232117733,195.940992857,194.075690615,198.175987234,196.864561807,191.04383888,192.690611498,193.197642675,196.121560439,196.046413147,195.749248544,196.028036615,194.320607105,201.487237175,202.190761359,197.710776017,196.848967382,203.933526995,205.113457103	tan	0.2	308000
349299	0,1,2,3,4,5,6,7,8,9,10,11,12,13,14,15,16,17,18,19	201.611704829,213.299597769,206.222999118,212.599346471,208.36920667,209.73796459,210.426504486,216.344839798,209.208848412,211.522075759,207.132580171,209.613037874,211.760569186,210.945345317,216.820829637,209.093119952,215.883287443,214.503804195,218.229555973,218.537049228	tan	0.2	308000
351776	0,1,2,3,4,5,6,7,8,9,10,11,12,13,14,15,16,17,18,19	188.037111663,194.310409775,192.204603757,197.322103441,200.72517472,198.065085271,194.598792799,200.351545697,193.46236306,196.993952017,193.846209585,197.562621393,199.129904982,199.303842702,201.465653352,197.290513185,199.23447067,200.194965943,202.679293513,203.250444204	tan	0.2	308000
350088	0,1,2,3,4,5,6,7,8,9,10,11,12,13,14,15,16,17,18,19	194.713745002,195.889850765,201.933770079,194.967392625,194.173450425,198.8997214,199.922002369,198.640942777,199.294988258,203.578008483,203.458943299,203.787865501,201.749840553,194.965332044,200.171498724,196.657598168,201.635639116,205.034041973,200.492393152,209.873561211	tan	0.2	308000
350746	0,1,2,3,4,5,6,7,8,9,10,11,12,13,14,15,16,17,18,19	185.172770869,192.084164428,195.375971156,197.351984216,192.342424585,194.287263719,198.546322085,197.679496507,199.241120028,195.875705052,191.097580971,196.000211861,199.168439688,199.561234261,192.8454216,194.07933072,193.20286256,193.719731292,194.502500054,198.849612389	tan	0.2	308000
348941	0,1,2,3,4,5,6,7,8,9,10,11,12,13,14,15,16,17,18,19	180.352993263,186.276670417,181.583845192,183.178730083,187.191062612,183.951648246,185.128106718,185.493474174,185.767740407,189.290440176,182.953927832,192.056845162,187.716368343,192.883581594,188.338896237,191.685334442,193.418514302,193.252580442,194.661844533,197.674426082	tan	0.2	308000
351672	0,1,2,3,4,5,6,7,8,9,10,11,12,13,14,15,16,17,18,19	209.270724384,212.666770741,211.350190894,210.056324617,213.697978386,216.900868582,215.390815521,213.506500768,211.703744258,209.55517854,209.345809417,212.6240211,217.215512692,210.023757538,211.557799832,212.213045013,218.422551162,211.624999912,220.142385222,219.51971754	tan	0.2	308000
351738	0,1,2,3,4,5,6,7,8,9,10,11,12,13,14,15,16,17,18,19	178.697691693,182.612895226,178.055680808,179.074459734,181.98094443,184.13187074,184.52518488,185.702804945,188.707640301,181.088572235,182.161847058,180.363602064,185.793806826,180.542372541,190.056103848,189.125315521,190.818123009,184.863020561,186.0874888,188.926516367	tan	0.2	308000
348730	0,1,2,3,4,5,6,7,8,9,10,11,12,13,14,15,16,17,18,19	193.668347166,203.314510555,206.435928464,199.908812877,206.107964063,200.605819947,200.490461275,207.895164945,206.595829856,202.268646667,208.433159671,206.321991347,208.080798157,208.33543448,205.297574169,206.477651998,202.045537331,203.854131298,203.680894111,209.64410523	tan	0.2	308000
351698	0,1,2,3,4,5,6,7,8,9,10,11,12,13,14,15,16,17,18,19	201.114306062,201.703053112,196.977668988,199.270401156,204.911701091,206.040514935,198.431657963,207.234431457,205.510192518,201.297814324,205.576406733,204.187287253,206.75600934,201.894411048,205.014406294,205.357943788,209.193724385,205.979626663,208.876385471,208.700241148	tan	0.2	308000
351239	0,1,2,3,4,5,6,7,8,9,10,11,12,13,14,15,16,17,18,19	180.43027025,181.600442472,188.958278391,185.109288236,187.688793997,188.779290879,189.050642248,184.330032287,184.640918279,189.48873623,192.996967334,184.568141934,185.434089798,188.879553342,189.220802601,191.416571078,186.556345141,190.912547645,189.103846339,197.767004555	tan	0.2	308000
348620	0,1,2,3,4,5,6,7,8,9,10,11,12,13,14,15,16,17,18,19	181.834470077,176.036680667,179.155703823,179.216794894,186.386438005,185.08149422,185.296655371,187.341296154,184.28914895,183.050562428,182.938052569,188.281368,184.606425329,183.948565132,181.676453814,181.039783994,181.243011788,183.115283326,186.808087467,191.24439827	tan	0.2	308000
351575	0,1,2,3,4,5,6,7,8,9,10,11,12,13,14,15,16,17,18,19	209.547830798,216.062855014,215.401320533,212.328696271,214.245613521,216.869480714,221.532043547,213.664760739,218.482244049,217.130681877,220.096834975,215.23205564,215.543850292,216.713362858,222.140996516,216.776839588,214.449401945,223.292432232,222.319170477,219.87824528	tan	0.2	308000
350868	0,1,2,3,4,5,6,7,8,9,10,11,12,13,14,15,16,17,18,19	199.794095263,203.071275236,202.106831712,202.931350502,211.372875218,208.310819487,210.121645043,202.798281163,211.969504019,209.960315891,202.938788921,205.694574919,208.185128176,210.47447043,203.287077047,207.792691186,205.386044564,206.296071779,213.138176482,211.26114415	tan	0.2	308000
351340	0,1,2,3,4,5,6,7,8,9,10,11,12,13,14,15,16,17,18,19	194.01113848,202.13138136,200.826856929,199.834435587,198.422385924,204.449630642,199.574247383,207.137714369,204.388248378,207.905690091,205.498811924,203.981657449,206.232322714,206.373824221,207.935212488,206.070213977,203.196602976,202.14976824,208.446275951,214.605490437	tan	0.2	308000
349845	0,1,2,3,4,5,6,7,8,9,10,11,12,13,14,15,16,17,18,19	173.691435395,184.32625382,176.37361379,184.049479035,186.203902852,182.511981463,177.873449174,178.321644708,179.485406604,180.941036209,180.220815575,187.903824769,185.580573845,186.912394822,180.696307264,189.364068826,180.909243159,187.741647883,181.700746421,186.575603764	tan	0.2	308000
351831	0,1,2,3,4,5,6,7,8,9,10,11,12,13,14,15,16,17,18,19	210.715280799,215.596346482,214.293580707,212.546791969,212.456487921,219.354348411,221.401232679,217.402111667,213.723362733,220.962945394,216.405912085,218.42719592,219.297982751,219.667220522,216.966022673,219.266986882,215.547084327,218.038793824,222.829885483,227.169583163	tan	0.2	308000
348334	0,1,2,3,4,5,6,7,8,9,10,11,12,13,14,15,16,17,18,19	205.593571763,216.17015271,213.051213727,215.141418933,219.542442415,210.974357067,217.199024641,219.093738058,218.167350664,217.698510863,217.078010499,216.781040001,217.178143067,216.593896041,212.041040499,221.639085511,213.418007425,218.812314819,223.260586548,224.090165122	tan	0.2	308000
351137	0,1,2,3,4,5,6,7,8,9,10,11,12,13,14,15,16,17,18,19	185.176668102,188.518156397,190.372472271,187.233371405,185.918739032,185.512764068,192.281898412,189.03587453,184.430375596,189.085098838,188.430681189,185.406565855,187.54129545,189.10717519,190.285594629,185.755600965,193.956401109,189.238947489,187.0366728,197.363996182	tan	0.2	308000
348055	0,1,2,3,4,5,6,7,8,9,10,11,12,13,14,15,16,17,18,19	207.330206743,203.978488837,207.084538086,205.545278438,209.072542323,213.065791826,214.025814344,214.037327829,209.742606418,207.520764493,208.240924358,211.712722342,208.45559277,211.144302128,214.610737077,207.952828236,216.210953632,214.739651154,218.975816817,214.680917212	tan	0.2	308000
349997	0,1,2,3,4,5,6,7,8,9,10,11,12,13,14,15,16,17,18,19	190.047943975,197.102022762,195.716438476,197.479495008,197.627426074,193.78201047,195.998842799,192.835320636,198.599838369,196.137333675,197.948296854,196.752164617,197.10916612,194.389944374,200.301776589,201.003725477,191.977261039,200.449668999,201.751051482,200.822929347	tan	0.2	308000
350325	0,1,2,3,4,5,6,7,8,9,10,11,12,13,14,15,16,17,18,19	190.503779163,189.263526063,186.652339325,195.922900246,193.272824985,197.192554386,196.558566527,194.174982434,193.096101882,189.888594258,192.118017548,193.994548042,197.269358704,196.452786476,198.049754714,191.600697599,190.983468804,197.147899785,197.266225364,196.181539506	tan	0.2	308000
351041	0,1,2,3,4,5,6,7,8,9,10,11,12,13,14,15,16,17,18,19	181.543621208,193.580555313,188.574435946,192.172672977,194.353944897,194.61231269,190.230727971,194.65188931,195.233501886,189.663696843,190.715458732,191.646548584,196.913024898,193.025961135,192.374825749,191.320229825,195.693384865,196.254613058,200.43670808,199.170530811	tan	0.2	308000
350896	0,1,2,3,4,5,6,7,8,9,10,11,12,13,14,15,16,17,18,19	170.900374568,176.906204128,180.987201128,177.104327556,185.025669922,183.511350249,183.136811466,178.62039647,182.050009217,183.386619829,183.339285045,180.083845223,178.934042067,179.885198727,187.126111929,184.465458083,186.882737271,179.795213581,183.737021759,186.203636706	tan	0.2	308000
349081	0,1,2,3,4,5,6,7,8,9,10,11,12,13,14,15,16,17,18,19	185.045987551,184.545399335,190.227875267,190.886354,189.429953787,184.236821672,183.042130306,184.767637968,186.348474495,189.168548232,182.945961128,184.298430299,189.315661311,188.393853913,190.09512066,184.781300966,188.175377603,191.39204448,186.028304264,190.836974766	tan	0.2	308000
350130	0,1,2,3,4,5,6,7,8,9,10,11,12,13,14,15,16,17,18,19	184.929442677,196.442693618,190.963853463,196.19391889,190.439034075,198.606406902,196.216321791,191.507790557,193.272050162,198.526702443,199.695868732,196.808439631,200.097574155,197.61224755,193.872033445,200.813375825,195.897417442,202.951327375,196.58758795,199.431773058	tan	0.2	308000
349427	0,1,2,3,4,5,6,7,8,9,10,11,12,13,14,15,16,17,18,19	198.274528442,196.988675713,197.534810274,194.274563414,195.260112373,197.399235288,198.609949841,200.246336131,198.79866462,200.809143684,201.38396196,202.618559717,196.522333528,198.115154238,205.169245065,201.999478967,201.358227388,197.517884569,202.235457401,208.781992709	tan	0.2	308000
350065	0,1,2,3,4,5,6,7,8,9,10,11,12,13,14,15,16,17,18,19	191.7048032,198.323010739,196.859694647,200.799934063,201.678185301,201.586749233,198.217187239,200.09622494,198.923653348,202.436568735,198.467309715,199.38568449,208.101302624,206.962168285,201.771848757,206.590313311,201.148023976,207.217913899,206.39990438,210.811281251	tan	0.2	308000
348008	0,1,2,3,4,5,6,7,8,9,10,11,12,13,14,15,16,17,18,19	200.846692824,200.788128263,200.167902915,205.903019482,205.335054505,209.463414181,200.303930345,206.145440901,200.979047448,206.581911242,200.863310075,201.925470109,201.083618849,200.920300997,207.360203438,209.681351858,210.968059159,207.359950268,206.940143433,209.315693858	tan	0.2	308000
351136	0,1,2,3,4,5,6,7,8,9,10,11,12,13,14,15,16,17,18,19	190.914724394,191.42025775,199.530472155,191.364709242,197.338024323,200.725102175,197.990592198,199.996820954,192.714185566,193.415909463,202.058819704,193.22169503,195.378087567,195.755034813,197.011935612,203.221861933,194.176790756,199.735948366,198.227460945,203.254427121	tan	0.2	308000
348571	0,1,2,3,4,5,6,7,8,9,10,11,12,13,14,15,16,17,18,19	179.266918378,179.474247824,180.098878742,180.807630579,185.884118021,181.174498855,186.028010268,186.23794365,184.612967843,179.159030442,180.648517725,181.346187892,181.669879307,178.834289787,183.358542564,186.049551736,188.537742623,183.315367565,188.465609675,189.670440867	tan	0.2	308000
349461	0,1,2,3,4,5,6,7,8,9,10,11,12,13,14,15,16,17,18,19	207.662974067,209.907625085,212.738244304,203.600116448,210.497889236,204.492881641,212.323006922,211.5537784,206.111576315,209.793019406,214.919226361,205.729301097,206.954410965,206.913411067,208.091596067,213.659680036,213.749332624,217.023481733,213.321432606,216.451919673	tan	0.2	308000
350264	0,1,2,3,4,5,6,7,8,9,10,11,12,13,14,15,16,17,18,19	209.289915026,215.655517296,214.850828649,218.726941371,221.424264012,222.201241278,213.676414485,217.404992285,213.610753428,216.52073244,214.22895489,214.921471499,222.233333151,220.439063537,220.36677964,219.496681172,217.28547765,220.090086875,225.587022792,226.204812482	tan	0.2	308000
348660	0,1,2,3,4,5,6,7,8,9,10,11,12,13,14,15,16,17,18,19	212.90152162,215.292758863,213.101675921,211.810553774,218.274158545,210.504778429,218.242136887,211.092700946,213.622057203,213.481917419,215.268411931,213.492411082,213.569406591,220.255356818,217.354444835,214.137469938,218.00522299,219.293592978,222.114562084,217.134160387	tan	0.2	308000
349165	0,1,2,3,4,5,6,7,8,9,10,11,12,13,14,15,16,17,18,19	208.401564242,216.589385722,214.107526326,216.088876721,220.01955294,219.982541035,222.803634232,215.006827541,221.045784826,219.062922706,220.183419264,217.126646536,221.704155318,224.569777782,222.532581946,217.618770415,222.363313013,218.758709263,225.014631764,223.506506888	tan	0.2	308000
351829	0,1,2,3,4,5,6,7,8,9,10,11,12,13,14,15,16,17,18,19	215.67404704,212.611375096,218.644749398,217.670931968,217.360845101,213.29710472,214.009502771,220.872941358,214.564843409,220.08205958,217.850959826,218.322501266,214.053440759,216.087613519,219.815224901,220.173649986,222.700596629,222.721679352,223.214752503,226.854011437	tan	0.2	308000
348268	0,1,2,3,4,5,6,7,8,9,10,11,12,13,14,15,16,17,18,19	173.205376965,178.560100175,182.39000806,177.039275785,184.864779351,175.460521201,178.362394228,180.397245952,181.779202302,177.164260562,179.406931537,186.041205902,181.321607161,177.416350137,178.040113322,178.165415015,187.022245259,180.11169959,188.680874275,188.908886084	tan	0.2	308000
350140	0,1,2,3,4,5,6,7,8,9,10,11,12,13,14,15,16,17,18,19	213.149589916,214.521738519,222.398699724,216.785682623,214.859730459,213.831240166,218.07109984,215.650047965,221.647166892,217.576467694,222.427380475,221.01920192,217.741105587,221.487919263,222.448481978,217.114804854,219.458594921,216.77316528,224.33014915,230.143108651	tan	0.2	308000
348882	0,1,2,3,4,5,6,7,8,9,10,11,12,13,14,15,16,17,18,19	169.848099417,178.785842822,183.701975171,182.027903942,183.978518125,175.886801821,177.772292452,181.743328837,183.290380163,185.491278541,176.401914253,180.100868382,179.965847846,179.258788808,186.424002052,183.142546639,186.452659535,183.835499178,179.45949961,184.001306787	tan	0.2	308000
351576	0,1,2,3,4,5,6,7,8,9,10,11,12,13,14,15,16,17,18,19	191.663724845,196.946068836,194.58207639,193.605749002,198.140621768,198.293524278,197.74324511,193.167521184,191.132380658,192.34523439,194.600431045,194.943689545,200.953004438,199.799684902,192.722406495,193.780313472,199.95827452,195.854561323,200.954435362,198.386136534	tan	0.2	308000
350449	0,1,2,3,4,5,6,7,8,9,10,11,12,13,14,15,16,17,18,19	171.864694157,177.481344156,179.512828935,182.217540243,179.108674144,180.116533591,184.859039031,179.022608806,178.781621687,183.460927345,178.577034082,179.330328984,183.747036807,181.280738752,181.395201213,182.324651957,182.167336992,186.564419639,183.321967599,183.774376742	tan	0.2	308000
348701	0,1,2,3,4,5,6,7,8,9,10,11,12,13,14,15,16,17,18,19	183.66126535,191.998548055,189.805485082,191.120616861,187.769087264,190.799026565,188.784276357,188.168343516,196.555405941,195.989604559,195.432726346,193.882694203,190.521447521,189.582876343,195.909726764,193.347654149,197.252128415,191.696955817,193.190591477,197.301201072	tan	0.2	308000
349937	0,1,2,3,4,5,6,7,8,9,10,11,12,13,14,15,16,17,18,19	196.049591877,198.501757986,198.551523059,200.869988409,200.737542502,203.997637419,204.59954902,204.639396136,196.986420446,198.693104488,197.627952511,205.864859741,199.814773775,205.084574111,206.69646125,205.449169906,204.635234144,200.769719205,208.108404855,208.526521149	tan	0.2	308000
351180	0,1,2,3,4,5,6,7,8,9,10,11,12,13,14,15,16,17,18,19	203.916019443,209.345288286,217.808942046,213.5493625,213.213442504,218.978171001,219.360037739,214.076114189,212.388152555,211.506884456,215.583593191,213.385865137,219.319433454,214.469579338,216.639699643,214.393731709,221.495428458,219.831882438,217.889030386,219.333634228	tan	0.2	308000
348423	0,1,2,3,4,5,6,7,8,9,10,11,12,13,14,15,16,17,18,19	199.30855146,202.484230732,202.897588379,203.69153362,198.182071736,202.102303126,202.702954786,202.603510105,199.993687335,200.161306241,207.106679314,206.665536774,202.168917752,202.793651885,200.532790151,208.830131491,202.734770549,206.189554441,207.03982297,208.144212735	tan	0.2	308000
348262	0,1,2,3,4,5,6,7,8,9,10,11,12,13,14,15,16,17,18,19	175.777790081,178.328507223,177.491479961,180.494390346,186.962070009,187.29043637,181.162511498,184.122650561,180.080635789,179.288355428,185.333262522,180.194038383,182.264173508,180.360514278,189.380732261,186.933066807,184.028458076,183.591934651,188.909995748,189.89132773	tan	0.2	308000
348111	0,1,2,3,4,5,6,7,8,9,10,11,12,13,14,15,16,17,18,19	205.939406973,207.60174675,206.419755286,216.737499191,209.637357613,215.849170925,216.714402712,214.13562212,216.981401611,215.030083917,212.828455613,209.176807255,218.594709544,216.825417366,217.000767831,215.966149682,216.296454955,214.381859451,220.468503606,221.509176578	tan	0.2	308000
349132	0,1,2,3,4,5,6,7,8,9,10,11,12,13,14,15,16,17,18,19	176.614837901,179.204615771,181.847535201,176.690698715,179.838724077,185.133628714,182.261541621,178.384424201,185.368078641,185.973320249,178.730616735,181.688682647,181.519869218,187.876992134,179.367315666,180.848863034,181.6264493,185.072760657,189.364152818,193.290620392	tan	0.2	308000
349932	0,1,2,3,4,5,6,7,8,9,10,11,12,13,14,15,16,17,18,19	170.316578151,177.884141844,179.139062021,175.543456506,178.879414077,182.820582663,182.330202144,180.503745266,178.443632692,184.655970803,182.239626061,185.466263061,184.884659828,183.03707464,180.940452669,183.4695893,179.867460142,187.574424159,179.58755147,191.593426123	tan	0.2	308000
350711	0,1,2,3,4,5,6,7,8,9,10,11,12,13,14,15,16,17,18,19	197.008002538,195.419800078,199.82573444,201.889624505,199.320107877,201.257362507,195.313187968,203.50911085,196.448309316,196.060788557,195.314022988,202.59434034,198.018052834,198.096749525,199.779884174,203.976503754,197.831897403,204.971972548,200.582770792,200.889331614	tan	0.2	308000
350363	0,1,2,3,4,5,6,7,8,9,10,11,12,13,14,15,16,17,18,19	207.694315215,211.477972165,219.393015627,217.414530421,216.913083436,221.09668521,212.795560977,220.805196548,212.824513545,220.496180053,218.770270125,222.268121069,217.620809824,212.686977271,221.134079455,222.786085082,217.938838317,222.842828839,224.117682588,219.029324824	tan	0.2	308000
348137	0,1,2,3,4,5,6,7,8,9,10,11,12,13,14,15,16,17,18,19	178.690426812,188.034836896,186.598646627,184.467967286,186.978226792,186.98689343,189.74805061,192.732935892,189.799452925,190.370413303,188.031932628,193.15006961,192.982092434,192.054170632,192.523809137,188.862718438,192.606147487,187.27548671,190.864026963,196.234579196	tan	0.2	308000
349759	0,1,2,3,4,5,6,7,8,9,10,11,12,13,14,15,16,17,18,19	176.53857946,181.955743344,183.193061606,187.163264761,186.723004153,188.480499579,184.473755983,184.088004735,181.269648171,188.570534611,185.594923051,184.16180561,189.029976829,188.333583204,183.91399142,184.198370173,190.076002934,188.138099971,188.324621866,193.745215815	tan	0.2	308000
351813	0,1,2,3,4,5,6,7,8,9,10,11,12,13,14,15,16,17,18,19	194.632917007,194.731367122,195.609905178,199.191389889,202.431374195,199.906435323,199.028429111,199.825488998,196.891277666,201.300325874,198.462229082,200.552870742,206.660580737,200.427011216,204.587709172,206.4818787,203.312147983,203.288772246,208.959289742,206.499123801	tan	0.2	308000
349641	0,1,2,3,4,5,6,7,8,9,10,11,12,13,14,15,16,17,18,19	192.122279859,203.54858917,203.473754256,200.34025215,199.962566382,199.469211222,200.458776947,205.573178437,201.030172322,198.227906725,198.706365203,205.480123923,207.540572894,201.683395446,201.465164499,200.622775111,200.152690749,205.649323607,206.515304836,207.685851223	tan	0.2	308000
348679	0,1,2,3,4,5,6,7,8,9,10,11,12,13,14,15,16,17,18,19	207.590208869,211.461119935,210.294309484,211.040146298,215.94850393,212.237465212,209.360391281,214.311498916,213.402377587,213.592325602,216.312694265,217.617405124,212.09207155,213.492074628,211.871330351,216.169248238,217.494053655,214.147874026,218.618272015,223.391453125	tan	0.2	308000
349106	0,1,2,3,4,5,6,7,8,9,10,11,12,13,14,15,16,17,18,19	184.161679851,184.897106983,191.059786198,195.106415714,189.950145509,191.689578875,188.056752922,190.471790768,194.735295338,188.485493026,192.872777609,190.09359104,188.95477235,191.767827574,194.617475597,194.085667143,198.578990378,192.97002624,192.029927836,195.448370051	tan	0.2	308000
350573	0,1,2,3,4,5,6,7,8,9,10,11,12,13,14,15,16,17,18,19	180.399750876,185.012833794,184.390609555,185.528091257,189.324476244,193.433807373,191.626319886,194.430299324,187.245720039,194.522284542,187.984603745,192.156511794,192.694072044,193.097785573,194.849334057,189.012245538,195.455806629,190.516480081,195.235330117,198.138475993	tan	0.2	308000
351844	0,1,2,3,4,5,6,7,8,9,10,11,12,13,14,15,16,17,18,19	213.657235366,213.507851596,213.418846948,216.783868658,221.535156185,223.458824493,222.858786087,223.585928649,218.848641422,216.217225712,218.546805923,222.043799872,224.805170991,218.843289273,216.503289956,218.182003365,223.673276532,219.188897238,226.789289987,225.33869828	tan	0.2	308000
349346	0,1,2,3,4,5,6,7,8,9,10,11,12,13,14,15,16,17,18,19	180.234965762,177.683885178,181.086349306,179.399147412,183.745108367,186.264300327,186.95670674,189.516974537,180.82454973,180.866622031,185.162943447,184.258206931,189.246323005,187.438411398,184.19452365,183.269300901,187.727789681,190.915460206,190.894452642,195.207159138	tan	0.2	308000
348924	0,1,2,3,4,5,6,7,8,9,10,11,12,13,14,15,16,17,18,19	182.747526596,184.694571623,183.384029125,191.271719606,188.945679183,190.546175967,187.095977963,188.782494502,194.517918128,187.482662389,192.126435054,189.336752883,192.136387215,185.864268762,188.041622393,193.022168422,195.79550197,195.867474673,196.890694619,192.993681305	tan	0.2	308000
349502	0,1,2,3,4,5,6,7,8,9,10,11,12,13,14,15,16,17,18,19	177.059276326,181.108867173,185.350353588,183.696424605,178.819949636,185.60132488,183.216330054,186.948644611,185.272019679,179.688951722,181.318070526,188.510762699,185.010154764,187.452563777,181.059493672,189.573181452,188.200606954,187.528782765,182.443525149,188.052754927	tan	0.2	308000
351304	0,1,2,3,4,5,6,7,8,9,10,11,12,13,14,15,16,17,18,19	185.209073547,181.696945789,185.471252555,185.371257629,186.543478389,181.609741746,191.047280744,184.209400867,188.256080158,183.419494867,183.629494719,189.386694462,189.920263312,183.003889837,189.39819412,186.595503502,190.082299536,190.553008408,190.43952183,196.349476278	tan	0.2	308000
348324	0,1,2,3,4,5,6,7,8,9,10,11,12,13,14,15,16,17,18,19	189.975281406,190.794654555,196.159725715,195.87016635,190.857026544,197.362439379,190.129120985,192.010989805,191.564315206,190.488605109,192.877570647,195.541526253,192.168430215,194.696412538,194.817596458,196.025645074,190.616467539,198.708360708,199.50506366,204.798604334	tan	0.2	308000
348053	0,1,2,3,4,5,6,7,8,9,10,11,12,13,14,15,16,17,18,19	182.017783087,180.6504111,188.71761623,184.18185187,186.062968206,183.335719035,189.688859745,181.964850755,183.050760063,188.547569619,183.99975763,191.693176017,190.498533104,187.458229133,192.064754687,189.989579045,191.342232087,185.229549308,187.051058003,193.660692063	tan	0.2	308000
348345	0,1,2,3,4,5,6,7,8,9,10,11,12,13,14,15,16,17,18,19	190.441967054,189.885731921,187.881315181,196.228724205,191.592288038,196.503247837,192.455667326,189.392868044,195.088198261,198.005305299,193.552693156,191.077637638,194.794899879,191.148238204,199.584519071,193.569988195,198.176866472,193.807768662,195.846025177,204.772851104	tan	0.2	308000
349432	0,1,2,3,4,5,6,7,8,9,10,11,12,13,14,15,16,17,18,19	196.836634265,207.188628686,203.326947283,210.508898467,207.027866076,206.135493329,210.264447106,206.366308179,208.441504541,211.65654958,205.896695881,208.399192753,211.699723361,205.78135735,210.485543225,207.048305669,212.169734916,212.218093393,213.529230023,217.482265882	tan	0.2	308000
350124	0,1,2,3,4,5,6,7,8,9,10,11,12,13,14,15,16,17,18,19	192.963629093,196.186776092,196.450820622,197.019393242,194.344730712,190.152739518,190.987729295,197.568709641,191.66675071,195.457179114,198.128293956,195.035526353,197.064686186,192.255873448,198.993568522,192.492966642,196.365308589,199.20526062,201.257421113,202.796868424	tan	0.2	308000
350879	0,1,2,3,4,5,6,7,8,9,10,11,12,13,14,15,16,17,18,19	197.73987532,201.944784054,205.970156551,205.657281771,208.554497117,206.414666303,204.619595132,203.8118244,211.203125308,207.946128588,208.335973843,207.464529105,209.76246625,211.582410594,204.922587315,211.144986047,206.602222785,213.691672207,206.361723831,213.101862354	tan	0.2	308000
349384	0,1,2,3,4,5,6,7,8,9,10,11,12,13,14,15,16,17,18,19	214.51325509,211.326148743,217.835083386,214.793726599,218.316880581,214.859272862,217.480101507,221.38355164,218.039766929,215.563550087,213.638266566,216.615565151,220.304050067,217.377745584,219.328763023,221.226841262,221.143814467,218.221201469,224.826999615,224.641094534	tan	0.2	308000
350033	0,1,2,3,4,5,6,7,8,9,10,11,12,13,14,15,16,17,18,19	212.79463697,212.242811325,214.201355921,218.953816095,213.468013192,219.635608468,217.068550517,216.385013186,216.328402451,214.715310203,216.666056151,213.106924274,214.972354497,217.74882873,217.217287134,218.059075337,220.13363743,215.994764434,222.416168915,226.070025196	tan	0.2	308000
350509	0,1,2,3,4,5,6,7,8,9,10,11,12,13,14,15,16,17,18,19	183.387628992,188.37601976,189.235568942,186.592289546,190.55123445,187.1962369,190.776239068,190.564381007,192.556321944,196.315073673,189.482074023,194.838336086,194.924349665,187.973406171,196.049166907,194.278493612,194.651866445,197.551900149,195.887869572,196.170316369	tan	0.2	308000
348771	0,1,2,3,4,5,6,7,8,9,10,11,12,13,14,15,16,17,18,19	207.998373195,211.555312328,218.263519681,217.219495449,214.354479712,217.033343073,219.863023484,218.038827894,216.136283574,220.337025682,212.465307504,216.319599607,218.47050162,214.465681051,220.319284686,213.219988881,219.830772439,221.989331376,221.287562075,221.240118428	tan	0.2	308000
348599	0,1,2,3,4,5,6,7,8,9,10,11,12,13,14,15,16,17,18,19	192.573130815,197.693027184,199.090622192,193.967184598,193.897015274,193.979627852,195.730635472,194.386179638,199.180178338,201.438759068,198.96326571,199.461850686,197.95322828,204.042704673,202.03104108,201.075736763,202.089585473,202.602345929,198.521741862,201.350326552	tan	0.2	308000
350586	0,1,2,3,4,5,6,7,8,9,10,11,12,13,14,15,16,17,18,19	206.926881441,201.8480319,208.933515795,206.586172784,212.174935223,210.875855219,205.852628076,204.703795969,206.854039421,210.572353183,213.226751462,213.185028457,213.03515235,209.797392286,205.780687847,209.067417675,214.658714934,211.019324237,206.911253414,210.236832571	tan	0.2	308000
349124	0,1,2,3,4,5,6,7,8,9,10,11,12,13,14,15,16,17,18,19	199.312688063,209.59915754,209.493281691,204.127735011,211.455199105,211.146527918,211.567999678,213.382223985,208.689406056,207.662573391,209.244196087,212.071255006,214.918579912,210.464111613,212.916131065,213.071516279,212.906477139,210.614783272,212.038955645,215.450532788	tan	0.2	308000
350465	0,1,2,3,4,5,6,7,8,9,10,11,12,13,14,15,16,17,18,19	204.648039557,205.837851962,211.050571774,210.309151416,210.38083711,216.101963756,217.959138303,213.217499847,212.040934505,210.402263503,211.272095219,208.878286444,210.024298387,216.053035377,210.563813386,213.881783292,216.007484357,216.261436341,218.414956729,218.359960097	tan	0.2	308000
350006	0,1,2,3,4,5,6,7,8,9,10,11,12,13,14,15,16,17,18,19	178.966686205,181.877915483,177.996765591,177.634805902,177.59108418,180.782592246,184.396362157,181.359844481,181.246213827,184.581056459,179.989111653,182.669589481,179.216633167,185.022147855,183.285340436,180.409658175,186.32115391,185.051136429,190.28163337,190.483834898	tan	0.2	308000
349232	0,1,2,3,4,5,6,7,8,9,10,11,12,13,14,15,16,17,18,19	193.326009781,194.766764664,197.061189198,194.880379964,197.955204616,196.703692631,194.171383699,203.381107666,194.751645919,194.453949796,198.48241616,201.806074989,196.30127804,199.66539143,198.103336826,198.309886711,205.522506996,205.097383997,199.334847949,201.005706447	tan	0.2	308000
349008	0,1,2,3,4,5,6,7,8,9,10,11,12,13,14,15,16,17,18,19	176.10745698,179.193026059,178.811025563,183.526869504,184.910215389,180.003530785,187.599322822,179.246900816,181.411872847,188.318696946,185.973315154,188.88691948,187.980416811,182.744126439,182.82554007,180.167750468,189.472802079,188.83534051,182.94332436,187.313259053	tan	0.2	308000
351062	0,1,2,3,4,5,6,7,8,9,10,11,12,13,14,15,16,17,18,19	182.403759078,184.741218686,182.344432199,182.600862111,185.752251731,190.199948668,189.518235963,189.361004735,188.211032834,191.673011645,189.425139272,186.418519169,183.358463688,190.386540253,192.141797602,190.241246674,188.248118706,186.57989818,189.130234169,190.902814326	tan	0.2	308000
349506	0,1,2,3,4,5,6,7,8,9,10,11,12,13,14,15,16,17,18,19	204.868183496,207.925879019,210.935791095,206.119012133,207.410994569,204.322844191,213.519858343,213.794263473,205.931460692,211.751828678,208.812534785,212.335090446,213.075468079,212.564391615,206.542802579,207.749788012,207.51509591,208.284398534,213.317017539,215.838436044	tan	0.2	308000
348252	0,1,2,3,4,5,6,7,8,9,10,11,12,13,14,15,16,17,18,19	185.632768853,187.953988471,189.47653334,192.885349378,191.319600668,185.818598304,193.028625575,191.586221702,194.356131434,192.047526008,195.359550866,194.620546202,189.390441316,195.824410562,194.25750185,187.750913822,192.339239359,192.95715588,190.914774881,196.20732837	tan	0.2	308000
348923	0,1,2,3,4,5,6,7,8,9,10,11,12,13,14,15,16,17,18,19	185.422759989,188.848169005,182.842920488,187.486751533,189.164092719,187.881326077,193.829728089,190.569793593,189.666154891,191.888095878,193.605505805,191.927620425,194.454172715,194.819409028,189.017105913,195.652221961,186.604490023,188.71329943,188.190353044,192.346499433	tan	0.2	308000
351974	0,1,2,3,4,5,6,7,8,9,10,11,12,13,14,15,16,17,18,19	197.319126607,205.559329341,206.133189069,203.015893885,207.59746097,209.870613115,206.646896812,210.581629428,207.973536048,206.949347525,204.865401174,207.532682159,211.453571879,206.584444825,205.669162107,212.639666801,210.774892244,207.775811705,212.81690664,214.723806653	tan	0.2	308000
348848	0,1,2,3,4,5,6,7,8,9,10,11,12,13,14,15,16,17,18,19	207.460385535,208.111290314,209.001496338,207.093485984,206.547497808,213.329071439,215.407532724,208.961151651,210.393720926,214.204881777,215.368329617,207.556511153,208.467841207,209.833172554,213.30921775,208.144821178,214.714564077,215.45969361,211.841160527,219.873332909	tan	0.2	308000
348645	0,1,2,3,4,5,6,7,8,9,10,11,12,13,14,15,16,17,18,19	200.431064873,207.158752744,204.534681142,204.467385442,207.488396382,205.858915796,202.56177563,205.990263458,202.065339895,202.281051525,209.145856891,203.824940313,209.654486228,204.68886069,207.628790651,209.627690349,206.702373247,207.025244403,210.371630909,211.983122562	tan	0.2	308000
350733	0,1,2,3,4,5,6,7,8,9,10,11,12,13,14,15,16,17,18,19	208.547906536,213.748351718,215.781502145,212.784410921,217.71080577,209.63728635,209.472299487,210.758463395,209.221680241,210.533630973,211.118723401,216.752289259,212.387757966,213.119734533,214.786501721,217.584544693,218.824088147,221.049714849,220.617195973,221.942827852	tan	0.2	308000
349990	0,1,2,3,4,5,6,7,8,9,10,11,12,13,14,15,16,17,18,19	181.419247436,177.952700886,184.460331248,187.023846046,179.239618671,179.405606722,181.31080541,184.626930758,180.117719697,182.942860578,186.490517973,184.356629111,185.834429435,183.310384836,185.180632982,187.757506568,189.984963262,182.424103295,185.840344794,188.983280798	tan	0.2	308000
349072	0,1,2,3,4,5,6,7,8,9,10,11,12,13,14,15,16,17,18,19	217.346833564,215.453001017,220.232643741,215.642836927,219.177758085,216.947103087,216.24182354,217.451286941,218.562368512,217.534468486,219.423236586,223.940758995,215.574975156,222.013155667,219.017123992,222.209948313,218.324171839,221.208383703,224.389435944,228.1587213	tan	0.2	308000
351010	0,1,2,3,4,5,6,7,8,9,10,11,12,13,14,15,16,17,18,19	181.726541108,178.064920485,185.616314499,184.729094615,182.965884054,179.323295342,185.661837131,185.086696736,182.082111745,187.871823126,180.153096564,189.416683604,189.551705565,189.598195386,184.217788734,187.157623132,181.28962265,190.336456336,190.54544189,189.596504582	tan	0.2	308000
351737	0,1,2,3,4,5,6,7,8,9,10,11,12,13,14,15,16,17,18,19	207.112529826,209.402772102,210.855431778,204.534480962,203.513474898,210.316645583,207.020574962,208.352517698,211.660220396,209.688855409,213.750070648,205.069522098,205.667324726,206.962132308,206.791575213,208.238123954,210.704527296,213.53585837,210.994858347,215.529095699	tan	0.2	308000
349519	0,1,2,3,4,5,6,7,8,9,10,11,12,13,14,15,16,17,18,19	176.53965476,176.620269002,176.239939223,184.155118388,184.855298675,183.653549155,181.322399498,181.218480599,183.179645836,180.767981764,177.416380694,184.785907885,185.493256221,180.134612559,179.612193564,178.004576688,188.088046462,181.582654007,181.044054225,189.203307281	tan	0.2	308000
348190	0,1,2,3,4,5,6,7,8,9,10,11,12,13,14,15,16,17,18,19	172.390122788,176.453078152,175.989678862,181.61414778,183.26949778,179.888603489,184.682682435,184.260111558,181.262670278,185.449750895,180.689859394,182.291441131,186.844660731,186.202127434,183.699628342,177.548520742,180.34407121,185.290654579,189.108908745,190.567230366	tan	0.2	308000
351148	0,1,2,3,4,5,6,7,8,9,10,11,12,13,14,15,16,17,18,19	195.615727194,194.635798591,194.012029771,198.034202781,198.984978117,193.772420587,197.68194421,202.159709077,193.686686349,192.912630762,202.88366431,197.197159049,200.54153914,199.809000849,201.039169437,202.326385293,202.336863891,196.634894149,204.990741045,205.938359899	tan	0.2	308000
351510	0,1,2,3,4,5,6,7,8,9,10,11,12,13,14,15,16,17,18,19	191.90554744,195.592802596,193.908636218,197.11703986,200.07048271,192.313973281,200.285302366,195.297622265,197.381790982,201.076596952,196.68648246,193.74986461,194.79411334,194.118581246,197.713549707,201.543626129,194.393861945,202.150767398,195.223004158,199.295147656	tan	0.2	308000
348585	0,1,2,3,4,5,6,7,8,9,10,11,12,13,14,15,16,17,18,19	179.844226575,183.710805128,183.47003154,189.375996322,187.778667944,185.708867381,185.124879703,191.774778446,185.123085346,193.752505968,194.45045232,194.517879649,193.649611981,187.936962304,191.833872849,190.698231356,186.873728121,191.745939017,190.228370986,198.731648898	tan	0.2	308000
349721	0,1,2,3,4,5,6,7,8,9,10,11,12,13,14,15,16,17,18,19	217.12289548,215.284010914,212.84497275,219.880586915,221.410370187,221.916814723,220.964423247,214.767898239,217.994344328,216.91981013,215.415433294,216.29714311,220.429936815,223.679039434,218.786491377,219.699624474,222.39065643,223.592300556,222.977758516,226.249653055	tan	0.2	308000
348495	0,1,2,3,4,5,6,7,8,9,10,11,12,13,14,15,16,17,18,19	187.083875608,194.188971056,196.514568937,195.588897099,193.749664048,194.242047562,190.244126071,189.837140512,191.635704499,193.46065387,191.548664843,192.764445443,192.38961662,195.089243154,192.361286657,193.179783368,195.59519718,194.810960171,203.157494541,202.331972356	tan	0.2	308000
349208	0,1,2,3,4,5,6,7,8,9,10,11,12,13,14,15,16,17,18,19	193.54432876,197.748697955,197.510808271,192.361102243,196.753040428,196.675877695,194.260783297,193.493693709,195.39060461,196.606841688,193.555663119,199.414545788,192.907782682,201.72694163,201.759825134,203.54501868,196.263896984,204.305310139,205.496851222,202.633488595	tan	0.2	308000
349522	0,1,2,3,4,5,6,7,8,9,10,11,12,13,14,15,16,17,18,19	184.776034582,195.637332983,192.04446404,197.615565402,191.939565676,195.51005463,196.901427713,190.968372932,192.009167008,197.084970661,199.314296024,197.135930261,193.95634667,194.1272311,192.225813679,192.591193285,192.608759979,194.073981419,194.925992962,202.708866314	tan	0.2	308000
349902	0,1,2,3,4,5,6,7,8,9,10,11,12,13,14,15,16,17,18,19	188.51888618,192.445806687,198.399313518,193.756584835,199.05734442,194.752029759,200.081001039,194.573903726,192.480717471,193.901396543,192.843776497,193.225931373,191.834171756,199.296766343,192.74862369,196.909453514,194.618489302,202.954544383,195.60439974,201.215775972	tan	0.2	308000
348741	0,1,2,3,4,5,6,7,8,9,10,11,12,13,14,15,16,17,18,19	175.939304965,176.159271802,187.323472329,182.350822546,180.34536084,179.873557632,185.653324423,186.965678591,181.157130991,184.665537436,185.312950838,187.962549071,188.952507091,182.841139274,181.071090795,183.690052589,181.988437311,186.971980698,186.554578566,193.556434479	tan	0.2	308000
351012	0,1,2,3,4,5,6,7,8,9,10,11,12,13,14,15,16,17,18,19	193.903603461,193.211096925,199.175254454,192.693919859,199.487770483,200.950054458,196.151877917,198.771727362,195.02508778,197.406539254,195.008149439,199.110058494,196.088983015,202.29229834,193.458319019,195.338300186,194.003052709,199.179957436,198.610889228,206.811339833	tan	0.2	308000
348080	0,1,2,3,4,5,6,7,8,9,10,11,12,13,14,15,16,17,18,19	202.895705395,214.857041823,209.930183842,207.382073976,217.046314268,209.739710601,209.627210892,215.930969736,212.630693071,217.49947638,211.203371666,215.345366413,214.60592101,211.085767256,218.520560218,214.07495772,215.620449359,212.701898049,216.002828735,217.379368282	tan	0.2	308000
348587	0,1,2,3,4,5,6,7,8,9,10,11,12,13,14,15,16,17,18,19	202.613054578,211.411402591,205.461530277,213.513764832,208.016296277,206.539326214,213.381465453,206.78352876,209.998104579,208.982129926,211.99751318,209.82369581,212.732348621,211.972384404,209.529727355,214.889534704,212.307509226,209.792029708,212.716956908,212.728940634	tan	0.2	308000
348538	0,1,2,3,4,5,6,7,8,9,10,11,12,13,14,15,16,17,18,19	206.48236831,217.857968724,217.380427361,216.794244275,216.969036232,220.030700116,222.228721224,217.130273632,214.611242074,218.005725215,218.645731104,215.598990005,219.011280898,221.957158115,219.019501547,215.744917637,224.270104126,222.013841524,221.906071974,221.699488001	tan	0.2	308000
351182	0,1,2,3,4,5,6,7,8,9,10,11,12,13,14,15,16,17,18,19	189.196372737,190.224913562,195.317470448,190.340172079,198.400292271,194.613886865,191.727173641,194.384131324,198.398087719,193.495981008,192.604906776,196.021893923,195.77422531,192.938837011,201.351168094,201.329933443,197.918853913,193.650139912,195.493205838,206.023001563	tan	0.2	308000
349764	0,1,2,3,4,5,6,7,8,9,10,11,12,13,14,15,16,17,18,19	197.271259978,202.654543019,196.239326961,196.504702801,203.84270143,206.589239466,204.320781416,205.157544628,206.857068707,207.482884388,205.396725957,205.164441574,199.437420034,204.249185379,206.004014883,208.343501626,206.428441751,208.429915907,201.009730145,204.14916556	tan	0.2	308000
348646	0,1,2,3,4,5,6,7,8,9,10,11,12,13,14,15,16,17,18,19	195.128141419,192.478304932,193.17232704,193.602386213,193.11042118,194.187815664,195.682635051,199.836441141,197.573923103,198.96835325,197.515572895,196.898687717,192.488235757,194.126788817,197.002405144,199.672279149,196.482198956,198.639268459,204.449192656,200.015776119	tan	0.2	308000
351038	0,1,2,3,4,5,6,7,8,9,10,11,12,13,14,15,16,17,18,19	200.22013942,204.396765925,200.270527001,200.884361247,199.753427783,204.491063604,199.50558714,207.276744196,202.250808907,198.532670972,208.745282031,202.124263643,208.27391161,199.492347379,200.579473897,207.952182227,207.129467772,210.04111044,204.182467816,211.843339048	tan	0.2	308000
349006	0,1,2,3,4,5,6,7,8,9,10,11,12,13,14,15,16,17,18,19	179.101717841,183.403631827,179.089946302,177.694728673,179.017515539,180.582114898,182.583543828,187.76181939,188.734647325,181.027049634,188.321738517,180.631521131,185.160986984,184.630334331,187.817102518,185.480684283,186.697635985,183.492976579,182.875496439,191.359587064	tan	0.2	308000
351234	0,1,2,3,4,5,6,7,8,9,10,11,12,13,14,15,16,17,18,19	185.200027087,188.987043227,191.01663276,192.978996865,189.030323416,197.627353102,193.483781867,194.503109735,192.060315797,196.528762494,190.538355142,197.141214479,191.614347945,192.897401149,191.890396238,198.727233974,193.875802452,200.50026593,202.104733671,199.640752796	tan	0.2	308000
351775	0,1,2,3,4,5,6,7,8,9,10,11,12,13,14,15,16,17,18,19	209.356785951,218.332396874,220.694656703,218.19775034,219.417227369,214.842015758,216.428349928,219.170354631,218.945634029,214.300382794,215.350901908,216.82180865,220.643175747,216.842926735,223.217101445,224.37233997,220.802475597,224.153576775,224.616261355,221.010698383	tan	0.2	308000
349184	0,1,2,3,4,5,6,7,8,9,10,11,12,13,14,15,16,17,18,19	195.982247437,197.739145644,192.932962079,196.18392767,199.305192397,194.978641067,198.591151601,198.948089863,195.840081127,197.289400122,195.786662046,196.394949913,200.312027525,194.890386079,196.24008947,197.440346755,203.431523554,202.788029688,202.696900094,199.828714565	tan	0.2	308000
348113	0,1,2,3,4,5,6,7,8,9,10,11,12,13,14,15,16,17,18,19	206.932922364,202.797236927,211.406631884,209.525890685,203.99449842,203.498579668,203.286963938,203.440801922,205.11922881,205.685528623,207.107629726,206.160221522,213.80321085,213.629295153,208.302306224,206.07163957,210.917218729,208.975648683,210.60120116,214.036729761	tan	0.2	308000
348595	0,1,2,3,4,5,6,7,8,9,10,11,12,13,14,15,16,17,18,19	181.405138917,191.076442529,187.069964818,184.242268843,187.838770688,185.341484115,194.701844077,195.138544022,194.613436369,185.969662533,190.699298051,189.38975813,187.915253705,190.518420451,195.230862236,190.90653036,187.082147075,197.441642664,195.978952157,195.944748795	tan	0.2	308000
350786	0,1,2,3,4,5,6,7,8,9,10,11,12,13,14,15,16,17,18,19	207.676364826,207.516625817,209.35382855,215.884800125,214.906937453,210.470277907,213.115937823,217.869631087,213.957629978,217.103166155,213.539081502,212.676814335,217.571793342,209.998792382,215.186327265,219.033986551,217.592483985,218.618525447,221.631764715,218.160319717	tan	0.2	308000
351418	0,1,2,3,4,5,6,7,8,9,10,11,12,13,14,15,16,17,18,19	193.943984513,200.903510333,197.351480366,197.122354649,204.301222522,198.171063234,202.741846184,196.879347522,196.700277746,197.554493029,201.99468245,202.939151178,202.670415663,204.332958278,200.370128002,200.061235294,206.604702421,206.406335436,201.982337054,205.246237831	tan	0.2	308000
350255	0,1,2,3,4,5,6,7,8,9,10,11,12,13,14,15,16,17,18,19	205.8315006,205.057458858,204.451080745,207.084927268,212.373349198,204.997581291,206.057118089,211.204882048,205.415474819,206.364633459,205.185162386,207.798116203,213.812014137,207.49873955,206.69597867,206.2718223,209.107996031,214.018272886,211.030643511,217.869571188	tan	0.2	308000
351209	0,1,2,3,4,5,6,7,8,9,10,11,12,13,14,15,16,17,18,19	193.828175758,194.800985881,195.187013363,199.699346158,197.179794964,203.544539922,196.321654503,204.026539525,203.7525283,197.308324523,204.927603972,196.384910001,200.786846249,206.096464566,198.707537357,197.492014147,202.255877753,203.220229073,203.665105696,203.369145023	tan	0.2	308000
350840	0,1,2,3,4,5,6,7,8,9,10,11,12,13,14,15,16,17,18,19	194.369646752,202.015329756,204.903962792,203.015415147,202.601314278,202.208303863,202.731310017,208.455043379,203.190264333,205.445042152,203.064116377,207.087619064,205.590628713,201.470281302,206.116109985,209.85220827,209.952475236,203.734442536,209.399661726,215.929871872	tan	0.2	308000
349729	0,1,2,3,4,5,6,7,8,9,10,11,12,13,14,15,16,17,18,19	198.961557464,203.534230099,205.419073146,198.423046474,203.305422812,202.621992562,204.841879731,204.882384256,203.265394439,203.63191828,201.585044779,201.310058282,203.231130852,204.883528457,206.190974275,207.642610274,201.82499749,206.041316255,210.414194879,209.731844348	tan	0.2	308000
349692	0,1,2,3,4,5,6,7,8,9,10,11,12,13,14,15,16,17,18,19	214.430878901,211.003677889,210.314463744,211.062767087,215.175636058,211.612989098,221.090907543,216.743634587,214.973473936,218.344956669,216.442460389,214.794173826,218.713605112,215.192679306,221.752214882,216.96681157,215.759500685,215.389077005,221.114279542,226.777454873	tan	0.2	308000
350924	0,1,2,3,4,5,6,7,8,9,10,11,12,13,14,15,16,17,18,19	184.539772438,181.335966574,183.814955484,184.27000436,189.929000591,188.673464224,190.943009908,191.996194309,189.820751413,185.938756265,189.144090885,186.979366196,191.74350223,193.092557185,186.552612088,193.29699463,188.479821702,187.923455794,197.01630036,195.310237458	tan	0.2	308000
348749	0,1,2,3,4,5,6,7,8,9,10,11,12,13,14,15,16,17,18,19	180.714890241,187.671852697,188.711555985,189.649139221,189.346413596,187.505019583,189.458802892,189.133661588,186.551020839,192.926208007,192.642631629,192.884977422,194.63280245,185.475070673,189.67364585,188.254808294,190.448903524,188.288895515,193.446142647,196.914885337	tan	0.2	308000
350091	0,1,2,3,4,5,6,7,8,9,10,11,12,13,14,15,16,17,18,19	206.851708211,208.238305159,210.869613303,210.600750179,207.584289964,207.082356956,209.803254516,208.718798757,211.983897046,207.786744529,209.368410652,206.89993735,211.032915138,212.286842921,212.36310978,213.32936897,209.384817262,213.474434641,212.176011839,217.92621361	tan	0.2	308000
351290	0,1,2,3,4,5,6,7,8,9,10,11,12,13,14,15,16,17,18,19	177.281109451,180.14781977,186.851188652,181.99659986,183.025544453,188.801077691,186.429493904,185.480633556,184.905942183,190.637368303,183.470515631,190.888589004,182.976604925,187.031415789,186.676332079,192.918203689,189.099862199,185.666165247,185.570044612,193.320271525	tan	0.2	308000
348009	0,1,2,3,4,5,6,7,8,9,10,11,12,13,14,15,16,17,18,19	190.825360174,193.54855066,198.115835655,195.613800862,202.505345021,198.166034787,202.239435026,196.611307282,195.536937162,199.554940637,201.621608189,199.712511301,198.376804908,204.745087227,196.02907876,203.420804302,203.333773935,197.774915611,204.708286588,202.913802449	tan	0.2	308000
348856	0,1,2,3,4,5,6,7,8,9,10,11,12,13,14,15,16,17,18,19	205.252737242,213.643010525,210.287402445,212.88389302,213.144165181,211.905986385,217.762542953,212.214236595,217.210266132,215.195578202,219.998775525,220.188880742,217.759580719,217.524783231,219.329300706,216.478921265,216.671740887,218.727618722,215.288553236,217.58324268	tan	0.2	308000
351288	0,1,2,3,4,5,6,7,8,9,10,11,12,13,14,15,16,17,18,19	208.34071077,212.491242161,213.195656258,214.884119858,218.288347228,216.110596699,220.083386605,217.671298544,220.573037487,214.3192519,216.745420106,213.702169116,219.044060204,223.969400693,221.949713166,219.606549156,220.06581525,219.233443452,220.885335826,223.463178369	tan	0.2	308000
350859	0,1,2,3,4,5,6,7,8,9,10,11,12,13,14,15,16,17,18,19	187.623466898,183.1250055,189.3400191,192.134948356,185.154554189,188.323546597,185.61453926,193.796558563,187.427948185,187.909657833,186.91928986,190.873183865,186.741286091,184.889015988,192.967440437,185.226790423,195.591062235,193.160036949,192.709906862,200.310622302	tan	0.2	308000
349113	0,1,2,3,4,5,6,7,8,9,10,11,12,13,14,15,16,17,18,19	194.739295724,198.769172512,201.489159981,198.103053659,198.776921935,206.884922091,203.913044688,208.024878342,205.110897353,207.62272122,204.575965835,199.778930942,205.503457319,207.947680032,199.949506348,201.415677578,205.596145872,209.058144117,209.012536104,206.915104908	tan	0.2	308000
348576	0,1,2,3,4,5,6,7,8,9,10,11,12,13,14,15,16,17,18,19	196.532871717,198.328381596,194.094355198,200.156598697,195.158748802,200.091458007,203.013193565,205.203634352,204.860099749,202.539806054,198.720075213,204.916104499,197.982180342,204.756169784,204.318634265,197.414135717,203.262192416,203.48302521,202.863015523,209.717477019	tan	0.2	308000
350163	0,1,2,3,4,5,6,7,8,9,10,11,12,13,14,15,16,17,18,19	181.119948912,192.090981207,190.205817766,188.288430958,191.681661015,188.56626757,189.110086939,187.440922278,188.097180998,191.197028949,190.585078701,194.771486867,187.122029431,188.631463337,189.409460894,191.89081354,188.661334162,196.043076117,191.002234136,192.022555251	tan	0.2	308000
349158	0,1,2,3,4,5,6,7,8,9,10,11,12,13,14,15,16,17,18,19	175.317236724,179.06192239,185.862104554,184.615602228,180.181289432,184.350200519,183.053592008,183.667154529,187.405989469,185.554844326,181.696908225,180.665038594,185.204261317,181.499310789,180.349577569,186.278063402,184.027538687,184.010449208,186.244106518,186.241665395	tan	0.2	308000
349576	0,1,2,3,4,5,6,7,8,9,10,11,12,13,14,15,16,17,18,19	201.973694323,208.92263217,205.569970212,208.878424086,203.320107863,207.11800772,204.781574492,208.051164429,207.51072681,211.846090712,213.617533786,212.590407498,208.213825832,212.976977107,207.213039485,212.700774046,207.284790556,206.945075753,217.276971868,214.068453991	tan	0.2	308000
349942	0,1,2,3,4,5,6,7,8,9,10,11,12,13,14,15,16,17,18,19	180.776771702,184.811149414,181.406971643,186.644231982,185.080682988,184.1980095,190.688728717,182.562996709,189.791291719,187.065552577,187.433548725,186.534578522,184.559255957,191.469915489,187.499118907,183.953343824,191.762756193,187.477677815,190.249275423,191.132914111	tan	0.2	308000
350210	0,1,2,3,4,5,6,7,8,9,10,11,12,13,14,15,16,17,18,19	196.403665919,203.840116969,201.890682033,211.087941994,208.905876928,210.808366509,205.06489261,210.359527254,202.561341141,205.198669858,207.570166828,204.647922478,206.228008953,211.705433426,206.781916162,206.275910064,213.731457703,212.287453746,212.363293859,213.42564603	tan	0.2	308000
351409	0,1,2,3,4,5,6,7,8,9,10,11,12,13,14,15,16,17,18,19	183.315667902,190.359798181,192.42687048,188.689379987,184.723928002,192.725871882,191.676570855,191.975925643,186.426126335,191.566075412,193.324842503,195.635304857,189.988521646,196.201605376,195.866388583,194.581874693,192.432648583,190.014302625,192.296149164,198.469773142	tan	0.2	308000
348540	0,1,2,3,4,5,6,7,8,9,10,11,12,13,14,15,16,17,18,19	214.407301933,213.407752283,214.322182154,217.104037331,218.83478208,212.130174113,218.510919162,210.755698823,217.161435928,214.656299177,221.011693566,213.970268365,221.081415454,214.955418915,213.415132439,213.250376543,213.433483096,213.055413784,222.149780109,223.802164182	tan	0.2	308000
348619	0,1,2,3,4,5,6,7,8,9,10,11,12,13,14,15,16,17,18,19	193.657560203,202.21041871,201.257884241,205.28514946,202.644714839,206.610959911,207.073762439,208.293299563,199.860871633,205.365862902,200.115417475,207.080687087,204.664067726,202.206112403,202.479122439,210.241910845,207.136626445,210.048101437,209.928083527,207.72459168	tan	0.2	308000
350045	0,1,2,3,4,5,6,7,8,9,10,11,12,13,14,15,16,17,18,19	203.324755372,204.145691443,203.380688857,207.033079901,210.245783803,206.045092212,205.459857723,212.491780204,208.77601949,204.418817277,213.398616057,204.136262774,208.016202887,212.84403771,207.457667251,209.887072607,208.155176196,212.354148504,215.949304219,211.575513322	tan	0.2	308000
350742	0,1,2,3,4,5,6,7,8,9,10,11,12,13,14,15,16,17,18,19	193.266383543,197.758099394,206.739101021,205.493837652,203.962661664,200.068582183,201.130471241,201.485609197,205.582486234,206.053455413,207.172411116,206.537082735,208.316852502,202.643740943,205.644341848,202.103359854,208.708444075,202.914940157,203.777942104,206.377749048	tan	0.2	308000
351642	0,1,2,3,4,5,6,7,8,9,10,11,12,13,14,15,16,17,18,19	195.97512323,194.939114612,194.070943205,199.528011812,200.016819619,202.941890519,200.799856586,197.174479736,196.144042144,198.615932224,198.245990151,200.558356507,197.259225636,205.870729441,202.490570015,202.381477541,203.932690859,204.82852841,208.474209986,210.996555985	tan	0.2	308000
350895	0,1,2,3,4,5,6,7,8,9,10,11,12,13,14,15,16,17,18,19	186.010467657,192.937212819,195.04321622,195.921910304,190.957570092,187.292232174,190.591874132,189.969478714,189.80640363,193.459150765,196.519380654,197.170078678,188.471088809,191.950000893,192.785236202,195.973494268,193.614371051,195.031480027,191.221280524,200.890758451	tan	0.2	308000
349332	0,1,2,3,4,5,6,7,8,9,10,11,12,13,14,15,16,17,18,19	176.78878198,177.609874888,185.211402251,186.313021951,179.283106247,178.713322979,181.357180808,177.864353686,182.491185113,181.88321215,183.883481144,186.352767761,188.586505661,186.654540335,187.755747382,184.186301244,188.350767063,187.432245303,189.714585916,185.506801952	tan	0.2	308000
349608	0,1,2,3,4,5,6,7,8,9,10,11,12,13,14,15,16,17,18,19	171.146528717,177.176455607,183.627804378,184.166883139,180.350674211,185.31912851,182.827040337,180.097019301,178.152946779,182.115098954,180.129267078,177.142076123,183.002185809,183.109155486,185.447635496,181.503253876,178.976409487,184.180205609,181.165252192,184.411785033	tan	0.2	308000
349636	0,1,2,3,4,5,6,7,8,9,10,11,12,13,14,15,16,17,18,19	182.06447509,182.093544997,183.125020084,190.21551317,188.783802787,188.946419529,186.485980941,191.664708322,186.562918564,188.234351441,191.792618941,191.855264644,185.135286959,193.525628338,193.895642013,190.217276654,186.550058012,191.821586699,189.900531555,194.402143711	tan	0.2	308000
350550	0,1,2,3,4,5,6,7,8,9,10,11,12,13,14,15,16,17,18,19	212.818870737,212.86548562,217.808271532,219.688441758,210.275797891,216.813365366,218.005856786,215.046877873,219.81334009,218.869542229,221.286622944,221.416875628,219.071365315,221.445758189,218.135691973,221.457180114,212.65644615,220.858466291,218.221013937,219.359774032	tan	0.2	308000
350543	0,1,2,3,4,5,6,7,8,9,10,11,12,13,14,15,16,17,18,19	212.052058153,212.851652374,216.02551153,212.497833761,212.52244612,208.234556432,213.83889951,212.761951161,212.927512871,215.723964997,215.248865688,210.41686927,211.196368305,219.460671592,212.155665636,217.944363313,211.705792763,220.188144094,213.532363778,220.121458294	tan	0.2	308000
349525	0,1,2,3,4,5,6,7,8,9,10,11,12,13,14,15,16,17,18,19	175.814841609,177.29027908,180.351822615,180.49299533,176.81338649,183.261525832,185.332807988,178.269928285,180.00763303,184.56034666,178.427308711,185.07591094,186.742238926,182.219808188,184.659027916,178.359994742,184.619148148,188.40767842,182.71589474,191.012685072	tan	0.2	308000
349379	0,1,2,3,4,5,6,7,8,9,10,11,12,13,14,15,16,17,18,19	179.405260441,173.706477447,183.655693262,176.047137082,185.188056999,180.552053299,183.740980891,179.843893644,182.474048714,179.718181302,183.192361453,184.173661059,180.431345406,178.21540711,182.883902936,181.977654462,181.292704706,178.516902661,186.784826588,182.705865974	tan	0.2	308000
349489	0,1,2,3,4,5,6,7,8,9,10,11,12,13,14,15,16,17,18,19	181.216268471,186.512365978,188.806294259,194.373630442,187.562434164,194.908971186,194.389720786,188.549614889,190.581096787,193.472074887,189.456064947,190.222816604,195.24314831,197.755047497,189.988083047,188.552846246,196.664348758,199.023099573,193.706934134,196.121302474	tan	0.2	308000
350110	0,1,2,3,4,5,6,7,8,9,10,11,12,13,14,15,16,17,18,19	175.863343592,183.333831586,176.941199448,179.401186897,186.158027844,185.981221796,187.560323235,181.146764259,178.624269255,184.107368104,187.593612712,181.279355837,188.704082221,188.090411859,185.041569534,182.479696282,189.069782157,188.3857094,188.303233283,187.293614079	tan	0.2	308000
350838	0,1,2,3,4,5,6,7,8,9,10,11,12,13,14,15,16,17,18,19	194.410771669,203.91845333,197.317801699,202.07645452,198.486705551,203.761357859,198.285771837,198.624824396,206.04244673,202.315406352,206.294685172,199.942643586,198.651674379,200.077591995,200.220992356,208.967012746,209.067892613,205.699436541,208.653639905,210.85569885	tan	0.2	308000
349442	0,1,2,3,4,5,6,7,8,9,10,11,12,13,14,15,16,17,18,19	185.610808445,188.854360541,193.317051315,191.443275213,192.10188956,194.029101332,191.299943903,189.872299588,191.515866597,188.682033174,194.406836699,187.511261248,188.512209999,194.717150153,196.405347766,187.487840949,189.779349459,197.734847975,191.044047945,192.951987121	tan	0.2	308000
350206	0,1,2,3,4,5,6,7,8,9,10,11,12,13,14,15,16,17,18,19	182.180034478,179.152327202,186.853672306,181.358197493,180.525764813,190.24549761,190.037293503,188.095505063,189.681978012,184.890546846,187.508468256,187.453710655,190.414728196,187.358630272,186.031301592,192.361783844,185.753088724,188.10714852,194.331502711,197.316614864	tan	0.2	308000
262215	0,1,2,3,4,5,6,7,8,9,10,11,12,13,14,15,16,17,18,19	69.3772973985,61.8769360365,62.4956707264,70.3553487747,54.0285472397,69.0468851002,91.0569643637,117.664164529,148.048318455,156.054389034,162.287865105,186.213225045,188.144973449,179.714595831,184.828970047,179.833948579,201.770306014,177.78515629,186.637387208,196.737199512	growth	0.2	220000
260191	0,1,2,3,4,5,6,7,8,9,10,11,12,13,14,15,16,17,18,19	66.7243036873,48.4634237201,58.6039730386,53.052363457,67.9363911898,66.4357189387,76.9196890358,104.770824638,129.999244742,152.540086962,157.128291864,186.237966306,167.015400211,184.702926542,172.674780877,172.965315464,180.639999123,185.30825299,173.488944891,176.716056316	growth	0.2	220000
260100	0,1,2,3,4,5,6,7,8,9,10,11,12,13,14,15,16,17,18,19	-82.511797553,-79.1751322125,-96.1924366202,-101.164693639,-89.2310374381,-92.5665532399,-54.0798098963,-40.1476908734,2.92656923178,8.67494261146,13.5241724995,24.785064889,22.2511729095,46.3553830051,46.2748245214,29.4512782266,30.4425828799,24.4415736602,23.282705212,24.2104330861	growth	0.2	220000
261132	0,1,2,3,4,5,6,7,8,9,10,11,12,13,14,15,16,17,18,19	-42.7586195844,-40.1714903994,-45.1887491353,-30.6629732997,-33.5820107178,-22.0758764391,-10.8211042349,25.0588327111,40.2258803762,63.3995649218,86.935447366,71.630143515,86.0198628361,81.0071067706,79.7290713952,84.4038459312,94.6772888048,77.8794545176,86.1791627182,79.1299820997	growth	0.2	220000
263345	0,1,2,3,4,5,6,7,8,9,10,11,12,13,14,15,16,17,18,19	-99.3558192683,-90.1405047164,-92.6709576846,-101.018187456,-100.156961337,-93.754147243,-64.9991862635,-37.0892758354,5.90531340677,16.9423751273,10.4772040513,29.231490854,30.531844798,42.1774291142,46.1562787471,19.6618038702,34.9798691555,29.189444823,43.9938216293,26.2480679249	growth	0.2	220000
262760	0,1,2,3,4,5,6,7,8,9,10,11,12,13,14,15,16,17,18,19	-82.9687621974,-81.1169252553,-93.3042584777,-82.7724644307,-105.861276501,-76.0116309743,-54.8754804101,-44.5010013287,-20.5643046253,4.12498003591,31.8921543836,28.5965916342,25.8764035673,16.0084185796,42.3862349105,24.4113491813,19.9113978111,34.6166474682,36.8550082966,40.6971700789	growth	0.2	220000
262507	0,1,2,3,4,5,6,7,8,9,10,11,12,13,14,15,16,17,18,19	65.7426707124,51.1586457679,51.826537059,48.0473165912,45.8093253813,64.3071095645,90.8173830047,111.483713141,143.592520194,170.288801517,153.129612491,181.940975533,164.455178829,165.376842483,188.97488689,192.005963392,185.61984365,169.033366294,176.749067514,175.628489258	growth	0.2	220000
263717	0,1,2,3,4,5,6,7,8,9,10,11,12,13,14,15,16,17,18,19	-3.736281649,-20.4705643674,-3.23657571701,-12.4303197465,-23.1236707364,2.86840488151,15.5936969404,46.4464855324,79.7282009019,85.7995534845,112.141591571,112.028240069,100.88394896,100.044768994,121.063308973,106.342764924,99.0765570302,101.091809561,104.520560296,120.369454851	growth	0.2	220000
260411	0,1,2,3,4,5,6,7,8,9,10,11,12,13,14,15,16,17,18,19	-80.3432668581,-97.8604641257,-99.8212920477,-82.3773303048,-91.8064552559,-94.7960446539,-61.6238179867,-26.7092022775,-13.2451092906,23.7676777118,16.4795303551,25.9585099727,39.7353882304,28.6397589708,39.9950404172,26.0232835037,38.067736585,23.6951478094,21.5919013408,24.573625035	growth	0.2	220000
261926	0,1,2,3,4,5,6,7,8,9,10,11,12,13,14,15,16,17,18,19	38.1438841241,45.6073242325,53.2581107045,51.3236811867,57.5276878895,52.4344411758,68.8282385285,100.410370798,141.338219857,156.367657712,158.599181774,173.26768132,166.805438078,162.619593569,172.937069612,160.952347747,161.398637871,157.76856195,174.009130469,156.342778519	growth	0.2	220000
261196	0,1,2,3,4,5,6,7,8,9,10,11,12,13,14,15,16,17,18,19	48.1944541279,50.0056542869,31.1369840966,44.9151260652,41.4546367473,63.7034837643,67.4305540301,93.2217062733,123.687449026,157.944285339,153.467225437,172.659244721,171.237530867,157.121549105,156.04998438,158.135836901,170.370297767,156.212144552,164.680720514,158.302096271	growth	0.2	220000
263333	0,1,2,3,4,5,6,7,8,9,10,11,12,13,14,15,16,17,18,19	59.7424384748,55.7440698749,42.8803378922,48.7452478233,55.3124580658,52.4901459889,67.986165269,114.656397118,131.946596342,152.596244576,149.761937009,173.04063988,172.191441194,184.271040238,188.222203704,184.501508334,182.255228817,165.48301214,168.076373001,171.302964213	growth	0.2	220000
261933	0,1,2,3,4,5,6,7,8,9,10,11,12,13,14,15,16,17,18,19	29.2912048879,54.0782229947,52.1486255665,53.6697125479,38.689324642,50.0559242828,72.4190567677,89.2882350464,114.981964325,148.486590409,152.349339007,161.418363523,153.587898101,170.447919174,176.660461157,162.055963643,159.134274874,158.662966482,159.00171544,171.756020575	growth	0.2	220000
262562	0,1,2,3,4,5,6,7,8,9,10,11,12,13,14,15,16,17,18,19	53.0997842899,54.4186626342,49.5887432003,55.0168815902,39.6701006527,46.8511309758,75.3413902617,115.232800257,143.678034054,142.299862742,155.020244886,161.189816679,157.942668972,168.076675893,173.236893424,180.338015988,178.47239556,177.876726889,161.727241914,178.250730068	growth	0.2	220000
261786	0,1,2,3,4,5,6,7,8,9,10,11,12,13,14,15,16,17,18,19	75.343949398,87.737989934,90.6331646478,96.9802670036,92.2886036682,88.7450914376,108.372925279,134.775016021,166.08579035,183.468399597,203.166750669,207.597990002,200.945150038,214.268501499,210.905291109,212.401067352,224.263895027,225.452557067,225.305284671,223.242964921	growth	0.2	220000
261557	0,1,2,3,4,5,6,7,8,9,10,11,12,13,14,15,16,17,18,19	-8.24560008464,-8.11978991763,-5.90442700626,-14.8258226055,1.52647234197,-6.28547493789,22.3340903178,68.4445893214,80.6499088591,89.7250890878,119.978510226,110.427672409,113.719567848,109.128160187,113.368125606,123.247047846,122.184727429,115.491544416,116.617089134,132.447531547	growth	0.2	220000
260719	0,1,2,3,4,5,6,7,8,9,10,11,12,13,14,15,16,17,18,19	-54.0450065027,-58.5700274675,-60.6073346867,-65.4530589255,-50.2526975445,-58.0802254109,-43.127480023,-5.1047308932,23.010968482,38.2761084761,60.7569593674,60.1789592418,51.1128368259,57.2199630288,52.143145681,51.0227545173,65.0425608633,62.1446914922,66.8905741824,68.4667869173	growth	0.2	220000
262346	0,1,2,3,4,5,6,7,8,9,10,11,12,13,14,15,16,17,18,19	92.2409098947,108.966628564,115.17420418,111.412865109,94.504995216,113.258325836,143.470594575,161.430876623,182.479900778,200.105273996,226.482411098,211.216647841,234.422721627,237.771790116,236.088922681,218.821067062,222.782580422,236.357866356,223.544730051,239.188814972	growth	0.2	220000
262210	0,1,2,3,4,5,6,7,8,9,10,11,12,13,14,15,16,17,18,19	7.03312262696,11.5184021393,20.5912850813,16.2220944968,17.7442743228,17.9415280364,62.1029694314,92.1031740461,96.5935469568,116.342789611,138.47685031,151.878738889,138.774269514,146.520207235,142.751542831,140.573265298,156.780329128,131.937400607,138.977136625,139.39636537	growth	0.2	220000
260860	0,1,2,3,4,5,6,7,8,9,10,11,12,13,14,15,16,17,18,19	-50.1660869628,-44.1065870277,-38.4334311627,-45.3129646481,-55.701791094,-49.2455285961,-30.8724332441,8.50440094961,31.6409692084,61.0035806854,54.0501192575,75.6462894933,66.846802751,88.7653085453,75.7539623239,68.7807911543,86.1395550754,73.1285895254,63.7691244519,74.8126023948	growth	0.2	220000
262683	0,1,2,3,4,5,6,7,8,9,10,11,12,13,14,15,16,17,18,19	-34.096947068,-40.7244569341,-46.5982541387,-47.6784189424,-51.4091343617,-37.1801460459,-16.5215927064,16.5721067872,34.458010994,66.1406477857,74.3539770507,77.296992261,91.5701292603,87.5515375075,92.780438149,95.2272141775,93.4285846367,82.0168394246,88.3096231863,92.66462386	growth	0.2	220000
262631	0,1,2,3,4,5,6,7,8,9,10,11,12,13,14,15,16,17,18,19	78.5664684853,80.4721318478,78.0507722124,85.6370237369,73.8704910242,90.0607804337,118.795825373,142.209296016,174.303852157,180.900314864,189.875966442,188.229264154,188.285787427,188.51480849,190.652556109,193.721421596,216.703096085,209.837667997,202.932750931,195.269341508	growth	0.2	220000
263376	0,1,2,3,4,5,6,7,8,9,10,11,12,13,14,15,16,17,18,19	13.6857749002,12.9754360847,-13.2692880453,-13.1620585519,-7.39723456747,10.0367315167,37.3256724387,68.1047460668,88.9514937217,88.38749577,110.671354196,128.539835454,124.344881474,127.548276506,116.37568197,124.756278982,125.375879911,113.402395604,128.140273593,119.225506535	growth	0.2	220000
261879	0,1,2,3,4,5,6,7,8,9,10,11,12,13,14,15,16,17,18,19	107.274775755,116.172982064,121.130578979,120.140276241,105.877464493,124.672717558,139.609378813,190.780454546,199.454975891,219.958824246,239.236859206,231.816214854,229.745816804,250.716641925,242.423203038,229.478693229,231.6716878,253.227431209,246.669448427,231.457079458	growth	0.2	220000
260721	0,1,2,3,4,5,6,7,8,9,10,11,12,13,14,15,16,17,18,19	-12.7205090852,-10.9470911495,-1.55686886036,-12.132604503,-6.08056066067,6.5514504881,9.21342396789,36.137779658,80.1497942291,92.0012251039,106.558191037,112.356004475,117.675499572,122.671667082,100.01693173,100.188071512,116.629080266,102.267015179,110.704043269,126.715015393	growth	0.2	220000
263882	0,1,2,3,4,5,6,7,8,9,10,11,12,13,14,15,16,17,18,19	86.5924016325,75.5499697659,62.1541675354,62.8978235851,62.0227980778,80.8985564265,94.2741690082,120.246980124,156.329934991,178.643306155,196.699288292,201.709250488,186.171336617,186.605706688,201.946860921,186.261215652,212.686582448,189.202587495,201.314832695,195.931653363	growth	0.2	220000
263001	0,1,2,3,4,5,6,7,8,9,10,11,12,13,14,15,16,17,18,19	35.5312525847,25.3795766546,18.4592613045,32.3826565897,39.2206566554,38.0169278022,72.3853399655,76.1261641703,105.252777662,131.274256618,131.116271654,134.279084547,159.548856386,146.61033017,162.268868042,156.4605184,165.511371737,167.851375499,145.078139097,145.381634557	growth	0.2	220000
263327	0,1,2,3,4,5,6,7,8,9,10,11,12,13,14,15,16,17,18,19	-107.3409159,-122.311848513,-107.093175242,-121.737528919,-99.5644416358,-104.223783321,-86.1656681016,-47.1737899434,-34.8819468886,-10.1429031569,15.1786181966,19.0407377354,1.54652664261,13.4051008147,18.5149640074,1.29073559381,5.52093984686,2.0599196212,17.4972114476,8.49935919421	growth	0.2	220000
263810	0,1,2,3,4,5,6,7,8,9,10,11,12,13,14,15,16,17,18,19	128.590145089,129.276446246,134.039885907,126.835508305,135.410989673,126.305388064,156.534307293,194.455643812,207.435346345,226.774729956,242.223088427,226.12629479,234.230487936,256.094283706,253.19587932,240.202940914,248.794539559,242.131966965,240.701424973,252.189802302	growth	0.2	220000
260438	0,1,2,3,4,5,6,7,8,9,10,11,12,13,14,15,16,17,18,19	71.2631709628,65.2259598406,78.983076264,85.9664792744,71.4372451481,82.3923273616,121.080232224,143.493653085,162.232327264,190.167145496,185.386977282,191.601318862,194.584951682,189.157132778,192.524289092,192.408535765,195.12291709,193.864901833,193.624584136,201.565214076	growth	0.2	220000
261327	0,1,2,3,4,5,6,7,8,9,10,11,12,13,14,15,16,17,18,19	-108.1579937,-101.723509244,-118.662503025,-125.035230329,-100.535408296,-108.068760846,-76.4419125944,-47.5595843438,-20.9130133678,-15.2093996994,4.93989621382,5.34654198635,21.5950396148,16.4015357834,0.792666100136,10.7114865932,15.1124755192,12.0300504082,13.4328074273,7.58158672164	growth	0.2	220000
261364	0,1,2,3,4,5,6,7,8,9,10,11,12,13,14,15,16,17,18,19	-6.09807819555,-4.13486797218,8.18339756104,-7.82612847972,-6.95330751701,18.0520943756,42.8741874778,54.2742795999,98.58459697,100.432144939,125.044193172,109.938104685,129.049844948,133.837588872,117.647334675,116.384505233,133.261613053,126.635898587,143.043639015,115.894088465	growth	0.2	220000
260738	0,1,2,3,4,5,6,7,8,9,10,11,12,13,14,15,16,17,18,19	14.9215889917,10.4559486907,9.03459211217,5.68667319698,28.9807879077,22.3412434792,39.9847465657,88.5320991177,111.164162982,111.131404365,132.496782132,143.613484306,142.784949001,150.912090898,131.207863831,146.086834024,135.442620024,152.973010301,139.831812858,128.841206001	growth	0.2	220000
262952	0,1,2,3,4,5,6,7,8,9,10,11,12,13,14,15,16,17,18,19	-13.4723524135,-9.49377140247,-26.5087590487,-23.5557581766,-3.04313759883,-14.7884800796,25.918981595,56.9418780273,60.16818744,77.9352304297,101.331619396,102.454029522,116.361343466,122.941374095,106.309874348,101.53484771,121.984807819,100.937360549,123.0997411,115.590695568	growth	0.2	220000
260548	0,1,2,3,4,5,6,7,8,9,10,11,12,13,14,15,16,17,18,19	68.3939968295,58.8383272444,53.0166533896,55.6333171237,62.0940727675,81.3264015544,87.5045595438,123.856224934,158.693988661,164.888257427,169.450370533,171.15745273,178.889293098,195.474585655,190.20913343,178.618730821,188.705205223,178.960562931,191.117437713,177.034106104	growth	0.2	220000
261936	0,1,2,3,4,5,6,7,8,9,10,11,12,13,14,15,16,17,18,19	-89.7981213776,-76.5654956954,-97.4525959011,-75.2517871327,-96.2652271071,-79.6322466077,-68.5545094671,-23.8623080445,2.86010651195,30.4065463354,38.9495762741,44.2208725122,38.98327309,26.4290800528,25.6810955118,39.5383560378,41.3864006765,39.3001883332,26.6464088438,38.0454196155	growth	0.2	220000
261293	0,1,2,3,4,5,6,7,8,9,10,11,12,13,14,15,16,17,18,19	-44.347103949,-24.1625668474,-46.0958521425,-33.5898126418,-41.2493888983,-23.7287210665,7.65235718986,13.3648649497,39.1905373103,58.5473327693,81.7731517923,97.4995981045,76.8794601299,91.684911616,96.349873464,88.4673453281,92.8946719388,81.9792393026,89.3435113163,87.8956207849	growth	0.2	220000
260305	0,1,2,3,4,5,6,7,8,9,10,11,12,13,14,15,16,17,18,19	24.3157448056,14.3843855151,21.3091793285,39.3997382965,41.570975664,22.7908992004,59.8178596779,90.3744497194,125.97439797,125.379369286,140.041541648,142.34359628,147.95329252,152.3651328,161.245101445,149.70746014,160.353819382,159.392148488,153.478275668,149.368075485	growth	0.2	220000
260838	0,1,2,3,4,5,6,7,8,9,10,11,12,13,14,15,16,17,18,19	101.790346452,125.844996188,113.084345034,126.544011695,109.445165575,113.430799432,141.400354076,170.368029872,211.784309822,216.995439612,224.424183769,220.298672065,226.979460783,228.658557333,241.526451479,249.214208525,226.169486854,225.492715534,232.558863168,237.726293112	growth	0.2	220000
263893	0,1,2,3,4,5,6,7,8,9,10,11,12,13,14,15,16,17,18,19	-65.9771226417,-47.9677852866,-71.501753592,-64.3958303693,-69.1698660766,-44.9724562673,-20.7095552682,-9.08098306752,34.2101262676,31.2556345094,60.7688341175,67.0595413528,64.4900485399,62.4140353493,56.2778869847,52.6738057778,63.6882914039,58.927575983,66.004554827,63.8474747505	growth	0.2	220000
262180	0,1,2,3,4,5,6,7,8,9,10,11,12,13,14,15,16,17,18,19	46.9033839816,32.2575019841,41.0254728855,26.461280828,45.9995738418,56.6129905177,72.691300267,88.8267381061,115.605638834,135.519556646,160.324404808,162.447206864,159.953798316,167.090760064,166.787320889,166.299558824,170.455415838,165.864148674,173.078722162,164.249025949	growth	0.2	220000
263564	0,1,2,3,4,5,6,7,8,9,10,11,12,13,14,15,16,17,18,19	5.81360591527,4.05810701218,20.2236498063,1.99724272495,7.49545891882,15.2588646523,29.8045980163,58.5490699066,102.635046201,109.386011266,119.288789222,139.118160723,126.449461554,123.547009081,148.402487552,124.523708182,142.914540655,146.203708275,140.33935873,131.653655377	growth	0.2	220000
261650	0,1,2,3,4,5,6,7,8,9,10,11,12,13,14,15,16,17,18,19	-58.4968372077,-38.9853430563,-48.9856955818,-58.4597651613,-31.5420511385,-46.7513762292,-25.3198089151,7.6105208099,35.562377924,53.4604524951,71.9012043047,76.1188899125,87.9045710209,82.8217399197,84.818952112,88.2650389826,70.732071417,92.0816656298,88.3531583873,67.5364700667	growth	0.2	220000
261603	0,1,2,3,4,5,6,7,8,9,10,11,12,13,14,15,16,17,18,19	-25.7637569664,-18.5834226411,-42.4487366829,-21.9733213031,-43.8105466346,-11.9405311274,-4.81593613706,40.2455211397,43.6325014949,64.1608960296,83.0009558709,74.3932023554,90.3717643218,86.4602908413,91.7300693361,82.2526287875,87.3607560694,84.8706535633,106.413372518,91.4763381406	growth	0.2	220000
260678	0,1,2,3,4,5,6,7,8,9,10,11,12,13,14,15,16,17,18,19	-73.3398780358,-63.2647748126,-67.8027224806,-69.7698197094,-57.6449388598,-45.3647988254,-21.0258891809,-4.01720263285,17.3166743783,33.145191619,35.3896788025,59.5664675198,64.8525305154,73.5436981168,50.870234845,58.2729419099,49.62299752,70.1581972121,69.5542762741,49.996531012	growth	0.2	220000
262869	0,1,2,3,4,5,6,7,8,9,10,11,12,13,14,15,16,17,18,19	-111.086240749,-109.279033904,-113.147325442,-100.686077552,-102.818916963,-101.152801291,-85.7287687803,-59.920222366,-35.2264574999,-8.1834160474,-3.86789332518,-1.90736044452,10.4994292617,16.5867540648,17.3712121802,29.9752152477,14.0999251579,27.4731605499,28.4789848698,22.9618549856	growth	0.2	220000
261910	0,1,2,3,4,5,6,7,8,9,10,11,12,13,14,15,16,17,18,19	53.4575182106,45.8310417509,48.2597052206,59.466598237,58.7764484254,60.985317808,91.9064054942,104.682418201,146.098714229,160.768056435,167.619113035,163.687243081,176.229034093,191.328626129,171.632631711,176.335414268,184.013492608,187.807395074,171.275168883,190.328493506	growth	0.2	220000
263187	0,1,2,3,4,5,6,7,8,9,10,11,12,13,14,15,16,17,18,19	59.9595454161,75.7225175647,74.6514201688,55.7741388746,56.778543023,81.7374510007,103.376984904,129.858454812,140.570321754,157.627726746,164.36847801,174.010014479,185.60651306,178.047664878,186.22542192,185.382668355,185.605058867,181.142220826,195.157308773,198.304848046	growth	0.2	220000
260501	0,1,2,3,4,5,6,7,8,9,10,11,12,13,14,15,16,17,18,19	-53.2546141388,-51.705531206,-56.455279956,-66.3573458797,-76.3830805073,-43.9264860308,-40.1509586583,-10.0556270425,15.4522753004,29.9341596314,41.1109964602,62.8745890283,65.4521848745,47.4238668511,66.0403733135,48.628041513,53.0975990018,67.6461595126,69.3551544289,53.3468995434	growth	0.2	220000
261521	0,1,2,3,4,5,6,7,8,9,10,11,12,13,14,15,16,17,18,19	32.6159924759,20.7628730761,22.0438119429,33.4064702419,28.4266470255,28.2428555371,49.1453779069,71.7100928942,121.192288781,125.639467548,150.151931577,155.947716441,135.93680615,160.649277762,159.868248233,138.832365791,144.509673091,141.923579653,157.269891018,143.24390051	growth	0.2	220000
260030	0,1,2,3,4,5,6,7,8,9,10,11,12,13,14,15,16,17,18,19	126.195685216,120.592770184,111.611101408,126.304590593,125.798117941,117.794080903,144.188500998,179.437583519,194.086448994,226.767052356,233.015488982,242.442746846,225.388315412,251.213189747,249.242300593,229.769778919,246.042930997,240.075349157,228.623621558,248.879166305	growth	0.2	220000
262868	0,1,2,3,4,5,6,7,8,9,10,11,12,13,14,15,16,17,18,19	-20.2954664099,-15.7911504833,-1.00163745644,-1.22729239669,-10.2024871141,4.66666524361,3.75117319604,32.6370107017,68.2605007848,96.1311061192,110.125830944,113.671936362,96.7827370079,105.549041092,111.160399876,111.609379749,123.663456246,116.462184617,100.100632436,109.908959131	growth	0.2	220000
263806	0,1,2,3,4,5,6,7,8,9,10,11,12,13,14,15,16,17,18,19	38.9706313507,47.6629433153,62.6305210676,47.2679460807,55.6836946182,53.9780597923,69.131040233,121.797983313,140.502388357,161.63927245,152.176895236,179.156508779,176.490569281,184.248812643,175.60897881,168.19190331,169.937852219,166.880166546,164.899100057,189.574850296	growth	0.2	220000
260651	0,1,2,3,4,5,6,7,8,9,10,11,12,13,14,15,16,17,18,19	-111.681621366,-101.688224929,-99.9608361327,-112.745956673,-110.844450077,-104.341377618,-89.2664342904,-45.7339307791,-34.455875942,-18.3086635599,3.00292624511,19.2610635879,16.4519629816,28.1604624034,26.736702999,21.4680570028,28.9836663207,11.3224859556,23.8172803393,14.3834745752	growth	0.2	220000
262455	0,1,2,3,4,5,6,7,8,9,10,11,12,13,14,15,16,17,18,19	-96.5964584489,-120.483381458,-99.1409231181,-113.837810507,-120.95180735,-94.1685516178,-79.3496033863,-40.1991595138,-28.8649936994,-13.5727174287,10.3695927007,9.33091733816,17.7724601447,9.0476828613,9.89937847747,1.96674231451,1.00620488438,26.012801225,12.9473606665,26.2519142097	growth	0.2	220000
262315	0,1,2,3,4,5,6,7,8,9,10,11,12,13,14,15,16,17,18,19	-0.178176065497,1.70763796088,21.8935009657,23.9350974204,10.6835897865,16.8559956785,31.7797589426,70.1769367528,107.5997389,114.728829298,119.687612624,143.901150751,129.686746107,144.421600341,137.482751487,148.577359584,133.279203722,141.178026974,147.495904277,148.376853305	growth	0.2	220000
260641	0,1,2,3,4,5,6,7,8,9,10,11,12,13,14,15,16,17,18,19	-18.7658378394,-12.4629471173,-9.48201039645,-14.3778943062,-17.6626860423,-14.9517090906,2.52511622609,48.523642253,65.6698108947,69.5469821562,88.1285759555,100.672851173,111.125264861,93.8515096487,114.068047762,108.298178294,109.526908914,103.004784106,102.899971413,97.3087489667	growth	0.2	220000
262493	0,1,2,3,4,5,6,7,8,9,10,11,12,13,14,15,16,17,18,19	23.6468090561,42.6320504108,22.1041426657,40.4303410705,23.4861864154,50.7683951247,49.9222662668,78.9222418078,115.150341417,126.813476392,145.872437549,156.562971097,162.586746678,157.516530189,160.806047352,165.780002275,146.963764103,158.309094573,166.337758793,154.352027734	growth	0.2	220000
262329	0,1,2,3,4,5,6,7,8,9,10,11,12,13,14,15,16,17,18,19	-45.8642361914,-63.5993039781,-42.4337220484,-46.7823352871,-56.9559577275,-39.796649412,-17.5542673685,-7.32153978837,28.928123529,43.1841968651,56.1636743735,64.6342450861,73.7414633079,65.2296115867,60.9538338116,70.9967404485,62.7247859592,84.7758409074,81.7100477631,80.8041230098	growth	0.2	220000
260201	0,1,2,3,4,5,6,7,8,9,10,11,12,13,14,15,16,17,18,19	41.4535522467,31.6024481843,50.7282662772,49.151957055,42.7771253833,41.3113481208,71.9276214191,93.5052549748,123.863913478,135.032266962,157.259895949,153.218944554,176.467737417,168.984419701,181.132067213,177.898471786,158.357660067,179.159064007,162.097830568,168.497211136	growth	0.2	220000
261948	0,1,2,3,4,5,6,7,8,9,10,11,12,13,14,15,16,17,18,19	49.1103042871,51.8333305943,46.127846726,55.0207694818,55.8876491129,60.4782004081,98.3610783617,117.218784866,134.278769116,156.445131995,160.559003895,179.503245467,187.741979919,188.791694179,170.102018635,176.709722559,177.400564873,176.006014608,195.744534482,188.330248737	growth	0.2	220000
260426	0,1,2,3,4,5,6,7,8,9,10,11,12,13,14,15,16,17,18,19	-65.0870315579,-65.0480031392,-53.0185239386,-45.9231167942,-46.5909715859,-52.7609508683,-27.857078498,9.14967907471,25.262710315,52.23323088,69.9199212844,74.73120541,79.8257767904,69.1481402356,66.3891427008,85.3930935451,79.8642703935,61.2160044874,77.4297791288,60.0343326917	growth	0.2	220000
260197	0,1,2,3,4,5,6,7,8,9,10,11,12,13,14,15,16,17,18,19	-73.1236924852,-94.366426917,-86.0578407316,-67.9012770233,-87.7907893158,-81.2616568383,-64.1163392776,-32.6739094533,12.2478688324,34.6365165873,30.9663024971,40.4391211756,48.8624490437,33.6322913918,54.6157512012,42.5246897464,40.3228545652,32.8896978045,46.4373461592,44.5787641338	growth	0.2	220000
261238	0,1,2,3,4,5,6,7,8,9,10,11,12,13,14,15,16,17,18,19	-8.90648753821,-17.126042173,-12.7988717953,9.35354233425,-1.76010007489,-1.94494944471,36.4001371885,42.4493051651,76.6918079925,97.3745350721,100.223299031,113.873359354,119.128436602,127.2331313,127.901312085,107.638781245,125.906771112,124.374357381,107.797480966,116.502090944	growth	0.2	220000
263675	0,1,2,3,4,5,6,7,8,9,10,11,12,13,14,15,16,17,18,19	2.89243816172,-0.0502173532917,-7.97199982889,1.52457025511,-0.871004808292,20.3743656804,29.1133254379,72.6534870421,95.9076848483,95.1727146228,107.662627358,125.17964774,122.361548929,119.779124981,126.828629989,115.672701831,116.693512285,131.802736566,119.430360204,137.89814463	growth	0.2	220000
261033	0,1,2,3,4,5,6,7,8,9,10,11,12,13,14,15,16,17,18,19	112.997977719,113.361490912,122.499813558,98.5563283326,124.766752777,117.970063778,129.455685299,159.129435435,206.259365373,202.615245332,216.268180261,227.724766235,235.393409473,232.482745505,239.774934868,232.632511066,223.295363246,240.837280605,246.381430873,238.84081753	growth	0.2	220000
260187	0,1,2,3,4,5,6,7,8,9,10,11,12,13,14,15,16,17,18,19	91.8374646425,116.321257882,114.339223813,111.625167568,110.075384303,117.308437346,128.173657194,154.660242947,180.348963502,199.945121878,222.014807946,234.305553569,238.241978422,218.337303809,217.722713463,233.617774892,235.713369831,229.621038643,241.721457086,235.208276546	growth	0.2	220000
260923	0,1,2,3,4,5,6,7,8,9,10,11,12,13,14,15,16,17,18,19	-52.3384978246,-68.2808816624,-55.8347477609,-64.5438199085,-54.4598773747,-66.7640130293,-47.8598703955,-5.84718651653,15.0463047036,46.5253954263,43.6078874843,57.3953199812,58.5726817743,44.0917687941,59.5552902146,62.1101556218,67.4416347816,60.6375190938,47.7072683499,66.7593823275	growth	0.2	220000
262987	0,1,2,3,4,5,6,7,8,9,10,11,12,13,14,15,16,17,18,19	-15.3330826014,-8.27800754408,-18.2374845752,-4.45738996983,-16.4874965829,7.15455877905,33.2129548586,61.370161304,65.4064076814,89.9660682297,91.5707172082,107.858935802,101.135322502,123.384112597,106.190540305,116.509448627,124.744449356,109.196794916,108.025263134,102.710001841	growth	0.2	220000
262417	0,1,2,3,4,5,6,7,8,9,10,11,12,13,14,15,16,17,18,19	-54.5238722082,-67.3053691257,-70.4645687833,-72.6876804498,-55.5012952167,-57.1417240777,-44.7508394799,-2.81077198972,19.3190395806,51.1269746139,43.4424314616,57.6085454245,48.2908372359,74.7827440393,59.4375036313,62.4012393126,58.6121862085,60.1759526294,56.0908274015,71.6289432137	growth	0.2	220000
260157	0,1,2,3,4,5,6,7,8,9,10,11,12,13,14,15,16,17,18,19	-66.9444524364,-51.3478978584,-47.2752075196,-49.877605844,-67.810489099,-36.5644978099,-36.1814940484,12.4695345846,35.6022086052,32.9629797198,47.6890187098,70.7272007888,73.7773473144,70.3453087615,69.7917127206,74.6476017277,65.0120999058,72.353021876,80.9067738521,58.4226577286	growth	0.2	220000
261167	0,1,2,3,4,5,6,7,8,9,10,11,12,13,14,15,16,17,18,19	109.089172742,118.814808057,124.558872868,109.724522692,126.721123036,132.827634851,156.435570479,184.493017067,197.501126023,219.847299723,223.381789039,233.238264383,231.81809109,232.416379856,245.766775117,234.040473309,235.174824385,240.322301994,242.164262507,259.217871015	growth	0.2	220000
262332	0,1,2,3,4,5,6,7,8,9,10,11,12,13,14,15,16,17,18,19	-111.892371083,-123.08959331,-134.265368985,-119.627880641,-134.235504622,-120.848475456,-87.1269220163,-50.4216627304,-38.4235312786,-24.9706764892,3.65882479592,-9.7834773473,-7.7517726686,1.71778279771,-2.22166904765,-7.88366038615,-0.0145195203426,-10.1863772044,7.03631849279,-1.45919317929	growth	0.2	220000
263172	0,1,2,3,4,5,6,7,8,9,10,11,12,13,14,15,16,17,18,19	111.131155735,131.993233379,113.51033855,110.919026957,109.259457969,137.425724708,151.977412668,167.063914225,206.679142689,233.385443735,222.951459928,250.800169239,235.184601403,234.686301462,242.761912149,238.385752464,245.375624701,250.85373918,256.73338825,232.262167308	growth	0.2	220000
260345	0,1,2,3,4,5,6,7,8,9,10,11,12,13,14,15,16,17,18,19	-14.9271880092,1.92669602108,2.56429994923,-9.52315552199,-4.26646577857,0.0639411474969,27.7531345455,56.5695942387,85.2681061131,100.11350516,104.562781819,106.307047789,112.252413867,120.820088738,129.493268746,119.046198102,123.298647662,130.353929793,112.297467672,125.616964393	growth	0.2	220000
263565	0,1,2,3,4,5,6,7,8,9,10,11,12,13,14,15,16,17,18,19	-71.3884635532,-59.7296295887,-65.3691094312,-66.4408751635,-65.1313693886,-39.1306795364,-22.4432150349,4.21083171947,24.1473419026,53.0750816132,62.8711895444,62.9642704788,67.5851062248,50.8228633204,66.1251672655,58.1612080103,58.3237266818,56.4749414824,73.374088378,68.206555441	growth	0.2	220000
260055	0,1,2,3,4,5,6,7,8,9,10,11,12,13,14,15,16,17,18,19	-93.3346125214,-98.529948929,-85.6408236224,-86.0325559909,-105.292463287,-97.5971738964,-64.4633513272,-41.5954206844,-19.2491089501,-0.0445598282386,26.9459871463,15.3307190706,12.8861457138,17.1073866333,31.3636191474,18.8618726748,39.6122791302,21.5199608842,40.2314573022,17.0369634743	growth	0.2	220000
261207	0,1,2,3,4,5,6,7,8,9,10,11,12,13,14,15,16,17,18,19	13.2774626267,28.3038887732,33.4948029317,10.2460842928,25.3236665679,40.5915751393,51.4195692748,84.4156930056,104.317249438,134.627630353,139.453725944,130.8269234,134.755474407,136.185181809,150.859244347,155.049712515,139.023667819,141.792428589,155.397552023,158.600156218	growth	0.2	220000
263820	0,1,2,3,4,5,6,7,8,9,10,11,12,13,14,15,16,17,18,19	28.3470910374,32.7728927751,33.3625811591,34.531307608,36.2544109643,44.8316670296,58.5330813563,95.057369489,132.023244726,139.975534891,146.069172797,160.107362826,169.414596321,152.402116284,170.833920055,164.36093879,152.312049455,150.684843535,174.243679911,174.031017388	growth	0.2	220000
262103	0,1,2,3,4,5,6,7,8,9,10,11,12,13,14,15,16,17,18,19	74.4295428472,62.2574537156,78.4030565614,59.894218243,64.196247316,84.2214166785,103.081006812,131.440518139,169.810172227,170.146352162,188.065990637,192.200017652,180.238166207,190.665025617,191.833937937,204.516559808,188.555780528,200.216763728,194.888562722,194.053133531	growth	0.2	220000
263925	0,1,2,3,4,5,6,7,8,9,10,11,12,13,14,15,16,17,18,19	64.7932134296,64.3899528481,53.7319161876,60.2144333164,54.8336376479,62.3620643491,83.8774702173,105.357663682,152.237816178,143.117612137,155.275007768,163.148678862,172.469062487,163.872347321,168.203098656,186.328335518,183.722513036,174.107877,190.545166121,182.114941436	growth	0.2	220000
262784	0,1,2,3,4,5,6,7,8,9,10,11,12,13,14,15,16,17,18,19	75.5645543806,73.7021340233,68.0679378564,71.6369527879,85.6678811133,72.793725327,102.393265119,129.749225611,154.119795193,191.230236682,191.763152793,198.261890561,186.358492781,208.915729143,204.484808262,199.204033407,207.663357522,196.098579871,187.867984584,189.648348816	growth	0.2	220000
260944	0,1,2,3,4,5,6,7,8,9,10,11,12,13,14,15,16,17,18,19	-18.1127529866,-17.7170266874,-31.9830958331,-21.4780344906,-18.9476097748,-11.4660322171,-4.14884833632,46.4767346072,71.5751182448,75.6939261624,92.4286934765,99.1102181557,93.6885936497,104.855746124,92.9513472015,96.8007035642,106.704901251,89.1082695092,109.675228552,111.385175127	growth	0.2	220000
263342	0,1,2,3,4,5,6,7,8,9,10,11,12,13,14,15,16,17,18,19	21.4021709835,18.5352783319,-3.08050127449,0.0928096135107,3.2103822047,6.4913638442,54.8449257162,58.5043080193,92.3686459061,104.829460252,118.535326969,136.999901021,145.469862715,142.658861105,145.673557287,134.194152346,145.483587125,148.830507989,126.328819051,140.535873774	growth	0.2	220000
261589	0,1,2,3,4,5,6,7,8,9,10,11,12,13,14,15,16,17,18,19	-2.67573019864,-7.41625256552,3.14869060006,-3.31132940802,-16.18395277,-10.4170510735,20.3892348749,47.270087481,61.3518605335,95.6826640346,98.8963487074,109.583551326,124.574070935,121.519905708,116.261840556,123.411036873,114.102799686,126.74551369,124.882404337,127.979404421	growth	0.2	220000
262061	0,1,2,3,4,5,6,7,8,9,10,11,12,13,14,15,16,17,18,19	-116.28162317,-110.051256367,-111.92406581,-110.763128315,-98.1781388362,-113.148608656,-83.382958837,-58.3687730005,-18.8223734065,1.34757561805,5.32095283598,2.24668033878,24.2156152382,2.40252331937,5.34406834018,10.4067812325,19.3694868903,21.9686780692,25.0145641704,12.0833034717	growth	0.2	220000
263661	0,1,2,3,4,5,6,7,8,9,10,11,12,13,14,15,16,17,18,19	85.2466083516,84.0497367309,85.4645243906,97.481568593,95.504931725,95.0947876877,131.689214958,162.439725944,165.695105577,196.017160153,205.369659782,199.794619555,210.547016423,210.552040858,227.890090778,215.866047169,231.403695266,223.835098383,223.875834596,217.169971825	growth	0.2	220000
263945	0,1,2,3,4,5,6,7,8,9,10,11,12,13,14,15,16,17,18,19	43.7125192522,55.0976048646,33.5741202975,32.1567737831,39.5770692868,65.0320704897,60.9822626317,103.798548491,114.850830749,150.802065411,155.448696395,163.978077646,163.155088234,175.84212666,156.536911085,159.462911409,155.975623871,165.676729136,166.426241538,170.833014033	growth	0.2	220000
260859	0,1,2,3,4,5,6,7,8,9,10,11,12,13,14,15,16,17,18,19	-11.1851253825,-2.42879968514,2.20030468587,-8.89094995189,-0.161925807702,23.2348389005,21.8534151528,64.5189427953,92.6797370767,95.4433161068,121.510987697,106.96475452,135.064610344,113.062566392,130.326308453,131.568911956,121.494444944,112.651421462,133.647019367,115.625146765	growth	0.2	220000
260092	0,1,2,3,4,5,6,7,8,9,10,11,12,13,14,15,16,17,18,19	120.138536133,95.3545269312,110.107100035,102.681482304,117.256046379,105.819622725,135.470455821,158.555616851,190.93017866,199.873909143,220.775382325,227.865221044,222.60568039,230.787953443,242.125139142,220.584282113,236.897802871,241.074653873,230.492240745,237.939947801	growth	0.2	220000
262828	0,1,2,3,4,5,6,7,8,9,10,11,12,13,14,15,16,17,18,19	13.9447499398,21.671549025,18.6175590675,30.0930350821,28.6961496756,36.9992513037,61.5011094407,81.9138314953,107.954634197,132.838145331,137.450926187,156.873778284,147.110766185,146.909599209,142.370567237,148.778166606,160.659799123,152.748701769,143.998634917,161.015811232	growth	0.2	220000
260556	0,1,2,3,4,5,6,7,8,9,10,11,12,13,14,15,16,17,18,19	125.513891192,107.973511698,114.668991373,126.877012359,112.565954656,138.682202688,159.944963217,185.620629666,190.295307644,212.361436567,217.687252459,243.879553275,227.939747885,227.856596121,252.59136176,249.800802075,230.649249359,241.524707439,252.327680624,230.667241823	growth	0.2	220000
261798	0,1,2,3,4,5,6,7,8,9,10,11,12,13,14,15,16,17,18,19	30.6117989956,21.2819847352,11.40898159,10.6897568145,25.8373358791,29.3746999586,53.8212129188,69.8164264257,102.31060427,109.833026189,131.046726236,142.174654277,133.261282386,141.254801438,153.335865988,146.828696402,138.320272203,150.870379872,157.282598862,148.723183656	growth	0.2	220000
260135	0,1,2,3,4,5,6,7,8,9,10,11,12,13,14,15,16,17,18,19	-15.7598351001,-1.4651113672,-9.56110155912,-3.30677607909,-10.0288596451,4.74468980837,33.7774785438,56.6197082352,81.8336351843,98.1795803483,105.199263727,123.120377705,100.874454314,120.770091301,102.99522009,106.500237929,115.89684086,120.573404109,120.484021668,113.599203609	growth	0.2	220000
261702	0,1,2,3,4,5,6,7,8,9,10,11,12,13,14,15,16,17,18,19	-112.271268068,-98.2121694046,-92.9673169549,-99.1622929675,-98.0872575003,-105.789605808,-83.8988078539,-44.8927132898,-28.3386579002,-1.08554042588,2.13604198804,2.16514738091,16.6903781991,12.6279873665,11.4088781649,23.0886240462,20.7377104143,6.3068319738,33.3293804987,16.6996851064	growth	0.2	220000
260463	0,1,2,3,4,5,6,7,8,9,10,11,12,13,14,15,16,17,18,19	-103.083995968,-103.956720189,-110.216396721,-98.4991128896,-116.091223921,-86.5112399486,-77.0410710249,-41.3790950638,-32.5096656873,3.48297954867,5.89515402816,11.6652842957,13.0616489216,10.0892092344,8.54582967811,20.9706164972,28.2157753433,17.4150969615,11.1582251909,30.4739843107	growth	0.2	220000
262106	0,1,2,3,4,5,6,7,8,9,10,11,12,13,14,15,16,17,18,19	33.1083999165,28.96599941,30.3700490358,22.7830332124,46.3641708285,43.0825871326,72.2981174086,100.147298116,115.134565674,132.33562463,143.848274599,138.875447868,147.533660144,158.163723331,161.010180466,149.367649669,151.865580638,157.616516049,172.28800771,155.70473257	growth	0.2	220000
263384	0,1,2,3,4,5,6,7,8,9,10,11,12,13,14,15,16,17,18,19	-37.710437698,-32.9134307812,-48.7024751999,-34.9403245683,-50.3548610307,-22.0236590302,-12.8533501661,27.4902500238,50.4735671985,75.1495988126,63.2488857293,79.2711338455,88.6820740901,82.1467726004,93.6799567094,95.2845080288,87.3552445242,78.0690014325,91.9361880836,90.8134984357	growth	0.2	220000
263108	0,1,2,3,4,5,6,7,8,9,10,11,12,13,14,15,16,17,18,19	83.8113981985,64.6424869729,76.3576365255,75.9212070316,89.4373740458,77.0398680291,119.380907031,123.726457262,170.280428338,179.742348115,194.321931577,195.101493721,196.160924354,189.071557643,189.968580114,209.867507605,208.208923618,198.123088438,197.64725728,208.37190704	growth	0.2	220000
261701	0,1,2,3,4,5,6,7,8,9,10,11,12,13,14,15,16,17,18,19	64.6829735136,46.1554194955,56.4612303157,60.2929545262,65.4729973342,59.0410156413,80.2650740458,112.71253132,129.218254409,158.924308084,180.258410912,164.299063015,171.777279761,185.091601682,170.469751437,184.613916681,182.69968155,176.763006446,187.540260972,167.806587685	growth	0.2	220000
261853	0,1,2,3,4,5,6,7,8,9,10,11,12,13,14,15,16,17,18,19	65.2537998037,66.1214995243,74.8128585934,57.0270097269,52.9480089255,75.9149210933,82.6586373489,119.298013897,141.510705596,164.797049516,178.253213655,192.271878212,196.222188379,178.747174942,183.009820918,182.691979134,203.857032609,189.421871215,185.963728761,182.482154148	growth	0.2	220000
262769	0,1,2,3,4,5,6,7,8,9,10,11,12,13,14,15,16,17,18,19	-111.47807341,-107.004110155,-94.0402651793,-110.048190546,-96.7731241063,-87.8170155373,-84.1743302452,-49.8657087163,-19.1215737763,1.60755273023,-4.54333132589,14.3023566258,16.4112234756,3.58404593822,28.20039748,10.3533821616,16.4133940218,14.1700563327,19.3537920503,20.2334591942	growth	0.2	220000
263610	0,1,2,3,4,5,6,7,8,9,10,11,12,13,14,15,16,17,18,19	75.3821450913,83.2183662493,87.273269604,78.2587769827,75.3145229213,90.1992063883,132.313716502,149.946208856,186.192334996,201.010623805,194.773984679,216.848822812,214.861117761,216.860394162,214.944992275,222.915935987,205.614458567,220.890057465,205.286822671,224.314178766	growth	0.2	220000
262105	0,1,2,3,4,5,6,7,8,9,10,11,12,13,14,15,16,17,18,19	-10.6148243594,-30.6422200421,-11.7051041024,-20.6503826512,-12.534698692,-4.29344104224,4.46026650303,37.2512061811,52.8136658074,86.171923192,98.5102199087,98.7496524954,109.123352841,101.137336379,100.454757361,90.7788217463,112.137347829,106.67918641,94.7640576643,116.537324904	growth	0.2	220000
262193	0,1,2,3,4,5,6,7,8,9,10,11,12,13,14,15,16,17,18,19	-32.3374932446,-27.3344359804,-36.055760267,-38.2736687685,-32.9656748126,-24.9277751065,-7.11860714268,19.9281801353,61.1069606137,75.0677440842,68.6022979629,93.5929189391,95.1435499201,74.1179673535,92.7686761439,93.1055066734,76.7440104905,73.372008157,73.3025326515,90.670346004	growth	0.2	220000
263939	0,1,2,3,4,5,6,7,8,9,10,11,12,13,14,15,16,17,18,19	-33.6955773827,-23.043168714,-39.9652577332,-28.068726858,-15.6297335915,-11.4879187742,8.20005033047,21.4338103906,62.8933168929,87.1971405072,73.6431098563,103.41911976,88.1050904689,93.3313037881,105.404767509,102.189210544,110.586449243,107.969892933,86.9816720756,94.6489370785	growth	0.2	220000
261064	0,1,2,3,4,5,6,7,8,9,10,11,12,13,14,15,16,17,18,19	-87.6237061306,-94.8458157529,-75.4365351423,-94.7019979699,-72.118697689,-72.9670353549,-54.7229808212,-37.5632756855,-11.0165524234,3.08645633864,29.3938270003,33.6783662427,30.1545168588,36.7611574073,42.1816061331,50.817380377,26.8254261829,33.2556191726,46.4865015657,34.8507527587	growth	0.2	220000
263361	0,1,2,3,4,5,6,7,8,9,10,11,12,13,14,15,16,17,18,19	-122.530147617,-119.564470861,-107.542743687,-112.14866988,-124.599407488,-99.3992294008,-95.0116569851,-66.9523943343,-32.592508609,-10.0024310194,0.108862388697,13.6163992491,9.82964842322,-7.48112495658,-4.33936152481,6.2854431402,14.3396725643,15.3386654733,8.38702477717,-5.34200373374	growth	0.2	220000
261938	0,1,2,3,4,5,6,7,8,9,10,11,12,13,14,15,16,17,18,19	-58.799295774,-57.3829513174,-66.7406727471,-51.7787801814,-49.2058660737,-58.9776691106,-37.9092709995,-2.44417529032,19.1789261,52.7425979447,45.5093125549,70.2624746983,49.1126344713,71.7138188798,57.7894050894,52.5092537118,63.7358205987,56.6821287492,76.4055611784,63.3866921982	growth	0.2	220000
260474	0,1,2,3,4,5,6,7,8,9,10,11,12,13,14,15,16,17,18,19	-36.096858064,-24.0204757858,-42.7151628101,-36.7112659348,-24.7020954146,-28.9221329844,-12.6369340445,29.9399056517,49.6475451826,73.4455781845,92.6940922118,93.6900886503,80.4146244897,89.0010213726,103.536261054,91.0439538736,103.274909413,90.8167181385,89.6737454611,96.7816017835	growth	0.2	220000
260040	0,1,2,3,4,5,6,7,8,9,10,11,12,13,14,15,16,17,18,19	-21.3863092424,-26.1105803283,-7.7223068702,-26.233878833,-19.9848976356,-8.89058105588,27.6601283778,30.9525952364,81.9996987436,86.0454641175,85.7090016779,96.4814985773,101.447037861,116.091713474,95.7808428643,94.8286147845,98.0437069441,118.415797619,120.411071085,95.0150677632	growth	0.2	220000
261281	0,1,2,3,4,5,6,7,8,9,10,11,12,13,14,15,16,17,18,19	-104.405719523,-106.731802237,-103.404837115,-101.717225733,-93.9552146788,-97.4151216909,-62.0397803837,-36.1390422824,-20.9179648989,-14.9845962345,14.1508921215,4.23964925125,14.6450513891,15.4829815585,10.9339429687,12.9629892834,24.5913487357,25.4199376704,6.47864209258,20.4928490459	growth	0.2	220000
263976	0,1,2,3,4,5,6,7,8,9,10,11,12,13,14,15,16,17,18,19	22.9642913215,47.1661295778,39.4016171262,25.6768362672,38.2662277105,54.8606060417,73.9863455358,88.018740104,117.00976262,129.821049752,155.486489557,161.437583931,168.945993461,149.149102362,158.863210148,150.37272642,173.552725812,153.617171203,172.808984591,160.494565749	growth	0.2	220000
263869	0,1,2,3,4,5,6,7,8,9,10,11,12,13,14,15,16,17,18,19	-1.25026180846,-6.02468800801,-9.19134048115,-6.73822169651,-12.8386481081,-15.6862027718,7.54969780314,39.5362618549,68.0446461913,82.2530071072,92.8080274816,96.2054722343,112.536749932,103.203897932,107.725190131,120.423848164,119.05720601,115.824559929,120.551101332,112.859387125	growth	0.2	220000
262910	0,1,2,3,4,5,6,7,8,9,10,11,12,13,14,15,16,17,18,19	-38.0226921716,-31.7334696479,-18.1285303044,-44.0842374332,-33.3115629239,-14.9041805764,11.4227867597,28.6498753761,59.4876611502,73.4971524993,90.7564854013,89.2339460208,90.5581493205,77.615461796,98.1742076639,86.9695479658,97.7383338935,80.9181085723,94.6627421439,103.883175462	growth	0.2	220000
260825	0,1,2,3,4,5,6,7,8,9,10,11,12,13,14,15,16,17,18,19	-25.0288312188,-29.2130766299,-26.073318007,-42.8081277179,-42.8726711437,-29.2326423888,2.54437272144,21.218580744,62.1935801381,72.9554677218,73.6184722659,96.7395580063,89.9641548409,94.9450987932,104.74114842,91.2667349699,105.14975917,97.0067949048,96.7161052154,88.1597282252	growth	0.2	220000
262072	0,1,2,3,4,5,6,7,8,9,10,11,12,13,14,15,16,17,18,19	-61.6484750902,-49.7428427384,-69.3779238216,-58.9787020491,-55.4801230725,-50.9060589772,-32.2385474028,1.89061652787,38.2478077512,47.0565420152,66.1233001603,70.0868445795,63.7514314131,73.2484148001,54.1401539991,78.8346269626,60.1151340038,54.9630074678,71.1195160813,74.3429410691	growth	0.2	220000
262456	0,1,2,3,4,5,6,7,8,9,10,11,12,13,14,15,16,17,18,19	-3.07151514919,2.6085680854,5.79891864262,3.80089292773,-16.4088987582,14.4489884121,38.7377399254,66.0623151637,86.3324247158,88.0394171203,98.8042410264,108.795765018,124.822090283,106.432744836,109.253522445,129.468036035,127.612718616,109.364554145,124.034812184,130.468068652	growth	0.2	220000
263774	0,1,2,3,4,5,6,7,8,9,10,11,12,13,14,15,16,17,18,19	-72.7506872106,-88.9187688394,-87.6175406797,-72.2372903457,-86.8580152231,-69.6124770693,-55.1359083639,-4.0607535803,-1.37053568398,36.0307081595,32.7474777697,49.2383915627,54.8039542421,53.9591569327,36.6825852902,51.5541490014,38.4241193087,39.8816964957,40.5665928843,35.9919361985	growth	0.2	220000
262791	0,1,2,3,4,5,6,7,8,9,10,11,12,13,14,15,16,17,18,19	-26.6248624127,-30.2317471309,-31.7140079726,-10.9262551889,-11.2514981635,-4.78924668938,16.9454384888,30.9437997624,63.4335685643,83.5738775398,103.968209091,99.4164012831,99.3592232364,103.211493383,106.019754572,110.942380119,97.6517472828,115.903933391,100.655001015,112.981653221	growth	0.2	220000
262439	0,1,2,3,4,5,6,7,8,9,10,11,12,13,14,15,16,17,18,19	-110.029100767,-116.314963013,-108.359530469,-111.199216409,-120.836949856,-121.61696708,-94.6037598519,-55.8841130479,-33.8048985702,-30.7386676537,-22.0993602516,-2.67949588842,-8.0271898395,12.156465947,13.3366008917,9.55637335449,1.19538962677,12.8508573666,4.86722273501,-5.01482614886	growth	0.2	220000
261889	0,1,2,3,4,5,6,7,8,9,10,11,12,13,14,15,16,17,18,19	-57.8959764293,-81.630068118,-69.2589280319,-70.747050964,-76.9581229552,-73.1141774099,-47.0260956273,-2.15784296364,19.7804595609,33.3636490156,34.6857215711,45.2426787181,40.2962021581,46.454990492,54.9728389927,56.7453197013,68.813448795,46.7729718621,58.3539253431,65.1795955196	growth	0.2	220000
260653	0,1,2,3,4,5,6,7,8,9,10,11,12,13,14,15,16,17,18,19	-27.5305225138,-30.9953861831,-44.0186233369,-28.6178559993,-31.2793370676,-30.6451667889,1.69692502724,31.0910824729,60.4668747205,72.7004240048,80.9084677974,90.8443702486,81.7199416774,80.834261915,94.904056307,103.175718882,86.1350352223,106.717417149,103.075630847,90.2423512175	growth	0.2	220000
263139	0,1,2,3,4,5,6,7,8,9,10,11,12,13,14,15,16,17,18,19	-68.8444223627,-78.4238766676,-71.7626857721,-79.6950432248,-61.7683740008,-76.0290890208,-46.687160532,-18.778524694,4.53314194637,34.4147018071,28.9817446363,31.1553984621,50.9370562959,59.1810778735,35.3197111068,51.6576025616,57.4352853755,53.8044366894,48.8145882904,47.5574351733	growth	0.2	220000
262665	0,1,2,3,4,5,6,7,8,9,10,11,12,13,14,15,16,17,18,19	107.819762577,99.8513357515,94.6401943546,93.2464715465,106.274368535,107.925427832,125.725663329,148.981088446,188.14504764,209.985111799,207.12104276,223.545557816,208.228745777,236.185907425,215.013938449,225.143602726,233.963008809,216.215881497,231.125907092,230.410467071	growth	0.2	220000
260185	0,1,2,3,4,5,6,7,8,9,10,11,12,13,14,15,16,17,18,19	62.6102400053,83.494835306,75.527601367,78.6682859758,79.2687774498,83.1040768692,102.194695231,127.969556152,167.174575991,165.24588729,179.722844323,199.863100075,194.011260625,198.878206335,202.037018262,190.234378778,207.790524117,197.289241343,207.241673695,187.412744355	growth	0.2	220000
261440	0,1,2,3,4,5,6,7,8,9,10,11,12,13,14,15,16,17,18,19	130.441984837,116.136693327,123.653988231,127.43243285,136.98462531,123.945861468,141.373240355,172.045175572,220.444745763,232.683621739,229.160078961,244.159851981,251.982066004,244.02682823,251.592127667,259.240567605,253.097852537,253.387055975,236.508990737,240.026088259	growth	0.2	220000
260811	0,1,2,3,4,5,6,7,8,9,10,11,12,13,14,15,16,17,18,19	23.5924301891,7.20916169843,7.88040109593,25.8651018756,5.17346470656,15.7098888517,55.2460547536,60.5957809474,110.339773323,125.549662844,126.903919773,139.312503669,140.868486882,124.466953415,139.983462987,144.983384385,142.242338445,135.275047674,138.07390104,131.603183311	growth	0.2	220000
261257	0,1,2,3,4,5,6,7,8,9,10,11,12,13,14,15,16,17,18,19	-25.0157918559,-31.3308493829,-16.765524171,-23.2097546348,-34.2360266514,-18.2337806438,-8.91154515006,30.8277574521,41.6299023221,60.1915650697,92.5854147089,98.1968066084,103.9672839,101.368085621,87.5709629799,105.925182065,84.5114848835,108.381962635,84.4374864558,107.855836457	growth	0.2	220000
262370	0,1,2,3,4,5,6,7,8,9,10,11,12,13,14,15,16,17,18,19	-96.8269411612,-96.6390698762,-119.666474819,-117.125020793,-107.932031349,-113.677498066,-77.7064562055,-45.3890255085,-15.1124318155,-6.21031049976,1.30324902148,-3.27524606159,15.6860343613,20.7593893673,26.9929904053,4.69118547898,4.60268408463,27.6716380155,24.198758637,3.81930732269	growth	0.2	220000
261670	0,1,2,3,4,5,6,7,8,9,10,11,12,13,14,15,16,17,18,19	52.9112164994,64.2679917113,67.7912685958,56.4783368846,74.7229614293,73.3490436317,89.9393258298,119.229520919,152.144178994,177.88269317,164.506484043,191.368425089,197.602977457,199.683813094,182.5786376,201.285561505,194.656948136,196.974732825,176.447723748,175.115442314	growth	0.2	220000
261143	0,1,2,3,4,5,6,7,8,9,10,11,12,13,14,15,16,17,18,19	-3.24683145004,5.28368546629,-5.47819062736,-0.9214987843,-4.93929034134,14.9515539276,34.4906390915,65.3297876735,90.03291515,101.77403666,115.953186418,121.507345995,111.203929769,132.251846918,126.302280434,115.76269489,113.029215935,114.136005164,108.951891047,118.648360874	growth	0.2	220000
260764	0,1,2,3,4,5,6,7,8,9,10,11,12,13,14,15,16,17,18,19	55.3146997319,64.6938309749,53.9129494165,52.566560175,71.4494570611,69.4628727161,90.1126770832,118.036518137,145.466412802,151.75656078,169.075427435,164.229514977,176.436979293,173.03793111,189.561606837,173.859170805,171.537935894,191.886600079,188.221145849,189.994382119	growth	0.2	220000
262821	0,1,2,3,4,5,6,7,8,9,10,11,12,13,14,15,16,17,18,19	-29.88047263,-35.8063852743,-11.4305062784,-16.7735360244,-22.9392453963,-20.2384158455,-4.05647595731,38.2238452266,51.0259650161,82.2477645933,82.4682395422,94.8456711006,102.509238599,104.489838138,90.5391340837,95.5903132472,90.0244627777,113.085494544,111.34315062,97.8656278232	growth	0.2	220000
260075	0,1,2,3,4,5,6,7,8,9,10,11,12,13,14,15,16,17,18,19	102.657659459,90.5586844965,81.250717817,93.3399954311,99.3682765417,92.661984823,120.567976063,144.700176094,184.901078468,188.140978945,194.034479534,215.48473986,224.906809817,218.014372135,223.853997364,229.268856669,218.352029102,225.205203477,221.48058677,215.298439513	growth	0.2	220000
261092	0,1,2,3,4,5,6,7,8,9,10,11,12,13,14,15,16,17,18,19	-41.7612324478,-40.8141176348,-43.8586504876,-55.7109233145,-40.0709576063,-24.1792016637,-20.6274989499,14.2224703457,47.7894729959,54.2668258748,56.6089650872,71.8757491746,68.0671524686,74.6315788851,81.4671536177,68.6800446587,88.7938772666,78.5455782298,93.7032393026,72.453734124	growth	0.2	220000
262566	0,1,2,3,4,5,6,7,8,9,10,11,12,13,14,15,16,17,18,19	22.4132977889,7.81780420094,23.4847341202,29.6659988355,9.83596583752,36.3770534839,56.3897868976,76.1770402793,104.847350074,122.18719083,117.963758493,138.658452687,148.538253437,141.55549462,141.859710299,152.360835259,135.283881324,131.861140215,140.79331665,143.730831672	growth	0.2	220000
263731	0,1,2,3,4,5,6,7,8,9,10,11,12,13,14,15,16,17,18,19	108.20003543,84.9088308771,100.193588309,97.057313716,94.0761809579,103.282782062,137.983268189,165.427807547,175.362381114,201.277027502,206.109810962,219.233857589,208.568139397,218.049280199,211.850125996,213.744549101,229.33860078,231.693581666,210.262956486,233.624817956	growth	0.2	220000
262308	0,1,2,3,4,5,6,7,8,9,10,11,12,13,14,15,16,17,18,19	106.268478783,90.6896084705,97.0935553929,101.704205457,113.979645917,116.724630279,144.355733269,160.816824527,190.478000485,198.979861204,220.817389117,223.282550264,216.493539637,232.086581597,235.843713435,227.18190055,217.326385861,227.536333644,223.626576108,223.906079948	growth	0.2	220000
263962	0,1,2,3,4,5,6,7,8,9,10,11,12,13,14,15,16,17,18,19	-38.8328522399,-41.2994100915,-39.0948458948,-34.5856799116,-25.4238455425,-33.7403367228,0.933093891779,7.33169381873,40.6587147397,73.0751444686,65.6300188061,72.4363058195,83.6524635233,92.8418287897,81.1389200136,90.4388491396,90.2721208861,73.4003596137,80.0387001733,80.9547178929	growth	0.2	220000
260496	0,1,2,3,4,5,6,7,8,9,10,11,12,13,14,15,16,17,18,19	38.7884945523,38.3952334894,42.6938111423,25.7155206023,38.4564724404,30.4256528878,51.3139108024,95.0204494493,121.905972779,138.728046572,151.635848114,150.66864321,158.939861374,145.456456874,144.355797802,162.592175044,161.956383869,146.694023005,145.948858693,143.524661113	growth	0.2	220000
262149	0,1,2,3,4,5,6,7,8,9,10,11,12,13,14,15,16,17,18,19	-111.659010715,-124.969454652,-110.266686727,-126.060901495,-121.96490912,-112.616622297,-86.7271519264,-68.0937753875,-29.2302541058,-10.5522365224,-12.8479182439,-1.08652044003,11.3692654751,5.52417792278,-1.05798540543,1.33947773942,-0.410719795341,0.874135920725,14.5459389366,10.4499416477	growth	0.2	220000
263036	0,1,2,3,4,5,6,7,8,9,10,11,12,13,14,15,16,17,18,19	-75.5201303905,-91.8415540012,-85.0791201789,-82.5832150438,-73.0882965444,-83.1107135333,-65.8118479989,-31.2739520385,2.97924464372,29.8199907267,37.9983434658,22.3705735995,40.3117512379,53.2011768136,26.9141249705,50.936228355,31.3048068843,43.898639457,52.6969791091,52.6467078427	growth	0.2	220000
263015	0,1,2,3,4,5,6,7,8,9,10,11,12,13,14,15,16,17,18,19	59.6482397406,43.3602665698,43.4166292617,52.8456662382,39.4805254919,60.9875989306,67.3631937395,107.560166227,137.813214944,153.858377045,155.724692697,156.512569698,175.862889671,160.443219727,163.083582548,160.835622623,178.046461169,186.452437749,165.953699432,175.927775702	growth	0.2	220000
262639	0,1,2,3,4,5,6,7,8,9,10,11,12,13,14,15,16,17,18,19	57.5060417662,42.1213243513,50.528465197,55.183344764,65.1135524895,48.585369626,82.5467952949,106.693278192,150.647563494,154.147478056,158.945380103,176.489838263,183.596710199,177.927204289,183.545134218,171.159029337,180.22715797,184.348839781,179.603662622,184.677377202	growth	0.2	220000
263497	0,1,2,3,4,5,6,7,8,9,10,11,12,13,14,15,16,17,18,19	24.0422286343,36.4609003475,41.8892276561,20.2752499461,23.4759296054,45.9322696136,64.9291736818,95.0078565638,99.4266971053,139.514658209,146.29444754,153.937098353,152.594636426,140.505138434,164.965763659,162.802025067,158.756754791,143.142723326,144.481808701,147.123929122	growth	0.2	220000
261688	0,1,2,3,4,5,6,7,8,9,10,11,12,13,14,15,16,17,18,19	122.76591987,128.799976672,123.802857637,112.709677066,133.748220106,139.623658051,148.633408811,183.930332698,212.117707408,222.482183005,236.086639109,233.686286506,244.924890751,230.692328327,241.397666026,246.114636301,251.753177444,250.439779674,256.350322375,234.784948021	growth	0.2	220000
263176	0,1,2,3,4,5,6,7,8,9,10,11,12,13,14,15,16,17,18,19	-42.9921490481,-40.2988175575,-29.2217052163,-38.2682807262,-25.5178861306,-23.8932967823,8.77651224981,31.6265267212,60.6992981869,62.0248353956,76.7253002771,75.4361560381,88.3491356976,92.8782165245,105.075025968,106.868328091,95.708291294,86.0027512754,85.8277182994,95.3697866818	growth	0.2	220000
263463	0,1,2,3,4,5,6,7,8,9,10,11,12,13,14,15,16,17,18,19	111.103416493,128.888119499,122.529076124,129.623646833,111.647729028,125.31708857,158.815405326,166.161846558,214.024385939,223.804808221,222.016880267,240.325731253,233.774545647,250.320316214,241.633670842,230.016050009,249.424040168,238.699395221,242.329248941,238.380201709	growth	0.2	220000
262056	0,1,2,3,4,5,6,7,8,9,10,11,12,13,14,15,16,17,18,19	-29.1872922635,-37.2462092481,-40.2675511415,-40.340448689,-40.3615316939,-37.2284162114,-20.2447110552,13.3301752082,37.9371513172,63.8340727951,80.4281255682,63.1511525086,86.0179565397,75.7471110034,87.6208250491,92.7396406959,83.0753615145,92.4733525763,77.9935989728,69.5071861408	growth	0.2	220000
263601	0,1,2,3,4,5,6,7,8,9,10,11,12,13,14,15,16,17,18,19	-58.964162582,-48.7724321944,-72.8599616516,-54.0828661432,-74.6055232161,-44.0814356174,-27.3306834625,6.97924219661,10.231292289,44.6011302823,56.6945084053,47.2144430132,67.397426147,60.0960520084,72.6346363404,56.508226547,62.0887768475,62.436423115,64.3523641242,61.5123919105	growth	0.2	220000
262705	0,1,2,3,4,5,6,7,8,9,10,11,12,13,14,15,16,17,18,19	-97.383979044,-124.011620631,-117.663858805,-101.278689856,-112.297572155,-93.961466288,-74.1504220735,-64.6842242722,-17.9797183407,-7.76067597816,6.66239529148,1.59501109132,1.51595938833,18.6868044414,26.6728719156,11.6453958895,15.206339908,26.3749042362,13.2783448612,20.0549514308	growth	0.2	220000
260028	0,1,2,3,4,5,6,7,8,9,10,11,12,13,14,15,16,17,18,19	-20.822912934,-15.647145855,-22.4452237902,-33.4575454179,-11.581632177,-10.8340410917,11.2220733537,33.7205680811,58.3265853756,82.3731513421,80.0974274321,86.2040390647,88.8764748575,94.8169840902,95.5859952932,109.217777955,93.6626448887,98.0331533182,110.980204807,92.2847291778	growth	0.2	220000
262792	0,1,2,3,4,5,6,7,8,9,10,11,12,13,14,15,16,17,18,19	-71.3501014188,-79.8024088869,-73.9584001602,-64.4986868175,-72.8422482289,-52.9968165184,-52.1895036794,-13.4795960979,4.84434490172,19.9435540778,32.3942766026,39.5468673285,38.7708228543,52.7879061389,54.9727547226,61.9278885014,42.6806335831,63.8613924473,53.9255809045,50.4309276562	growth	0.2	220000
261323	0,1,2,3,4,5,6,7,8,9,10,11,12,13,14,15,16,17,18,19	-13.9932295368,-2.67642428536,9.38289048084,8.85668293474,7.52783839624,13.5599503236,30.4555181051,64.9145418197,83.2005353344,95.0088737166,104.113548025,127.562117684,126.23075572,122.241237958,129.900676692,126.52927655,118.642388834,133.336482696,116.473125603,111.410868557	growth	0.2	220000
260569	0,1,2,3,4,5,6,7,8,9,10,11,12,13,14,15,16,17,18,19	-4.73025459099,-17.3124139309,7.14272641999,1.84889679576,-12.177522805,4.31865281175,20.5489056097,47.6194032494,90.849476928,102.675035328,108.037322893,106.002564638,110.797986311,115.096068339,107.980413513,130.684960569,104.991001442,127.164221948,117.976229869,126.234759766	growth	0.2	220000
262109	0,1,2,3,4,5,6,7,8,9,10,11,12,13,14,15,16,17,18,19	-41.9755460903,-25.9165504634,-19.8776598107,-43.5652094835,-36.2859360998,-20.6119542152,-8.73755264154,20.0781134546,46.417201572,57.2328481364,67.3777256652,91.6502622713,103.734045978,79.5530247081,91.6777351812,91.5343858388,82.6075510846,101.616119547,104.503182878,105.652602458	growth	0.2	220000
261681	0,1,2,3,4,5,6,7,8,9,10,11,12,13,14,15,16,17,18,19	47.4183846536,52.0039068204,49.7673589065,67.3388290566,46.2886229415,57.5216022704,95.7006416986,116.338200597,138.533018608,155.846926425,180.121594845,176.544288058,185.88687827,176.517303771,172.41880098,171.074493148,185.085576886,168.709738441,183.873027831,191.962357614	growth	0.2	220000
260662	0,1,2,3,4,5,6,7,8,9,10,11,12,13,14,15,16,17,18,19	-112.422758093,-102.238509398,-100.233059968,-86.6989128213,-101.18426056,-79.9425230392,-69.4512550612,-30.9719960973,-22.0001327625,15.3686691699,0.785434475257,15.9260852991,14.3907437473,12.093245939,12.4006784662,25.9669511073,34.7971603116,24.6565354009,32.7456600692,25.4723777502	growth	0.2	220000
263089	0,1,2,3,4,5,6,7,8,9,10,11,12,13,14,15,16,17,18,19	-33.4288939181,-33.4948459216,-30.8424464674,-21.7326011572,-14.8347426486,-14.9718250299,19.9719887338,51.605341134,65.4914459604,89.6793297907,82.7940265665,100.845328445,100.139659203,111.650780251,100.205687956,106.18805834,90.4969601295,94.4371155962,114.271791083,97.1721752871	growth	0.2	220000
262996	0,1,2,3,4,5,6,7,8,9,10,11,12,13,14,15,16,17,18,19	97.4357545118,92.1269382956,81.3911061197,104.543965128,85.6831519631,97.3119623989,132.477181715,157.384225882,187.707043689,198.521699515,208.750876843,215.789542948,208.589873267,205.862583631,228.367125925,230.341337261,227.467397012,208.147098263,204.655373649,205.681848562	growth	0.2	220000
261117	0,1,2,3,4,5,6,7,8,9,10,11,12,13,14,15,16,17,18,19	63.0442113759,52.3395738364,52.3758325903,63.8663973767,60.6680384953,56.2474406611,85.741618049,122.072481668,136.008331925,142.924589802,162.280744965,160.223292377,168.47603448,172.44281713,173.513340197,181.929581132,163.309462441,171.808935188,167.713137232,161.736814747	growth	0.2	220000
260730	0,1,2,3,4,5,6,7,8,9,10,11,12,13,14,15,16,17,18,19	60.3685870786,51.1055958533,61.1657637282,42.5908783223,47.1128785786,76.3310270694,78.9366541926,115.065147435,128.412922312,150.479339957,163.371461402,180.740689895,181.21773446,183.189591827,188.19086619,177.56792133,177.896334756,174.061042292,177.357856925,194.936688651	growth	0.2	220000
261353	0,1,2,3,4,5,6,7,8,9,10,11,12,13,14,15,16,17,18,19	-75.8617255768,-74.8093675048,-69.038875065,-88.3332036645,-74.012097601,-61.1807810089,-53.5822152647,-24.1515771544,5.50950980319,18.7369759976,29.1601095256,42.2303637465,54.5804777683,36.5830297821,50.653699821,30.9069670554,36.5258361619,45.1796764248,38.3216091093,50.0071957059	growth	0.2	220000
263881	0,1,2,3,4,5,6,7,8,9,10,11,12,13,14,15,16,17,18,19	87.2319177999,86.3643085923,71.7611497116,72.0748361114,92.3806961293,80.8304453862,102.061496011,131.282304251,165.446239149,190.804056422,205.342927255,197.293687367,215.666548943,214.253538639,206.989554403,212.645539611,217.410668843,194.787196813,216.299824985,212.571256617	growth	0.2	220000
261361	0,1,2,3,4,5,6,7,8,9,10,11,12,13,14,15,16,17,18,19	-102.050112873,-117.445807474,-111.639703076,-99.9540088532,-119.557146446,-92.5565073405,-82.257854155,-64.9825737831,-18.8517286526,-17.0484207626,-3.91711767404,4.02312023973,2.65824807777,-2.62283722172,12.2775044304,18.4368664057,16.1580211827,20.1142084,6.02961726986,14.933225294	growth	0.2	220000
261684	0,1,2,3,4,5,6,7,8,9,10,11,12,13,14,15,16,17,18,19	-102.421718218,-82.4738141089,-106.460657842,-102.852560105,-82.5762450323,-96.5813490366,-66.1979573453,-42.4178260683,-1.25568985203,16.9736158086,4.63819961631,14.8318825507,12.8212108499,31.5357544836,28.0350275051,19.34280622,24.5417314659,17.7088536961,30.5418526405,31.4949513443	growth	0.2	220000
263615	0,1,2,3,4,5,6,7,8,9,10,11,12,13,14,15,16,17,18,19	64.9778569857,65.8058972488,67.2538464282,89.6453584012,71.1419005322,78.749540314,105.970707053,141.136567558,168.456120713,168.875469554,175.805317018,202.903544908,196.875387165,195.507030738,201.702152502,192.233006846,202.668251606,204.019544065,205.843050517,196.723759415	growth	0.2	220000
260224	0,1,2,3,4,5,6,7,8,9,10,11,12,13,14,15,16,17,18,19	40.2586474021,32.3267336521,41.9992104525,49.5273576053,50.6764733226,45.8074729531,83.2964597038,113.942566207,137.383653036,156.802026699,169.439470768,169.44662734,166.975553363,163.548866374,157.53799251,181.4027691,165.656890574,167.925501883,164.050962743,169.950440238	growth	0.2	220000
261021	0,1,2,3,4,5,6,7,8,9,10,11,12,13,14,15,16,17,18,19	-113.825042675,-127.114713662,-109.303862225,-135.395366576,-117.147060889,-120.254542734,-91.8052403541,-70.8530778402,-23.8030269619,-22.4096129336,0.192294203796,0.0500506984585,-0.0487773448787,-0.418127959826,10.2778668864,10.482826922,-7.2651342655,1.4836730246,4.78735193417,-10.155955814	growth	0.2	220000
260383	0,1,2,3,4,5,6,7,8,9,10,11,12,13,14,15,16,17,18,19	68.2503372891,51.5802632619,68.4995784026,75.9591657866,64.6938630222,64.1316301849,102.413174559,133.724198173,163.557851335,179.763040193,180.330919845,172.526354905,186.662626092,186.533441004,191.566284522,197.730153329,191.480452671,191.087096417,178.607972523,192.968256196	growth	0.2	220000
262594	0,1,2,3,4,5,6,7,8,9,10,11,12,13,14,15,16,17,18,19	-80.5143281662,-95.8536323412,-89.8243344978,-88.208018673,-95.0810465465,-84.4390357242,-60.7562658593,-36.9312741233,5.18016064081,13.4988826132,34.003893678,38.3417823608,24.2820346584,36.2975340857,21.9834881099,26.2916791626,34.0568040472,23.5381160428,24.7133872355,34.3621503359	growth	0.2	220000
263041	0,1,2,3,4,5,6,7,8,9,10,11,12,13,14,15,16,17,18,19	70.2414335789,72.5614894969,69.3254030763,74.6040200222,68.6071652132,92.1001442464,101.045118923,147.843435996,171.95455107,171.510250255,190.117447617,196.123686764,189.432811773,201.502689873,201.133278106,195.234379128,217.736666336,206.173282687,210.661581372,194.048311072	growth	0.2	220000
261254	0,1,2,3,4,5,6,7,8,9,10,11,12,13,14,15,16,17,18,19	81.3690784175,87.7468079582,93.4708245435,96.2975895292,97.4408156664,93.9118487988,108.851719874,137.824400561,178.171071277,201.257847316,188.494125086,211.521421058,213.106102046,198.15058419,200.694508824,200.919019788,219.578309309,197.549485691,207.864255834,222.072763046	growth	0.2	220000
261284	0,1,2,3,4,5,6,7,8,9,10,11,12,13,14,15,16,17,18,19	48.5824659298,36.5404432181,52.6543551829,31.913279721,50.0866341505,60.2841979609,70.2499117209,89.5327474031,130.800143205,147.931574234,141.275435079,165.082832776,151.511143158,174.251249492,155.658491595,151.171660018,161.862386349,173.126218604,177.658541569,160.572931068	growth	0.2	220000
262849	0,1,2,3,4,5,6,7,8,9,10,11,12,13,14,15,16,17,18,19	8.17133319061,22.2750633136,14.1365464586,14.0296322653,11.1089071803,31.0007295319,51.8884732231,78.6734739981,94.9606955146,120.110861824,120.62934872,133.657610866,142.836089531,129.870420344,145.204906164,146.044196004,137.835868651,133.225916447,124.33839444,144.170977817	growth	0.2	220000
260179	0,1,2,3,4,5,6,7,8,9,10,11,12,13,14,15,16,17,18,19	-87.2108446067,-78.6596022604,-88.2407737656,-73.9134126472,-86.2330156616,-70.3971976849,-51.8952252629,-18.1258993712,-10.010286381,14.7810625863,32.1977576314,25.0555655455,30.7149380291,26.8189785554,46.8325109045,38.9290223052,29.7912344692,39.3564008822,53.3565562511,33.7802566464	growth	0.2	220000
262403	0,1,2,3,4,5,6,7,8,9,10,11,12,13,14,15,16,17,18,19	59.9111184921,77.8617701796,81.0466388318,74.8695975413,82.9289722001,84.5034850123,108.444965022,136.761091669,164.26244083,170.624057098,176.874662573,178.472131899,192.630539054,208.050100439,202.079566228,185.69745792,190.193572768,201.272905179,194.572206072,202.360786069	growth	0.2	220000
260914	0,1,2,3,4,5,6,7,8,9,10,11,12,13,14,15,16,17,18,19	-131.323020803,-116.33918525,-123.638077273,-126.438817591,-115.20359379,-110.14922711,-96.6205498519,-68.5971583901,-33.5685293161,-2.59828022687,-12.2690324358,6.84596205468,-6.63261399621,-3.72723464875,17.5086108798,2.84730247176,-1.3481750162,17.7109610862,-5.8142851981,9.45149101019	growth	0.2	220000
262810	0,1,2,3,4,5,6,7,8,9,10,11,12,13,14,15,16,17,18,19	-26.2154942115,-35.651533912,-31.6824700314,-39.2043861026,-27.2211621199,-29.3434825163,0.787643125435,28.2210064682,46.667657835,64.955036194,71.069373028,78.5344673903,90.1341059348,102.71156164,89.4640183355,97.7787393326,91.6631428187,83.8570217684,94.9448894984,106.162050057	growth	0.2	220000
262976	0,1,2,3,4,5,6,7,8,9,10,11,12,13,14,15,16,17,18,19	-58.7619676848,-68.2942431369,-69.7149910639,-64.058621174,-52.5479367343,-56.214196905,-18.5955845631,4.06375611581,17.7562468215,35.9823893149,59.2408667712,74.1284439442,52.3253729219,69.5810054817,55.0293908227,63.9373837649,75.1589586087,54.8856380095,57.9810183387,70.6313073041	growth	0.2	220000
261655	0,1,2,3,4,5,6,7,8,9,10,11,12,13,14,15,16,17,18,19	-2.42680794505,-10.6544895057,-21.0465118898,-3.55391057995,-15.197884676,-9.13957622495,20.5933758686,46.9913476745,83.0454625294,101.076721345,103.472150734,114.410375857,100.759979837,108.087858153,106.602882244,110.286886305,111.900073416,121.516508333,119.075302875,101.844502124	growth	0.2	220000
262754	0,1,2,3,4,5,6,7,8,9,10,11,12,13,14,15,16,17,18,19	-33.2471208274,-35.2859329567,-44.5226313813,-45.1840357072,-41.5650106551,-43.6937913566,-4.89039359631,3.18202017113,49.2734213448,55.503106493,72.0492498066,65.7442992222,87.9344583687,79.3921506563,78.6521709353,86.0255356863,76.0965491303,83.0039005814,76.0338518342,68.4343275154	growth	0.2	220000
263398	0,1,2,3,4,5,6,7,8,9,10,11,12,13,14,15,16,17,18,19	-30.9004453195,-21.7779864033,-12.7371712939,-35.9211458977,-23.1206846049,-4.09214664567,19.2830649806,50.8932349839,66.7507134439,79.8746706557,80.6260607431,83.3188163694,101.075855884,111.92780294,110.560688139,100.899464574,108.620500655,114.003803177,115.616952376,103.883531012	growth	0.2	220000
262425	0,1,2,3,4,5,6,7,8,9,10,11,12,13,14,15,16,17,18,19	-83.8228221766,-87.3648282302,-73.674499723,-80.8803090017,-70.7579456131,-70.3615883877,-42.3507479239,-35.3802018734,-10.9079992681,22.7651430914,30.7182148744,40.6773498571,45.6669846406,38.9044418871,32.8586606121,31.2976920659,34.9147152991,43.0229308343,38.4437832824,29.4987074141	growth	0.2	220000
261632	0,1,2,3,4,5,6,7,8,9,10,11,12,13,14,15,16,17,18,19	-119.746206694,-102.618599828,-108.377025934,-98.7962074925,-99.5548857228,-91.3863772269,-77.5884301198,-39.2208432942,-36.9285089151,-12.485356662,0.793054165779,9.20195415142,2.81724335467,21.8681562266,13.8216385059,17.548329838,6.91791265947,18.7097066277,16.5595834214,6.2030011845	growth	0.2	220000
261834	0,1,2,3,4,5,6,7,8,9,10,11,12,13,14,15,16,17,18,19	111.420274061,96.2059364238,90.3317114674,111.993318966,107.670732434,119.283472995,128.947492499,171.206967342,202.672539316,198.099269988,209.302858891,236.082439703,215.2972003,228.332766016,220.882570306,234.109528392,241.280880568,232.677001174,238.094437481,215.564636231	growth	0.2	220000
263724	0,1,2,3,4,5,6,7,8,9,10,11,12,13,14,15,16,17,18,19	68.0223498204,59.8873671875,68.2804123199,62.8089442816,59.5543735002,67.4477528693,103.666344447,130.75524002,136.343692091,171.91704022,177.935202024,185.602271218,188.62897787,174.442985169,194.500935428,192.768677838,178.446956742,188.81768168,188.198467606,202.264633157	growth	0.2	220000
261762	0,1,2,3,4,5,6,7,8,9,10,11,12,13,14,15,16,17,18,19	25.8963213657,30.2338395676,19.621265221,32.0283691543,11.7898114826,24.8803590553,63.5310006936,87.7494885625,97.0804359439,138.888123133,137.336529129,139.449230895,135.465329085,153.088195532,140.083524415,139.755269853,155.263454232,151.977108072,137.394333163,140.931269036	growth	0.2	220000
262462	0,1,2,3,4,5,6,7,8,9,10,11,12,13,14,15,16,17,18,19	114.705845858,97.884185191,112.771197214,103.982033794,103.622985402,107.329507039,137.55604039,170.794179743,197.650531061,207.158983805,206.209567087,236.13069702,224.948445206,231.989197091,233.245009369,235.636731423,231.715826249,216.682129617,222.565622281,223.896010892	growth	0.2	220000
263552	0,1,2,3,4,5,6,7,8,9,10,11,12,13,14,15,16,17,18,19	-5.79069751514,4.33770622554,11.125103811,10.8252802984,8.35314315447,16.2525399864,36.3661151346,54.798284545,94.979235349,106.943417514,129.157141558,135.017412654,137.899613629,135.129056389,128.622594043,131.126751334,119.092938524,130.558573116,136.003699489,127.278543322	growth	0.2	220000
261892	0,1,2,3,4,5,6,7,8,9,10,11,12,13,14,15,16,17,18,19	18.3941933305,14.0608399158,20.2584581073,37.5370203973,36.1444831651,42.4647159346,53.097157508,91.1538903448,114.538999449,118.444846192,138.37506415,140.103421777,148.804781381,144.432344177,150.782381094,152.797505982,135.660729693,149.053214332,148.614193149,147.425384768	growth	0.2	220000
263805	0,1,2,3,4,5,6,7,8,9,10,11,12,13,14,15,16,17,18,19	-4.93861435621,-12.4715444639,-11.75717571,-14.1902211816,-18.1810837267,9.27650527363,13.1117470919,51.1505879174,78.3988228188,79.4354249967,100.17077391,114.323752496,119.12839372,113.978570668,101.078585186,117.86616929,100.216484524,99.7588858843,107.427053798,114.585502677	growth	0.2	220000
262635	0,1,2,3,4,5,6,7,8,9,10,11,12,13,14,15,16,17,18,19	59.8527108051,46.2678226693,51.5876570792,39.0627181648,38.7022703978,55.3670445634,67.2231686042,111.451842543,138.360183203,160.260791602,149.275075861,151.864542634,157.510240178,162.37390739,164.186927182,176.597298316,162.809579154,184.71408864,166.912418166,160.597956183	growth	0.2	220000
260962	0,1,2,3,4,5,6,7,8,9,10,11,12,13,14,15,16,17,18,19	-128.78558972,-137.095657284,-112.885141401,-116.623939805,-115.058954382,-106.140583217,-91.0377214266,-63.356129896,-25.938291215,-23.4764790994,-17.3127499064,-4.88122502198,-4.02969498578,2.74217025137,1.21178033086,8.44906146765,-7.87608556972,-12.2115476323,-12.1732881584,1.7706780237	growth	0.2	220000
260347	0,1,2,3,4,5,6,7,8,9,10,11,12,13,14,15,16,17,18,19	-114.329046794,-117.653581081,-116.064513521,-105.287625365,-103.071001704,-114.231751196,-87.7558589574,-46.8646280811,-41.6784050153,-10.0983510518,12.1070761794,-7.12697185742,19.2706932635,4.73735936955,21.7631260127,1.19795136194,12.2561323147,3.56430326418,18.2245103384,6.84964663633	growth	0.2	220000
263642	0,1,2,3,4,5,6,7,8,9,10,11,12,13,14,15,16,17,18,19	-113.065839913,-115.124205815,-101.088028633,-118.495605851,-105.830645443,-97.5746706956,-66.8082520251,-54.4270152026,-16.1835796923,-8.46268777601,-3.94065727812,18.0895904749,11.6045662342,22.420827472,19.5171582708,24.3262642636,28.5470504555,13.5417773011,10.9309405477,19.0214758515	growth	0.2	220000
261741	0,1,2,3,4,5,6,7,8,9,10,11,12,13,14,15,16,17,18,19	2.83353040259,5.30714951045,2.54027809282,0.0253243456127,-11.3193564338,17.1645571069,40.6871571889,63.4309666149,87.7028374035,108.122488532,118.106865507,116.544716878,126.650374259,118.890285487,135.43120754,119.076115585,111.39813476,127.164619359,122.149920663,131.850885297	growth	0.2	220000
262471	0,1,2,3,4,5,6,7,8,9,10,11,12,13,14,15,16,17,18,19	-31.992239808,-49.8358309486,-30.0522232565,-30.9672223672,-34.5438427851,-21.7046733441,-7.20804052203,33.6737199544,57.9767562876,60.3167849417,80.0133785494,84.6193276543,72.9865276623,87.8313595252,82.2804078206,92.4363998363,81.9031270827,75.6881802452,82.4556675554,75.8770710443	growth	0.2	220000
260466	0,1,2,3,4,5,6,7,8,9,10,11,12,13,14,15,16,17,18,19	89.4636246506,100.601619173,99.1378384821,102.324596658,103.777179171,101.476064372,134.257696076,145.593846683,168.490975897,194.130154632,206.210744279,206.792045126,212.361301149,222.242189634,215.022906328,227.206929828,210.195788188,216.161446963,203.832670027,215.598660059	growth	0.2	220000
306162	0,1,2,3,4,5,6,7,8,9,10,11,12,13,14,15,16,17,18,19	13.3842582468,15.4241156759,13.4693759542,15.8159451905,20.0870974552,19.6428127978,22.2504321497,25.4072833959,32.5349040392,31.9693433532,33.6904123048,35.0418747734,30.9923660473,24.7226917125,24.2112692659,20.187026124,18.2069955163,16.5333353396,17.0309744531,13.443049382	norm	0.2	264000
307926	0,1,2,3,4,5,6,7,8,9,10,11,12,13,14,15,16,17,18,19	8.40053199303,8.26665668843,5.86620087476,6.48864261637,9.89244546263,9.47222723769,12.3653443263,17.7764096531,21.0970295909,27.1009638872,24.9498490086,24.828642666,20.4467948361,18.7592961491,14.4256824725,13.0188215845,9.93766084873,9.56998436119,6.48817566396,5.31978414949	norm	0.2	264000
306136	0,1,2,3,4,5,6,7,8,9,10,11,12,13,14,15,16,17,18,19	-3.65790522631,-3.3791880292,-1.8119638084,-3.70259102049,-0.500913079984,2.04885283105,5.01059949491,5.6098451585,12.2745598518,12.5453431072,13.8709222137,12.0816083897,9.29541027198,6.35782146988,4.45563453191,-1.76343697264,-2.91894652597,-4.63358498658,-2.32597539243,-2.71151764682	norm	0.2	264000
306344	0,1,2,3,4,5,6,7,8,9,10,11,12,13,14,15,16,17,18,19	6.10951494895,4.39365740466,5.21187103628,4.16520710201,5.32838625471,11.5473494002,14.6010355593,16.3745801845,18.8893687045,25.4050523037,24.4814414421,25.4466547636,19.9304451518,16.2078508406,12.42878914,11.74479008,5.49572778026,7.57661962458,2.66957161856,2.92126772195	norm	0.2	264000
307632	0,1,2,3,4,5,6,7,8,9,10,11,12,13,14,15,16,17,18,19	-0.430027608564,-1.76581663322,-1.04884096688,-2.14920325623,3.96344860264,4.33712251978,7.60722911999,12.6798080913,15.18225789,17.0367220311,16.6206766657,19.9277238285,16.7099858559,10.4785273984,5.98706166964,3.00514298562,-0.240974811835,-1.21929501165,-0.211408904981,-1.37516390354	norm	0.2	264000
305142	0,1,2,3,4,5,6,7,8,9,10,11,12,13,14,15,16,17,18,19	10.5159545885,10.5232048807,8.01611993105,10.6297227361,10.5720517036,14.2956242713,19.1327691222,22.1229342274,26.291937058,27.9673814125,30.6174168324,28.5586692374,23.4589326465,19.8695631555,17.4461783294,16.6803968211,11.6728100839,12.9445569511,12.1337227325,11.0194802176	norm	0.2	264000
305073	0,1,2,3,4,5,6,7,8,9,10,11,12,13,14,15,16,17,18,19	-9.23139272166,-10.0741627156,-9.08181830165,-8.83758925833,-4.92497162607,-2.28257832837,1.76970885981,2.86043360662,6.62546425337,8.68487230825,10.5578549239,10.2182193955,6.75154711261,4.72317343771,-2.32882994981,-3.29926901554,-5.78538792292,-9.58007815202,-5.53170399866,-9.52379946855	norm	0.2	264000
307787	0,1,2,3,4,5,6,7,8,9,10,11,12,13,14,15,16,17,18,19	8.53472278836,4.95655753871,7.39779483532,7.75461959157,8.9695484452,11.1494571499,13.446711024,17.2963916591,23.2646108192,26.4165431442,28.7035021412,25.9620628864,22.7272011551,19.8424931509,16.6421103761,11.5359829535,10.162027766,9.16809455894,7.1271782211,6.05748242794	norm	0.2	264000
304726	0,1,2,3,4,5,6,7,8,9,10,11,12,13,14,15,16,17,18,19	-3.7836329738,-3.6440490832,-1.05220735747,-0.475128954428,-0.469816205547,0.594118697813,6.13160774574,10.6001469036,12.8833041446,14.3556797234,17.7321958826,16.0100393234,14.6046670128,12.0582779437,7.42830915665,4.14096609716,-0.196183195929,1.05625260465,-1.94254313514,-1.51260115545	norm	0.2	264000
307842	0,1,2,3,4,5,6,7,8,9,10,11,12,13,14,15,16,17,18,19	-15.1183203761,-15.0137330633,-13.0862143018,-13.2549940681,-12.7073179094,-12.359948876,-5.79687617974,-6.07896050499,2.42331260976,4.32570102797,1.7462587242,3.45367298781,-0.238416583995,-3.22407259571,-8.53529342397,-13.1728108268,-11.1848636159,-15.7127571463,-13.4547012519,-16.0783765326	norm	0.2	264000
306096	0,1,2,3,4,5,6,7,8,9,10,11,12,13,14,15,16,17,18,19	-13.3969892125,-10.1193736083,-11.95631543,-11.2864312048,-10.4088851468,-6.06518011512,-2.95836701809,-0.353629841892,6.14551466027,5.01705324526,6.81218621185,8.86068252137,2.83899350537,0.617206201533,-1.12332043419,-6.13434777023,-8.01060148333,-10.9943654636,-11.2670248748,-13.157362969	norm	0.2	264000
305560	0,1,2,3,4,5,6,7,8,9,10,11,12,13,14,15,16,17,18,19	17.4498296858,21.0102151363,20.4634306649,20.1100927621,19.7461034554,25.7580309883,26.8261001022,30.1723802801,34.1454692866,38.3847304678,38.6651654552,39.1516709046,32.9728403439,33.8813009231,28.1336240664,24.0645559013,24.4708705127,22.3042315788,21.2694792424,19.2867393123	norm	0.2	264000
304169	0,1,2,3,4,5,6,7,8,9,10,11,12,13,14,15,16,17,18,19	-2.85278742003,1.38415806528,1.30257397404,-0.763187325861,0.748060464329,5.10836335169,7.63430585262,10.3005396149,12.1935903583,17.4987186865,18.257072541,18.1886370056,16.2721145035,12.4813357092,7.28287073753,4.85038026575,-1.00378888861,-0.760366008191,0.759233017194,0.0523879285878	norm	0.2	264000
304342	0,1,2,3,4,5,6,7,8,9,10,11,12,13,14,15,16,17,18,19	10.3227787446,8.70682574701,7.91896735265,9.07254361727,10.7399727181,14.4477847732,18.3707370691,22.1353375119,23.9446433717,29.7827053605,27.1909274061,26.1013744713,26.5070253705,20.1409198223,15.5449575655,14.5508641887,11.4230323496,10.925536906,8.30713298205,8.47968040437	norm	0.2	264000
306982	0,1,2,3,4,5,6,7,8,9,10,11,12,13,14,15,16,17,18,19	5.55258048311,1.68679306469,4.95341447775,2.74530317689,4.65664609719,6.62776341596,13.8191734593,13.4764125976,18.5231774045,21.6309470073,25.9256892663,21.4936142489,21.3067213551,18.1549790772,12.0125290795,8.36249783878,4.86819747349,2.53835789974,3.73152900456,4.51838932309	norm	0.2	264000
307932	0,1,2,3,4,5,6,7,8,9,10,11,12,13,14,15,16,17,18,19	6.89860187687,5.18233252076,6.62122080443,6.93711834597,9.23966828236,10.8512349057,13.2750718916,15.7744673285,20.356731483,21.4113773452,24.235487192,23.5851083261,19.1352240789,16.094743122,12.3918726355,8.08516746361,6.0855523198,3.83332026771,4.54235929666,6.08628526796	norm	0.2	264000
304453	0,1,2,3,4,5,6,7,8,9,10,11,12,13,14,15,16,17,18,19	-4.14979363365,-3.84766295244,-0.919160315373,-1.85302401123,2.41120627959,4.43575398283,5.6107183144,8.55708996465,15.2780003787,17.0994072189,19.860933137,14.8215734271,12.6397715032,7.90187853242,4.50461412382,3.25883897028,2.38344357309,-1.98337638598,-1.11345619796,-4.2981678686	norm	0.2	264000
304294	0,1,2,3,4,5,6,7,8,9,10,11,12,13,14,15,16,17,18,19	-12.9549751117,-16.0662166672,-14.5542631046,-11.9541652166,-9.44630313937,-7.72505809965,-5.36976162329,-3.47577593235,-0.390525940045,4.81678381155,4.48978350409,3.15759959216,0.325707962764,-2.88330858264,-4.60711632837,-7.15646908276,-11.7352633297,-10.3793006127,-10.9683746242,-13.1313942863	norm	0.2	264000
305244	0,1,2,3,4,5,6,7,8,9,10,11,12,13,14,15,16,17,18,19	-16.2454259494,-14.6958723944,-14.6220021407,-17.5851902274,-13.6229217524,-10.1055782872,-11.3683932834,-3.89835060761,0.626042015132,-0.95130326705,1.59748258871,1.26256450396,-1.31189697455,-4.52292816105,-8.2442181009,-11.01078278,-13.2330926727,-17.9682554243,-15.9782792349,-16.5832302565	norm	0.2	264000
304045	0,1,2,3,4,5,6,7,8,9,10,11,12,13,14,15,16,17,18,19	-15.1420600391,-15.6243191929,-18.7099823221,-15.2237927471,-16.2794929599,-9.93490348626,-11.1785769779,-5.21043877782,-2.41223213111,1.12323212062,2.06145996001,3.04624349604,-3.459250006,-4.15633878431,-10.9633415377,-9.98639601596,-13.7127489885,-14.3488588542,-18.3481769401,-15.9945885437	norm	0.2	264000
305306	0,1,2,3,4,5,6,7,8,9,10,11,12,13,14,15,16,17,18,19	-16.5483160296,-20.3751942883,-20.3709990094,-16.3699793305,-18.117979146,-13.0145599327,-12.8179018741,-3.99862453172,-3.32284077128,-1.41429390189,2.02332824909,1.89190469022,-4.85140455046,-5.97343955747,-11.9059913612,-13.2196662724,-17.452057112,-16.8109542282,-17.3033834239,-18.4984689949	norm	0.2	264000
304175	0,1,2,3,4,5,6,7,8,9,10,11,12,13,14,15,16,17,18,19	-12.1911159855,-8.91495931273,-7.25999571423,-7.07336105756,-4.71526529485,-3.20090177825,-0.620015940751,1.37346874886,6.8858053389,9.62882389861,12.0217596825,11.4578596644,7.87752264494,3.12262699009,-1.93008160224,-3.55467301158,-7.54473427616,-6.34285321394,-7.08370963152,-9.86600312179	norm	0.2	264000
306339	0,1,2,3,4,5,6,7,8,9,10,11,12,13,14,15,16,17,18,19	-6.56290148571,-10.9926778076,-10.4267703789,-5.14668970164,-5.6735936747,-1.5507893146,-0.0734538801705,3.35792760265,7.27522377637,8.85449250205,11.2771252515,9.93664088909,7.57631003187,5.10020409903,1.12121073946,-4.56527069898,-6.87180171767,-9.45298801228,-6.48220223958,-10.2224182158	norm	0.2	264000
304483	0,1,2,3,4,5,6,7,8,9,10,11,12,13,14,15,16,17,18,19	-3.81523057431,-5.52474014091,-5.24526314745,-3.52985387564,0.0252787684622,2.51428459897,3.27155941326,5.36454026026,10.0204926727,15.9203508469,15.2276948809,13.9661150298,13.4976581164,9.57777728012,3.95287361379,1.63648508431,-2.61265558322,-2.28167781111,-2.24794579858,-5.51973000786	norm	0.2	264000
304661	0,1,2,3,4,5,6,7,8,9,10,11,12,13,14,15,16,17,18,19	14.4171362091,11.1672638674,11.0072888173,11.2514581533,12.9678764114,18.9929402,20.8882047722,26.7480473803,29.8015512598,33.28955547,29.7306464322,29.400742184,27.5848762384,24.0553303894,20.3098201776,16.8133407473,14.5130178943,12.7363030134,11.4346013937,11.6896882039	norm	0.2	264000
307817	0,1,2,3,4,5,6,7,8,9,10,11,12,13,14,15,16,17,18,19	-7.83640022574,-7.20683605063,-6.70499462707,-5.46504395008,-6.54301536153,-0.820224442707,1.99361124637,3.73379952809,5.49074658983,11.239075219,10.1624946006,12.114643406,6.76756728565,1.82726139792,2.1148272725,-4.03055003374,-4.32684926405,-9.2050227361,-5.16422061776,-9.34562523699	norm	0.2	264000
305291	0,1,2,3,4,5,6,7,8,9,10,11,12,13,14,15,16,17,18,19	14.3245775576,15.0532151902,18.8751013405,19.8572648119,18.5977546984,19.4173882817,24.2205796325,25.8581386397,29.6730360266,37.5525061556,35.4869387368,36.4447699685,32.5612632961,28.3726354201,23.3436384075,23.2678075436,17.0680866252,19.5410163582,18.3744290087,18.3421239512	norm	0.2	264000
307607	0,1,2,3,4,5,6,7,8,9,10,11,12,13,14,15,16,17,18,19	-16.203776542,-17.6253134495,-18.1754746751,-17.97465489,-13.4132206605,-11.1326763925,-7.78441087799,-3.81395440353,0.252788574771,0.804552458494,2.74706335678,1.18034688069,-2.3340838744,-5.63392843547,-6.88994131658,-13.1624252286,-14.178044805,-15.3333761277,-14.9394122847,-18.4817129315	norm	0.2	264000
307991	0,1,2,3,4,5,6,7,8,9,10,11,12,13,14,15,16,17,18,19	-15.5700577505,-15.9850035732,-15.4185221705,-15.4073230493,-17.1620080459,-12.7483217745,-11.8288467595,-8.42190649972,-4.00917431536,0.918550457051,4.3917339487,2.90042094574,-4.4401622863,-7.02070648756,-9.65327687685,-14.2313101335,-14.1094904542,-19.1245297395,-17.5426622641,-18.4179510972	norm	0.2	264000
307499	0,1,2,3,4,5,6,7,8,9,10,11,12,13,14,15,16,17,18,19	-16.5651830881,-16.3863913111,-16.0091522913,-18.4384026063,-13.4174913403,-15.5758809071,-10.9732823119,-7.80068404508,-3.80955795577,-0.894180170513,-0.259191637199,-1.76081568139,-4.27854880062,-4.19080946258,-9.02664734887,-12.7970059608,-17.5434920524,-18.2096660372,-18.8804325128,-17.2241219507	norm	0.2	264000
306220	0,1,2,3,4,5,6,7,8,9,10,11,12,13,14,15,16,17,18,19	12.2884018284,14.1945515377,15.522126898,14.2649835759,15.9266752029,18.6398427408,18.6927900301,23.9841406666,31.191382318,32.811362992,32.5298506567,33.6606339641,27.002605224,27.0818819221,20.4096442242,15.8683520896,17.9028664492,12.1014234931,14.52511651,13.4098585733	norm	0.2	264000
307427	0,1,2,3,4,5,6,7,8,9,10,11,12,13,14,15,16,17,18,19	16.0890651896,17.6758943228,19.6780450551,16.102793372,17.9131241274,19.826990464,23.6005298984,28.6669453481,34.4451260272,34.2010521506,36.3704698171,37.313369987,32.872207376,28.2089244787,27.0130255515,22.8674523254,21.2354311026,17.2031147152,16.4780614054,18.761053621	norm	0.2	264000
305870	0,1,2,3,4,5,6,7,8,9,10,11,12,13,14,15,16,17,18,19	-1.64919572935,-5.30491449729,-1.51826485011,-4.70120973971,-3.19355664739,1.59828289081,5.7116512488,8.19295787519,11.5490546405,13.9577895366,14.0520118164,17.0784275214,10.5854460873,10.0028268427,2.89779311677,-0.704156080846,-2.7829381519,-0.530967294962,-2.28459249113,-6.21569579537	norm	0.2	264000
307711	0,1,2,3,4,5,6,7,8,9,10,11,12,13,14,15,16,17,18,19	-10.8075552383,-12.8310369836,-11.0924450317,-8.71816131152,-6.18024924166,-7.02650172524,-3.933231202,0.0684637112661,6.11527345877,5.73588300537,7.9084856944,6.14591539777,4.22606934851,3.82597567132,-2.50401800502,-7.40927877465,-8.45527860091,-10.8630476023,-11.7392350135,-9.5448308069	norm	0.2	264000
304789	0,1,2,3,4,5,6,7,8,9,10,11,12,13,14,15,16,17,18,19	6.1231431496,10.2658025408,8.89667789545,12.2175991708,12.1678875454,13.2533017471,18.2329590454,19.396290261,24.2774236671,28.3957764347,27.3951186607,28.1919472974,22.5332430623,21.3405002944,16.6526461829,14.4693233235,10.8342266875,10.5326734751,6.65558094411,7.93061067094	norm	0.2	264000
306255	0,1,2,3,4,5,6,7,8,9,10,11,12,13,14,15,16,17,18,19	17.1817183478,15.7269710053,17.6092356942,17.5214185499,20.3518997925,23.8784996408,25.1038285076,29.7609032307,33.200595195,35.2304020842,35.5402560877,33.7215418787,35.585463998,31.1881974524,24.2836428362,20.7485698575,21.5366318673,17.7711188308,18.9314019659,15.0441833779	norm	0.2	264000
304899	0,1,2,3,4,5,6,7,8,9,10,11,12,13,14,15,16,17,18,19	-7.35976062474,-7.19343946087,-5.75793978082,-2.54678149355,-5.06271240033,-2.21566140518,0.0356222480529,5.73150460162,12.1863580179,10.8773083806,15.5558118092,14.1380837774,11.4482111455,3.70669892662,2.92404665903,1.54243455195,-5.06368280248,-6.35787156141,-3.63425224111,-5.33926452183	norm	0.2	264000
307439	0,1,2,3,4,5,6,7,8,9,10,11,12,13,14,15,16,17,18,19	-0.884657482537,-1.8550968572,-0.943382839186,1.14900853265,0.754954445707,0.894255512044,7.90038200737,11.0562894839,11.5616418621,14.661275651,17.8965025828,17.3993305103,11.9634180346,10.6229252033,6.18964017016,4.72087849928,1.70404259541,-0.614589908497,-1.54110015,-4.24237149606	norm	0.2	264000
304485	0,1,2,3,4,5,6,7,8,9,10,11,12,13,14,15,16,17,18,19	-17.7639217599,-13.8898191131,-15.3712571576,-15.2996699883,-13.2881019275,-11.7334144593,-5.90068611984,-5.44133335218,-2.27065652128,1.61781637084,3.65776194647,2.09829286361,-1.685664876,-2.61410804634,-6.06814878182,-13.605468024,-15.6439378923,-13.1954512237,-13.7206532052,-18.6100705459	norm	0.2	264000
305301	0,1,2,3,4,5,6,7,8,9,10,11,12,13,14,15,16,17,18,19	16.7737549022,16.8140214596,18.2682909562,17.5553768949,19.9823603844,24.8023479368,26.2031189903,31.1540701312,36.2485807466,36.0226603325,37.2166796578,36.2383465763,32.8142743972,31.0063866848,23.8268274772,23.2569473717,20.4914026307,19.2637206479,19.4718439241,16.7872314223	norm	0.2	264000
307132	0,1,2,3,4,5,6,7,8,9,10,11,12,13,14,15,16,17,18,19	-9.68228168741,-12.0216819293,-11.0014420514,-13.1997711989,-9.6251074355,-5.36356273295,-2.88307318811,2.09482633988,1.68514834808,4.56043722878,7.62584151743,5.65096826316,4.36629352393,-1.43709201442,-4.66036314574,-8.79729470279,-10.1625725531,-11.3469310599,-9.49688251707,-12.1413687139	norm	0.2	264000
307628	0,1,2,3,4,5,6,7,8,9,10,11,12,13,14,15,16,17,18,19	4.75253493346,2.54820458512,6.58803943971,3.33247154533,8.66767746418,7.80540914303,13.8858429882,17.842038205,20.4787687846,21.565561561,24.8120537074,24.1014989956,19.8600339199,18.2945915724,11.359728521,7.04438249014,8.40613118135,4.86102772137,4.20355423013,2.95615656404	norm	0.2	264000
307661	0,1,2,3,4,5,6,7,8,9,10,11,12,13,14,15,16,17,18,19	0.117609424931,0.633736323544,1.19638157664,-0.393883797496,0.453801125598,5.70580670254,5.32214141027,8.70419159436,16.5088452804,17.4676135535,20.2257709214,18.5754514827,15.2593812745,12.7687398734,4.86827417177,4.8674539783,1.14370329393,-2.77482662952,-0.678002407937,-3.29790510095	norm	0.2	264000
307156	0,1,2,3,4,5,6,7,8,9,10,11,12,13,14,15,16,17,18,19	18.0740838835,18.2066100072,20.7867173521,21.4492058943,22.495367036,23.5932576077,27.4815506426,28.8581154802,33.5182033042,38.6462256687,39.1551045215,39.0765390663,34.1752120729,32.4498081495,28.7780020838,22.2000920722,21.2521064786,18.2799380301,21.1252063004,20.5992460844	norm	0.2	264000
304105	0,1,2,3,4,5,6,7,8,9,10,11,12,13,14,15,16,17,18,19	-6.22944413274,-7.12266538343,-5.27882406562,-5.36321867064,-2.94122044261,-1.95419262247,1.19807293943,7.15964288832,9.51543483375,13.1761906081,13.6344960083,11.4683024657,9.93569158908,9.01307361346,4.82949598098,0.366888544371,-0.229728818218,-4.04975198585,-6.28489290729,-3.60609631496	norm	0.2	264000
305763	0,1,2,3,4,5,6,7,8,9,10,11,12,13,14,15,16,17,18,19	-1.26689573089,-0.452624444194,-1.1868693424,-0.170927325476,2.70484139347,5.23899294272,9.29436039641,12.7525086914,18.7849269235,21.0848191284,19.7958294901,17.7604409457,15.0898391775,12.3915044029,6.6299502324,4.28717224363,2.38944593751,3.84397647665,-1.2703487038,-0.487942888668	norm	0.2	264000
306316	0,1,2,3,4,5,6,7,8,9,10,11,12,13,14,15,16,17,18,19	6.66908842367,6.69355162712,4.85787898785,9.11486581231,10.3301353589,8.2319064056,14.1208340169,18.5535017039,23.2196536919,23.325704378,24.0352794965,25.5295767373,23.1462653153,18.6631788244,16.3064412681,10.7696736459,6.7669362218,7.96953083726,7.42196922677,7.74676889756	norm	0.2	264000
304246	0,1,2,3,4,5,6,7,8,9,10,11,12,13,14,15,16,17,18,19	-5.73050682169,-6.88449690979,-6.90182254315,-5.62640146925,-3.89576135786,-0.696675994854,-1.32108527536,3.73457704836,7.98189915544,9.69902763016,11.3101830387,10.72981199,6.84841744918,6.75884400077,2.59919040179,-4.4916336487,-2.59110472337,-7.21949617022,-7.85173551496,-7.64522999862	norm	0.2	264000
307223	0,1,2,3,4,5,6,7,8,9,10,11,12,13,14,15,16,17,18,19	-7.11352069546,-4.18350562198,-7.28910217191,-6.68002534467,-2.1916437968,-1.97704900342,4.33947787255,3.7764182304,8.66314330021,13.831716795,13.3880561675,14.0958537948,12.5170657573,6.73614567665,0.647850756482,-0.607130870429,-5.43411504135,-4.01755758289,-3.64482041445,-4.58665624275	norm	0.2	264000
305759	0,1,2,3,4,5,6,7,8,9,10,11,12,13,14,15,16,17,18,19	7.56935784127,8.91540406618,7.94230910184,9.07804464553,8.01446352283,11.6987348922,16.8198324269,18.7472254007,21.396273852,28.4118221518,28.0931457514,27.0978632541,25.8201112537,18.6136203086,16.8770959723,13.5326076184,10.7544970169,10.9742288671,6.94499550789,7.1840367088	norm	0.2	264000
307409	0,1,2,3,4,5,6,7,8,9,10,11,12,13,14,15,16,17,18,19	-3.51514325088,-3.46513544182,-2.80487486333,0.359738116915,2.2134995539,3.96986845277,5.56185311823,10.0062102942,15.3577077244,16.5615275319,19.4097691505,18.9745094997,15.2754092894,11.8800492668,6.94223668648,3.00112287796,1.50111259872,0.220103048926,-1.20921675828,-2.19970842642	norm	0.2	264000
304283	0,1,2,3,4,5,6,7,8,9,10,11,12,13,14,15,16,17,18,19	-12.7259179351,-13.4673911285,-10.4891518668,-12.6031638317,-7.21603125771,-8.49004240272,-2.30646840984,1.71297518127,2.41824582464,8.0867055466,7.04778064728,5.90575992724,3.62753203903,2.35570025521,-4.55367567736,-4.37783383733,-10.7553174806,-8.9363640054,-8.92968606355,-8.92052151223	norm	0.2	264000
305946	0,1,2,3,4,5,6,7,8,9,10,11,12,13,14,15,16,17,18,19	17.7232340885,16.8706153208,18.5219357858,16.8897305618,20.2513268065,23.1187005239,26.3975806013,28.9546519756,34.1576310653,37.7560709235,37.8670594785,36.5143817937,35.5300997243,26.8035976703,24.2516550722,24.0804927709,19.3989086089,20.7661495068,20.2177854225,18.784855907	norm	0.2	264000
307622	0,1,2,3,4,5,6,7,8,9,10,11,12,13,14,15,16,17,18,19	4.13340029414,6.15665098947,3.37445731668,7.38534564119,8.79070499752,9.25169740252,12.8550929982,16.3906386283,20.8959683975,24.867036188,22.0292901703,20.6911947494,18.4244553884,17.5531813269,10.7047261632,6.53201201674,4.38304656063,4.26324790266,6.43707552067,3.43893075462	norm	0.2	264000
307779	0,1,2,3,4,5,6,7,8,9,10,11,12,13,14,15,16,17,18,19	10.4546945083,12.0988895347,10.7847304806,11.3005161384,12.2681869996,13.4678105052,17.9165975541,22.5571234995,25.4778979128,27.6917495758,29.7169414424,28.3535732295,25.5336425272,22.2914769841,18.5535724941,14.6801786591,12.69961122,13.0631635523,10.1332455958,13.4052624023	norm	0.2	264000
306483	0,1,2,3,4,5,6,7,8,9,10,11,12,13,14,15,16,17,18,19	8.73965561156,7.82741731653,8.84277509849,5.46394088248,8.54494105041,10.0823266622,15.5451913498,20.1997609828,24.0537719362,25.9416162985,24.3936065941,27.0955359136,24.521301105,18.0945480939,12.4903117758,9.17002001482,10.2699612999,9.98778619862,6.40381610843,4.12305100294	norm	0.2	264000
305296	0,1,2,3,4,5,6,7,8,9,10,11,12,13,14,15,16,17,18,19	13.5189544817,17.5316300512,16.1905536522,18.385281498,17.5788277443,21.7398490832,24.5723788079,25.4846411653,30.7801741405,35.7742976695,37.6927044701,35.2869029676,33.8204024528,26.707047358,25.3280848058,18.4531631423,18.5169374488,16.3531291915,15.1067936213,15.4087968337	norm	0.2	264000
305441	0,1,2,3,4,5,6,7,8,9,10,11,12,13,14,15,16,17,18,19	-3.74677036626,-0.71344395265,-1.96175259189,0.456719864234,-1.13263540717,4.25805347017,6.75052065671,9.00007790259,12.3821197756,18.5514156065,18.5417658501,16.7075427611,12.1272287947,11.4527809984,6.4173682648,2.12831027939,3.09483392214,1.53876930552,-1.26878771557,-1.56981688247	norm	0.2	264000
306117	0,1,2,3,4,5,6,7,8,9,10,11,12,13,14,15,16,17,18,19	-9.47088136617,-11.9596819906,-11.3649132951,-11.2838722813,-7.70971241232,-4.66099599178,-1.30724066775,0.294840560225,7.34866125983,6.94941055747,7.34139417945,7.7095404763,4.34562855309,3.38553535144,-0.996917644788,-6.76378550121,-5.18432212884,-9.7868498916,-10.9470831132,-9.73542268464	norm	0.2	264000
305422	0,1,2,3,4,5,6,7,8,9,10,11,12,13,14,15,16,17,18,19	-4.37648497062,-5.5197972437,-4.66346064897,-5.60666389696,-2.11542263577,-2.90455412498,1.30160013014,6.53316132073,7.94350702243,14.5570066504,16.0508803768,11.8923661939,7.72423954404,7.59466933447,1.64984355962,0.247428683989,-1.79242651633,-2.14731846551,-5.43161407878,-3.43332021706	norm	0.2	264000
305406	0,1,2,3,4,5,6,7,8,9,10,11,12,13,14,15,16,17,18,19	2.73527680946,5.37655820386,5.80355342487,6.15340383123,7.22262753952,10.6054407428,13.8839011899,13.1478886811,20.7295684732,21.408803667,23.8930314431,22.5827067831,18.6924782711,13.5689269856,11.1255200959,8.29783813085,5.77691690624,6.89081823273,4.82354965048,1.28142962273	norm	0.2	264000
306576	0,1,2,3,4,5,6,7,8,9,10,11,12,13,14,15,16,17,18,19	6.94865394298,9.20624131276,7.57687361027,8.61375625187,13.5648235508,13.2485077198,14.8841239686,20.2857985977,23.1436444709,27.4204224561,29.8324055685,26.5322017829,22.2793934683,19.2154834193,16.2060598406,14.0380587308,9.84628943236,11.7421977936,6.70955638769,7.75055077127	norm	0.2	264000
306147	0,1,2,3,4,5,6,7,8,9,10,11,12,13,14,15,16,17,18,19	-19.2794067033,-20.5485982439,-16.3586522866,-19.6891501537,-18.4131919263,-12.0894881271,-9.97007110486,-6.86363098309,-1.09277480215,2.34375434176,3.03197814087,-0.626900579297,-1.45613437577,-6.95997773325,-11.2376364544,-11.8075216908,-17.8108236238,-18.0803187478,-15.985150206,-20.0920010283	norm	0.2	264000
306427	0,1,2,3,4,5,6,7,8,9,10,11,12,13,14,15,16,17,18,19	-19.9634856312,-18.580079374,-15.446850396,-15.7494183242,-15.2365155324,-11.2619069067,-11.9088110893,-7.91810120361,-0.491357381443,0.147216771612,1.88087363693,-0.831325192088,-1.72783445286,-5.25467060585,-7.97695225156,-15.3825755035,-16.8109824374,-16.2723412228,-18.6823367093,-17.3216755789	norm	0.2	264000
306744	0,1,2,3,4,5,6,7,8,9,10,11,12,13,14,15,16,17,18,19	2.71685957419,-0.361743686628,2.12235155384,2.69965886224,1.82106259624,3.33829564152,10.5823834367,13.7441907056,14.8034280986,20.7935057747,19.9360941055,21.1718707477,16.4050671028,11.8444305909,6.97352563115,5.32997959237,5.61098254911,1.06476604629,-1.31091444901,-0.978855023821	norm	0.2	264000
307364	0,1,2,3,4,5,6,7,8,9,10,11,12,13,14,15,16,17,18,19	2.91940675834,4.69651477435,5.6465528483,3.45300649864,9.26439934852,10.321949051,11.630299332,15.5760244334,18.5589635995,23.1491940096,26.8977044134,25.2227520329,21.7737164518,15.8837400679,12.1287428359,9.71574211104,8.46818460564,6.41799051315,6.66175755633,7.19691051555	norm	0.2	264000
307950	0,1,2,3,4,5,6,7,8,9,10,11,12,13,14,15,16,17,18,19	-15.5875616505,-14.1171596699,-12.20618318,-12.2726791484,-9.07313663966,-7.97274143591,-6.17106877407,-2.13598077709,1.25495422767,6.83459699729,8.02048994792,3.80624498718,4.53396400264,-2.48356769444,-6.81688229397,-5.8526761388,-10.1518719696,-13.1056648173,-13.7494881838,-11.7895130486	norm	0.2	264000
306024	0,1,2,3,4,5,6,7,8,9,10,11,12,13,14,15,16,17,18,19	-0.496427622685,-1.19673257525,-0.863711469707,1.51872873799,0.488621768016,2.97724173211,8.07162202595,10.0572257488,16.5227933382,21.1058160071,21.3999854325,19.3357485989,13.7538732177,14.6095755995,7.78888895931,6.86752286845,1.63392405317,1.77253443795,-0.29246201631,-0.264772536968	norm	0.2	264000
304556	0,1,2,3,4,5,6,7,8,9,10,11,12,13,14,15,16,17,18,19	-12.9642650778,-12.1231760903,-12.9832380966,-10.5934900074,-11.0649671561,-11.5567097816,-6.62749399377,-0.247369937048,3.06534676857,6.84574327971,7.95513561859,6.12098701477,1.82390765335,-3.92649475817,-6.16353418867,-8.72932112139,-11.226175185,-13.3523855757,-14.2600941438,-16.2787407956	norm	0.2	264000
307343	0,1,2,3,4,5,6,7,8,9,10,11,12,13,14,15,16,17,18,19	10.0688199368,13.9177423553,11.3507626408,11.8747677392,14.2855901118,18.8050878215,20.911248067,24.3985689276,28.7713061028,32.3743403688,34.072118397,29.6840008972,29.1434755212,26.1807810216,20.9874801855,15.4786724858,16.2337970628,11.2313192083,12.5239673831,10.349031793	norm	0.2	264000
304759	0,1,2,3,4,5,6,7,8,9,10,11,12,13,14,15,16,17,18,19	-6.8740778628,-5.10057714441,-7.08941542307,-4.33492363562,-3.93412015222,1.1778734525,4.23090188067,8.49173793472,8.74857860457,13.0077905393,12.735932898,12.5820328942,10.497406542,4.11166798972,4.17032698512,-2.8583793976,-5.29028116959,-3.50997824536,-6.5285693048,-6.33150397629	norm	0.2	264000
306806	0,1,2,3,4,5,6,7,8,9,10,11,12,13,14,15,16,17,18,19	-16.9723082342,-14.2418676788,-17.4625982471,-13.6083909717,-15.6536927764,-13.7676959342,-5.83808208343,-6.86007085924,-0.874872796742,3.13032646802,5.85836254041,1.67627323625,-1.61077361444,-6.67125159438,-6.4086098181,-11.3305378245,-14.3971300497,-16.8554237358,-16.1745026218,-17.7562550408	norm	0.2	264000
305119	0,1,2,3,4,5,6,7,8,9,10,11,12,13,14,15,16,17,18,19	5.95483735804,6.74469715311,9.97862871419,7.50952837176,11.0403371196,12.0016510889,15.1654951988,22.5005207068,25.6278472217,26.1324744688,26.1104191292,29.1537406946,22.8703947304,17.5896382244,18.4472017143,13.3534371842,8.29160165495,11.5905599777,7.40744863628,6.34334956802	norm	0.2	264000
305468	0,1,2,3,4,5,6,7,8,9,10,11,12,13,14,15,16,17,18,19	1.08354906928,-1.053925952,-1.9641832782,-1.66276467498,2.83515085567,4.52442714609,7.64873609874,9.21173790633,13.7272137701,18.9397333264,18.9089401305,16.7058612335,14.4968211122,11.8174590268,6.02872316281,5.0772863473,4.45245132184,-0.506646894369,1.02694951656,-1.18035365074	norm	0.2	264000
304102	0,1,2,3,4,5,6,7,8,9,10,11,12,13,14,15,16,17,18,19	18.6565041167,18.1192885794,16.544410443,17.0152088672,18.5623280081,21.8417607579,25.6565403741,29.7835055782,32.4189015912,38.3884224235,39.0759478267,34.591111294,32.2561132523,30.6380869577,27.1653722497,21.3384423589,20.8482605465,17.2147548563,15.9651026611,20.0171963134	norm	0.2	264000
307500	0,1,2,3,4,5,6,7,8,9,10,11,12,13,14,15,16,17,18,19	-20.8606211862,-17.5318076249,-21.0416204146,-17.7812141985,-17.4748982779,-15.426687487,-13.2202713931,-4.91854625516,-4.15386321433,1.46592393624,0.243880438148,-0.785499420683,-3.4336480562,-7.40507864048,-8.63447359783,-11.8322595658,-15.586552566,-15.7744781466,-19.2833466401,-17.7692733163	norm	0.2	264000
304647	0,1,2,3,4,5,6,7,8,9,10,11,12,13,14,15,16,17,18,19	-14.1483577785,-13.4094611131,-12.2299116134,-11.4717175164,-10.1198142743,-9.17110433286,-6.66255801372,-2.54367696549,-0.208825635224,6.10997163591,2.65181166988,4.26059934387,1.01197481574,-0.625252048474,-5.01050137788,-8.3443477096,-9.89817825304,-13.7593283887,-11.9265264005,-13.7370639672	norm	0.2	264000
307703	0,1,2,3,4,5,6,7,8,9,10,11,12,13,14,15,16,17,18,19	-6.67412298948,-9.75228900261,-10.7175283489,-8.04438993048,-8.23785428965,-3.66415845795,-0.529751092757,1.11530316228,7.93161451405,10.6065177738,11.7662045275,7.80992146003,7.35413694748,2.44391971331,-2.26393988923,-4.68052924594,-5.80379650575,-5.42925321929,-7.62856550724,-6.657089933	norm	0.2	264000
306931	0,1,2,3,4,5,6,7,8,9,10,11,12,13,14,15,16,17,18,19	14.5017132488,18.1192171668,17.4961724907,15.7511649001,21.1249872857,23.172157304,23.8577381887,28.0863132475,33.7842384412,37.3162986502,34.4867477599,34.8274935526,33.0478409152,27.2660786891,25.8999775772,20.4749773713,21.5031916024,18.5258530389,19.4972522626,18.4543581782	norm	0.2	264000
305473	0,1,2,3,4,5,6,7,8,9,10,11,12,13,14,15,16,17,18,19	-10.8567819237,-13.6247582301,-10.3231563063,-14.4770075352,-9.82251102354,-8.56637884621,-6.8196474505,-2.64515440056,1.02822524713,5.79613013557,6.70847864034,7.1445494922,1.28933915484,-1.8119968958,-5.28409102252,-9.87172695496,-10.130320802,-13.6694376576,-13.6853825233,-12.4257736067	norm	0.2	264000
307027	0,1,2,3,4,5,6,7,8,9,10,11,12,13,14,15,16,17,18,19	-7.70066948586,-9.17709128744,-4.01157014149,-6.03641750348,-1.97571760741,-3.94666728104,3.81041300747,4.34509816911,10.5743089692,13.613398891,10.71883081,14.1314509887,10.059098446,4.80109070344,-0.567935747566,-4.28730435457,-2.22009615624,-6.79058938208,-7.60867542207,-8.73427251845	norm	0.2	264000
307479	0,1,2,3,4,5,6,7,8,9,10,11,12,13,14,15,16,17,18,19	-16.25630386,-11.7155021669,-15.7609040226,-14.0014763551,-10.5725708001,-7.90029842102,-6.87212215337,-1.91422943022,0.491954405927,7.36504193655,7.7474621874,5.36116601285,1.04778339823,-0.465744308611,-5.98709394998,-7.17303716756,-10.0082553208,-13.2383319265,-13.9328907807,-12.3107632009	norm	0.2	264000
304931	0,1,2,3,4,5,6,7,8,9,10,11,12,13,14,15,16,17,18,19	-0.900744841015,3.11724869786,2.75633591989,2.08271754957,2.15117786603,7.00375825268,9.29850691149,11.417382396,19.6146487415,21.6083592535,20.8716985775,17.9019039768,16.2412862405,12.4439201494,9.66984002777,4.82453565362,6.08734671063,1.10863538607,1.53778395536,-0.419533342355	norm	0.2	264000
304301	0,1,2,3,4,5,6,7,8,9,10,11,12,13,14,15,16,17,18,19	3.18935683884,-1.10761574695,3.63095906459,0.519492275721,2.98057039325,6.68132470953,8.53501619936,12.9508775422,19.550027151,20.9250192966,21.5586409548,19.3007703807,19.0998684443,13.6268841985,7.40703328659,5.54903332058,2.63236695277,1.82804073112,0.588003008189,0.107648785471	norm	0.2	264000
304489	0,1,2,3,4,5,6,7,8,9,10,11,12,13,14,15,16,17,18,19	-12.8713931249,-11.7915265973,-14.5617940167,-11.9560900078,-13.5136583743,-10.1578201745,-5.43474278642,-3.32473757793,0.279277525825,5.06363995718,4.98859263082,6.41964429974,0.37213502984,-2.09126957506,-6.84198907587,-7.15757942021,-9.65451359624,-10.909116351,-12.3184188138,-11.4273805899	norm	0.2	264000
306531	0,1,2,3,4,5,6,7,8,9,10,11,12,13,14,15,16,17,18,19	-2.94821462569,-4.43769365011,-4.90450980762,-2.61009080366,1.27368102293,0.429909907325,5.850646438,8.06909622611,12.692948993,13.0219948864,14.1581274706,14.4648057698,13.0298534574,8.8950504475,7.07191185479,-0.72911344791,1.70127228765,-4.54918541494,-1.95398129054,-2.48988031472	norm	0.2	264000
307637	0,1,2,3,4,5,6,7,8,9,10,11,12,13,14,15,16,17,18,19	-16.7000975856,-16.4857371619,-13.588810141,-14.4594919643,-12.0444887719,-9.76759157644,-8.88379912755,-4.64879962329,0.952574633665,4.01144977133,4.76606842339,5.52725580933,1.22323134031,-4.52492099063,-7.85547990586,-9.29641588439,-13.0202672143,-13.2400476629,-17.3577946388,-14.2587206995	norm	0.2	264000
304196	0,1,2,3,4,5,6,7,8,9,10,11,12,13,14,15,16,17,18,19	-1.32778547692,-2.37645395173,0.379413634618,1.71710388666,1.57292451198,4.78245374398,8.75150026171,10.3406315919,14.2150590629,16.0176160813,17.740358836,18.5399842854,14.8190234679,8.91717344622,8.38826978165,3.11909753216,-0.207798214013,2.07721752029,0.452771566108,-0.358722857973	norm	0.2	264000
306839	0,1,2,3,4,5,6,7,8,9,10,11,12,13,14,15,16,17,18,19	-13.8233831578,-11.9930828841,-10.0679195869,-11.5342584574,-8.47865491326,-5.73523610211,-5.98879250878,-2.03535777357,6.06692434209,7.96620704738,9.20340555006,7.28198915618,4.37401261612,-0.762878060194,-3.09831221826,-9.19570855944,-7.77966700779,-12.7497504928,-13.7696475442,-11.7002210473	norm	0.2	264000
305199	0,1,2,3,4,5,6,7,8,9,10,11,12,13,14,15,16,17,18,19	2.89550915019,4.14530066836,5.59261335384,3.28842619848,6.73581352934,8.93685206946,11.8505645014,14.9587713063,19.0850024345,20.3013302683,22.3465805952,22.6065491915,19.6121284499,14.4425696926,11.8226595207,6.81197734823,5.94802526148,1.65811239349,5.52270515563,2.65949930659	norm	0.2	264000
307120	0,1,2,3,4,5,6,7,8,9,10,11,12,13,14,15,16,17,18,19	21.7153267399,21.6506767951,17.989631415,21.3690944303,23.2938460898,25.9511666844,28.4702242186,33.5911915778,33.8517926946,38.2099639478,38.9926468051,39.1140231375,36.2397993419,31.4520042216,30.1234459897,22.4864402559,22.8747585294,23.5416175402,18.2393411653,19.4501226844	norm	0.2	264000
304783	0,1,2,3,4,5,6,7,8,9,10,11,12,13,14,15,16,17,18,19	-7.05731120864,-6.47549465619,-3.16189751545,-6.89992961496,-3.30510753593,-3.04201909918,1.84046130421,7.07955178341,9.11593656949,14.3964661944,15.6593133888,13.9605686149,8.71638045809,6.23608219113,1.00432045025,-3.14885385178,-1.22531979548,-5.00823157172,-6.7827278116,-4.56877300812	norm	0.2	264000
306009	0,1,2,3,4,5,6,7,8,9,10,11,12,13,14,15,16,17,18,19	18.0430495321,18.8527315078,21.9915059219,22.5199919777,23.5886147391,25.3950068614,27.8517331045,30.4593448499,36.7582159684,37.0970674672,39.0609304312,36.5460967063,37.6677950413,30.248373216,25.4753984525,26.48410744,24.1346752373,18.5673312836,17.7841440485,21.3269517901	norm	0.2	264000
306949	0,1,2,3,4,5,6,7,8,9,10,11,12,13,14,15,16,17,18,19	13.5010832272,11.606381977,13.1145690271,14.7938344803,17.2976042399,18.8076276695,23.3040272369,24.1512966175,31.551193324,30.1445962688,33.9561615799,33.2993871945,27.7515020731,26.3411207256,23.4810870744,15.9544901921,17.6451639467,16.6457124243,16.253222978,14.1445973894	norm	0.2	264000
304882	0,1,2,3,4,5,6,7,8,9,10,11,12,13,14,15,16,17,18,19	8.17573213549,8.35341363841,11.7693981888,10.5945124422,9.98894027439,15.9089970567,16.5286245263,21.879198512,26.9975038217,27.220764136,26.409534071,25.3456971335,25.8666936627,18.7311785234,17.6607064805,16.0897733396,13.0672640314,12.4378567131,11.4743816893,7.79779079916	norm	0.2	264000
306242	0,1,2,3,4,5,6,7,8,9,10,11,12,13,14,15,16,17,18,19	-12.0539458942,-8.224339837,-9.80614441057,-7.55625556112,-8.46132574687,-6.1338610626,-0.0118835644454,1.04108540342,3.36237521795,8.24940352045,9.17423187299,9.8374161198,5.67441910657,2.03876484692,-0.046559245498,-6.45320248898,-7.22179882108,-9.3818376443,-8.18274094091,-9.93466818966	norm	0.2	264000
306385	0,1,2,3,4,5,6,7,8,9,10,11,12,13,14,15,16,17,18,19	-2.87144853604,-4.68923459216,-6.55685919271,-1.92858384375,-1.88101865424,0.182280845602,3.26743755058,7.06263207456,12.4468976597,11.2680982489,16.2378380903,15.6130110461,11.2629569138,5.35894851558,2.54525486621,1.16863130088,-1.44649913743,-6.23950185699,-4.41613987031,-6.31048689362	norm	0.2	264000
307188	0,1,2,3,4,5,6,7,8,9,10,11,12,13,14,15,16,17,18,19	17.7809739504,20.2823233086,17.0097829061,19.2664038008,21.008166814,24.3487606097,27.3166325717,28.2882827079,33.5344863204,38.8740237779,40.4761302777,38.8533647223,35.2841114932,29.7128385306,28.3871313146,21.4458080605,23.7664313754,22.1555245012,17.3239789811,20.4020896032	norm	0.2	264000
307327	0,1,2,3,4,5,6,7,8,9,10,11,12,13,14,15,16,17,18,19	-8.78244952946,-7.84826381109,-8.58030877305,-6.49977078035,-5.81690306755,-1.17664643493,-1.93149015744,2.36409427258,6.65883787456,12.7584594103,10.9618571831,12.1314999367,10.2655801535,2.71902588611,-0.263415444382,-1.30687463604,-7.24388026453,-4.5717677078,-5.87016604884,-8.61430319771	norm	0.2	264000
307125	0,1,2,3,4,5,6,7,8,9,10,11,12,13,14,15,16,17,18,19	-19.574687676,-20.8710819084,-18.2564213075,-16.9317909182,-17.2646571678,-13.9172220457,-12.9066661193,-5.26331432568,-0.375779827431,-0.402636644906,2.53720944498,0.655935010165,-2.53588350292,-8.53999373215,-9.30763362782,-12.428594211,-17.9238100524,-19.0858224105,-18.1129861575,-17.8777353021	norm	0.2	264000
307167	0,1,2,3,4,5,6,7,8,9,10,11,12,13,14,15,16,17,18,19	-18.0265169347,-15.7952692271,-19.2463366261,-15.9645817298,-12.4528525159,-14.6486592305,-7.3175306705,-7.82371996455,-1.4401038608,1.43381166384,0.34069264543,1.38190064519,0.166051366786,-7.86701093467,-11.6429136736,-10.9685294448,-13.9580283149,-17.728400726,-16.2086186662,-17.9893802664	norm	0.2	264000
305254	0,1,2,3,4,5,6,7,8,9,10,11,12,13,14,15,16,17,18,19	18.3013039184,17.1944076947,20.2291906954,20.5661411928,19.6775176954,23.1257635314,26.5520523632,28.4963162514,31.5134809855,34.4291865256,39.7886393034,35.0735557919,32.5070548423,28.3312594745,27.3264290703,24.1701107852,20.4065711585,21.4474048129,20.6519718342,16.2094488323	norm	0.2	264000
305578	0,1,2,3,4,5,6,7,8,9,10,11,12,13,14,15,16,17,18,19	-12.8627571215,-12.5021248863,-14.1224427837,-10.6320704363,-13.1295389763,-9.81981416671,-4.10760219318,-2.43298965021,2.04132671822,5.26374514975,4.37907718464,5.29960749522,1.64942823225,-2.25684500873,-4.11138172915,-10.3755403595,-10.5384018334,-11.8409687206,-14.9041734594,-12.4699109423	norm	0.2	264000
305564	0,1,2,3,4,5,6,7,8,9,10,11,12,13,14,15,16,17,18,19	10.7601845498,12.6065696728,11.0070365909,13.2169521354,14.3896212667,14.8561592713,19.5238428764,22.3727411084,26.7774138288,28.4479673642,30.2819318205,29.2999641502,28.114157027,23.0359151767,18.5657570367,14.9525034921,16.4575593135,13.4995303963,10.7730689468,9.46629760101	norm	0.2	264000
307241	0,1,2,3,4,5,6,7,8,9,10,11,12,13,14,15,16,17,18,19	6.34231468886,7.87799843051,5.51709174848,9.39345394248,11.4893052193,10.1435815004,12.2726686684,20.0295447625,23.3791202063,22.8643284931,23.996879991,25.7250947403,23.7702594894,20.1221465467,13.6389792758,13.5928663312,8.52737530861,5.37840710065,4.9168859466,6.19762486599	norm	0.2	264000
306538	0,1,2,3,4,5,6,7,8,9,10,11,12,13,14,15,16,17,18,19	-17.3799875887,-17.8625678185,-16.5528190731,-18.1473324502,-13.4035447761,-14.9772956434,-7.32495013769,-7.69394613588,-2.90679330473,2.94953028572,2.84927485652,-0.257580253637,-1.12543799446,-2.89788700232,-9.44564693861,-14.0033483493,-14.6578989395,-13.8219109794,-17.5273981775,-15.8683555697	norm	0.2	264000
305616	0,1,2,3,4,5,6,7,8,9,10,11,12,13,14,15,16,17,18,19	16.1234837969,16.9374764346,15.05768348,19.4642739216,18.2422018448,19.3579190613,26.3107285107,26.4430088172,33.4408544727,35.1698261567,35.7859028599,36.1021281186,30.6828817442,29.096909748,22.688482146,22.2530196475,18.1132570429,20.1931981489,19.4858438771,19.3231737297	norm	0.2	264000
304778	0,1,2,3,4,5,6,7,8,9,10,11,12,13,14,15,16,17,18,19	2.54918606761,-0.306032211532,3.12270584648,0.872588974949,5.10680359102,6.15916961733,8.90147037527,11.0915042613,16.8788011995,21.966110961,19.6001260486,17.5276886939,18.6683854639,11.6216167982,9.44516472662,5.68998813706,3.63086654941,3.76720908256,-0.709134679541,1.77889867245	norm	0.2	264000
307441	0,1,2,3,4,5,6,7,8,9,10,11,12,13,14,15,16,17,18,19	4.71245552336,3.30695744847,5.75781388247,6.15859303736,8.26378023074,6.86398695888,11.9494693672,14.7260288917,17.1510275643,23.9755729236,21.801585983,24.0552036898,18.6729561731,16.8095038983,12.5885534338,10.0341179951,7.73348717597,4.00899427779,4.62726522168,5.32581460422	norm	0.2	264000
307030	0,1,2,3,4,5,6,7,8,9,10,11,12,13,14,15,16,17,18,19	7.26428167821,7.40177390988,11.0745858772,10.520754223,10.2719191652,11.9651088386,16.1184840243,18.7915101397,24.066225967,25.7239948004,30.7695352675,27.0196389771,24.1555834007,21.8357257421,18.2801315187,14.4147298442,11.021954988,8.74032290535,10.880800354,9.26213665044	norm	0.2	264000
307239	0,1,2,3,4,5,6,7,8,9,10,11,12,13,14,15,16,17,18,19	5.99896346404,5.02634327805,6.81097643111,8.04627198218,7.70753722475,12.3585483793,13.2028096394,16.1477145944,19.8010459072,21.4919891042,23.5783265272,22.4051708445,21.1659558995,16.5528693619,11.1274349129,8.44982658207,6.4730312247,4.60327717666,5.01247027783,3.8871298711	norm	0.2	264000
305814	0,1,2,3,4,5,6,7,8,9,10,11,12,13,14,15,16,17,18,19	11.2578878828,15.4469743483,11.8969176011,15.4256051212,14.9780430456,19.8145726502,19.8194052881,23.425779259,27.5324087534,34.5053491155,31.2456778918,32.7631889466,29.061988213,24.0389089137,21.6869600964,16.9392424381,18.1603259898,14.6226224696,11.699776536,14.5435359868	norm	0.2	264000
307036	0,1,2,3,4,5,6,7,8,9,10,11,12,13,14,15,16,17,18,19	-14.2057651001,-12.0541428485,-13.5255025273,-10.0061836656,-7.3435122279,-8.97521127721,-3.33188423112,2.23498684376,4.03567320393,7.74722123037,6.2939149013,4.53917080678,3.93850317118,-1.9379015345,-3.16796093892,-8.26922847537,-10.9335367932,-8.67901162133,-12.6775283162,-12.1320840634	norm	0.2	264000
307456	0,1,2,3,4,5,6,7,8,9,10,11,12,13,14,15,16,17,18,19	14.2808286817,14.3520077838,14.3842807196,12.0194944005,15.033645413,16.7233178486,19.8484875378,24.8395224105,26.7827394171,29.7441596845,33.1833236359,33.1836972501,30.3442137997,26.0521396132,19.9100849439,16.6930710961,15.7100455877,14.663436996,13.4672081804,13.102472376	norm	0.2	264000
306389	0,1,2,3,4,5,6,7,8,9,10,11,12,13,14,15,16,17,18,19	5.55144265038,5.95374156345,3.78974110713,3.54188456594,7.59486986748,9.35742221389,12.5860117829,15.795627446,19.0497574658,23.9023085275,26.6899156093,25.8660517106,19.3518969696,18.2087173383,11.7182188911,10.4175604491,5.97900706954,3.78779709251,4.83035622505,4.68567564263	norm	0.2	264000
304224	0,1,2,3,4,5,6,7,8,9,10,11,12,13,14,15,16,17,18,19	-4.90263799579,-7.20886690036,-4.98780704117,-3.64832181424,-6.69163218979,-1.45024512916,3.73498643232,6.28948544005,10.7613813619,12.3784952521,14.3120358395,11.1877481934,10.1409903313,5.39604001937,2.2156358489,-1.87773879632,-3.04508108178,-6.02821469347,-8.93427318774,-6.80463503755	norm	0.2	264000
307892	0,1,2,3,4,5,6,7,8,9,10,11,12,13,14,15,16,17,18,19	-15.968920433,-17.7204743381,-15.9357347254,-15.6528185667,-14.1354927893,-10.4747227513,-7.74786968816,-2.80367504858,0.220441741672,1.65391685487,4.66907670842,5.09310165835,-1.4683981364,-5.488582117,-6.68734273877,-9.95680981092,-13.0323433424,-15.4580009077,-15.4702614828,-14.7978645947	norm	0.2	264000
304456	0,1,2,3,4,5,6,7,8,9,10,11,12,13,14,15,16,17,18,19	3.67886904459,1.4042752482,0.00559744002083,3.29176936803,5.95659602387,6.18380343772,11.4385465762,12.8566855789,15.4774525202,17.9121153832,19.0071601016,19.1407950095,18.9729612249,13.7285966919,7.26531816913,5.96604745618,2.0069223634,4.65414757542,1.823838898,0.0643812261061	norm	0.2	264000
304917	0,1,2,3,4,5,6,7,8,9,10,11,12,13,14,15,16,17,18,19	6.27334350351,5.30737799464,6.03263284963,5.37920180542,7.17291263582,9.05041856841,11.5570952976,15.332078446,20.8244557691,24.1056285478,23.0689994768,24.2449175967,21.1691223619,16.9259884068,10.1832169901,8.18221925932,4.56994580701,5.78350985145,6.73350153446,2.75705065665	norm	0.2	264000
304402	0,1,2,3,4,5,6,7,8,9,10,11,12,13,14,15,16,17,18,19	-0.1698035465,-0.894374648119,-0.20930005423,1.60333793327,2.39506715946,5.52808911247,7.75105383677,12.4855268712,17.4130220762,17.6106813773,17.4566552695,18.7072150432,17.4414413779,9.57928403183,5.08292041069,5.38055947706,-0.195986029514,2.15951775148,-1.51321563518,-0.617518486943	norm	0.2	264000
304945	0,1,2,3,4,5,6,7,8,9,10,11,12,13,14,15,16,17,18,19	3.39157820419,4.9055153101,5.13127324706,5.96491654626,5.93586735334,12.0930118667,16.0563196687,17.3742431916,22.1153997171,26.7841638441,23.6559958522,23.484717164,23.8229220631,16.6351219011,12.0038452145,8.30010450004,6.26451721921,8.50545339393,6.39986643193,7.78373278621	norm	0.2	264000
304160	0,1,2,3,4,5,6,7,8,9,10,11,12,13,14,15,16,17,18,19	-2.18850871798,-3.9304420348,-3.99402034111,0.620588863329,2.04998699666,2.74087793724,3.17332088744,10.3816751434,10.7778537805,16.5193295884,17.2418678744,17.8911300773,11.0503751042,7.10255834339,4.37155470948,1.969317944,-1.56228665304,-2.79709070832,-1.9571466664,-3.15093043484	norm	0.2	264000
306691	0,1,2,3,4,5,6,7,8,9,10,11,12,13,14,15,16,17,18,19	6.68707277643,2.89881082345,6.84551447773,5.77952933395,8.14048086918,9.41602198555,13.2225577717,18.9656903095,18.5748671375,25.2544543137,25.6662037401,21.9697477448,20.1348416899,19.4511905185,10.7991091197,8.98034505114,9.82781043439,5.82738526302,3.99378824716,7.66687002541	norm	0.2	264000
306923	0,1,2,3,4,5,6,7,8,9,10,11,12,13,14,15,16,17,18,19	-5.52990986979,-3.7535643189,-4.74757595331,-6.25331063561,0.115372916406,1.90668625789,2.95119500528,9.33243465584,11.8632886714,14.1001292648,12.5078875497,11.6797561377,12.3510137394,5.5519266654,3.19730936379,1.6475175725,-1.4154877935,-3.7055191691,-6.25033471504,-4.02750616832	norm	0.2	264000
307990	0,1,2,3,4,5,6,7,8,9,10,11,12,13,14,15,16,17,18,19	18.2854779983,18.1494490857,17.7664253036,15.5815244862,16.7878355146,20.3075015671,24.038815508,30.7017828826,32.5520567404,36.9621522948,36.9445624371,35.9198501614,31.7554807956,30.6748908065,22.9605344476,20.6926046061,20.6347510863,15.3687105017,17.855174254,17.315887957	norm	0.2	264000
306437	0,1,2,3,4,5,6,7,8,9,10,11,12,13,14,15,16,17,18,19	-14.4108145967,-16.454591515,-15.8246044572,-11.9319665275,-14.6557717857,-12.6692614,-8.13371390627,-4.91972212041,1.62007813977,1.49698565075,5.27488786197,5.36583949302,0.463458430378,-3.23704988527,-4.88176252787,-8.66810914287,-13.4597263393,-14.6810339596,-15.8960180206,-15.7256520944	norm	0.2	264000
305779	0,1,2,3,4,5,6,7,8,9,10,11,12,13,14,15,16,17,18,19	17.6638682456,18.6015969705,18.2978629086,15.6845318548,17.6014213847,20.7881883748,23.0871448609,29.3386041122,33.4820864606,34.5899885668,37.3283098934,32.427398428,30.6836963894,29.9095346586,24.8171379277,20.3803935997,20.7297981069,17.3268455049,16.5364934813,14.0678964768	norm	0.2	264000
305831	0,1,2,3,4,5,6,7,8,9,10,11,12,13,14,15,16,17,18,19	4.81053610878,4.77146697589,3.48336415932,5.1105328867,3.983273553,9.86986342762,10.9404193711,15.0969166573,17.9077591575,21.2533964912,24.1340444959,20.6730757353,17.2942819412,13.5979660971,10.8896041109,10.6324692271,5.73810945427,5.41692683185,5.25572700337,4.03881786133	norm	0.2	264000
305791	0,1,2,3,4,5,6,7,8,9,10,11,12,13,14,15,16,17,18,19	-16.6170251522,-16.4121919164,-17.0996205376,-11.9901589069,-12.999707427,-9.40439683808,-9.6105220339,-5.73613417275,2.21305069625,3.72083704854,3.98359172288,1.78777068609,-0.305048029875,-3.99155916545,-6.27829158368,-8.93073844092,-14.6036028295,-13.2317457762,-13.8277350251,-15.6339009205	norm	0.2	264000
306446	0,1,2,3,4,5,6,7,8,9,10,11,12,13,14,15,16,17,18,19	-15.0104524262,-15.1673212599,-15.023315441,-16.5161646433,-15.1751557964,-14.810683072,-9.09109480819,-5.59954615516,0.450811526712,-0.751131973941,2.89588192317,3.32477196149,-1.10005337733,-6.16970678201,-10.3605414811,-12.5774214552,-15.9146389672,-17.1510767192,-19.1594382498,-16.1057472213	norm	0.2	264000
305930	0,1,2,3,4,5,6,7,8,9,10,11,12,13,14,15,16,17,18,19	-7.73790141444,-8.97435069885,-7.04702849879,-6.6900205152,-4.86464381566,-2.44705499413,0.448372356837,0.53399575287,4.07063203741,8.53540154972,9.59772718335,9.97279201528,3.61537089022,1.75805217607,-2.7815347213,-4.11260146325,-7.69797195887,-8.45629190067,-8.85389055694,-7.69725758685	norm	0.2	264000
304476	0,1,2,3,4,5,6,7,8,9,10,11,12,13,14,15,16,17,18,19	-14.6900690057,-13.9037125976,-15.2563482492,-11.9709503981,-13.6259133193,-8.51769674005,-5.22159994402,-1.87664918898,2.96988323553,4.94767923235,3.57553475261,5.44943303403,4.15167303315,-2.31909534925,-7.83922698839,-9.55807960901,-10.3044040076,-13.1308217426,-14.7039190722,-14.185498176	norm	0.2	264000
304953	0,1,2,3,4,5,6,7,8,9,10,11,12,13,14,15,16,17,18,19	-6.55788851237,-5.33234571761,-5.36522890137,-3.76518956713,-2.71548780127,0.0109246442941,3.9639391329,7.8846491064,11.2965292423,15.4475900795,14.7852782141,13.3461857588,10.1322962916,8.22966513406,5.22255556486,0.125302618297,-1.12510653481,-0.922996146344,-4.46184982936,-6.46238686853	norm	0.2	264000
307296	0,1,2,3,4,5,6,7,8,9,10,11,12,13,14,15,16,17,18,19	14.9824525997,13.6284362206,12.5653577143,15.5764801924,17.2873684106,18.5149732138,22.2902306757,26.8060670986,26.8540039743,32.6444904725,33.5338710215,32.1424073699,31.2442914981,26.4914839197,21.1304032841,18.2396127116,15.6839564452,13.2276088665,14.088542769,11.1526687251	norm	0.2	264000
304421	0,1,2,3,4,5,6,7,8,9,10,11,12,13,14,15,16,17,18,19	7.43581052718,2.91740430002,6.26254831471,8.65711907998,5.43569254558,8.07321513636,15.0565870806,14.9431206031,22.3637296908,25.7784713642,24.710484525,21.8346684148,19.4880570248,15.9098276154,14.7016797207,8.98914591315,8.66284610585,8.55351002624,7.51283662674,4.73758460539	norm	0.2	264000
307124	0,1,2,3,4,5,6,7,8,9,10,11,12,13,14,15,16,17,18,19	2.52389310172,3.18472371965,3.3158601978,2.54741051511,4.75516233665,8.51383414023,11.3446197074,15.9403063598,18.699629808,22.2176914476,24.8669402155,22.7369796881,18.4660313961,14.4586076126,13.1431674048,8.20584666871,6.71281146822,2.8798296283,3.30721602438,4.69902495711	norm	0.2	264000
307157	0,1,2,3,4,5,6,7,8,9,10,11,12,13,14,15,16,17,18,19	-19.4296853205,-21.0782353297,-16.9067958465,-15.7486596915,-14.2416614877,-13.9090840465,-12.8100053621,-4.91483955066,-5.38120732692,0.599596198693,-1.22835824821,0.992226795017,-3.59891232553,-8.6364071333,-9.25161559822,-11.9955747388,-18.431232986,-15.2183180425,-20.1938908202,-21.1072028614	norm	0.2	264000
307582	0,1,2,3,4,5,6,7,8,9,10,11,12,13,14,15,16,17,18,19	13.8769318185,14.3794256206,14.3854930766,16.4566888332,13.7971332601,19.799462894,20.5672603363,24.2392925374,28.6180858959,33.0262732814,30.1866496772,30.7507201735,28.5321819375,22.8335104383,21.8130383509,18.8150693187,14.5395231237,14.9129033199,13.672042409,12.4336335329	norm	0.2	264000
305912	0,1,2,3,4,5,6,7,8,9,10,11,12,13,14,15,16,17,18,19	18.2554091906,19.6173403884,17.5264773712,19.5509872906,21.746457894,22.3874312614,26.5476925714,29.622665319,32.4845268844,36.4420038699,38.0723921895,38.5185600963,35.7020658282,27.1649567278,25.6066919072,23.8257802357,21.9686461984,19.8944686271,20.2608165068,18.7913967152	norm	0.2	264000
304809	0,1,2,3,4,5,6,7,8,9,10,11,12,13,14,15,16,17,18,19	-13.3454083186,-14.0929321521,-15.1042872724,-16.3899440654,-14.5679993559,-11.040572655,-7.87098903525,-2.09067741872,-0.640720157863,5.49335030974,5.16206743889,5.30098205795,0.276335107061,-2.74740474107,-6.43979367866,-9.7423359545,-15.2832582071,-16.7142369607,-14.523711792,-17.9238824865	norm	0.2	264000
307963	0,1,2,3,4,5,6,7,8,9,10,11,12,13,14,15,16,17,18,19	4.82691785675,1.70082224727,2.18185589155,5.14120452172,8.31811107082,8.96251095004,9.43938224794,16.3505078903,20.4107132423,24.4136423562,25.6518592947,20.272332633,17.9027279122,15.4558252948,13.5335577455,9.96892351776,7.20510466603,4.7611553468,6.35505545268,1.48717976857	norm	0.2	264000
306665	0,1,2,3,4,5,6,7,8,9,10,11,12,13,14,15,16,17,18,19	2.63977064527,1.88272008736,1.62027456964,3.35221115384,3.91298217789,6.76104812161,7.16081460007,11.665750685,17.7318895248,17.2039895963,19.4531182177,20.6096051606,16.1248829015,13.553011703,10.5621555742,3.73469590325,5.20162533182,1.81075775867,0.556511067056,-0.510761843374	norm	0.2	264000
307723	0,1,2,3,4,5,6,7,8,9,10,11,12,13,14,15,16,17,18,19	3.65794053308,1.79791982747,-0.054432682018,3.8440388439,5.96195763661,5.66236108507,11.9822648905,14.6833147124,16.2924134842,20.2137566462,21.8037218996,19.5772949935,18.820257259,13.9688638881,10.3372214212,5.79174920761,3.7597938047,5.51845178136,2.06027284572,3.37861570541	norm	0.2	264000
307044	0,1,2,3,4,5,6,7,8,9,10,11,12,13,14,15,16,17,18,19	-13.5355104508,-10.6137012701,-10.1228788482,-8.75781166708,-7.44105953864,-8.51061825405,-4.63685083524,-0.319968326395,3.60024902028,7.3702705945,7.45013726257,5.73385885963,4.20555841533,0.28347742842,-2.97198193002,-7.03844099852,-10.5215366299,-9.27317802815,-11.8084916422,-12.4815412709	norm	0.2	264000
306225	0,1,2,3,4,5,6,7,8,9,10,11,12,13,14,15,16,17,18,19	15.2783768458,15.6546710861,16.6281462897,16.850010384,19.5306445017,23.1742561778,23.0363677873,30.8659204645,33.1405667695,36.9286729284,37.7967136187,36.7289458761,31.3826681577,28.171289316,26.1482102642,23.4271375079,17.2117437064,19.5068275961,14.7108865673,15.8804374379	norm	0.2	264000
304964	0,1,2,3,4,5,6,7,8,9,10,11,12,13,14,15,16,17,18,19	5.04561660992,3.85450381151,4.95622888921,7.11887850324,6.55968863039,7.12273093958,11.7851582006,17.1579810618,19.4785848913,25.1082033812,26.3889632982,23.957395275,17.6723543883,15.5427827691,14.1348058872,9.80531358115,7.41884956118,4.47130594612,4.15019670004,6.29440716073	norm	0.2	264000
305633	0,1,2,3,4,5,6,7,8,9,10,11,12,13,14,15,16,17,18,19	20.6350125794,21.9757267086,20.5940126392,19.4055165311,22.2434963173,26.0068516384,25.9190697903,31.2760588292,36.0743204504,40.8627201588,41.6103089957,39.1386005639,36.9549848584,32.1529243805,26.0653135656,25.6325893241,21.6196376302,18.6262490687,19.1952851452,18.1073297636	norm	0.2	264000
307696	0,1,2,3,4,5,6,7,8,9,10,11,12,13,14,15,16,17,18,19	12.6691102763,13.0034469871,13.1238471899,12.8121970011,16.1040810929,16.8422017042,20.9245394804,26.9281393596,29.2462746362,32.832142973,34.1454646918,31.9778089042,26.830359057,25.3325818618,21.1613938123,17.8666447745,16.5762960464,16.609309051,11.5827639663,15.0151685983	norm	0.2	264000
306069	0,1,2,3,4,5,6,7,8,9,10,11,12,13,14,15,16,17,18,19	-1.60053689331,-1.15416736205,-2.61910648585,-2.36421231098,-0.439522690809,5.12305148081,7.50149021295,8.23128050478,15.2395942821,15.6685327967,16.5283158703,16.636431455,14.2248171883,8.54360235664,8.56028393637,1.81884965485,-0.831422738122,0.981130636608,-0.0226238406115,0.998387014801	norm	0.2	264000
307707	0,1,2,3,4,5,6,7,8,9,10,11,12,13,14,15,16,17,18,19	0.277727516934,-1.46060990993,-3.81880204873,0.489639057651,2.75717521141,2.33692269309,6.10772743625,9.6993542177,16.1110871659,16.9796639725,18.9269378777,15.4656439943,13.8335958651,8.23915774469,6.83653921252,3.91521622871,-1.25184560424,0.141462977504,-0.563684134601,-4.17044327464	norm	0.2	264000
304777	0,1,2,3,4,5,6,7,8,9,10,11,12,13,14,15,16,17,18,19	-20.138442121,-18.5242737073,-20.7729465752,-19.5405061261,-16.7388403809,-16.4240754397,-13.1235470656,-5.8099349225,-2.59927166895,-1.99729103893,0.982251981208,-0.99325051548,-4.13488652853,-8.51107582405,-11.2475452055,-16.0574566587,-13.9412387871,-19.7048104731,-20.565217213,-20.8397721378	norm	0.2	264000
305913	0,1,2,3,4,5,6,7,8,9,10,11,12,13,14,15,16,17,18,19	-13.7878749937,-9.09423320482,-13.3916808478,-9.95738748595,-8.86601467902,-8.57761340613,-3.66995216103,-1.9307074253,4.17649423552,6.63634085362,9.69762629436,6.43182752281,1.76870712762,2.19266794998,-4.80383079412,-8.10967719159,-7.07002018844,-11.5074583806,-13.099135587,-10.2271442758	norm	0.2	264000
306701	0,1,2,3,4,5,6,7,8,9,10,11,12,13,14,15,16,17,18,19	12.4902455661,10.682735558,9.70291090851,10.4535593695,11.2917920328,16.4740596892,17.1319364995,21.5293658546,28.1210992876,29.8283475607,29.5558148609,28.9619536875,27.7183075922,22.6950077076,17.885691249,13.1601704876,11.1287550038,9.57791050783,12.4066684206,9.97959137685	norm	0.2	264000
307116	0,1,2,3,4,5,6,7,8,9,10,11,12,13,14,15,16,17,18,19	0.499800749892,-1.90572328273,1.71275657914,0.0105363062566,-0.0696391601636,4.1845153534,9.62006538659,11.7004088517,16.6941209528,18.420957591,19.7217704287,19.4701862851,17.5090323092,10.0434390977,8.15159049697,3.91827752845,3.12875246794,-0.365749358876,-2.34490144001,0.0124004939145	norm	0.2	264000
305074	0,1,2,3,4,5,6,7,8,9,10,11,12,13,14,15,16,17,18,19	8.17968473081,9.32093561578,5.23690988035,6.68504063188,11.9532033626,13.8730758849,13.9931082422,19.3289688149,25.154832459,27.8867400473,24.8951550422,24.5693738387,23.7288697193,18.2039248556,16.6102758062,13.9885509667,10.1727591355,6.4380939739,6.32145557347,9.32737131841	norm	0.2	264000
304598	0,1,2,3,4,5,6,7,8,9,10,11,12,13,14,15,16,17,18,19	-21.7613037815,-21.0287015933,-19.8994181812,-17.7127998156,-16.258674557,-12.8818333454,-13.2323896818,-6.29800283748,-4.58923166912,-1.5189852216,-0.226625635277,0.312898437484,-2.79494223044,-5.14089094808,-11.9741628017,-15.4191854762,-14.5303882121,-20.5705443262,-17.2799326769,-21.7945216393	norm	0.2	264000
305125	0,1,2,3,4,5,6,7,8,9,10,11,12,13,14,15,16,17,18,19	6.89792855489,3.30856721964,3.02312918164,7.33864202019,10.0197571004,8.88000580964,12.7257437962,19.4491110627,19.5950284958,23.6735915602,27.0687928402,22.9646525724,21.0046940744,14.8605839793,13.3485972657,12.0870537096,5.85314618183,6.76594479564,4.05213708797,5.63328920675	norm	0.2	264000
304774	0,1,2,3,4,5,6,7,8,9,10,11,12,13,14,15,16,17,18,19	9.37529258859,5.2088439606,8.15852827018,10.0320227649,8.17290516019,11.0753928656,17.1301567513,20.8117863584,22.2113208284,26.4173918588,24.8282776396,24.6997981523,23.7826423273,21.5343236507,14.5912755931,9.78884641247,8.86103814329,10.9625560737,7.98306812304,9.19081780226	norm	0.2	264000
304722	0,1,2,3,4,5,6,7,8,9,10,11,12,13,14,15,16,17,18,19	20.2451524398,17.2225158118,19.4552436003,21.3871827824,19.4002196837,21.9019456161,24.3518696599,30.6072955433,31.7417089088,38.67853064,36.2576994741,36.5112154334,35.1874846237,28.3423305129,27.173286092,24.9577224562,21.5784161761,20.0871215056,20.7586171029,19.6534857068	norm	0.2	264000
306917	0,1,2,3,4,5,6,7,8,9,10,11,12,13,14,15,16,17,18,19	-6.51323878757,-4.09011942355,-6.86715024258,-3.44537139429,-3.29039390358,0.573694587222,1.29534805826,4.71161619859,10.9464001981,12.7666028145,15.8039696687,15.0655017779,13.2205688771,6.18596572666,3.46154567434,1.81824423012,-0.53308605032,-2.72908824879,-5.97477841621,-6.98270764784	norm	0.2	264000
305371	0,1,2,3,4,5,6,7,8,9,10,11,12,13,14,15,16,17,18,19	-0.339065567516,0.561176611346,0.362455822658,5.03013534339,3.18371758125,4.72341622754,9.64102618336,11.0641096149,17.7554740684,22.0369144174,21.778025673,21.061554518,15.1730125413,15.5046868865,7.74221225061,6.36031199974,3.80667289645,1.28107653153,-0.051074797428,1.03705194312	norm	0.2	264000
305624	0,1,2,3,4,5,6,7,8,9,10,11,12,13,14,15,16,17,18,19	-6.72061285872,-2.60937619603,-3.70235113202,-1.97842365519,-2.81067317887,-0.115538050278,4.91157812159,7.29152480981,13.0836919026,12.476110505,14.3353909455,12.5697757006,8.92245889135,7.56889970078,2.9152083509,-0.385470929152,-3.45384161807,-1.83678790185,-5.09517105563,-2.39267029119	norm	0.2	264000
307437	0,1,2,3,4,5,6,7,8,9,10,11,12,13,14,15,16,17,18,19	-19.3870369311,-16.5712381707,-16.2667143233,-16.7782418215,-16.4286790002,-12.3648986294,-8.10126993942,-6.14557185803,-0.821629831869,-1.08734691595,0.72993680469,-2.18341492111,-2.73139089112,-7.07553180215,-11.7753605911,-15.9780709138,-16.5808320079,-18.2924144684,-17.6701046957,-17.7269590599	norm	0.2	264000
305824	0,1,2,3,4,5,6,7,8,9,10,11,12,13,14,15,16,17,18,19	-19.203536226,-16.5901159747,-20.4095333954,-15.5399994879,-15.3248009783,-12.436121931,-12.2174696467,-6.09910853589,-2.24787029012,0.872698316011,-1.54729692164,1.01023619803,-0.784050619419,-6.91779883484,-12.9508434487,-13.1731162234,-16.883037093,-16.6344505962,-18.2692641679,-18.3597139073	norm	0.2	264000
306710	0,1,2,3,4,5,6,7,8,9,10,11,12,13,14,15,16,17,18,19	16.7334064315,15.7406063162,16.2837241948,15.8408286277,20.78816931,21.3038421658,23.0764436665,28.640328121,34.3456971746,37.250873249,34.320258897,36.0861934473,29.8760744321,30.9444614729,26.8318215172,20.9097593826,18.9937957801,16.4894920209,17.8059544297,18.1418099215	norm	0.2	264000
307217	0,1,2,3,4,5,6,7,8,9,10,11,12,13,14,15,16,17,18,19	9.85327051137,14.5900011756,11.3935355632,13.8395039568,16.6184017847,14.7724095719,18.8078407054,26.1297843145,28.433520438,30.9219575012,32.0107273503,30.816348975,27.7626919791,24.0596342202,19.3544662036,15.6524582008,13.5104851425,11.1676850085,11.700294876,10.8024752019	norm	0.2	264000
307070	0,1,2,3,4,5,6,7,8,9,10,11,12,13,14,15,16,17,18,19	-11.4454940314,-14.1038346427,-13.4328869892,-13.7725104465,-12.9723363899,-6.32204608007,-4.60438939356,-2.30535367057,3.29984504207,6.66373089759,5.02362119706,7.65427125882,2.69761660757,-3.44168641212,-5.59932645276,-7.19463465999,-10.273762211,-13.0115774499,-14.3410661038,-14.9576559834	norm	0.2	264000
305086	0,1,2,3,4,5,6,7,8,9,10,11,12,13,14,15,16,17,18,19	-5.57526106183,-3.11526239621,-5.42223092396,-4.15004414465,-4.50138002641,-1.38263433366,3.64804974611,7.46530802827,12.3782572443,13.0200580533,15.6649215046,13.6337404827,9.59154155392,7.56403463989,2.0026549805,-1.18066383496,-0.206868500555,-4.64649645714,-3.01164669911,-6.82619101118	norm	0.2	264000
304356	0,1,2,3,4,5,6,7,8,9,10,11,12,13,14,15,16,17,18,19	14.0622889504,10.8675341839,13.3934939988,15.3935821348,13.9413036709,19.8992089235,21.4133622497,23.0822729399,28.1380321617,29.9417211435,32.4525238736,29.6165700681,30.1248880768,24.9605746069,21.1236975407,16.801455526,12.6567782474,15.4465991362,14.2402565097,13.7064060663	norm	0.2	264000
307616	0,1,2,3,4,5,6,7,8,9,10,11,12,13,14,15,16,17,18,19	13.9376059435,15.8786098306,13.5322004216,17.9077063608,19.195636159,20.5726261794,25.9653646978,28.0248081278,31.5431626116,34.1966050158,36.9278777838,33.637569706,32.8086985131,29.874185567,25.5334600076,20.7611681035,19.3687034417,17.7837914751,17.4052688861,14.505541166	norm	0.2	264000
305111	0,1,2,3,4,5,6,7,8,9,10,11,12,13,14,15,16,17,18,19	-9.46109179278,-10.3987425341,-7.36976540051,-10.192862479,-7.88019778795,-4.74677918807,-0.917253504717,0.541833629687,8.08789218869,7.46067650643,11.1456001942,11.1891299949,5.04291412835,4.30019524165,1.1407760356,-4.40054636658,-9.17036049254,-10.2343919135,-6.74291153193,-11.0803707547	norm	0.2	264000
304451	0,1,2,3,4,5,6,7,8,9,10,11,12,13,14,15,16,17,18,19	-2.11852454528,-3.02917832583,-0.927509511205,-2.20442930606,-1.13451106148,2.046564976,6.1092331195,8.07585862917,15.9031619554,18.3915976582,19.2095336823,16.4017870156,15.2897437731,9.7549190014,3.56864805931,1.93627984342,1.51005100322,-3.03797724593,-3.49660619825,-0.849683829933	norm	0.2	264000
307461	0,1,2,3,4,5,6,7,8,9,10,11,12,13,14,15,16,17,18,19	-18.7686438624,-17.1372307039,-18.0725348826,-15.7082687882,-12.7756803033,-13.5525630919,-10.017542022,-5.24794900935,0.987825583731,1.35766153387,4.7074691365,1.29874607817,-2.8185317014,-4.59856256176,-6.49257912425,-11.7889209982,-16.1372805933,-16.0774842138,-17.3111065525,-15.6478901992	norm	0.2	264000
306268	0,1,2,3,4,5,6,7,8,9,10,11,12,13,14,15,16,17,18,19	10.5984998208,13.2233186343,13.0810472051,10.4640362964,14.6017222989,18.2754385694,18.7015721183,21.9921584389,25.726425591,32.3259230588,30.6788576778,29.8229399943,25.7534169251,23.1581391186,17.1935242328,18.3057725636,12.8446641292,14.0637074902,13.4102511514,12.1632554471	norm	0.2	264000
305925	0,1,2,3,4,5,6,7,8,9,10,11,12,13,14,15,16,17,18,19	6.76128111291,2.93108341619,6.17746516575,5.12152981954,9.86521011021,11.9844584225,11.69803332,15.2260163421,22.4629877091,25.8365743205,27.3058725763,25.9835017036,19.1195773887,16.8365504338,12.1186738492,10.5015005016,7.24782024916,4.74660323648,7.26998679822,7.53228488868	norm	0.2	264000
307744	0,1,2,3,4,5,6,7,8,9,10,11,12,13,14,15,16,17,18,19	-4.07772794504,-0.919084005472,-4.9350004465,-1.53805721553,0.282686574421,-0.211198188391,4.46287836835,6.84104960223,13.3814268716,13.4452333539,16.3220947747,15.8932763696,11.7123094457,11.0414970715,2.81211663427,1.85651488654,0.920307042436,-2.57145537064,-3.88408466853,-4.90780458043	norm	0.2	264000
306485	0,1,2,3,4,5,6,7,8,9,10,11,12,13,14,15,16,17,18,19	-8.25018800222,-5.85356335503,-9.24967125345,-4.78826262481,-3.57817367695,-2.82998710927,-1.96328716953,3.61352341627,6.25530235199,12.6968716672,12.0098858163,13.2966764534,5.88522757354,3.97371917084,2.98165656753,-0.898857504719,-5.74717349453,-5.18494987038,-8.6896860819,-9.41948118556	norm	0.2	264000
305933	0,1,2,3,4,5,6,7,8,9,10,11,12,13,14,15,16,17,18,19	11.4773945795,12.4827677376,14.0035380889,15.0432886558,14.8526772643,18.3293028919,17.0861437273,22.5505743171,27.0420379521,27.8270367377,33.0062932744,30.7287990238,26.7012771322,22.9058931008,19.9653947085,16.4126401923,13.9743951183,15.129528357,11.4509273469,10.5776491148	norm	0.2	264000
306367	0,1,2,3,4,5,6,7,8,9,10,11,12,13,14,15,16,17,18,19	-12.0762031192,-10.098045514,-10.8640915864,-7.46481318491,-8.31847650227,-4.4353800468,-4.22521606361,2.0719201523,7.07963088867,6.04517079019,9.90688027074,8.01607069504,3.58737589686,0.905049816167,-1.21032225196,-6.30319201885,-10.700816723,-10.9932246972,-10.3815705488,-9.50423880367	norm	0.2	264000
306838	0,1,2,3,4,5,6,7,8,9,10,11,12,13,14,15,16,17,18,19	-10.9227918076,-10.802711739,-7.3653374357,-11.0246561813,-5.29636860049,-4.44306293596,-2.31867943127,-0.147974266608,7.4209485498,9.95702837107,9.82352469081,8.1688064451,4.37166961842,2.79818156654,-4.01494156238,-3.18458181493,-7.8510949225,-9.48154107911,-11.8600484891,-10.4319803264	norm	0.2	264000
304009	0,1,2,3,4,5,6,7,8,9,10,11,12,13,14,15,16,17,18,19	8.55542202591,10.7866340485,6.58416350037,11.3424094806,12.1291977102,11.0402198446,15.1622467406,17.7170717627,24.7874760233,26.0249280556,28.9275105311,26.4579586106,21.7737155334,22.4287108399,18.175239126,14.020127029,13.1307230637,7.1899684847,7.70463091582,8.52841315923	norm	0.2	264000
307859	0,1,2,3,4,5,6,7,8,9,10,11,12,13,14,15,16,17,18,19	-10.8190647138,-13.6422156216,-14.3574746636,-9.97682007853,-11.4285066424,-9.75295937255,-7.11929512724,-3.10982814936,4.63368602125,4.07433622192,5.64235205892,5.06933204869,1.29078914606,-2.42795958618,-3.47165199413,-5.71673466307,-10.2683470291,-13.9197171919,-12.993404966,-13.7758754638	norm	0.2	264000
307877	0,1,2,3,4,5,6,7,8,9,10,11,12,13,14,15,16,17,18,19	2.66205590069,2.47322711512,2.42032471488,3.01834701902,1.6692579055,6.99593859368,6.9323384133,13.3599338894,18.8538147533,18.9665612501,19.5779801272,22.0564416209,14.3345981985,11.1784809726,6.56125825394,7.70237751177,0.922973304119,2.104211603,1.16255680089,2.99254256983	norm	0.2	264000
307547	0,1,2,3,4,5,6,7,8,9,10,11,12,13,14,15,16,17,18,19	20.5948520014,21.6221947981,20.32711107,19.4416879361,20.5816838618,25.4091494451,25.8583706534,31.9719267717,33.3352312802,37.2540589002,37.7852127537,40.7657802697,34.700298927,34.135615861,27.7269279402,24.6930495284,22.3855584124,20.9751075107,19.2447837169,20.9454580233	norm	0.2	264000
304388	0,1,2,3,4,5,6,7,8,9,10,11,12,13,14,15,16,17,18,19	-6.0763770252,-5.17826254525,-3.43252952632,-5.21702166488,-0.084109727629,-0.0680500136422,3.28100596865,8.18903813699,10.7309236601,14.2557699151,14.456997713,16.0489606709,9.61189244352,9.74040328662,4.7353897127,-1.63402163479,-3.01710799504,-3.82494848882,-1.77572777538,-5.71664889234	norm	0.2	264000
305458	0,1,2,3,4,5,6,7,8,9,10,11,12,13,14,15,16,17,18,19	-11.9191151125,-11.5978921971,-13.5418381618,-14.4639755492,-12.4346468618,-6.62083227179,-6.98900942945,-0.363045801726,4.47842238863,6.50038823166,5.17326207401,5.40397715321,1.46072081776,0.55569734192,-6.19657493169,-11.1545001671,-10.9040103509,-14.561060318,-12.7514212814,-14.3732153412	norm	0.2	264000
307716	0,1,2,3,4,5,6,7,8,9,10,11,12,13,14,15,16,17,18,19	14.1786058681,15.1403566052,15.1019511196,15.7028802558,18.3034341686,18.1186839075,21.0069519639,28.6894681616,31.7372775126,31.9664837859,32.6947137302,35.5757593393,30.1582190605,28.3775513422,24.2605842217,21.1601993875,15.2047172864,16.8919066473,17.669783154,13.653804995	norm	0.2	264000
307342	0,1,2,3,4,5,6,7,8,9,10,11,12,13,14,15,16,17,18,19	3.61020779768,0.725707254512,4.34902801057,4.19493136903,7.08070222367,6.82786735833,9.5148119803,15.1793048666,16.1653295117,20.2541270893,24.4301009779,19.9131854171,17.140080489,15.0604064067,12.3942887197,5.45796197555,4.70674920991,4.24164782513,3.34463344919,1.6329346421	norm	0.2	264000
306696	0,1,2,3,4,5,6,7,8,9,10,11,12,13,14,15,16,17,18,19	-7.30863138291,-3.46302372361,-2.70922577854,-4.4211171272,-5.34107424834,-2.12263971847,4.71489492623,4.64232057838,8.85150327035,14.6802973816,12.3668529437,15.0569998736,10.7689369617,4.61440960746,4.24387487762,0.0502065109066,-5.02092933121,-5.61151303399,-3.68043231711,-2.93677798361	norm	0.2	264000
307667	0,1,2,3,4,5,6,7,8,9,10,11,12,13,14,15,16,17,18,19	3.7980359768,-0.486550510529,3.19148998215,0.508970053443,6.47415498013,7.19672624644,12.4007901481,16.1492419796,18.8993189263,19.8347540145,20.8837650705,18.4807388225,17.1998346414,13.961215841,11.8933681259,5.62559864691,4.79820013542,0.59430175665,-0.150516090663,2.42202690843	norm	0.2	264000
305830	0,1,2,3,4,5,6,7,8,9,10,11,12,13,14,15,16,17,18,19	-14.1528036353,-10.5597126375,-13.3137901791,-8.75904148302,-11.7708773737,-7.70422355771,-5.48679924055,-0.287553175806,5.95124310222,5.50692501945,5.51344762833,8.45122578789,4.23541687122,0.719269309519,-4.65340677349,-6.70837263711,-9.25153014367,-8.76849321099,-10.7483777226,-12.8015088415	norm	0.2	264000
307211	0,1,2,3,4,5,6,7,8,9,10,11,12,13,14,15,16,17,18,19	21.0591604487,17.6204375231,22.7771543831,23.5199863503,22.9111087196,27.0257386042,27.8942352305,31.0792084038,36.3899225202,38.2506658987,41.589032341,36.1992142331,35.348237788,34.086174304,26.2717579826,26.1586657826,19.9290366504,20.4926748475,22.1942734425,17.5823535286	norm	0.2	264000
304180	0,1,2,3,4,5,6,7,8,9,10,11,12,13,14,15,16,17,18,19	15.3998281025,16.1976651555,18.6601609948,18.6582689093,18.7567299494,25.1529448064,27.4219963758,32.2849643216,35.9237218043,38.7289112811,36.8568868069,34.7688733886,35.2824898399,31.6161924287,24.5836732649,24.4320201314,21.3377634283,16.8056294242,16.8568016022,18.2545557959	norm	0.2	264000
307792	0,1,2,3,4,5,6,7,8,9,10,11,12,13,14,15,16,17,18,19	-19.0614124731,-20.1196712643,-16.4852590015,-15.926971884,-15.0545448512,-13.4049935742,-12.5460338537,-8.90588900459,-3.6856551558,-0.378675233723,1.90880222657,-1.61191791682,-2.60653673052,-5.84268673559,-10.4660281584,-12.6079457637,-14.2778611924,-18.7519370729,-21.2353415645,-20.9550176396	norm	0.2	264000
305892	0,1,2,3,4,5,6,7,8,9,10,11,12,13,14,15,16,17,18,19	-5.08391226177,-3.5039444679,-5.73255536006,-2.61391432402,0.414429057861,3.02257147295,3.58079395005,8.68694028989,12.3396393975,14.479442508,16.0209936168,16.7032224052,12.3805025298,6.67786090089,2.54373287104,2.10307940964,-3.09392398365,-3.63382621641,-1.45439230518,-5.19652659973	norm	0.2	264000
306870	0,1,2,3,4,5,6,7,8,9,10,11,12,13,14,15,16,17,18,19	-17.2986202098,-17.2359048636,-18.9681085297,-17.7609512708,-13.5390989472,-10.5601119132,-10.4333603429,-6.55604472499,-3.60413034341,2.2955421193,3.97939434672,2.97282839478,-3.11287156797,-5.00744651006,-10.0306713813,-12.3470526485,-15.8812850562,-18.3551624225,-18.6808483924,-19.5334373383	norm	0.2	264000
307262	0,1,2,3,4,5,6,7,8,9,10,11,12,13,14,15,16,17,18,19	-17.3331352394,-16.78637088,-15.1293357518,-17.275758337,-12.1430107119,-12.8677659397,-8.79710599505,-2.02346812309,-1.03347948449,4.57282432868,4.50027294122,3.28156870844,-1.44310107783,-4.24704549523,-9.05064315404,-13.675854186,-12.6709218186,-13.5796430039,-16.5173764671,-14.9239579862	norm	0.2	264000
304466	0,1,2,3,4,5,6,7,8,9,10,11,12,13,14,15,16,17,18,19	-12.2413746248,-13.4217585384,-13.9767378954,-13.4826711303,-8.47250320236,-6.4598785604,-5.44188879444,0.997337245295,4.71981303058,6.02767429998,8.8706757576,8.79071077788,5.52482441496,0.57274357918,-6.63686031614,-8.85941261952,-11.4352396744,-11.6910408238,-12.2026599533,-10.3423582796	norm	0.2	264000
305305	0,1,2,3,4,5,6,7,8,9,10,11,12,13,14,15,16,17,18,19	-19.4159034993,-17.1395190114,-14.9647694259,-14.0006833702,-16.2478622255,-13.4982925247,-7.58012670508,-4.71041493189,-0.971042231166,1.02518767253,0.886571118185,1.39156739467,0.79182966894,-5.60196160404,-11.0886224738,-11.3780453219,-15.5498318938,-17.8789909782,-18.5842764113,-17.6577789971	norm	0.2	264000
306023	0,1,2,3,4,5,6,7,8,9,10,11,12,13,14,15,16,17,18,19	19.8173475774,16.6967456424,18.7129189782,21.2718813062,23.6533465255,23.2314735785,26.4963543244,31.4891904715,32.5467770823,38.9680238183,39.7900310236,36.5780495983,37.2995592408,28.6298457994,29.4594006115,24.6083685711,23.1998635568,20.5340128426,21.2907833621,16.860824951	norm	0.2	264000
