ID	X	Y	func	noise	original_trajectory
348796	0,1,2,3,4,5,6,7,8,9,10,11,12,13,14,15,16,17,18,19	181.109646859,185.77197164,189.222403952,189.698826455,189.051703116,191.753447971,188.134782594,186.791770901,186.835532384,191.426465027,186.722781997,184.039835391,192.77521156,187.888214135,187.236377126,194.370378619,192.830111665,187.04824719,189.212651079,193.510317627	tan	0.2	308000
348746	0,1,2,3,4,5,6,7,8,9,10,11,12,13,14,15,16,17,18,19	201.323532543,203.450857787,206.935147062,207.373132871,207.909553814,207.598310741,204.6834018,202.849048718,203.206778233,209.288961597,206.286133603,207.376156336,202.781280876,205.319264213,204.246845429,211.180612199,212.462436426,204.551238652,207.512205425,215.520628266	tan	0.2	308000
348511	0,1,2,3,4,5,6,7,8,9,10,11,12,13,14,15,16,17,18,19	202.052956208,203.426150209,211.597007391,208.581926355,208.690057897,203.84413084,205.859999221,208.825235047,213.868102601,210.935176458,206.048304723,213.94331029,210.003574497,211.562477349,210.400363673,212.721724933,207.01930822,207.517020186,212.677391421,214.775845011	tan	0.2	308000
350457	0,1,2,3,4,5,6,7,8,9,10,11,12,13,14,15,16,17,18,19	185.161453045,188.091377149,192.979864502,196.543476758,192.414864258,195.623430426,194.366169134,191.504996683,192.131786021,197.788031829,198.112617812,197.690754132,196.737186126,191.325149636,196.308090742,199.39811234,195.025147957,198.010660476,198.542246104,196.014060548	tan	0.2	308000
348477	0,1,2,3,4,5,6,7,8,9,10,11,12,13,14,15,16,17,18,19	209.88284323,218.200875851,215.646730335,216.052177919,220.572966431,214.106908355,217.865231446,215.182842644,217.815002,220.833166176,220.36453556,216.632944991,220.221202061,220.420810693,218.912746356,219.891799988,217.447179681,223.117798893,221.032655912,225.41272406	tan	0.2	308000
350299	0,1,2,3,4,5,6,7,8,9,10,11,12,13,14,15,16,17,18,19	176.528274862,172.899636528,178.943319154,177.572085226,178.400644167,180.305175121,178.089829283,179.110641926,185.041976066,175.849858348,183.451928017,176.515040032,185.865088415,185.701616541,177.943531771,183.387495031,180.904785757,180.311771605,186.297619996,183.594717065	tan	0.2	308000
348695	0,1,2,3,4,5,6,7,8,9,10,11,12,13,14,15,16,17,18,19	190.364004651,191.917280465,196.098647868,193.22872071,198.845934474,197.224997997,194.90480938,191.817419047,192.984591949,197.609074948,200.633490765,192.814408044,193.635494521,194.510473682,199.874877211,193.545153541,202.568985836,197.703408418,198.197858252,203.043421847	tan	0.2	308000
351615	0,1,2,3,4,5,6,7,8,9,10,11,12,13,14,15,16,17,18,19	184.502655533,187.015933938,183.158139491,184.965566664,187.580290975,189.126665464,185.28416635,180.916947902,182.185013624,190.687549176,189.048922867,188.876842424,186.778427129,181.573789037,189.728426668,184.269608772,184.820652084,186.101354244,186.899321151,190.550801893	tan	0.2	308000
351727	0,1,2,3,4,5,6,7,8,9,10,11,12,13,14,15,16,17,18,19	199.735527829,203.330776599,200.78038019,201.521021433,206.013910962,210.919116339,209.536336285,209.103804904,208.074700381,202.880179105,206.390879051,204.568468028,202.663541026,207.259668859,209.676075317,209.924979489,204.505268822,213.341658981,209.536497952,211.723783603	tan	0.2	308000
348708	0,1,2,3,4,5,6,7,8,9,10,11,12,13,14,15,16,17,18,19	178.503501257,178.784082744,185.687301341,185.6846582,181.030173352,183.664800906,181.713465579,186.658203425,179.766262607,186.997371358,187.671615503,187.127948462,184.20178244,180.106818876,188.521942736,187.526466432,185.710072445,185.258510918,191.025104289,193.914700964	tan	0.2	308000
350245	0,1,2,3,4,5,6,7,8,9,10,11,12,13,14,15,16,17,18,19	196.895734094,200.098094688,206.335215639,201.018886586,201.156005319,207.260064104,206.571668597,206.761603394,207.943205407,199.620150427,198.806776908,200.812645398,202.942238205,208.427645776,208.180617748,200.214972084,205.956757656,206.349893479,208.488049523,209.863542073	tan	0.2	308000
349582	0,1,2,3,4,5,6,7,8,9,10,11,12,13,14,15,16,17,18,19	206.085281192,211.410581978,211.475541173,218.468777611,211.815667625,215.084187114,214.07266973,215.51584106,215.661363824,220.745840871,217.911109818,217.430135051,212.893972837,218.424619345,220.167520842,214.522507686,215.290862425,221.305327265,215.522243888,223.527441741	tan	0.2	308000
350603	0,1,2,3,4,5,6,7,8,9,10,11,12,13,14,15,16,17,18,19	208.435819006,212.493783265,212.089385093,218.781726345,221.508893174,215.224439284,218.170866522,214.079259581,218.069018483,215.828562269,217.505986191,220.780393203,220.940602911,220.433414447,216.965378911,223.151538941,223.910704851,222.765682109,222.054111007,220.632798026	tan	0.2	308000
349200	0,1,2,3,4,5,6,7,8,9,10,11,12,13,14,15,16,17,18,19	195.010737552,194.591917101,198.859291056,199.936109247,196.30760167,197.173365394,198.777329178,203.663404432,204.274122331,203.517257163,205.16924726,200.491969361,196.613457808,203.139585821,201.472556054,205.975095898,199.834002174,201.776092331,207.967161019,205.548202569	tan	0.2	308000
351532	0,1,2,3,4,5,6,7,8,9,10,11,12,13,14,15,16,17,18,19	185.406397171,184.599115925,190.513324861,192.284139078,190.633208621,186.272127565,187.163951262,189.727433474,186.496381361,193.483895185,187.005710964,190.689713097,194.246162793,185.757633905,194.391131176,185.456585804,190.441893317,192.090245013,193.390803036,196.255581015	tan	0.2	308000
350151	0,1,2,3,4,5,6,7,8,9,10,11,12,13,14,15,16,17,18,19	205.420129173,215.387160587,216.266809256,212.042423918,217.038398652,219.70637281,219.036627087,217.246444518,217.175133763,214.364076043,220.042974232,218.831205349,218.390607318,214.089507801,213.057763092,219.130083064,217.466358255,220.446376516,220.305354334,225.514845221	tan	0.2	308000
348493	0,1,2,3,4,5,6,7,8,9,10,11,12,13,14,15,16,17,18,19	200.341478318,203.027624108,202.989848414,205.908209887,209.379365231,208.814397059,209.851296326,206.241432788,207.446837507,206.686536082,203.199915252,208.086146393,202.256290749,207.69517399,205.169895861,206.418403921,209.543578854,205.186337345,209.865118062,211.665959468	tan	0.2	308000
349443	0,1,2,3,4,5,6,7,8,9,10,11,12,13,14,15,16,17,18,19	176.602546515,178.863852634,179.687017975,180.489916464,185.990141647,186.023923094,182.075823105,182.346685711,181.696147139,183.559016679,185.563555561,184.3442404,188.680545775,191.066764019,186.120785561,186.40354708,191.636653657,185.398701028,192.630557847,189.830793873	tan	0.2	308000
348686	0,1,2,3,4,5,6,7,8,9,10,11,12,13,14,15,16,17,18,19	199.387099462,205.635866857,206.866532914,206.455309656,204.964112527,209.050769467,199.989847196,202.151517599,209.616720591,202.778702433,209.684058329,203.051776323,208.556196327,207.77857988,202.975780045,202.000245899,209.71214077,205.016282903,205.863892182,208.641669265	tan	0.2	308000
350320	0,1,2,3,4,5,6,7,8,9,10,11,12,13,14,15,16,17,18,19	209.275885829,214.655104441,219.647884838,221.028478529,213.725068055,219.02113886,223.214231004,223.019774756,214.250913773,218.43897776,218.219865627,214.773939937,218.192167022,219.482707659,219.097150529,218.370531774,219.354162444,220.583758879,219.640298591,225.908301167	tan	0.2	308000
349204	0,1,2,3,4,5,6,7,8,9,10,11,12,13,14,15,16,17,18,19	196.838970301,191.65182001,196.588111287,195.259020577,193.202964348,203.288163353,199.323200931,200.656582682,199.436507181,194.567645325,195.110775405,203.598454976,203.830758332,197.870065366,195.024376425,200.965022732,197.876929976,205.318618141,198.612251586,204.630424793	tan	0.2	308000
349511	0,1,2,3,4,5,6,7,8,9,10,11,12,13,14,15,16,17,18,19	175.323648811,185.127712036,177.83900066,185.173899562,186.475687108,179.377600966,186.445986358,183.896327034,187.922151144,182.160973231,181.900770289,179.596621817,186.203810491,184.711143589,183.179419104,184.477089954,183.567297026,183.403230339,190.8711115,186.286373738	tan	0.2	308000
348488	0,1,2,3,4,5,6,7,8,9,10,11,12,13,14,15,16,17,18,19	170.490504761,177.75705488,178.449068501,184.683998538,183.447435015,176.3054872,185.015766584,180.4601971,180.964082409,179.97061349,176.383541976,179.104155744,182.334551129,184.886076844,182.815843501,181.402897915,184.638011386,182.256960896,185.425524925,184.309696402	tan	0.2	308000
350938	0,1,2,3,4,5,6,7,8,9,10,11,12,13,14,15,16,17,18,19	207.826497456,212.930142651,217.287003463,221.079078075,220.066516364,215.211837558,214.557479639,222.437721067,214.416524967,216.999274137,215.521973874,214.086897578,222.31198447,221.797717519,218.052588649,220.1141625,223.430793908,224.154965982,218.302888215,223.142841056	tan	0.2	308000
349380	0,1,2,3,4,5,6,7,8,9,10,11,12,13,14,15,16,17,18,19	174.174510743,179.602514111,179.065289849,183.185858659,183.127691211,182.538604284,183.475129589,182.496563035,185.564164156,188.508507674,189.624521593,185.145458369,187.811471964,181.350752401,186.048348423,190.392132523,188.659411552,184.895219726,186.667389425,194.653670916	tan	0.2	308000
348700	0,1,2,3,4,5,6,7,8,9,10,11,12,13,14,15,16,17,18,19	195.75632753,193.459659835,196.305871868,203.840704517,195.55046538,196.42589701,198.388188402,198.085110156,195.398841666,203.463548148,199.262162297,201.131701394,204.753386734,199.226476845,197.540297495,203.568433081,206.690861081,201.700236354,207.337374879,208.81887491	tan	0.2	308000
349527	0,1,2,3,4,5,6,7,8,9,10,11,12,13,14,15,16,17,18,19	210.335108562,213.442907624,207.113620416,216.695339679,212.989596755,215.88558631,212.884592662,215.401532823,210.131562882,212.842159935,211.877852439,219.278493395,218.169362252,217.335842674,219.482556679,215.404579693,212.824274189,212.269040829,212.796992919,219.656956839	tan	0.2	308000
350206	0,1,2,3,4,5,6,7,8,9,10,11,12,13,14,15,16,17,18,19	182.180034478,179.152327202,186.853672306,181.358197493,180.525764813,190.24549761,190.037293503,188.095505063,189.681978012,184.890546846,187.508468256,187.453710655,190.414728196,187.358630272,186.031301592,192.361783844,185.753088724,188.10714852,194.331502711,197.316614864	tan	0.2	308000
348777	0,1,2,3,4,5,6,7,8,9,10,11,12,13,14,15,16,17,18,19	191.39789486,192.928786207,197.49840697,198.806120879,197.287753525,196.476099874,195.040037601,204.337962111,199.198850772,198.560800325,200.039915996,203.719945565,203.232139663,197.753026357,203.286620823,196.901127507,202.42748418,204.982032606,203.213299986,209.652483899	tan	0.2	308000
348480	0,1,2,3,4,5,6,7,8,9,10,11,12,13,14,15,16,17,18,19	184.519456512,178.806497705,185.23836768,181.711250507,180.878880723,181.244695278,184.289655274,186.182523087,188.345546086,184.853167658,188.071055633,188.544347971,182.369284246,187.232346637,185.622986378,190.895939829,188.935905117,183.285654517,187.871035744,189.632939314	tan	0.2	308000
350289	0,1,2,3,4,5,6,7,8,9,10,11,12,13,14,15,16,17,18,19	190.274109305,192.645618432,194.909302425,198.248419074,193.369682588,192.543988583,199.018697228,189.624774871,194.329403647,197.816856922,189.998242015,197.01353051,196.284869308,194.047181671,195.401492098,193.579548396,200.014475888,196.867327327,198.632401265,196.246683507	tan	0.2	308000
349328	0,1,2,3,4,5,6,7,8,9,10,11,12,13,14,15,16,17,18,19	170.656569393,174.918433121,175.427547957,178.401589032,184.628873206,179.144630694,178.098521194,184.622942736,183.397767629,178.078832262,181.768875964,184.457780615,179.294737559,186.395587034,183.319029056,181.045793264,183.356324306,182.342185033,182.699616613,183.213184365	tan	0.2	308000
349735	0,1,2,3,4,5,6,7,8,9,10,11,12,13,14,15,16,17,18,19	201.580815419,205.993879069,200.948824503,203.705942402,210.656075982,205.746757915,206.971368614,205.327199352,204.771362861,203.552072409,203.71177123,204.392997393,205.833442879,210.103972952,211.987889397,207.635588234,206.589221706,210.212194671,210.03903126,215.239660839	tan	0.2	308000
349630	0,1,2,3,4,5,6,7,8,9,10,11,12,13,14,15,16,17,18,19	196.931121028,196.822356088,198.682687786,204.359629786,201.358442272,205.192845874,202.148042004,203.102462623,201.238253071,203.128088172,200.946138421,201.94827534,206.79332847,207.434608997,203.44411735,206.244826574,208.68211632,208.823225198,208.053944533,214.785475435	tan	0.2	308000
348620	0,1,2,3,4,5,6,7,8,9,10,11,12,13,14,15,16,17,18,19	181.834470077,176.036680667,179.155703823,179.216794894,186.386438005,185.08149422,185.296655371,187.341296154,184.28914895,183.050562428,182.938052569,188.281368,184.606425329,183.948565132,181.676453814,181.039783994,181.243011788,183.115283326,186.808087467,191.24439827	tan	0.2	308000
348996	0,1,2,3,4,5,6,7,8,9,10,11,12,13,14,15,16,17,18,19	197.470517723,202.513098615,200.015623258,207.566059051,204.846957357,205.388135946,207.328840815,199.010719743,204.419521237,199.590633197,199.919033714,199.521243519,201.173485868,202.995232235,210.092535178,208.986795458,202.973917442,202.473135262,205.559790113,208.159619802	tan	0.2	308000
350296	0,1,2,3,4,5,6,7,8,9,10,11,12,13,14,15,16,17,18,19	183.514575873,185.078816322,186.660833464,181.386330724,183.91401381,182.004176671,190.866476513,190.089207045,185.044302919,183.83553143,182.538703706,188.848169113,192.553679229,186.203112288,184.824873623,188.011668979,190.384808941,188.006274587,195.549870419,188.908849533	tan	0.2	308000
351368	0,1,2,3,4,5,6,7,8,9,10,11,12,13,14,15,16,17,18,19	177.671641192,189.466806988,189.869624623,188.481382335,184.094335145,182.511459836,182.174616551,190.669535177,187.448795067,190.290625949,187.67225211,191.57552137,186.406381048,184.560071221,188.739739607,186.775670748,189.380582946,185.083835104,195.222609714,194.32156321	tan	0.2	308000
349363	0,1,2,3,4,5,6,7,8,9,10,11,12,13,14,15,16,17,18,19	202.562026853,213.890358113,214.978774684,210.067200411,212.248358665,214.152536139,212.615416033,212.944551858,211.529490011,210.026178511,211.110814985,208.431911226,215.995017614,216.379860327,209.886955934,209.546730076,218.016951875,217.938917964,215.852637349,222.163101293	tan	0.2	308000
349867	0,1,2,3,4,5,6,7,8,9,10,11,12,13,14,15,16,17,18,19	210.023609579,217.527717468,220.543144428,218.851114138,220.254453619,220.447305921,213.882221536,213.152004822,215.645213879,214.900047393,214.628417127,214.635883153,222.60582403,219.917926343,220.403657492,219.396998412,218.087810342,218.444450321,224.958207794,218.924765721	tan	0.2	308000
349670	0,1,2,3,4,5,6,7,8,9,10,11,12,13,14,15,16,17,18,19	202.292126311,208.258126104,209.29658278,207.705070331,205.107876986,203.448201478,206.555031908,206.687740947,211.964749178,208.639730011,210.805042244,205.754740201,206.638580137,208.327899168,209.409201421,209.895846362,205.685502552,212.188562321,209.731410019,211.923623093	tan	0.2	308000
350214	0,1,2,3,4,5,6,7,8,9,10,11,12,13,14,15,16,17,18,19	187.879013263,188.94311788,186.83138957,191.35420762,195.138738895,196.207076595,191.941593809,195.709383774,192.866300909,192.002346769,190.858874192,192.198941759,197.096863137,197.59814753,195.427793725,190.160977567,197.157074967,198.750945766,199.594914534,202.282874378	tan	0.2	308000
350549	0,1,2,3,4,5,6,7,8,9,10,11,12,13,14,15,16,17,18,19	189.903366515,194.117124947,196.270720706,194.945490116,196.09584074,202.104251793,201.132506262,204.284214311,202.906262267,195.997682934,202.34953436,201.168374266,204.298812648,203.860484208,199.059598835,199.1232209,203.620642549,207.050452035,199.909692979,202.044794959	tan	0.2	308000
348350	0,1,2,3,4,5,6,7,8,9,10,11,12,13,14,15,16,17,18,19	186.724877226,186.097676935,194.344110565,194.621419305,193.983015856,188.410217341,195.669671225,195.966112064,196.961779147,189.641799081,196.398280558,190.507129812,195.374652078,196.53270936,194.708502392,194.54491846,191.451905858,200.037132499,194.476512275,199.200477964	tan	0.2	308000
351415	0,1,2,3,4,5,6,7,8,9,10,11,12,13,14,15,16,17,18,19	172.948057835,175.135936673,183.357862721,176.047432347,177.766496559,182.296618891,181.170500054,181.088488195,182.488806911,179.512685974,181.105032525,184.09536703,177.112745037,185.56798715,177.965579009,179.671129596,187.356919421,183.422940309,183.487407141,191.748298643	tan	0.2	308000
348019	0,1,2,3,4,5,6,7,8,9,10,11,12,13,14,15,16,17,18,19	178.472852959,178.402901232,179.500083486,178.717127294,180.142338821,179.33200203,178.972652732,176.2294909,174.842353908,183.23195108,178.871258492,182.617941013,176.769230039,180.127996453,178.289810054,184.554795138,177.852509445,183.973239304,181.602463795,183.873671765	tan	0.2	308000
348121	0,1,2,3,4,5,6,7,8,9,10,11,12,13,14,15,16,17,18,19	180.313829768,189.192279978,186.687746061,189.979482038,186.625115237,186.715467258,190.877502776,194.877307717,191.51916727,187.42760668,193.479748633,187.715079177,191.898152668,190.054967559,189.053526251,192.917500658,188.032199664,191.257180107,191.6879845,196.775253643	tan	0.2	308000
350470	0,1,2,3,4,5,6,7,8,9,10,11,12,13,14,15,16,17,18,19	201.199962561,200.82434083,198.128445932,202.985398044,204.5159565,201.001341593,205.902806078,202.110472061,198.625949788,200.623133653,206.130370425,198.79023553,205.521384837,201.762314451,201.656762682,202.317375759,207.564538723,204.430324407,202.155345435,210.802857745	tan	0.2	308000
351751	0,1,2,3,4,5,6,7,8,9,10,11,12,13,14,15,16,17,18,19	203.53239855,211.007247517,204.503620164,214.725825305,207.756074766,208.227921043,210.599829771,209.108788716,215.248964957,206.261427963,207.625280184,210.055804501,209.135677159,208.962261038,209.177829945,208.715916485,217.700343898,211.112776053,212.396904825,213.85454987	tan	0.2	308000
350357	0,1,2,3,4,5,6,7,8,9,10,11,12,13,14,15,16,17,18,19	195.83650165,198.464743023,202.392577754,206.806803527,200.488503857,207.060481953,205.613270896,208.289402451,201.809275619,205.746591743,200.187089175,201.819635581,205.435129264,202.264087045,207.559769675,208.843722218,210.329036189,210.119294656,207.955849344,207.593090125	tan	0.2	308000
350840	0,1,2,3,4,5,6,7,8,9,10,11,12,13,14,15,16,17,18,19	194.369646752,202.015329756,204.903962792,203.015415147,202.601314278,202.208303863,202.731310017,208.455043379,203.190264333,205.445042152,203.064116377,207.087619064,205.590628713,201.470281302,206.116109985,209.85220827,209.952475236,203.734442536,209.399661726,215.929871872	tan	0.2	308000
348218	0,1,2,3,4,5,6,7,8,9,10,11,12,13,14,15,16,17,18,19	195.957555803,203.013341093,207.970717985,206.828926363,201.167868955,209.114641676,203.320916904,208.503882831,211.257823754,207.349358454,203.330174656,210.138153939,207.9749233,207.359967148,210.75009546,207.559455664,207.339420642,212.91395692,210.838170912,216.607982157	tan	0.2	308000
349387	0,1,2,3,4,5,6,7,8,9,10,11,12,13,14,15,16,17,18,19	197.298524349,201.058077393,195.379957332,195.907260799,201.112632353,195.99168681,197.352129937,198.631430162,196.484841463,202.644287856,200.889959573,201.660367801,205.528877288,198.627429682,202.665907979,196.862688923,206.465064907,200.288907482,208.447542725,208.381621764	tan	0.2	308000
350438	0,1,2,3,4,5,6,7,8,9,10,11,12,13,14,15,16,17,18,19	215.567009648,211.542183342,220.463689952,216.240170043,213.398419768,219.047757489,219.616354699,217.764136741,221.940777193,216.472899762,221.555024984,215.154397068,224.091368932,217.295185372,222.119463517,218.094205152,218.976268268,225.886209067,223.043372343,226.508292626	tan	0.2	308000
350850	0,1,2,3,4,5,6,7,8,9,10,11,12,13,14,15,16,17,18,19	185.172678736,183.752710556,181.894529612,186.472452254,183.603004271,184.829840291,191.878667501,186.673062019,188.347526705,187.41282947,186.741861514,189.922396762,185.096381082,189.672404585,184.476554867,192.665806741,184.709310484,186.128246019,187.90893104,198.368094662	tan	0.2	308000
350999	0,1,2,3,4,5,6,7,8,9,10,11,12,13,14,15,16,17,18,19	207.62956857,212.010314087,212.584370828,213.951077567,213.084363556,221.235956597,217.965836506,215.952832945,220.583767526,219.366498732,217.771424347,218.124367484,218.578327739,221.595319532,220.629861051,220.369565087,215.676463946,220.336347099,221.480009892,226.947381693	tan	0.2	308000
350261	0,1,2,3,4,5,6,7,8,9,10,11,12,13,14,15,16,17,18,19	193.510709741,195.319664339,201.858645402,203.139479443,202.651447539,201.329920962,195.69625616,203.952177122,205.155637113,195.479293596,199.148567201,205.27776877,201.948658615,196.21339716,205.765723448,206.499709421,202.064877075,198.930511128,203.431089301,204.05573186	tan	0.2	308000
349616	0,1,2,3,4,5,6,7,8,9,10,11,12,13,14,15,16,17,18,19	190.874045111,193.012465259,193.011490349,192.173186241,199.075647248,202.541180704,201.23365103,194.609088058,197.484945243,195.522172511,202.589451202,196.609657454,200.26181247,200.585646208,199.241379933,198.471125144,198.107317896,200.719844772,204.910970329,200.978376094	tan	0.2	308000
351997	0,1,2,3,4,5,6,7,8,9,10,11,12,13,14,15,16,17,18,19	213.138219336,211.533077727,211.265049969,216.186240064,214.333302873,220.80552433,220.393169768,213.3683572,216.580718218,213.399414402,218.781428153,220.011905481,214.237831125,215.832185396,219.255938975,218.552638706,216.615010113,219.602225482,224.703137833,223.860571498	tan	0.2	308000
348009	0,1,2,3,4,5,6,7,8,9,10,11,12,13,14,15,16,17,18,19	190.825360174,193.54855066,198.115835655,195.613800862,202.505345021,198.166034787,202.239435026,196.611307282,195.536937162,199.554940637,201.621608189,199.712511301,198.376804908,204.745087227,196.02907876,203.420804302,203.333773935,197.774915611,204.708286588,202.913802449	tan	0.2	308000
349771	0,1,2,3,4,5,6,7,8,9,10,11,12,13,14,15,16,17,18,19	200.555534939,204.979307363,203.322115255,205.019903661,211.485686393,207.750553276,206.200814961,212.048935476,209.307801246,209.383554712,211.644654782,210.231930644,205.160787054,214.141608726,208.056680363,212.039628369,210.906264233,207.870028967,211.999780318,215.135825634	tan	0.2	308000
350045	0,1,2,3,4,5,6,7,8,9,10,11,12,13,14,15,16,17,18,19	203.324755372,204.145691443,203.380688857,207.033079901,210.245783803,206.045092212,205.459857723,212.491780204,208.77601949,204.418817277,213.398616057,204.136262774,208.016202887,212.84403771,207.457667251,209.887072607,208.155176196,212.354148504,215.949304219,211.575513322	tan	0.2	308000
351590	0,1,2,3,4,5,6,7,8,9,10,11,12,13,14,15,16,17,18,19	188.877877997,195.149516672,193.740585082,197.867205564,192.750613538,197.479333401,194.678654288,194.882274177,200.36486174,203.79573897,196.399002919,195.455264243,197.679685616,194.484344132,196.94568904,202.627839636,200.812710629,203.015527673,204.044934848,200.183200217	tan	0.2	308000
350804	0,1,2,3,4,5,6,7,8,9,10,11,12,13,14,15,16,17,18,19	176.632683145,180.714495714,184.311418097,180.838485445,183.316721541,181.574078394,183.937256324,182.775033547,178.962299445,182.043989846,177.98485846,185.074718451,186.212689457,179.150105204,179.397471877,185.386663022,178.574884319,183.386028204,187.53256799,185.015237107	tan	0.2	308000
348664	0,1,2,3,4,5,6,7,8,9,10,11,12,13,14,15,16,17,18,19	210.570246033,212.843268883,213.848932092,211.078908229,215.394573102,214.96266038,213.414030884,217.370093939,212.874466994,217.599844683,216.477424268,220.527741707,212.460319117,220.59094963,217.02842981,212.021454058,215.313383339,213.370381945,221.350421675,224.182838589	tan	0.2	308000
351900	0,1,2,3,4,5,6,7,8,9,10,11,12,13,14,15,16,17,18,19	195.02436073,201.805282513,204.560967065,202.96777424,202.951374569,206.436821873,201.438992324,207.022090346,203.087157954,198.300527212,201.739656891,199.24067604,208.438267207,199.515602335,205.538247362,204.651558391,201.404924621,206.822704448,202.606392069,207.547135939	tan	0.2	308000
348702	0,1,2,3,4,5,6,7,8,9,10,11,12,13,14,15,16,17,18,19	191.283873736,196.73408571,201.686514337,203.608802186,200.887741116,198.968185453,206.411222042,204.138577012,197.341899834,198.507082537,199.924911328,206.571493096,201.130371415,198.58857834,202.381778253,199.319114632,204.52867642,208.75641214,201.090414804,204.670280984	tan	0.2	308000
349065	0,1,2,3,4,5,6,7,8,9,10,11,12,13,14,15,16,17,18,19	198.491991236,205.052485446,206.328929214,208.230037152,211.139361786,212.095389489,212.378970516,207.173357113,205.208235193,209.760938934,212.706057267,212.749261959,209.708256239,211.761479161,210.978921861,213.531134459,207.691975718,212.368115509,212.31280131,213.609436348	tan	0.2	308000
351775	0,1,2,3,4,5,6,7,8,9,10,11,12,13,14,15,16,17,18,19	209.356785951,218.332396874,220.694656703,218.19775034,219.417227369,214.842015758,216.428349928,219.170354631,218.945634029,214.300382794,215.350901908,216.82180865,220.643175747,216.842926735,223.217101445,224.37233997,220.802475597,224.153576775,224.616261355,221.010698383	tan	0.2	308000
349557	0,1,2,3,4,5,6,7,8,9,10,11,12,13,14,15,16,17,18,19	180.925644138,178.930802907,178.769322443,178.689793771,176.810537488,180.376194023,186.077006352,186.275655171,177.565462816,180.186201093,182.812811164,182.081258089,184.098619407,185.580488078,180.748076498,188.424284829,186.975814931,186.304607641,183.422791022,191.429859339	tan	0.2	308000
350232	0,1,2,3,4,5,6,7,8,9,10,11,12,13,14,15,16,17,18,19	202.396381248,202.961142954,209.751249752,208.93611955,210.520664317,204.669511785,208.348059039,212.176881583,209.235571897,207.369014947,210.325583805,204.253904158,206.415662548,213.086376425,207.897057969,212.331769273,213.511967904,214.623909372,213.358701218,216.574910915	tan	0.2	308000
348781	0,1,2,3,4,5,6,7,8,9,10,11,12,13,14,15,16,17,18,19	203.531221913,206.504015331,202.991092504,204.574240139,204.260704486,208.584755248,206.991880148,208.182701065,213.567068028,208.177003939,208.441321108,205.655903075,214.426526432,213.03156743,207.214681741,214.655829806,209.524198589,211.343046896,217.014865518,215.048975075	tan	0.2	308000
350526	0,1,2,3,4,5,6,7,8,9,10,11,12,13,14,15,16,17,18,19	189.561514027,195.472230632,193.978525089,199.457025873,199.340462768,203.897661299,201.803988962,204.564159045,204.121778261,200.423778237,201.412375727,201.140467451,201.065919316,199.600044851,205.948420408,199.613928652,205.756146148,203.329996848,203.053171915,205.312900451	tan	0.2	308000
348234	0,1,2,3,4,5,6,7,8,9,10,11,12,13,14,15,16,17,18,19	182.399705708,187.180657404,190.912048349,185.210724078,190.736340641,188.395661689,187.523711986,193.600193569,194.667632066,194.77612005,188.336545802,195.106971746,191.649887909,193.728653913,187.928194721,196.04863023,193.31777693,196.110498166,193.861233834,192.349659686	tan	0.2	308000
349884	0,1,2,3,4,5,6,7,8,9,10,11,12,13,14,15,16,17,18,19	185.254936683,192.011535981,186.469605631,194.245906874,194.774822397,190.050783752,189.312557495,195.388150996,192.232555341,193.035875643,197.865887319,194.888152451,195.851921777,191.917725886,196.450075016,190.896119269,197.224854819,199.660877194,196.705384289,198.686287141	tan	0.2	308000
350234	0,1,2,3,4,5,6,7,8,9,10,11,12,13,14,15,16,17,18,19	194.961008937,195.658224,197.642127003,199.582879261,196.723437125,197.125897138,196.636844135,201.446086599,197.73558113,196.365526007,201.709836314,201.441877361,193.423288469,195.586132913,202.868466648,198.511698576,196.683916955,200.722393345,196.0864459,205.209753781	tan	0.2	308000
350405	0,1,2,3,4,5,6,7,8,9,10,11,12,13,14,15,16,17,18,19	174.677988358,174.407054825,182.032976897,176.774743749,178.091006539,182.388573674,176.370411304,177.19078326,177.120372492,183.897517738,178.045660069,181.640994001,176.752924089,176.608473853,176.570725282,184.738471239,186.819733416,180.254178251,178.769175666,187.041287151	tan	0.2	308000
349553	0,1,2,3,4,5,6,7,8,9,10,11,12,13,14,15,16,17,18,19	188.101323803,196.713451895,193.007272254,190.978205742,194.23466656,195.637856627,199.875083612,199.329158471,199.898100701,192.058195778,197.187121429,193.916840262,196.685222996,194.931946875,191.834084723,192.222531209,195.957457463,198.848714816,203.851098375,204.217586449	tan	0.2	308000
351027	0,1,2,3,4,5,6,7,8,9,10,11,12,13,14,15,16,17,18,19	193.677041354,196.795824127,203.037637535,197.665556456,198.34430271,203.884615629,202.208825703,200.776761475,197.745740204,195.547867148,205.045106124,202.853109049,196.262937044,202.58796485,199.338652654,199.125652391,205.027818495,202.909265018,201.315003551,209.029876908	tan	0.2	308000
348624	0,1,2,3,4,5,6,7,8,9,10,11,12,13,14,15,16,17,18,19	200.629602189,205.44155054,204.195149006,209.88630482,209.140197891,212.099393283,211.747465038,212.041678352,205.520190895,211.689070397,211.4448851,211.114800659,214.213936132,207.634494602,212.027769382,211.316101035,206.765097573,213.184690646,208.98474678,215.630194779	tan	0.2	308000
351639	0,1,2,3,4,5,6,7,8,9,10,11,12,13,14,15,16,17,18,19	196.433976112,201.266770353,203.478917436,200.150830524,201.942373606,206.296980882,203.389668776,208.54138672,200.747922673,201.100106831,200.954759716,201.534111827,202.881738163,202.118230738,208.436558146,209.323125482,204.53225482,208.0583736,208.1840819,213.363964729	tan	0.2	308000
351344	0,1,2,3,4,5,6,7,8,9,10,11,12,13,14,15,16,17,18,19	181.404298349,191.603400893,189.566729109,188.976016433,187.512216442,185.468598276,187.868290238,192.286043439,188.727036175,193.58963463,187.495751073,189.161292996,189.22905282,189.330264012,189.878291978,187.046883704,193.498817122,188.500329925,190.080247943,198.803936436	tan	0.2	308000
351860	0,1,2,3,4,5,6,7,8,9,10,11,12,13,14,15,16,17,18,19	171.668294608,183.857007171,177.178221833,181.013447669,179.944348924,185.750595953,180.225590548,178.092453458,179.633233128,178.347673483,180.565205732,185.163500635,182.186508418,186.461761039,184.159206019,182.376818107,183.159709533,181.050170846,186.972844288,189.955050645	tan	0.2	308000
349029	0,1,2,3,4,5,6,7,8,9,10,11,12,13,14,15,16,17,18,19	179.735697058,187.148969946,190.221080194,184.565723455,192.246853989,188.532581347,182.924759455,187.275614515,188.785748816,192.701128415,188.992292831,184.937268846,184.559659661,193.454382882,192.241674941,188.560306677,193.997257656,190.616726929,196.350170825,197.223975978	tan	0.2	308000
348022	0,1,2,3,4,5,6,7,8,9,10,11,12,13,14,15,16,17,18,19	200.78861304,201.19632167,207.727620991,207.678526135,201.718358065,203.131772944,205.530794399,206.19273808,210.648331865,206.477796906,206.337013512,210.884202746,203.308260011,211.187615919,210.72625066,206.672265765,206.033524827,211.747948613,207.209603176,209.596881485	tan	0.2	308000
351234	0,1,2,3,4,5,6,7,8,9,10,11,12,13,14,15,16,17,18,19	185.200027087,188.987043227,191.01663276,192.978996865,189.030323416,197.627353102,193.483781867,194.503109735,192.060315797,196.528762494,190.538355142,197.141214479,191.614347945,192.897401149,191.890396238,198.727233974,193.875802452,200.50026593,202.104733671,199.640752796	tan	0.2	308000
350974	0,1,2,3,4,5,6,7,8,9,10,11,12,13,14,15,16,17,18,19	182.37253897,183.914715168,179.776082878,187.248503754,182.318392535,186.427996397,184.207046593,189.538999859,185.850346411,187.365168041,185.1978303,189.525057575,183.108738677,191.7853185,184.025757885,188.104214073,186.698330883,190.446407435,190.984887762,190.468689119	tan	0.2	308000
350674	0,1,2,3,4,5,6,7,8,9,10,11,12,13,14,15,16,17,18,19	202.761647919,206.450271821,208.683761965,209.333157657,204.988142489,208.806181772,201.649113905,202.551915872,207.73185986,208.319805436,206.138259407,205.062965864,211.862840864,212.243649715,208.725547281,210.732231664,203.503237977,212.465450235,207.804654063,212.183902661	tan	0.2	308000
348642	0,1,2,3,4,5,6,7,8,9,10,11,12,13,14,15,16,17,18,19	201.984549145,197.734412326,206.274308817,200.780612577,207.624007131,206.922024701,201.734259147,203.238824166,206.140184205,203.851220105,201.456054443,205.100255804,209.122016389,207.427144877,201.912055496,209.056173192,208.058318577,209.284702512,209.348584584,205.890982793	tan	0.2	308000
350908	0,1,2,3,4,5,6,7,8,9,10,11,12,13,14,15,16,17,18,19	182.608165703,181.626501999,184.260409591,182.168687894,183.871443444,189.843441789,184.775349366,188.88659238,184.029526785,188.418345232,189.934110882,188.627791263,185.539614472,188.728891725,192.438585879,186.544432067,190.729435866,187.257621523,186.658966326,195.147399797	tan	0.2	308000
349737	0,1,2,3,4,5,6,7,8,9,10,11,12,13,14,15,16,17,18,19	180.94967823,185.409322845,187.014645421,181.248130833,189.84900666,183.462295948,181.316128713,187.533466046,182.334470248,182.195851731,188.742232817,182.549918692,189.051752116,187.482226203,189.678345287,183.127857403,189.034758283,184.668009043,185.90780692,192.715024278	tan	0.2	308000
351224	0,1,2,3,4,5,6,7,8,9,10,11,12,13,14,15,16,17,18,19	190.326549186,192.034265011,192.539695459,193.432285993,192.401153696,194.713438555,188.37871238,192.836212443,197.528785629,190.445830025,194.285277086,192.661051082,189.191188322,191.418889784,197.387015112,191.549874037,194.843200978,191.549821651,193.972305825,201.665027913	tan	0.2	308000
349006	0,1,2,3,4,5,6,7,8,9,10,11,12,13,14,15,16,17,18,19	179.101717841,183.403631827,179.089946302,177.694728673,179.017515539,180.582114898,182.583543828,187.76181939,188.734647325,181.027049634,188.321738517,180.631521131,185.160986984,184.630334331,187.817102518,185.480684283,186.697635985,183.492976579,182.875496439,191.359587064	tan	0.2	308000
351496	0,1,2,3,4,5,6,7,8,9,10,11,12,13,14,15,16,17,18,19	189.703843268,195.805501672,195.433226616,199.882384678,196.90616639,201.456045681,196.882303184,200.541985911,195.993865314,205.067466985,200.620875124,196.395202898,199.444718145,205.683572663,205.0337375,203.012497987,201.311383624,204.210500238,202.082317066,202.806984419	tan	0.2	308000
350291	0,1,2,3,4,5,6,7,8,9,10,11,12,13,14,15,16,17,18,19	199.021604971,201.284965186,210.115548375,202.128186086,204.174794884,205.990081387,211.076480408,210.804448597,202.865867566,205.638176616,202.909222532,209.597000074,205.428057099,209.429915135,211.354034778,204.361983367,213.144342342,212.896843513,211.087006032,212.747480751	tan	0.2	308000
350939	0,1,2,3,4,5,6,7,8,9,10,11,12,13,14,15,16,17,18,19	205.75817232,213.398905919,207.853622076,208.904308342,207.84148299,210.932522976,208.256004276,215.914492998,214.793000548,217.279563558,210.441887532,211.9699982,216.2144173,211.033784328,215.835741666,218.519771742,214.132497676,217.920479515,212.515052638,214.519134899	tan	0.2	308000
349211	0,1,2,3,4,5,6,7,8,9,10,11,12,13,14,15,16,17,18,19	190.058018309,196.344100252,195.68385335,200.729609003,202.666522069,200.481318351,196.979833622,195.466186317,199.397152445,198.836639987,201.943656548,195.045785073,203.396920817,199.343797102,204.647723732,204.117291985,199.745817209,199.132451836,206.814643741,204.479191162	tan	0.2	308000
351351	0,1,2,3,4,5,6,7,8,9,10,11,12,13,14,15,16,17,18,19	172.211661828,181.610751304,175.828681523,181.832204269,184.327274329,177.969986027,179.941746978,175.362862588,181.57446878,178.665603912,182.569157612,178.929502947,177.965712509,185.886180487,176.894955806,182.515972119,184.709266905,187.203562881,180.98889382,191.352709343	tan	0.2	308000
348452	0,1,2,3,4,5,6,7,8,9,10,11,12,13,14,15,16,17,18,19	200.836664685,197.822515829,202.507836059,208.245634746,200.967125214,200.731467153,200.540738806,203.024569999,208.438845828,208.350676606,207.009828173,202.425413909,203.446228394,205.995254686,203.30042508,209.704607281,202.694736769,204.466616897,207.656579455,209.596283905	tan	0.2	308000
349904	0,1,2,3,4,5,6,7,8,9,10,11,12,13,14,15,16,17,18,19	198.963773467,197.378975981,200.557669638,197.701300691,207.11628013,202.996464037,199.310121875,200.49741217,201.752396894,202.752079168,201.717963025,204.022503565,203.762423683,205.900027865,201.688284194,206.258760368,207.546686141,203.949289073,204.287109882,204.395217945	tan	0.2	308000
350861	0,1,2,3,4,5,6,7,8,9,10,11,12,13,14,15,16,17,18,19	200.454206501,206.634748549,205.14942362,203.003552813,206.709108381,208.357357945,204.027914792,204.012391019,210.631295166,203.650369931,203.708729612,212.536159026,209.781807055,213.622159867,206.332475158,212.367498228,213.530317143,214.762852828,215.513388374,214.377404587	tan	0.2	308000
348110	0,1,2,3,4,5,6,7,8,9,10,11,12,13,14,15,16,17,18,19	176.614590251,179.062805348,187.807886279,183.943558752,181.635056346,181.896451717,186.33479911,182.143590475,187.185797666,181.404154102,185.791066443,189.963725851,190.580813886,181.713059313,184.761552651,191.556840928,188.246964801,191.224196282,192.404750343,192.620382961	tan	0.2	308000
351651	0,1,2,3,4,5,6,7,8,9,10,11,12,13,14,15,16,17,18,19	194.483826534,200.272039022,202.863496573,200.835602971,204.545129591,203.399776446,204.429758802,201.091005519,201.742966085,199.793871649,197.298198574,201.546405553,197.150645572,200.090515247,197.745298224,205.727403449,197.61008871,203.575890335,203.702012076,203.09224055	tan	0.2	308000
351456	0,1,2,3,4,5,6,7,8,9,10,11,12,13,14,15,16,17,18,19	193.922109901,192.457171319,193.658814821,199.737306619,200.532519767,201.386590227,201.323324523,193.706261723,200.979891395,193.174931286,200.422846559,201.638508134,193.604286238,196.766424033,202.215466421,198.433006032,197.016251093,203.356451408,202.431109661,199.457136586	tan	0.2	308000
351571	0,1,2,3,4,5,6,7,8,9,10,11,12,13,14,15,16,17,18,19	181.754486313,188.021084368,187.087669231,186.213562846,186.387167278,193.066627785,187.371446643,188.995636836,187.942738205,191.550872718,194.645614268,188.596091556,188.099222612,189.611569839,188.662163975,191.160473432,191.402308297,187.220902169,188.203188712,200.052468224	tan	0.2	308000
348709	0,1,2,3,4,5,6,7,8,9,10,11,12,13,14,15,16,17,18,19	180.905164151,188.971958477,188.992684715,189.953115588,189.301973793,192.144417672,184.994125563,186.204365676,192.537433856,186.574860375,184.520109439,192.527880156,188.333931656,188.597849282,193.840445568,189.997880545,188.619822592,193.047547034,194.067550715,197.911568461	tan	0.2	308000
348682	0,1,2,3,4,5,6,7,8,9,10,11,12,13,14,15,16,17,18,19	176.31139579,181.813580505,187.510559575,181.815585257,188.948914665,190.222033743,183.19505023,182.063238134,183.357072995,190.315798932,181.682444903,184.019959989,190.973194144,186.574635469,182.94262417,190.210659902,183.239922486,192.386122683,190.531418451,188.320844711	tan	0.2	308000
349842	0,1,2,3,4,5,6,7,8,9,10,11,12,13,14,15,16,17,18,19	213.355810307,210.923550587,213.20216871,220.464124785,221.955884327,219.36408794,221.880767238,217.270226819,212.830212326,214.658702355,220.844792472,215.377549396,218.829383046,215.062837356,223.472494936,218.353943037,216.896465552,216.819581121,225.544343578,222.819782898	tan	0.2	308000
348661	0,1,2,3,4,5,6,7,8,9,10,11,12,13,14,15,16,17,18,19	172.167296587,173.278818307,179.227715876,182.519119065,175.327271436,183.972695419,180.839419369,176.705051365,184.443379655,179.989452951,184.095132074,179.454442107,178.954672624,185.555716696,186.226332579,186.265914873,179.190929406,187.248597047,181.931187179,185.445195673	tan	0.2	308000
349992	0,1,2,3,4,5,6,7,8,9,10,11,12,13,14,15,16,17,18,19	211.378301744,217.29418966,215.724885947,219.973540228,212.687874336,212.851478801,220.008890124,213.833037397,219.639581301,221.806228379,215.822530983,216.552045717,219.806201601,220.729124812,216.007147865,219.196695162,214.870462742,221.524605784,215.646216519,221.377426578	tan	0.2	308000
348866	0,1,2,3,4,5,6,7,8,9,10,11,12,13,14,15,16,17,18,19	191.016385768,198.87466125,193.799622334,193.842345821,203.956374229,198.750378861,200.894651631,195.81908786,199.167232529,197.450052115,195.2158521,200.046258087,195.971113823,197.489557594,200.30414462,200.697908515,198.264938198,202.063600384,205.275245275,209.008217054	tan	0.2	308000
349938	0,1,2,3,4,5,6,7,8,9,10,11,12,13,14,15,16,17,18,19	190.041378499,198.383973592,195.503107298,192.336995137,198.562130492,194.762693726,197.100290958,200.978539388,201.477939626,196.586623011,195.795598953,200.950198813,201.468238055,195.970328488,194.419259969,195.900547053,195.580432376,199.149376384,202.385276294,198.257321071	tan	0.2	308000
351577	0,1,2,3,4,5,6,7,8,9,10,11,12,13,14,15,16,17,18,19	198.815328194,206.221421288,207.181108517,209.447044065,204.945723993,202.318947187,201.011887613,200.503586799,209.551315432,208.981222534,206.172544261,206.393213104,208.373048136,204.902216795,207.565232559,211.073711581,208.843159205,203.581357431,209.905513242,208.905524893	tan	0.2	308000
349775	0,1,2,3,4,5,6,7,8,9,10,11,12,13,14,15,16,17,18,19	174.490100106,175.711516861,179.37925784,178.780186921,177.709897672,185.189544861,184.511548243,176.550840818,179.294996508,179.199538132,177.447576448,180.81593334,181.225345636,186.558299885,186.872873807,182.091541649,185.781993704,186.804077151,181.656517585,191.276342494	tan	0.2	308000
348797	0,1,2,3,4,5,6,7,8,9,10,11,12,13,14,15,16,17,18,19	215.110315072,220.510452193,218.101100688,217.301485393,218.681010291,217.007099103,213.82759094,215.400650965,219.750064234,214.861322548,215.428019905,216.840863709,215.589132785,218.839922255,222.163363416,221.392029096,220.565243143,225.631546317,219.437325948,229.936715728	tan	0.2	308000
348455	0,1,2,3,4,5,6,7,8,9,10,11,12,13,14,15,16,17,18,19	196.357817597,202.339965933,197.224798749,198.591842713,206.947711584,200.010943975,199.873634882,202.399413392,206.85723043,207.267623275,203.440524431,208.095666875,207.455429182,206.709378432,202.905260009,200.710048532,200.457590588,203.796648572,207.638453037,206.106165594	tan	0.2	308000
350533	0,1,2,3,4,5,6,7,8,9,10,11,12,13,14,15,16,17,18,19	199.516181654,203.389890064,197.550580403,198.772739508,196.782691281,199.680473176,199.768564789,197.922289266,199.422368413,205.624260533,202.112040432,206.706529799,207.174302498,201.703196525,204.214110619,198.553067736,200.816602083,201.906890575,206.19601819,211.403036584	tan	0.2	308000
348035	0,1,2,3,4,5,6,7,8,9,10,11,12,13,14,15,16,17,18,19	189.208698919,195.747631457,201.816253663,194.618113773,198.774231466,193.488754146,201.845534889,201.588298971,203.396830428,199.28124624,203.405431661,198.176774523,203.728314087,196.578422592,195.673862792,198.785503108,195.57708594,197.552361742,200.39136284,201.534397301	tan	0.2	308000
348386	0,1,2,3,4,5,6,7,8,9,10,11,12,13,14,15,16,17,18,19	182.915741074,182.387756788,188.303820564,187.979160648,189.045453448,187.177013237,183.603353387,189.927728544,182.626317553,182.69569633,183.527422445,185.002832936,189.416293798,187.653372694,187.938993136,187.632274563,190.007941284,192.797675651,192.565345715,196.690861886	tan	0.2	308000
350485	0,1,2,3,4,5,6,7,8,9,10,11,12,13,14,15,16,17,18,19	200.080271279,200.776616393,205.451175882,204.799327955,204.480735933,210.255095875,213.446262784,210.185989945,206.166070322,203.896250921,204.774305231,207.459195015,208.99875948,209.338581247,211.627495424,212.529250791,215.127322978,206.314325831,212.448906391,217.898318199	tan	0.2	308000
351088	0,1,2,3,4,5,6,7,8,9,10,11,12,13,14,15,16,17,18,19	174.126232424,175.941009663,183.347615964,184.312391834,178.116566361,181.207411397,182.268800505,183.008196858,183.121882647,181.316858247,181.068535344,181.121172452,181.917251567,180.118068695,187.824560143,184.541374172,182.884496562,190.808426691,191.775868292,187.36482347	tan	0.2	308000
351173	0,1,2,3,4,5,6,7,8,9,10,11,12,13,14,15,16,17,18,19	205.919790984,207.741035755,208.799168443,212.280297198,217.410183875,210.417534087,210.836936097,210.811553089,217.391339345,211.934634299,216.117936574,216.206688036,219.27526194,212.87129339,217.691899063,211.639987192,213.855924932,220.67261446,214.412141436,222.280596111	tan	0.2	308000
350609	0,1,2,3,4,5,6,7,8,9,10,11,12,13,14,15,16,17,18,19	193.519703363,190.086816994,198.216187207,195.44562588,196.026145138,195.428605253,199.547459859,196.854443364,195.58399195,192.743972466,198.816089047,199.121983691,193.927358331,194.409392253,194.930350455,198.286069816,195.756288094,193.891553203,203.517617284,204.281838792	tan	0.2	308000
350935	0,1,2,3,4,5,6,7,8,9,10,11,12,13,14,15,16,17,18,19	199.876549057,195.673356598,198.475423286,200.144918304,201.081230777,204.07760668,206.588592888,204.403082227,201.409432373,198.517516373,206.455271088,200.266600925,199.127665185,199.351717544,207.53261201,205.565025683,200.211942383,208.32722282,205.952223384,212.359199726	tan	0.2	308000
348524	0,1,2,3,4,5,6,7,8,9,10,11,12,13,14,15,16,17,18,19	183.483680103,183.738433166,178.972012228,188.550501523,181.914153698,181.994855524,186.144904,181.187550642,181.569584678,186.401745081,182.159708463,188.582422152,190.672354344,187.043933093,186.948056028,183.288813936,182.630682361,189.684080086,186.634278554,194.838118064	tan	0.2	308000
348303	0,1,2,3,4,5,6,7,8,9,10,11,12,13,14,15,16,17,18,19	174.101303399,181.609256056,182.289767761,184.881561029,178.753684571,183.847387415,179.01762604,178.768688715,178.458494143,183.68112102,182.753297703,180.327621031,186.672322921,182.459220403,182.783494586,179.474859693,182.10204173,180.225174721,181.534721651,190.175579119	tan	0.2	308000
349617	0,1,2,3,4,5,6,7,8,9,10,11,12,13,14,15,16,17,18,19	175.349172788,184.230818728,185.216709182,186.720932508,186.233145562,179.900738855,187.936828635,184.885538112,183.187219958,187.211172483,186.994671544,186.122554846,190.113459607,183.190547188,189.05251626,190.590241858,184.276616511,185.658593255,192.152637383,196.884272701	tan	0.2	308000
350425	0,1,2,3,4,5,6,7,8,9,10,11,12,13,14,15,16,17,18,19	191.456123169,189.865721691,192.300727695,190.528608429,191.671385024,189.635971056,188.961472437,196.499174027,196.320250353,191.445695774,192.153578747,191.380041928,196.95380213,197.848967841,198.614269596,192.670856812,192.714221937,193.739890209,192.822848547,200.411516788	tan	0.2	308000
351431	0,1,2,3,4,5,6,7,8,9,10,11,12,13,14,15,16,17,18,19	196.564283452,201.933466586,202.952172794,205.137148255,208.333389201,200.788539682,200.984074417,206.438558409,207.810379348,203.735257228,203.573639502,206.132087074,204.536780503,206.754948473,208.667888383,207.09427484,202.905245575,202.33849283,208.406676049,209.014085701	tan	0.2	308000
350842	0,1,2,3,4,5,6,7,8,9,10,11,12,13,14,15,16,17,18,19	179.73873456,185.865367678,189.620552991,187.878499897,185.866830251,190.148454349,183.7541225,183.230937329,183.053096253,182.896893132,184.736605512,184.835002121,191.743433562,183.633752483,191.204526082,185.591928852,189.42320762,193.761696264,188.768715743,196.790706852	tan	0.2	308000
349547	0,1,2,3,4,5,6,7,8,9,10,11,12,13,14,15,16,17,18,19	198.946059445,203.953061767,204.930303677,202.54465117,206.580182795,205.716904518,205.742957435,204.511309077,205.107959752,209.448424035,211.874939249,204.550996169,212.413437303,208.52328255,211.625199302,205.225901383,209.324233839,210.921925773,212.252865857,210.154734714	tan	0.2	308000
350760	0,1,2,3,4,5,6,7,8,9,10,11,12,13,14,15,16,17,18,19	217.740074412,219.58247663,212.299954911,216.968870427,219.270714775,220.762918663,218.085247392,222.285810633,223.0596881,216.949348523,215.772442754,222.889261759,215.735884482,221.534139757,223.749572117,215.981590126,219.224833082,223.958684847,220.134108307,228.782224805	tan	0.2	308000
351255	0,1,2,3,4,5,6,7,8,9,10,11,12,13,14,15,16,17,18,19	203.000843449,209.170703444,209.568334978,204.658003398,207.490266002,211.144655349,208.009922966,208.218374379,212.610808315,211.997862339,205.599599689,212.622521943,215.065114717,207.270516796,211.773725115,210.463435647,214.518148471,210.708217988,217.913231252,219.861769049	tan	0.2	308000
350877	0,1,2,3,4,5,6,7,8,9,10,11,12,13,14,15,16,17,18,19	215.958063062,215.23095806,211.040626204,210.948775585,217.970083569,216.778344799,219.074053956,215.627386167,212.432377741,219.87596344,214.940247896,217.719421044,214.751177887,220.641239037,215.792246626,215.776128232,218.478762099,220.366506429,218.833726984,226.256076343	tan	0.2	308000
350180	0,1,2,3,4,5,6,7,8,9,10,11,12,13,14,15,16,17,18,19	202.101743462,197.412164771,204.770090009,204.085948365,204.258666657,198.784268239,207.848484644,207.481794617,205.988559424,205.650648486,207.616205122,205.860616742,201.051054906,206.871918414,200.395058871,200.746051553,205.127710847,206.91819558,205.656267798,206.346810361	tan	0.2	308000
349206	0,1,2,3,4,5,6,7,8,9,10,11,12,13,14,15,16,17,18,19	202.741750586,206.663659702,201.595726,205.211586835,210.528720646,209.178694894,206.894081599,208.748014931,203.805677675,205.961532216,205.485834055,208.760341919,204.280470882,208.314363471,209.037766359,204.812338807,208.654300044,205.078338561,210.977571217,210.906480323	tan	0.2	308000
351948	0,1,2,3,4,5,6,7,8,9,10,11,12,13,14,15,16,17,18,19	197.110222601,196.581749711,202.841756351,201.232009414,198.082606288,204.493166888,197.6882573,203.583693126,202.79180294,201.309415203,202.798373675,200.662327085,199.679605655,200.034100177,200.553747488,203.807549566,207.932592965,201.839652344,203.069105954,210.377201154	tan	0.2	308000
350802	0,1,2,3,4,5,6,7,8,9,10,11,12,13,14,15,16,17,18,19	180.195723446,180.393517442,181.322397514,180.849427973,189.421294319,183.327484005,185.542460019,187.464874374,183.44923243,188.142391197,182.910486554,183.51564823,182.158285417,190.683130251,187.867935372,191.515958746,185.588843089,184.839070711,188.497864383,191.741401424	tan	0.2	308000
348925	0,1,2,3,4,5,6,7,8,9,10,11,12,13,14,15,16,17,18,19	189.249169179,195.842777483,187.240813782,190.669883509,190.658694584,191.958404937,188.496080745,194.452684899,196.874111184,195.717811944,195.656794407,191.930601219,198.011894596,199.29160578,194.182747609,195.615335821,191.119008949,195.582240175,194.798526498,200.360294448	tan	0.2	308000
349229	0,1,2,3,4,5,6,7,8,9,10,11,12,13,14,15,16,17,18,19	175.755323186,180.071765747,180.279450558,183.249045804,175.629404114,183.190467501,176.539128898,174.955711198,182.546421352,176.201996933,177.980510717,183.903716315,184.015604739,181.277807474,185.93843504,177.366899905,186.615922715,184.689692268,182.630060462,188.380358536	tan	0.2	308000
350130	0,1,2,3,4,5,6,7,8,9,10,11,12,13,14,15,16,17,18,19	184.929442677,196.442693618,190.963853463,196.19391889,190.439034075,198.606406902,196.216321791,191.507790557,193.272050162,198.526702443,199.695868732,196.808439631,200.097574155,197.61224755,193.872033445,200.813375825,195.897417442,202.951327375,196.58758795,199.431773058	tan	0.2	308000
351004	0,1,2,3,4,5,6,7,8,9,10,11,12,13,14,15,16,17,18,19	183.536606281,182.009715625,190.791065323,189.362311596,189.953101963,187.096241594,191.116485729,192.441748749,184.684866267,184.682882886,193.873776258,188.947625882,185.011645217,186.7634236,195.095997691,191.391778049,187.631571591,189.136181436,188.574117691,200.300907088	tan	0.2	308000
351095	0,1,2,3,4,5,6,7,8,9,10,11,12,13,14,15,16,17,18,19	197.118855768,192.025348165,199.380689684,194.235341633,195.872249108,203.221022596,199.651616142,200.183609991,196.493033775,202.546795347,198.867631961,202.71641807,201.16620915,200.739504828,200.331507065,199.254526057,205.853458699,198.395379921,200.216314764,206.861804368	tan	0.2	308000
349584	0,1,2,3,4,5,6,7,8,9,10,11,12,13,14,15,16,17,18,19	200.110378472,210.071190448,208.740937857,205.866527705,213.492495274,207.742458962,214.245822512,213.000359405,206.759949054,209.794963247,209.020640358,214.720962852,207.245100665,208.617031009,211.10484474,211.652507498,208.696044859,209.108989808,213.420653189,213.769534393	tan	0.2	308000
350658	0,1,2,3,4,5,6,7,8,9,10,11,12,13,14,15,16,17,18,19	194.489476563,197.210006452,203.864820031,206.596109237,205.575552083,206.858510134,205.824196798,206.93159273,207.082110263,207.914871638,203.02349362,208.968356741,205.426915021,207.825425435,200.869805969,206.904149143,210.23214079,208.311792031,205.661881516,213.036475682	tan	0.2	308000
349210	0,1,2,3,4,5,6,7,8,9,10,11,12,13,14,15,16,17,18,19	171.365876727,175.874357588,174.136184554,176.908908761,181.335955056,175.156101832,177.763960282,179.621001648,184.323627167,181.529740054,183.604784003,178.48537231,180.425429445,177.940304473,181.27585722,177.912682691,179.848411251,186.793290913,182.636951429,190.603639025	tan	0.2	308000
351820	0,1,2,3,4,5,6,7,8,9,10,11,12,13,14,15,16,17,18,19	170.861762201,178.784252621,181.751701853,176.417791241,183.56752908,184.384225682,179.298381958,180.204912867,180.687828164,186.464095716,182.576574442,181.942906411,185.509935161,184.602783625,183.422545111,182.060501493,186.054356828,182.96650256,183.303429948,188.256206199	tan	0.2	308000
351008	0,1,2,3,4,5,6,7,8,9,10,11,12,13,14,15,16,17,18,19	191.526532316,198.080790609,199.992452069,192.786780545,202.397595273,201.642001038,195.525150784,197.025808037,203.499126478,194.806377896,202.720215507,196.549999839,202.24753125,202.088748382,201.427979543,202.503197267,202.812840578,200.758052313,199.263737437,204.571271728	tan	0.2	308000
349255	0,1,2,3,4,5,6,7,8,9,10,11,12,13,14,15,16,17,18,19	179.54531922,189.411778999,186.23285706,186.3884271,187.991081407,184.87246664,190.800420499,186.352299796,194.280747464,192.236020032,189.536923964,187.076915841,188.487423619,188.670794375,187.018059981,193.420130552,187.200673016,196.990769423,198.336639324,192.142251017	tan	0.2	308000
348885	0,1,2,3,4,5,6,7,8,9,10,11,12,13,14,15,16,17,18,19	186.544279126,188.830429323,194.091816974,191.008673713,193.910719035,196.35652889,194.445374106,201.441208722,201.622906284,199.0164161,196.933160522,194.717346313,192.693759726,197.86454745,196.178668317,200.188306246,198.41816297,198.60473684,195.112162472,198.925457279	tan	0.2	308000
349952	0,1,2,3,4,5,6,7,8,9,10,11,12,13,14,15,16,17,18,19	206.439375347,214.842616138,213.306365372,211.347276922,216.117442213,210.71498734,218.366481417,217.634380477,216.024152009,215.288068542,214.902848955,221.169805975,212.95816293,218.520574034,212.534430704,218.693180467,213.293540031,216.266310925,223.617716731,220.489771601	tan	0.2	308000
351139	0,1,2,3,4,5,6,7,8,9,10,11,12,13,14,15,16,17,18,19	194.772558496,191.302942628,197.583718299,190.073798492,193.344763213,194.433521335,194.311214517,199.423606405,194.91026543,195.422564994,199.967650523,199.964971411,197.066008151,198.095836828,193.580950778,201.865369042,202.896133597,199.363287037,201.654189549,201.861057129	tan	0.2	308000
349698	0,1,2,3,4,5,6,7,8,9,10,11,12,13,14,15,16,17,18,19	192.127609904,193.065162726,194.320957406,200.864030922,195.437547819,193.775232487,193.187872613,201.24229489,197.998716172,195.112477616,193.616079796,201.165680741,194.374868611,203.85485887,197.06950803,203.929072977,203.681185539,200.986443105,203.44344615,207.745364094	tan	0.2	308000
351295	0,1,2,3,4,5,6,7,8,9,10,11,12,13,14,15,16,17,18,19	174.455160406,182.222073563,183.238960902,181.310822608,184.508069537,185.903968175,180.831247531,181.850181766,181.499583852,186.209113577,190.008865073,182.772985861,187.724264329,180.975120288,183.247430255,188.787768117,188.617423114,183.601335526,192.635432587,192.80301965	tan	0.2	308000
349162	0,1,2,3,4,5,6,7,8,9,10,11,12,13,14,15,16,17,18,19	192.965289158,195.922783758,195.756445446,201.376276636,203.611178956,201.060558792,197.238753325,202.526512696,204.341435063,203.969590244,200.768480065,198.683256765,203.19276255,198.57514574,206.128532939,203.628628634,203.193023182,205.290795213,201.539582195,208.853880324	tan	0.2	308000
348917	0,1,2,3,4,5,6,7,8,9,10,11,12,13,14,15,16,17,18,19	200.523603517,202.016763092,196.281457277,198.159294666,202.720910645,203.805507377,200.398277586,198.073479951,206.912219661,199.614773074,203.062500561,207.956197502,204.544753029,202.235943449,202.612278836,206.502254458,204.965358803,209.884000042,206.598361889,210.07283017	tan	0.2	308000
349662	0,1,2,3,4,5,6,7,8,9,10,11,12,13,14,15,16,17,18,19	187.165066444,198.23018162,194.788023362,195.888523858,196.143257443,200.888787296,196.091528146,193.225880476,200.823742663,192.841382004,197.379575447,194.1563459,198.777450961,199.366720837,201.472603837,198.773258627,197.718276038,194.492184683,204.392265339,199.700136122	tan	0.2	308000
350335	0,1,2,3,4,5,6,7,8,9,10,11,12,13,14,15,16,17,18,19	213.940671243,213.303071804,209.88572161,214.465892235,219.9837026,214.660332429,211.731295889,220.464005775,212.65863007,216.647148974,218.947878529,219.788881189,214.778181398,218.213414844,219.548108748,217.540364466,223.036002972,214.949712534,221.20182158,224.600344381	tan	0.2	308000
349556	0,1,2,3,4,5,6,7,8,9,10,11,12,13,14,15,16,17,18,19	193.084785198,199.690703627,197.154958103,201.744431791,202.744238466,196.237561303,204.433811357,203.513173768,200.521351672,205.635062433,203.538474474,196.108750562,197.676337597,197.080435431,199.64156751,198.844017522,197.793592097,207.261202548,204.089289204,204.623714372	tan	0.2	308000
348275	0,1,2,3,4,5,6,7,8,9,10,11,12,13,14,15,16,17,18,19	191.800926295,200.207872334,203.462346316,198.972694543,201.989679405,204.896827516,203.207744766,205.248330485,197.989089597,203.385889316,202.376731958,198.054040315,198.294406875,205.704492387,198.632130241,206.997485197,207.13408183,198.949816228,203.346359862,210.604669969	tan	0.2	308000
348496	0,1,2,3,4,5,6,7,8,9,10,11,12,13,14,15,16,17,18,19	191.836834834,197.847259997,198.429728859,201.930356929,201.550091706,193.571327685,199.141861419,200.719877613,203.207481103,202.701665575,201.66895742,202.666180117,201.018274885,197.672071501,199.521725507,198.27643275,203.246077581,198.766437904,207.019951976,203.798395752	tan	0.2	308000
349574	0,1,2,3,4,5,6,7,8,9,10,11,12,13,14,15,16,17,18,19	197.525579869,191.331327788,202.202316758,193.359239725,200.134338042,200.000557895,194.537019026,203.781921912,198.315245474,199.98985999,204.390425537,199.909062722,196.955751345,195.892502398,203.018637538,196.014701269,203.611367533,201.88435213,199.265577759,205.441662382	tan	0.2	308000
350466	0,1,2,3,4,5,6,7,8,9,10,11,12,13,14,15,16,17,18,19	197.22715843,203.358365655,204.846267787,205.717372958,198.410073043,205.955440593,200.329188581,204.647978511,204.686936545,202.377014147,203.275275666,208.735115756,206.427865119,205.680358951,203.888723881,204.89710587,203.054665105,202.554250031,205.636338516,205.589710278	tan	0.2	308000
348548	0,1,2,3,4,5,6,7,8,9,10,11,12,13,14,15,16,17,18,19	210.823303959,211.793967613,207.204510955,210.943499168,213.59951103,214.028858249,213.555368046,214.034613883,213.390153852,213.355644828,210.325099573,215.708210623,212.33293542,210.824749536,209.233070711,213.816807006,209.685975391,213.380267706,211.131449075,217.991788508	tan	0.2	308000
348913	0,1,2,3,4,5,6,7,8,9,10,11,12,13,14,15,16,17,18,19	185.686924507,187.407333676,196.706379012,194.930365712,194.066140976,191.53819893,196.506356206,199.734885091,193.180063995,190.241183042,193.987144232,196.573737498,194.333116044,197.155432129,197.501340219,200.094301738,195.388182156,199.516432768,201.855563739,201.673058152	tan	0.2	308000
348968	0,1,2,3,4,5,6,7,8,9,10,11,12,13,14,15,16,17,18,19	190.572398323,189.226568128,192.913235753,196.067318485,193.790153638,195.267589078,187.035649833,188.218078414,196.098266275,197.218931113,190.68392911,189.189601905,197.186507346,194.884914381,193.154899012,196.624856688,191.324507008,191.173283445,197.988872875,200.639643137	tan	0.2	308000
350312	0,1,2,3,4,5,6,7,8,9,10,11,12,13,14,15,16,17,18,19	205.114476648,203.7489874,211.382772104,209.518966659,209.102237362,204.644376578,206.579218979,212.113001567,211.755484872,211.190225975,214.16341091,212.820976083,211.142380975,210.891900032,207.658152466,214.12010604,214.964655033,206.961672452,217.245670768,212.025847768	tan	0.2	308000
351803	0,1,2,3,4,5,6,7,8,9,10,11,12,13,14,15,16,17,18,19	189.490904671,197.358991258,200.023398138,195.164523819,201.235731928,195.432754793,204.354435965,201.907021705,199.652744574,203.804756991,201.267981383,197.254827902,203.055085106,196.94969337,202.354627521,198.476126182,199.853736813,204.33744505,205.556901118,206.654756848	tan	0.2	308000
351461	0,1,2,3,4,5,6,7,8,9,10,11,12,13,14,15,16,17,18,19	198.185723707,201.368829506,195.604243068,204.120560838,195.510007404,204.495303435,201.599955798,201.548968777,195.62391125,202.559995762,199.849470296,204.330050606,205.987649942,205.788197918,201.965116384,205.365416042,203.072103629,201.697990872,206.710442738,206.536804744	tan	0.2	308000
351873	0,1,2,3,4,5,6,7,8,9,10,11,12,13,14,15,16,17,18,19	208.294211941,213.794402614,222.470995536,218.591768478,215.081146768,219.517427286,219.871131008,217.15741882,218.999793037,221.723984892,222.9041659,215.401726976,216.583031013,219.856767472,222.313656777,223.781290159,216.974934587,219.887151809,226.773698782,224.188822666	tan	0.2	308000
351202	0,1,2,3,4,5,6,7,8,9,10,11,12,13,14,15,16,17,18,19	208.680170139,211.43712638,221.364033657,214.103534674,214.976778605,216.106622211,216.078933661,219.727492944,220.748617927,223.309637855,218.697028639,223.155800837,224.008299865,220.073110001,218.540502401,215.303721449,215.95422889,224.566970415,219.672582526,226.91324717	tan	0.2	308000
350880	0,1,2,3,4,5,6,7,8,9,10,11,12,13,14,15,16,17,18,19	170.862001851,174.07688989,181.644819973,176.362477956,174.578568559,180.886901533,181.351910061,178.48017103,185.009361059,185.586768942,184.206538941,185.881583784,177.383232326,181.15848528,182.686359027,182.761360532,179.500507754,179.887449215,186.954901366,190.907920019	tan	0.2	308000
350767	0,1,2,3,4,5,6,7,8,9,10,11,12,13,14,15,16,17,18,19	200.981037226,205.230483204,202.712781668,201.056731217,202.468696496,208.253264677,208.152773822,203.682583283,202.857291629,201.69300248,203.388006591,203.684068961,208.299324586,201.103970383,208.568662934,210.403691537,202.096616735,207.555432628,209.705183241,212.141397036	tan	0.2	308000
348758	0,1,2,3,4,5,6,7,8,9,10,11,12,13,14,15,16,17,18,19	207.317256578,203.484769703,208.722809471,211.971384776,211.127486685,211.459639006,205.324693258,206.624717737,214.790547418,207.834039574,214.061470903,208.268211268,210.725142813,209.228114162,208.784643328,211.093615352,214.762159984,214.970827672,209.091060478,217.97144819	tan	0.2	308000
351487	0,1,2,3,4,5,6,7,8,9,10,11,12,13,14,15,16,17,18,19	185.365671067,191.454656148,184.516338444,185.714619286,189.601730448,194.627311831,195.125111289,186.987690637,195.624466085,191.928734012,193.032683518,189.600410118,188.000800545,192.482353333,194.128540848,191.9780843,190.463760363,188.529925283,195.63721949,197.710912536	tan	0.2	308000
349199	0,1,2,3,4,5,6,7,8,9,10,11,12,13,14,15,16,17,18,19	180.731820897,186.088027832,192.659107561,189.484281055,185.698566108,188.7030926,192.03882967,186.484867029,188.986510901,189.706957985,195.404730089,194.914817659,194.587975128,186.027539341,194.465580019,193.028515934,187.744687781,192.737749228,191.418386284,196.74030488	tan	0.2	308000
351827	0,1,2,3,4,5,6,7,8,9,10,11,12,13,14,15,16,17,18,19	171.243298644,181.234671424,175.53846013,182.394908366,177.527753602,186.21375036,186.033983923,179.003014721,184.198376622,184.178028588,179.847352416,183.795087468,180.128758405,185.726799986,179.069176385,181.466235517,188.730955521,181.781028917,184.425507781,187.681647787	tan	0.2	308000
350737	0,1,2,3,4,5,6,7,8,9,10,11,12,13,14,15,16,17,18,19	178.587745251,184.780142585,184.134922553,187.254237003,185.895342577,192.685131715,189.759894067,188.208251897,184.623634246,188.623000591,185.327059713,192.16167938,192.731192322,189.865468078,192.579248762,191.333467221,190.504903384,192.854657731,189.62931231,197.612318155	tan	0.2	308000
350571	0,1,2,3,4,5,6,7,8,9,10,11,12,13,14,15,16,17,18,19	188.316924913,190.435191024,190.810315241,195.864603752,198.303307933,195.538777592,189.687441014,195.80105104,193.033667592,190.501856638,195.957657797,192.911804277,190.834811594,198.19300456,197.235682172,199.401397095,192.072763473,193.542994094,201.851805861,204.336582623	tan	0.2	308000
349425	0,1,2,3,4,5,6,7,8,9,10,11,12,13,14,15,16,17,18,19	185.699494386,194.137153373,189.359631215,190.490429633,191.958614493,193.686618022,191.200765497,195.205952472,190.381070799,192.903554256,194.333805698,195.734100998,195.176524516,189.576835628,195.931850855,190.489258672,197.852560751,194.875602752,199.807311806,199.897350415	tan	0.2	308000
350645	0,1,2,3,4,5,6,7,8,9,10,11,12,13,14,15,16,17,18,19	201.249458683,202.904777431,209.129131265,202.848900779,206.224679149,205.869406358,208.341852023,211.964310259,204.673090768,206.468338241,210.317078113,210.253590254,209.59808657,203.346337481,207.748927066,209.753663386,213.229238642,204.986980186,215.039698808,218.180905299	tan	0.2	308000
348803	0,1,2,3,4,5,6,7,8,9,10,11,12,13,14,15,16,17,18,19	173.230428087,179.512043641,176.642402543,174.613433412,183.82462539,182.612723279,179.751481233,177.972250235,176.960507601,184.917478983,181.976741767,184.357621849,175.971776786,181.706449975,185.364758352,178.833279669,183.392322342,178.979318387,184.301644632,184.766214798	tan	0.2	308000
350113	0,1,2,3,4,5,6,7,8,9,10,11,12,13,14,15,16,17,18,19	217.223871299,221.382748502,215.49895469,219.531551602,214.704499118,223.166092192,221.411251651,215.03077634,214.811342241,217.958856444,224.650786586,216.81563645,220.244842357,216.867761454,218.360748321,221.566602453,225.06091309,224.660019693,222.414570616,226.676448333	tan	0.2	308000
350667	0,1,2,3,4,5,6,7,8,9,10,11,12,13,14,15,16,17,18,19	172.052265194,176.455177245,178.361627479,183.699238132,186.261797937,179.70420214,179.873078767,179.553560842,183.47916084,179.846132407,183.113054791,186.480287959,179.757002114,184.973671815,184.035196008,182.058002756,179.426689667,188.585663127,188.456719782,188.304661323	tan	0.2	308000
349125	0,1,2,3,4,5,6,7,8,9,10,11,12,13,14,15,16,17,18,19	194.410948972,191.55649318,188.913233863,195.257452541,199.502901585,196.654956429,199.35242767,199.918022248,191.111551501,191.455098211,192.407386271,195.760137994,198.93633389,194.820666451,191.743748723,193.084850024,199.743862922,195.505993648,199.687272044,199.939961298	tan	0.2	308000
349136	0,1,2,3,4,5,6,7,8,9,10,11,12,13,14,15,16,17,18,19	195.115145566,208.195183891,205.436083262,201.56800611,205.948822778,204.784901008,208.207009749,202.682979534,203.423590569,209.799068469,207.37281531,203.346084545,202.986547522,207.423779907,206.426634745,202.631483501,209.047787446,206.75640413,206.314470848,216.201095572	tan	0.2	308000
348475	0,1,2,3,4,5,6,7,8,9,10,11,12,13,14,15,16,17,18,19	193.193063581,197.253483438,196.53042129,198.530856764,191.908178091,195.493087722,198.854760845,193.471784771,200.921516365,199.839301503,201.139735786,196.631739758,196.668235108,200.956978644,197.429918739,197.84417783,195.4228982,200.795347574,199.856390184,199.456182149	tan	0.2	308000
348616	0,1,2,3,4,5,6,7,8,9,10,11,12,13,14,15,16,17,18,19	189.079066126,197.284841692,197.445801313,196.460782361,198.452409533,199.089910844,201.537313131,195.736603025,203.186735919,200.35325449,194.132617638,194.588797886,201.944300868,194.063986829,204.190475286,198.680030862,195.783783905,202.762755123,202.030133034,205.278585387	tan	0.2	308000
350079	0,1,2,3,4,5,6,7,8,9,10,11,12,13,14,15,16,17,18,19	184.453248938,189.639214705,197.302471419,194.76204758,193.687714028,196.054892699,197.135192623,197.506890666,194.837968243,190.971883575,199.907688363,198.489257939,198.447434147,198.278746457,200.751855902,197.234018185,201.092397499,200.930982528,197.349606243,203.880654591	tan	0.2	308000
349834	0,1,2,3,4,5,6,7,8,9,10,11,12,13,14,15,16,17,18,19	178.763105821,183.95932148,176.430908706,182.266930207,180.550725754,183.522876536,182.690480882,180.139453444,181.621438111,184.837793799,182.879080497,186.748485753,182.2024928,184.172868774,181.811685579,185.124101052,184.250330498,190.593599373,190.81358816,187.537246295	tan	0.2	308000
349948	0,1,2,3,4,5,6,7,8,9,10,11,12,13,14,15,16,17,18,19	203.808739549,209.362073315,204.320068327,202.546054928,211.511996802,208.474459138,206.473700281,211.445682104,204.597668817,204.094268235,205.939407022,213.169747289,207.190074123,210.379123833,207.262380929,209.733045608,213.547140739,207.942428959,212.99044297,213.617995791	tan	0.2	308000
351036	0,1,2,3,4,5,6,7,8,9,10,11,12,13,14,15,16,17,18,19	192.999998052,193.522950975,200.550815862,195.420773828,198.670374233,198.04288665,195.554988028,200.66308263,195.430503025,202.758433335,198.149223776,198.146722627,197.85766275,202.681140041,200.322243969,196.124208166,198.812872732,202.899055357,203.586535987,208.972839478	tan	0.2	308000
351389	0,1,2,3,4,5,6,7,8,9,10,11,12,13,14,15,16,17,18,19	197.413396733,201.173230597,202.007075653,204.062127898,204.124213801,204.004437567,200.137780123,206.442345329,205.188884903,205.56173522,204.402095223,207.065061713,206.190079568,201.696593359,210.010553273,204.356247722,211.552722444,203.609784854,207.543868171,210.368464724	tan	0.2	308000
348153	0,1,2,3,4,5,6,7,8,9,10,11,12,13,14,15,16,17,18,19	200.448409491,199.419336063,196.719173817,201.66735853,205.507631938,200.770764717,196.273948067,197.65136676,205.456380002,199.142486038,200.691004001,204.572222526,202.174496805,202.498001869,199.695897757,198.819664262,199.876220457,206.66144892,200.474608959,209.258423549	tan	0.2	308000
351318	0,1,2,3,4,5,6,7,8,9,10,11,12,13,14,15,16,17,18,19	189.571639528,186.612728555,194.201117244,193.102785731,194.17324686,193.981850042,192.175447818,188.493444863,189.525227258,195.835730994,196.700226403,193.70846988,189.079704433,192.173731153,191.450053636,191.778228659,197.092171273,193.213121435,192.594653658,204.691193013	tan	0.2	308000
349145	0,1,2,3,4,5,6,7,8,9,10,11,12,13,14,15,16,17,18,19	196.698744999,206.313996329,203.514142549,200.688911505,207.311146577,201.510057494,206.489740218,209.647926614,201.357388463,209.485480683,204.703785114,210.734735763,207.973159039,206.210820866,209.638745523,205.861758933,208.520931288,211.760014671,213.694573144,207.628495542	tan	0.2	308000
348753	0,1,2,3,4,5,6,7,8,9,10,11,12,13,14,15,16,17,18,19	210.246783256,212.465065509,213.728054245,216.031235373,215.477917857,215.820605271,213.001265372,214.544975948,220.369559831,221.59066825,214.761920931,216.184762362,218.330133264,217.273711874,221.552833323,216.892416258,218.764848323,220.703432724,216.368446763,223.91901079	tan	0.2	308000
351812	0,1,2,3,4,5,6,7,8,9,10,11,12,13,14,15,16,17,18,19	180.12436329,184.052914292,177.432288314,183.022706743,187.024500502,178.59141892,178.30525729,184.121884183,187.628210842,185.165839475,180.637632644,185.861967072,187.657866697,185.970350367,184.405038466,187.286060357,181.480195157,190.315958405,188.202344135,186.308255184	tan	0.2	308000
349180	0,1,2,3,4,5,6,7,8,9,10,11,12,13,14,15,16,17,18,19	185.041472526,185.166896848,191.469413268,189.146846582,192.529476418,189.558159258,184.687628025,191.517563138,193.168085195,190.607250573,192.704662572,185.619562293,186.924295973,192.775777966,193.407093156,195.197828031,186.332542196,191.519983797,189.986588131,191.344432237	tan	0.2	308000
349605	0,1,2,3,4,5,6,7,8,9,10,11,12,13,14,15,16,17,18,19	195.743212243,199.264713736,206.024314013,207.814609946,201.49445437,207.483942436,204.314826965,209.764375264,208.607760339,201.771389698,209.69302075,205.158818665,203.815496361,206.121561365,202.669817424,210.335409479,212.01910198,210.37117278,212.939646297,215.90108346	tan	0.2	308000
130774	0,1,2,3,4,5,6,7,8,9,10,11,12,13,14,15,16,17,18,19	65.2953465998,34.5802965652,32.1294882202,0.704843224198,-15.1795058266,-20.1329616446,-38.3889226622,-47.4064441356,-35.9391649259,-62.2007980718,-59.0474924843,-62.7070969869,-63.1887958831,-67.8401002797,-63.6242504899,-76.5755758388,-76.9772240612,-84.5182236026,-82.4481684036,-77.1389496538	exponential	0.2	88000
131103	0,1,2,3,4,5,6,7,8,9,10,11,12,13,14,15,16,17,18,19	190.737020507,166.431525264,145.761783326,130.648252571,104.217996465,102.711396554,84.6259126458,69.1902187632,69.0259580984,63.4833989868,66.3426102826,68.154286032,60.8507288767,60.2582896984,44.20432007,38.4711520316,50.1481400074,41.7625164999,52.4311750306,46.6303607991	exponential	0.2	88000
130810	0,1,2,3,4,5,6,7,8,9,10,11,12,13,14,15,16,17,18,19	105.364631358,67.816521186,52.0912043387,26.6563476277,13.7192587512,-0.291571700383,3.22441505322,-12.0253513797,-23.9301552211,-24.0540301868,-33.7899941415,-29.593356578,-33.5627949384,-41.1760988247,-47.8709051668,-43.632808469,-48.7315709588,-33.6850143498,-40.1178890253,-45.3528188336	exponential	0.2	88000
131618	0,1,2,3,4,5,6,7,8,9,10,11,12,13,14,15,16,17,18,19	166.855145604,136.598436144,122.920302527,96.3871123915,88.9223925579,73.5116219251,69.7857248991,50.5019331285,45.5825398473,34.4077612775,33.2434695118,37.872481047,38.6747867342,24.052119327,24.3834116704,24.6462280706,24.4379923545,12.3383746562,12.3268999133,24.1672328881	exponential	0.2	88000
129074	0,1,2,3,4,5,6,7,8,9,10,11,12,13,14,15,16,17,18,19	271.241953542,245.351652656,243.472380278,214.424671731,199.919749451,184.925118988,187.431533531,162.220083734,157.47801207,154.387384643,160.094380547,143.940216887,138.351039942,143.362785264,146.155364316,149.710724268,140.555999135,132.107048658,143.006714933,135.320378794	exponential	0.2	88000
131125	0,1,2,3,4,5,6,7,8,9,10,11,12,13,14,15,16,17,18,19	251.012137908,236.145053211,199.289155427,196.176780261,170.759027256,155.400509497,155.710830091,134.636939653,138.47087335,133.130913674,116.925665378,117.484244257,129.029616843,116.351979292,115.744719023,107.538457198,109.350700455,111.477756908,104.526163491,97.6843267569	exponential	0.2	88000
129337	0,1,2,3,4,5,6,7,8,9,10,11,12,13,14,15,16,17,18,19	244.934248075,220.822135741,186.585114159,167.777440747,154.596084295,146.006203095,131.768977256,139.243482168,118.358617299,115.977244362,109.32011032,120.15379363,116.327621152,101.498708279,110.91682217,91.0824205863,99.9947723945,102.644412719,99.4510092562,101.965249736	exponential	0.2	88000
130958	0,1,2,3,4,5,6,7,8,9,10,11,12,13,14,15,16,17,18,19	91.7920625031,60.2852427457,46.3670046091,33.010726793,14.5400535206,-7.36814359671,-10.5524131098,-23.6970891123,-18.1002168857,-36.8651152189,-33.5442844428,-29.696398808,-37.6933455813,-52.8727247495,-41.2661144696,-44.8023918784,-50.2647679017,-54.7771335916,-60.7345268698,-49.533865284	exponential	0.2	88000
129308	0,1,2,3,4,5,6,7,8,9,10,11,12,13,14,15,16,17,18,19	2.74183913291,-29.3692909718,-36.5310429879,-50.730650328,-75.1810099292,-88.5947840324,-104.211359756,-97.7073965823,-119.474884427,-106.545380672,-118.467922493,-131.743615434,-136.774606192,-133.265760083,-139.26989026,-125.953359745,-127.779671871,-135.970132176,-134.427256411,-135.479291339	exponential	0.2	88000
131334	0,1,2,3,4,5,6,7,8,9,10,11,12,13,14,15,16,17,18,19	180.16187599,150.792191223,127.064673255,118.183288993,108.148086413,100.561159053,85.2918282067,81.1578038062,74.8872534319,64.2125001102,48.8756866016,50.365335027,39.6346463904,36.3805771395,46.0595873375,38.7021003612,45.1048125218,31.1735359271,46.4375580647,32.3647267814	exponential	0.2	88000
130217	0,1,2,3,4,5,6,7,8,9,10,11,12,13,14,15,16,17,18,19	20.098135464,-8.84580142369,-10.4759006241,-34.974190717,-50.7044878794,-75.010683771,-65.1040305046,-90.9494789306,-96.5864746055,-94.0341423147,-105.050125322,-98.6966626578,-113.885324346,-106.775276945,-116.465159795,-116.643876265,-126.141694431,-117.039133306,-114.08925944,-128.398205788	exponential	0.2	88000
131426	0,1,2,3,4,5,6,7,8,9,10,11,12,13,14,15,16,17,18,19	192.066255635,169.689537825,157.311296216,131.695735969,119.911206928,108.211211331,109.938563306,85.0576254105,83.5625236934,74.7287335739,82.6146245206,77.8989716228,60.2575618598,63.6682481453,51.8426347273,62.3849248284,60.2033262207,45.4930496274,55.6794829071,54.1775809031	exponential	0.2	88000
130909	0,1,2,3,4,5,6,7,8,9,10,11,12,13,14,15,16,17,18,19	13.899371427,-0.529570875812,-26.898231273,-46.118306185,-51.658464444,-77.2589379428,-89.1539082567,-96.3242736653,-104.461514188,-98.1938080444,-114.480465719,-112.010796922,-110.971558504,-109.939457539,-122.530626127,-134.568678305,-135.175229209,-131.013101393,-128.31851691,-129.526727847	exponential	0.2	88000
129531	0,1,2,3,4,5,6,7,8,9,10,11,12,13,14,15,16,17,18,19	136.571963933,101.935554121,69.953165896,66.3982189594,43.5483461185,30.9133098914,28.9363572948,21.7663139365,16.002497597,3.12227370008,-0.922584043418,2.66007741231,-2.04244677083,-4.92700842366,-7.27435265258,-20.9412805066,-17.2995700622,-13.6549626368,-29.2256776347,-8.78145850703	exponential	0.2	88000
131870	0,1,2,3,4,5,6,7,8,9,10,11,12,13,14,15,16,17,18,19	104.024745838,84.1661401686,56.3235623404,47.1929355142,25.4387139548,24.9120821207,8.07509877639,4.73861173792,-11.2648415653,-25.3246145227,-13.1264156621,-33.6696637521,-31.5781209081,-34.3733120785,-25.4321828925,-36.6590117642,-39.6824857804,-28.9896772985,-37.0960036538,-43.6935722757	exponential	0.2	88000
131768	0,1,2,3,4,5,6,7,8,9,10,11,12,13,14,15,16,17,18,19	17.8901868767,-1.29499526329,-19.4124862792,-47.1902161577,-64.2340757513,-78.8522564136,-77.0343405485,-76.8740170583,-103.735627166,-110.130658431,-99.0964201269,-100.931819626,-120.704893037,-113.713482145,-107.764345795,-118.847356539,-126.436737942,-114.096553904,-112.759842273,-127.403991693	exponential	0.2	88000
129112	0,1,2,3,4,5,6,7,8,9,10,11,12,13,14,15,16,17,18,19	236.404590342,212.324495516,175.0157422,168.893068204,161.901939297,140.747405627,133.42096461,112.481269028,108.712355471,100.818192604,113.532171651,89.2219497708,94.9142835553,83.5868827353,102.182607418,94.2436361166,90.719654104,95.2798568616,83.8391775752,83.3025100391	exponential	0.2	88000
128088	0,1,2,3,4,5,6,7,8,9,10,11,12,13,14,15,16,17,18,19	75.7418721647,62.7896437827,22.1366290066,14.4086361735,-8.6965914001,-16.5252642005,-19.7963399998,-23.7013998591,-41.5495701539,-42.1193740135,-51.5082885379,-56.5406247439,-52.237149146,-59.6423352222,-64.7801537063,-71.5046979283,-62.7481341566,-63.5036820737,-63.6237715722,-68.2838510937	exponential	0.2	88000
131649	0,1,2,3,4,5,6,7,8,9,10,11,12,13,14,15,16,17,18,19	70.5283025433,56.2777522108,17.8709175521,-0.412187716394,1.00812112856,-18.8382511029,-24.0418785112,-42.1174660688,-51.9684599121,-45.7159820365,-49.110714881,-55.8071114278,-66.282986902,-53.8013232665,-59.1000486486,-70.2589869131,-63.470870128,-69.0624254498,-76.1559687861,-69.8209629095	exponential	0.2	88000
131319	0,1,2,3,4,5,6,7,8,9,10,11,12,13,14,15,16,17,18,19	134.647315515,105.926648227,88.9046143601,71.4195851389,55.1137932169,42.9497095009,39.6775697357,20.7524066685,10.9186454455,3.27447899238,13.0075474845,1.02723338076,-1.76051770265,8.27923379772,4.48185754304,-9.90456191354,-14.6949141132,-5.82216050884,-6.49349029371,-14.0266210244	exponential	0.2	88000
129586	0,1,2,3,4,5,6,7,8,9,10,11,12,13,14,15,16,17,18,19	115.080497894,87.7966724753,54.6562198964,44.5851141006,18.7114432401,15.1041233362,-2.2848912997,4.5299990399,-4.74136606535,-24.3387264139,-14.5107136375,-29.9982728049,-26.9527426669,-37.2383910907,-34.5686052219,-32.521819193,-46.8764450155,-34.6412700537,-41.5730789254,-44.0891832426	exponential	0.2	88000
129423	0,1,2,3,4,5,6,7,8,9,10,11,12,13,14,15,16,17,18,19	110.333916895,86.477293708,74.5621483411,38.4540954528,27.6201156964,23.2328440904,8.11373265896,10.1341190913,4.73191409999,-7.5105918927,-9.29249829164,-23.6358820062,-31.6650428628,-18.9604916669,-25.4830750225,-39.0946995789,-30.6232822707,-40.10592612,-26.8423560784,-30.3529672751	exponential	0.2	88000
129962	0,1,2,3,4,5,6,7,8,9,10,11,12,13,14,15,16,17,18,19	221.378491587,191.977379283,174.062884945,148.855340886,152.258607761,134.447560679,121.548620697,102.440258935,112.249111353,95.4776403837,102.55436148,95.8330338652,76.4816230519,75.1802485676,86.5088558955,80.3396604427,67.3200487202,68.4574430923,73.618621811,67.1768931398	exponential	0.2	88000
128426	0,1,2,3,4,5,6,7,8,9,10,11,12,13,14,15,16,17,18,19	20.4149992684,5.61027949314,-6.99447083332,-36.3555723077,-38.8694980298,-64.1957233726,-71.4598523645,-80.689211988,-82.8391184699,-88.430406027,-93.7604612315,-108.176585758,-93.4009905238,-109.647044465,-117.687680102,-102.745628607,-108.131015942,-109.692890567,-113.475209613,-114.845007739	exponential	0.2	88000
130300	0,1,2,3,4,5,6,7,8,9,10,11,12,13,14,15,16,17,18,19	229.209045661,206.796785116,200.159276098,174.90358346,151.40226821,138.937153171,136.240248708,117.291714676,121.899538549,118.215608695,111.176690279,115.059162607,106.602299306,95.2045519643,87.1821901236,98.325561477,89.6973921113,86.2686683241,95.7642694941,83.171865434	exponential	0.2	88000
128786	0,1,2,3,4,5,6,7,8,9,10,11,12,13,14,15,16,17,18,19	171.664597047,150.410250822,143.136686164,114.543807252,111.536930253,88.5918246986,83.3892995632,77.2040740697,64.9850861966,71.2461421546,51.3673015224,43.6775587836,59.3455617053,40.9697039466,37.2462248749,52.2190324068,39.0997715639,41.8475631445,46.6404680467,47.2111413397	exponential	0.2	88000
128539	0,1,2,3,4,5,6,7,8,9,10,11,12,13,14,15,16,17,18,19	273.320005511,257.435554712,243.230455357,220.949475303,194.268187188,190.426623501,168.332399033,166.552366882,169.438631052,148.498860255,159.366799304,154.162903882,147.930441432,133.759165383,149.26811824,129.939775228,136.897661553,139.293591359,138.417093106,126.522023215	exponential	0.2	88000
128740	0,1,2,3,4,5,6,7,8,9,10,11,12,13,14,15,16,17,18,19	76.5494133573,52.9255648746,28.3002541066,16.4129449435,15.3635604948,-10.8643993692,-13.2964329562,-20.9875774338,-42.3218437004,-31.3527698462,-44.3510300573,-48.4774266617,-46.5663052486,-43.8009735425,-50.5536110172,-58.0627008049,-48.9246012449,-65.0114677943,-65.2624355119,-62.5607287749	exponential	0.2	88000
128831	0,1,2,3,4,5,6,7,8,9,10,11,12,13,14,15,16,17,18,19	22.2971396458,5.42855866023,-28.0472916843,-31.6026840358,-61.4229958572,-71.098530844,-86.349253463,-92.3657978053,-96.9744769483,-99.7587053301,-93.9431091971,-98.9759816698,-111.649803867,-105.535774425,-124.240212588,-116.579094728,-108.793006715,-129.749275769,-115.99351543,-121.263102917	exponential	0.2	88000
131916	0,1,2,3,4,5,6,7,8,9,10,11,12,13,14,15,16,17,18,19	166.175531706,148.48254002,123.244188579,103.557849528,99.0731024036,73.0526935205,60.8260848588,57.9979219147,49.6741871415,42.6478629714,35.4539294129,38.6084015293,44.1115046696,40.4277079553,27.5358626913,30.5796370561,20.3466778117,37.0328236724,33.0640645765,26.9661419444	exponential	0.2	88000
131209	0,1,2,3,4,5,6,7,8,9,10,11,12,13,14,15,16,17,18,19	33.0887810763,-2.99828572056,-17.4851170614,-23.2084225749,-39.3617315663,-67.8172584356,-67.3983982745,-66.7824473964,-95.2840308821,-81.6678526259,-98.8416830292,-106.294563524,-103.272996885,-112.414093833,-100.419176222,-108.632409175,-110.346459117,-111.950411452,-110.482120428,-110.629595268	exponential	0.2	88000
129422	0,1,2,3,4,5,6,7,8,9,10,11,12,13,14,15,16,17,18,19	185.281346552,173.822195743,141.561838547,116.549027989,120.745428592,95.6657906543,91.4439052524,77.3231063692,80.1501324092,75.6068344937,72.2234813638,60.8757123619,62.7807836893,55.6408583017,44.4805191131,53.6030554514,51.4724742521,49.1788941494,39.3657404348,43.4549361434	exponential	0.2	88000
131703	0,1,2,3,4,5,6,7,8,9,10,11,12,13,14,15,16,17,18,19	38.3982358694,15.1892048254,-0.518642790898,-24.4601402536,-47.5697049141,-43.8404123596,-62.7219176182,-61.1529436509,-69.1119907365,-82.2250217027,-76.3051214688,-91.7987475108,-96.3960534907,-93.3734814713,-95.1198974578,-111.570820191,-95.9211486107,-94.6337654296,-109.455252304,-103.472085275	exponential	0.2	88000
128809	0,1,2,3,4,5,6,7,8,9,10,11,12,13,14,15,16,17,18,19	265.468490804,238.73504369,211.073973323,203.38660702,188.604308188,180.357524882,162.843975296,163.491559577,147.045330538,147.520215786,147.365942581,133.607378851,130.136727481,135.215000497,118.598496805,120.406165325,120.430477564,124.747530526,117.381799429,118.069645521	exponential	0.2	88000
131631	0,1,2,3,4,5,6,7,8,9,10,11,12,13,14,15,16,17,18,19	134.722340549,95.4569943058,85.413952008,57.9204424366,36.9264205828,27.9214513894,35.1476861889,18.052092702,-0.589076662426,-6.22261173794,7.27175764514,-1.09429782328,-13.1196984269,-5.14210713894,-16.6850363094,-10.3128643423,-8.38409024132,-10.2526892661,-14.4029379167,-9.70462294902	exponential	0.2	88000
129905	0,1,2,3,4,5,6,7,8,9,10,11,12,13,14,15,16,17,18,19	247.388990458,214.551160551,203.280214838,182.248070038,165.41020864,160.267495343,149.69751715,146.427659888,128.157102675,135.353666225,114.515593678,118.650226426,107.196562829,118.975220627,114.451029153,105.279780082,107.089780764,103.489593725,98.434123996,94.8953821161	exponential	0.2	88000
130933	0,1,2,3,4,5,6,7,8,9,10,11,12,13,14,15,16,17,18,19	217.870903699,193.777162691,179.706102555,162.104134465,147.485255996,125.165722533,124.062224706,110.323223097,113.992039403,97.5379272324,108.299192487,86.6386297439,98.4921607196,84.2789628571,74.9851107835,87.1870777037,78.4664202022,79.3629168606,77.7473562547,72.3931392923	exponential	0.2	88000
128067	0,1,2,3,4,5,6,7,8,9,10,11,12,13,14,15,16,17,18,19	10.0323604312,-18.4396317531,-34.5753348479,-50.9213668494,-69.8725375116,-87.049922825,-84.8286333532,-102.743583563,-107.453146634,-104.539403036,-120.661010016,-116.550685107,-120.851115847,-123.259266721,-136.415084646,-130.387360766,-132.524890286,-139.970056352,-123.536785989,-138.56625138	exponential	0.2	88000
129079	0,1,2,3,4,5,6,7,8,9,10,11,12,13,14,15,16,17,18,19	247.926360671,227.681410251,214.203394044,194.114530086,177.121588372,171.207573146,165.335205714,143.335912369,131.208424204,135.779543137,132.006032341,126.845297073,119.929956816,115.812581839,109.721358405,114.395360791,118.561648256,114.622311189,103.247870323,109.559015136	exponential	0.2	88000
128423	0,1,2,3,4,5,6,7,8,9,10,11,12,13,14,15,16,17,18,19	200.344992742,163.764031266,150.905547257,123.987083694,110.898239199,106.305709016,106.914232174,94.2685817458,75.5150904966,79.1282772212,66.8813793356,77.1101871501,62.7469354307,54.4635826183,48.3172117041,50.9991620559,61.7998142956,54.8016203098,46.222716345,52.3843677789	exponential	0.2	88000
131456	0,1,2,3,4,5,6,7,8,9,10,11,12,13,14,15,16,17,18,19	243.730575927,235.054073005,201.194773119,196.897323837,171.663928009,156.140326554,148.297053556,143.885139972,141.278318869,139.54354963,127.219461715,130.401109751,127.289549869,107.150506354,123.745292143,118.54839041,121.505626273,104.153792024,117.509683089,102.550748539	exponential	0.2	88000
131278	0,1,2,3,4,5,6,7,8,9,10,11,12,13,14,15,16,17,18,19	112.924499322,88.6163924645,58.4954404627,46.3484902648,29.7430373769,8.63797281143,0.799627882993,-11.1469819033,-5.22520327669,-21.141738021,-18.4191280395,-22.7687938661,-23.5497521795,-27.8505114474,-39.775358914,-42.7767215593,-43.0834526965,-40.5114909048,-34.6944599577,-29.5758001843	exponential	0.2	88000
130329	0,1,2,3,4,5,6,7,8,9,10,11,12,13,14,15,16,17,18,19	78.6214250539,59.5233311532,48.0215882281,20.7195401522,9.2585166923,-3.04106995568,-16.1706282728,-21.8680635982,-35.9199102817,-29.3031758521,-40.5082715482,-50.349662681,-38.3030539767,-45.789179384,-58.0361230939,-48.357321974,-63.4391063048,-50.4849419428,-63.9618831541,-69.3551041121	exponential	0.2	88000
130322	0,1,2,3,4,5,6,7,8,9,10,11,12,13,14,15,16,17,18,19	114.330643018,83.0292112691,50.4516621591,42.3031753091,31.2875168034,8.02951004521,0.0255662110975,-6.31187669721,-10.1486854979,-24.2447899735,-19.2047268442,-24.9952609394,-30.0623119974,-39.6497857542,-22.2906118209,-34.004351209,-46.9349466661,-38.9593642025,-46.2206258029,-41.6939516565	exponential	0.2	88000
130309	0,1,2,3,4,5,6,7,8,9,10,11,12,13,14,15,16,17,18,19	112.297161832,91.0070128774,68.6665488124,44.2224562758,25.7281402199,13.00030407,2.31073962602,12.35507,-1.96295091065,-12.0617772584,-14.4745453197,-14.1770595185,-23.0985456465,-25.508537623,-23.1896047296,-32.8928407137,-39.1753431466,-43.5892591912,-43.9738730233,-30.3891041473	exponential	0.2	88000
129684	0,1,2,3,4,5,6,7,8,9,10,11,12,13,14,15,16,17,18,19	83.9255279488,58.1681520165,28.2376043829,6.50380624579,-8.91380026014,-4.35277454127,-15.1710745107,-33.677553257,-40.1349136704,-49.016650721,-50.1232649619,-41.0006022555,-48.8174538412,-46.2128382049,-56.5325416938,-66.9337089711,-52.2041337673,-69.6253421804,-55.2497368879,-58.5698569801	exponential	0.2	88000
131661	0,1,2,3,4,5,6,7,8,9,10,11,12,13,14,15,16,17,18,19	249.477167734,218.446162273,206.679181197,168.632807343,165.493083868,159.91538463,148.893049942,142.893654256,130.82881768,111.902059337,117.408879706,115.416890305,100.536748807,106.292699141,105.757308935,93.7317551331,108.349860828,89.612501327,100.553163688,105.631269801	exponential	0.2	88000
130125	0,1,2,3,4,5,6,7,8,9,10,11,12,13,14,15,16,17,18,19	-3.46648401518,-15.546627368,-46.4633160451,-50.8319135202,-63.2353588035,-75.6135315637,-97.2753087554,-110.565365094,-110.871320045,-113.484339705,-113.413487035,-115.260874268,-125.063910646,-132.232300818,-128.140157781,-140.599016564,-128.778132135,-128.171336494,-135.032078638,-129.436065366	exponential	0.2	88000
128489	0,1,2,3,4,5,6,7,8,9,10,11,12,13,14,15,16,17,18,19	214.670668483,183.650736889,164.092244799,145.669555434,136.789880484,113.552895207,115.430930254,97.9518727694,83.2779369473,86.6718892898,89.3313467542,80.8507127467,65.5082198899,61.0593753265,64.8156906412,69.3558495317,66.5872882974,63.1759925846,54.2291072699,68.0599635305	exponential	0.2	88000
128494	0,1,2,3,4,5,6,7,8,9,10,11,12,13,14,15,16,17,18,19	193.215964254,158.755272547,137.661985258,119.887913584,102.659019095,99.9424049114,94.8509835832,84.4043306781,66.3166978106,74.9218568019,72.194400789,53.5762249852,57.0179704281,48.626383741,56.1917561806,53.9637162014,49.2774804002,44.8983012563,35.7638800984,47.4406386916	exponential	0.2	88000
128586	0,1,2,3,4,5,6,7,8,9,10,11,12,13,14,15,16,17,18,19	98.9350341028,63.0298798614,44.6390698813,28.8842850722,-0.326291652626,3.06497242763,-19.203905135,-19.1806703799,-18.5843721629,-33.2965183143,-47.7231788174,-47.9004368009,-38.033743378,-43.0076194146,-57.2287234448,-53.6337893575,-60.5852063589,-65.4623362657,-53.8004062483,-54.3783902893	exponential	0.2	88000
128413	0,1,2,3,4,5,6,7,8,9,10,11,12,13,14,15,16,17,18,19	275.931950502,248.003250064,219.738952667,193.100945066,196.066771479,173.587622151,170.120905126,148.480709411,159.151956122,144.679950148,140.209058338,144.434401712,141.589484773,128.633347664,117.675755357,119.189803989,122.42412422,131.719062993,127.843647576,112.280093839	exponential	0.2	88000
128407	0,1,2,3,4,5,6,7,8,9,10,11,12,13,14,15,16,17,18,19	35.9889857719,15.177627607,-1.92522018563,-20.8648153224,-43.8908488651,-44.0085111203,-45.7359654073,-56.766052535,-81.5937310416,-79.9779933957,-77.4106576769,-77.6338659748,-84.7787910512,-95.9892065835,-83.3117494915,-86.8101373024,-105.889663596,-99.8323149674,-95.6494042594,-106.688116834	exponential	0.2	88000
128528	0,1,2,3,4,5,6,7,8,9,10,11,12,13,14,15,16,17,18,19	27.2419703357,-1.03758592273,-22.8046068118,-47.7642170287,-52.6047370245,-67.3756455929,-84.3772021325,-84.6341219968,-87.3950124173,-97.4149701507,-92.5626505985,-109.36655757,-109.591743222,-110.295751663,-105.264677379,-106.573591374,-113.246796629,-114.303615702,-110.187026946,-112.539706757	exponential	0.2	88000
130162	0,1,2,3,4,5,6,7,8,9,10,11,12,13,14,15,16,17,18,19	121.383328398,83.1980059918,65.2037732831,46.2030518462,27.6865603616,16.8057071668,10.6206952086,15.7601372757,-9.07394144077,-10.0176257541,-2.60408100106,-17.886517604,-24.0910498282,-12.8570245538,-28.977709003,-22.3137684734,-20.663910347,-31.0580152849,-30.517726591,-21.9626650815	exponential	0.2	88000
130064	0,1,2,3,4,5,6,7,8,9,10,11,12,13,14,15,16,17,18,19	259.119165858,228.899333992,200.471502108,182.868428926,170.219144941,153.088052624,154.976901306,133.066797325,138.71839104,125.94854922,130.857821626,117.426830359,113.543667318,115.379973546,122.912450552,118.025861778,112.987871642,111.248849295,99.1794098864,97.5881388194	exponential	0.2	88000
129757	0,1,2,3,4,5,6,7,8,9,10,11,12,13,14,15,16,17,18,19	225.719205421,192.017964353,186.544198492,168.121861355,150.001956681,137.222406183,118.264778661,105.370862242,107.38968752,110.134741815,89.8795747099,89.8880338166,95.9205378806,88.7014486565,92.7688800413,90.5772036206,73.9082454608,88.8897437232,89.4585927519,70.1942976448	exponential	0.2	88000
128442	0,1,2,3,4,5,6,7,8,9,10,11,12,13,14,15,16,17,18,19	132.73117443,101.940172457,82.0843161998,56.2867440921,55.2975435644,32.7396894594,27.9843963034,26.1341672786,4.38178351645,7.29067534318,-9.63656942185,-15.8360623776,-12.266380983,-19.6791245527,-24.679523195,-13.7041511959,-9.81145754532,-23.0511986742,-16.0593396821,-13.8329173434	exponential	0.2	88000
130490	0,1,2,3,4,5,6,7,8,9,10,11,12,13,14,15,16,17,18,19	258.688261786,222.857054379,211.668577545,198.96949025,174.65474756,158.526424344,149.47297609,144.378778522,149.803454933,128.239610025,125.084617271,125.104231681,117.406028988,123.822390988,116.907775528,115.712175657,108.167428631,110.740324791,106.022268677,110.266714152	exponential	0.2	88000
131714	0,1,2,3,4,5,6,7,8,9,10,11,12,13,14,15,16,17,18,19	116.287805809,77.7286046468,64.535586307,58.4657883065,33.1750919023,22.5327060637,5.41330901832,-0.380117810304,4.61779425217,-19.3749667568,-16.5419623168,-19.3489314742,-18.2980416107,-33.0049566853,-20.8071323785,-20.3205435149,-30.4777899031,-21.9432110383,-36.5763566614,-28.141835374	exponential	0.2	88000
128443	0,1,2,3,4,5,6,7,8,9,10,11,12,13,14,15,16,17,18,19	38.8079562803,14.3094914271,-14.1813959204,-39.2248488909,-34.8503606814,-64.5294382193,-59.306027085,-68.465824199,-77.2640655809,-92.1867667967,-93.1285403933,-100.186688872,-96.099986084,-110.170648082,-97.2657185906,-116.213339449,-109.31535114,-100.718538013,-113.352156732,-118.999815278	exponential	0.2	88000
131316	0,1,2,3,4,5,6,7,8,9,10,11,12,13,14,15,16,17,18,19	37.8707136075,2.54214612886,-19.6978021838,-19.068145284,-47.6224632133,-54.9137814849,-60.9599670021,-75.9412248778,-73.4388551008,-93.5200023217,-86.2948096486,-96.0986513502,-88.7850847084,-95.2655119985,-97.4662823884,-114.57817095,-108.460114194,-105.82364459,-104.912264213,-105.057635275	exponential	0.2	88000
130668	0,1,2,3,4,5,6,7,8,9,10,11,12,13,14,15,16,17,18,19	139.627927318,100.260391602,84.8216977061,57.3068648418,44.2989968437,30.4750421283,18.3214735781,23.4830735023,22.345085162,0.844204488858,9.06020140904,-10.5986052484,4.25195371264,-2.5887644255,-5.62118105801,-7.04635419816,-15.243353561,-8.24832593316,-15.2132278506,-19.4131584996	exponential	0.2	88000
130400	0,1,2,3,4,5,6,7,8,9,10,11,12,13,14,15,16,17,18,19	236.599844632,220.486897184,197.17624579,182.077758546,160.436885098,141.878421951,135.215377632,138.948374307,127.069962344,121.799397627,108.2899516,100.955953214,98.6694038002,93.837995666,95.1162393274,90.5148509325,87.7703317411,106.086693502,85.7835371518,99.4234225209	exponential	0.2	88000
130535	0,1,2,3,4,5,6,7,8,9,10,11,12,13,14,15,16,17,18,19	99.2476798542,64.271217774,52.4182989074,25.1833056985,8.19840537412,7.04262369305,-1.29936280634,-18.3457597353,-9.629932222,-33.3317438665,-21.4572008284,-44.9012844437,-37.9130099937,-43.4583269652,-33.8320455987,-54.707176667,-41.8900973277,-41.9754864166,-59.3765963188,-40.3764199304	exponential	0.2	88000
129264	0,1,2,3,4,5,6,7,8,9,10,11,12,13,14,15,16,17,18,19	32.1602433703,3.73864335725,-6.10475532496,-24.9457589725,-53.3371577689,-69.2837325948,-63.395934016,-66.4767635626,-92.0991277844,-86.862676382,-96.2498393839,-89.758012406,-110.084136084,-95.5901186062,-96.4674265991,-113.855906139,-115.77053792,-112.550879986,-120.769307988,-117.99423865	exponential	0.2	88000
131284	0,1,2,3,4,5,6,7,8,9,10,11,12,13,14,15,16,17,18,19	255.124147901,230.071425541,193.775912002,175.487650547,167.5083157,155.573870165,138.253637612,143.26910072,135.82000149,129.180487905,111.892062691,113.678406673,115.555897722,111.815652513,97.1579926558,112.735991071,111.218338391,97.8074073506,99.9977477643,110.507402273	exponential	0.2	88000
129600	0,1,2,3,4,5,6,7,8,9,10,11,12,13,14,15,16,17,18,19	253.400655991,231.32270279,195.196823109,186.841292901,171.94771782,162.802322449,146.615978815,140.589027857,136.601941655,124.995154761,119.309445828,111.340988322,111.932694758,107.187651431,114.457287073,108.888732992,103.830054205,99.3947607988,96.694329042,102.603196369	exponential	0.2	88000
128821	0,1,2,3,4,5,6,7,8,9,10,11,12,13,14,15,16,17,18,19	273.72850434,244.093552269,216.994014992,197.498798519,192.22159343,165.130215057,171.280550033,150.459510385,137.736745655,150.416429831,131.455493893,140.105460079,133.767324271,126.493163583,125.365168206,113.39626581,112.348643172,113.530170863,126.529807302,125.530216458	exponential	0.2	88000
128181	0,1,2,3,4,5,6,7,8,9,10,11,12,13,14,15,16,17,18,19	190.000022945,173.279911158,144.781751638,145.13452352,111.513064321,113.096476356,106.513331583,81.4537237615,92.4135960771,83.4503499492,64.2334254241,60.8390756904,68.6345993835,66.4236434953,67.4444291725,50.2535548285,49.6465285289,57.5268888019,60.5778052398,47.2837453887	exponential	0.2	88000
130147	0,1,2,3,4,5,6,7,8,9,10,11,12,13,14,15,16,17,18,19	89.0430227078,65.0765574992,44.8369962983,43.6840568548,29.1583812451,16.8845193229,-1.95260171351,-14.4941006158,-16.8292832543,-16.6272210834,-19.1337554505,-23.9166844103,-42.8781316482,-29.8052938409,-42.6360217396,-48.7298498355,-54.39138473,-41.8889669434,-50.8038393278,-46.1445384712	exponential	0.2	88000
131697	0,1,2,3,4,5,6,7,8,9,10,11,12,13,14,15,16,17,18,19	23.8577645246,-4.45074367548,-22.1496731608,-52.8668058643,-56.1256386194,-61.0899983895,-89.5386912544,-81.224685914,-101.66282155,-101.737642819,-94.6977291094,-99.195262643,-103.337975151,-112.879335519,-123.144433722,-115.074288907,-131.62963536,-114.280523039,-132.675740159,-122.412506369	exponential	0.2	88000
129435	0,1,2,3,4,5,6,7,8,9,10,11,12,13,14,15,16,17,18,19	33.6736656515,11.8642060122,2.84237845303,-15.8953714957,-28.2033914351,-40.1254283393,-60.8002370947,-58.391735378,-61.7779271639,-77.4540995378,-82.7383545393,-97.1429852126,-94.2146534507,-83.0543260795,-90.7600516921,-88.8024150652,-87.9866781733,-93.0983414533,-92.5939291688,-104.473373131	exponential	0.2	88000
130318	0,1,2,3,4,5,6,7,8,9,10,11,12,13,14,15,16,17,18,19	270.991015312,243.892563108,238.037803909,208.688316279,188.610560894,179.73017686,180.449281162,156.374640797,167.628861804,142.910085382,157.662758688,147.760772621,133.522579488,138.785836102,130.887774872,140.721458126,138.4244023,133.550992403,139.413463754,139.222269548	exponential	0.2	88000
129585	0,1,2,3,4,5,6,7,8,9,10,11,12,13,14,15,16,17,18,19	278.940899053,252.057804451,248.517216514,222.274036258,209.433626999,200.544866317,190.394720171,173.829186392,170.461423273,155.501044297,161.033490721,156.624199015,151.599456253,147.067883495,150.705913861,154.381359145,151.459478528,134.229618773,150.207436261,140.735188086	exponential	0.2	88000
131892	0,1,2,3,4,5,6,7,8,9,10,11,12,13,14,15,16,17,18,19	84.9115462355,65.0675175839,46.3325145238,20.8781516144,0.309388937506,4.93134396188,-11.1031393942,-17.6959049201,-23.436507395,-43.2271798221,-28.7173677779,-49.2125001813,-54.1086591429,-56.7238625785,-44.4663830237,-57.8875091925,-48.0804387057,-43.9163907899,-66.7162030572,-58.5421373268	exponential	0.2	88000
129043	0,1,2,3,4,5,6,7,8,9,10,11,12,13,14,15,16,17,18,19	86.5758711595,69.5515596974,60.4008672192,33.4757524522,13.1812162246,-3.99423951588,-4.17921358196,-4.38107918978,-18.3802327765,-22.4765580064,-27.3192261938,-38.8475026189,-37.1670854837,-39.1140241204,-37.5508644103,-44.1105674351,-36.8214816083,-45.1181019354,-39.0306877449,-54.7367694912	exponential	0.2	88000
128256	0,1,2,3,4,5,6,7,8,9,10,11,12,13,14,15,16,17,18,19	22.7338120737,-1.64242373671,-30.4530823601,-28.2508311038,-62.0728586707,-75.5161038979,-78.9490135176,-73.3685605481,-83.8550813493,-88.3418375137,-95.9264635386,-95.2159647855,-105.77937275,-117.560373789,-121.056102408,-119.926565748,-121.379937082,-112.181243503,-114.133995496,-110.194505721	exponential	0.2	88000
129721	0,1,2,3,4,5,6,7,8,9,10,11,12,13,14,15,16,17,18,19	56.9086557232,43.1800622804,11.2706745739,7.95931710999,-16.4735923887,-21.1267970821,-28.4474661146,-34.2046576438,-58.2710251142,-47.1017795114,-52.2470531923,-55.2395631182,-55.2198784829,-68.9916041006,-71.746357577,-73.4139747326,-84.1461061737,-80.2875122984,-69.8033103906,-73.2321830512	exponential	0.2	88000
130908	0,1,2,3,4,5,6,7,8,9,10,11,12,13,14,15,16,17,18,19	81.3000435222,40.2231538629,33.3017830047,11.4765976168,7.98876349167,-24.9012693444,-15.0318389703,-25.7226990927,-35.6423710668,-39.7992682274,-40.782580402,-54.7894809747,-63.1789381783,-65.9830501616,-70.7403009796,-56.9733735627,-72.5943441989,-69.9939285826,-72.9409111264,-69.2078271247	exponential	0.2	88000
128615	0,1,2,3,4,5,6,7,8,9,10,11,12,13,14,15,16,17,18,19	177.494501799,136.062467272,119.514995097,99.1248321795,95.2798765256,77.7033887534,63.9419983198,58.5059604015,53.8020585752,40.8750296037,42.6390410115,41.1618708158,25.6190884961,22.9051129652,27.3838195657,33.6781710031,21.8955176182,29.1108243461,29.4557429132,16.5518022924	exponential	0.2	88000
128138	0,1,2,3,4,5,6,7,8,9,10,11,12,13,14,15,16,17,18,19	298.810180823,272.3154615,236.2177056,229.149948098,207.356356628,202.659024666,196.203828179,184.241039296,174.031393863,177.239150674,166.998747699,164.8940836,164.103573666,147.104736812,156.085391688,141.042269334,147.820062984,150.710754482,156.279490039,148.15982633	exponential	0.2	88000
129766	0,1,2,3,4,5,6,7,8,9,10,11,12,13,14,15,16,17,18,19	16.2632514794,-1.16485822695,-33.3403515033,-36.9092912725,-59.0258776669,-69.3249214859,-69.3690969019,-82.5502562554,-96.1809595188,-90.36349762,-100.870462004,-114.256877161,-106.953799557,-120.917612216,-127.834814594,-114.764538858,-116.355758503,-130.013563564,-114.67492381,-128.697023825	exponential	0.2	88000
131530	0,1,2,3,4,5,6,7,8,9,10,11,12,13,14,15,16,17,18,19	137.723994879,106.231348378,80.7474280347,58.9963407923,50.5023489614,31.8193986516,36.0463733567,13.6625171483,9.16709235388,15.6413837986,8.64955828583,6.49645717192,-2.13540343871,-9.86490533788,-17.8631086378,-8.53320076725,-10.9321987066,-23.3240055511,-6.39931846236,-18.3594632954	exponential	0.2	88000
129316	0,1,2,3,4,5,6,7,8,9,10,11,12,13,14,15,16,17,18,19	202.012453577,174.371935546,166.910925986,145.369502916,123.435065327,129.148510231,114.55783365,101.309123183,104.864529939,82.4487556148,90.0535757928,87.3061051869,69.1085261723,81.9027890929,71.1720364043,76.3763984637,76.1706841026,65.701218574,69.8770870355,71.34037606	exponential	0.2	88000
128402	0,1,2,3,4,5,6,7,8,9,10,11,12,13,14,15,16,17,18,19	116.221355868,81.1013970449,52.7619482822,48.5722653511,23.6262583143,20.7531844928,13.8668903998,-3.48321537693,-1.88586801891,-23.6703572464,-9.02531854741,-30.5871018709,-27.5075199518,-31.1534791795,-36.930461036,-36.3672462131,-36.518008565,-47.2073316426,-41.566379548,-47.7824158054	exponential	0.2	88000
128323	0,1,2,3,4,5,6,7,8,9,10,11,12,13,14,15,16,17,18,19	157.657249786,145.583354076,123.28976594,95.8511996501,80.3315204294,83.9524358508,57.1721832282,44.4865086165,43.0225795941,35.8684249608,30.2082047223,24.3400985793,34.4892953418,25.9628582929,34.4341458349,31.9674367806,25.1450435233,29.4104284685,26.9381897423,8.88393708931	exponential	0.2	88000
130765	0,1,2,3,4,5,6,7,8,9,10,11,12,13,14,15,16,17,18,19	111.694435974,103.481223426,64.1785303685,57.7676999838,32.546303817,35.2357871115,18.1397021822,4.76976822322,-5.46467633588,-4.94439530061,0.295737036308,-14.1568641561,-22.9245071693,-5.42300484417,-13.4670001771,-12.4392142176,-28.6795129629,-12.7737964849,-17.0721225494,-32.4824984445	exponential	0.2	88000
131481	0,1,2,3,4,5,6,7,8,9,10,11,12,13,14,15,16,17,18,19	264.272054506,245.01188827,223.719878512,203.088780861,185.72900811,171.915526068,162.339701151,172.147168359,157.334340809,140.806375315,154.028561545,130.278933367,132.468902971,138.862783484,121.967885664,129.012105603,121.417295771,132.932880245,118.917746906,127.353867019	exponential	0.2	88000
131428	0,1,2,3,4,5,6,7,8,9,10,11,12,13,14,15,16,17,18,19	208.387589552,174.82548862,157.026144353,139.405538877,129.993003487,113.147869091,106.540163908,102.106054463,100.825643748,85.3839258875,82.8695037987,70.4360560835,80.3837516419,63.350721904,77.8557385481,75.9008736626,63.1452596143,74.1460516185,55.1519924656,55.6184824063	exponential	0.2	88000
129130	0,1,2,3,4,5,6,7,8,9,10,11,12,13,14,15,16,17,18,19	241.394392242,235.244151127,212.968872879,196.285187262,171.386626859,169.593437199,149.785637636,132.958232547,130.15509996,120.068112891,117.085716406,120.346526328,107.637165722,105.466363605,103.574626568,107.449200375,103.905724063,108.457289937,109.08668698,109.69020732	exponential	0.2	88000
130861	0,1,2,3,4,5,6,7,8,9,10,11,12,13,14,15,16,17,18,19	113.217850854,83.1573248915,57.0578100962,47.2946386917,36.3109862049,17.0067232484,6.73246363306,4.28641211884,-3.96977299632,-5.53325312786,-14.0067079406,-11.3882835981,-29.4071027223,-17.8463548963,-29.0034079704,-28.976497387,-41.1336793316,-42.8219770217,-25.6299337555,-46.2482271589	exponential	0.2	88000
128945	0,1,2,3,4,5,6,7,8,9,10,11,12,13,14,15,16,17,18,19	32.2897049248,10.7330748517,-6.05152005074,-25.6394130996,-45.1847899274,-60.7976851251,-69.683738004,-79.6429317546,-76.0654443331,-91.5437682604,-88.4963453247,-88.9636247314,-99.6978149941,-110.009724354,-109.654310485,-109.686561194,-100.703293135,-107.307189925,-116.877028864,-103.515041462	exponential	0.2	88000
129326	0,1,2,3,4,5,6,7,8,9,10,11,12,13,14,15,16,17,18,19	23.1126610583,9.27411509234,-9.92572682617,-38.7739376345,-50.9422246316,-64.6795162827,-65.9498630865,-87.5769437185,-83.6356744351,-89.454685526,-105.800119574,-98.5394241637,-108.788761453,-106.399351483,-110.520634842,-115.715771941,-121.830219634,-124.268944017,-115.317045186,-108.612382745	exponential	0.2	88000
130288	0,1,2,3,4,5,6,7,8,9,10,11,12,13,14,15,16,17,18,19	13.266000937,-10.3995081288,-30.8162070389,-61.0072070423,-56.2814876939,-83.2217780114,-97.0476775619,-104.019921292,-92.5764893256,-113.975405502,-120.302407943,-120.800431258,-113.113338596,-120.077205656,-117.151649443,-125.129445777,-126.303417941,-130.677061002,-130.423764179,-127.947787838	exponential	0.2	88000
131570	0,1,2,3,4,5,6,7,8,9,10,11,12,13,14,15,16,17,18,19	173.366632486,138.340163233,123.676631014,112.961206185,100.493206288,86.4237817349,68.229467031,55.2262507327,52.951542906,40.2819363463,36.4080777368,32.9939080652,29.6834336001,41.3879878139,31.9031054119,25.6499342265,16.4607758296,18.3710197698,30.015881295,34.6930399678	exponential	0.2	88000
129903	0,1,2,3,4,5,6,7,8,9,10,11,12,13,14,15,16,17,18,19	152.813946087,131.04184677,114.068429094,100.83006183,74.4282376766,83.2307547956,62.9639989366,54.6303598911,57.4375953113,31.5762028936,46.1359891588,25.1971958558,18.1758495604,20.5082660942,26.1431881468,25.6323465334,31.0087067475,17.3953763928,11.0758824318,15.6493449607	exponential	0.2	88000
131288	0,1,2,3,4,5,6,7,8,9,10,11,12,13,14,15,16,17,18,19	184.365741298,159.35567786,139.097501953,126.386421197,117.516911066,105.345571919,82.8373887269,78.4565122278,65.6531975116,66.5742383058,68.7519400647,62.3020738605,66.0749200643,56.6693501446,44.9321215169,47.7328830371,53.2052523863,50.1907153103,36.8466587043,52.3680462688	exponential	0.2	88000
130823	0,1,2,3,4,5,6,7,8,9,10,11,12,13,14,15,16,17,18,19	171.954281764,149.756045685,123.307401258,99.7855055697,78.8133414604,77.158459475,56.9023512278,56.5592726799,49.5820564128,40.5088597289,40.5484568684,33.1164127947,32.5707034568,20.5312143085,23.1338110772,24.6494102668,21.2212668629,29.8837250143,12.1371274923,10.7581066026	exponential	0.2	88000
128826	0,1,2,3,4,5,6,7,8,9,10,11,12,13,14,15,16,17,18,19	271.23374041,248.729222317,224.627349192,210.486663781,193.6931444,174.602285983,161.395132466,164.975823162,143.625161053,138.797301287,140.380253941,135.749586708,130.570860991,120.598781046,120.228233951,132.487189217,117.824241143,124.900627103,116.981420857,121.348801149	exponential	0.2	88000
130343	0,1,2,3,4,5,6,7,8,9,10,11,12,13,14,15,16,17,18,19	229.118207877,200.547724185,189.607694691,176.547087408,148.614816314,140.815699535,137.985428414,126.832987817,128.466199072,113.314660092,103.821468764,110.019414472,110.830173079,95.0175557581,97.7839168514,84.886361576,91.2236227657,92.5213441167,88.3479617633,92.580380873	exponential	0.2	88000
128411	0,1,2,3,4,5,6,7,8,9,10,11,12,13,14,15,16,17,18,19	55.2636978365,37.2336629075,11.0790223832,-13.9313293557,-29.8710684706,-40.5428536948,-36.6898447617,-63.0302573164,-51.8453395124,-72.9828011651,-63.2147514831,-85.1100576583,-73.3143906481,-90.9681073878,-80.7812649874,-75.374829569,-95.9920221727,-86.0250056751,-81.4602037652,-96.8308049675	exponential	0.2	88000
129991	0,1,2,3,4,5,6,7,8,9,10,11,12,13,14,15,16,17,18,19	204.593344116,172.031242501,153.925287708,133.865033273,138.814565224,125.192844794,114.77970763,92.7459194696,97.7770272856,92.6721679239,83.1014598833,72.1409740089,67.968447734,80.525356067,74.5967730285,61.3263444462,58.8042724604,71.3247189463,63.8902801705,58.9948542166	exponential	0.2	88000
130863	0,1,2,3,4,5,6,7,8,9,10,11,12,13,14,15,16,17,18,19	169.082265915,130.23145484,119.531530397,95.7811284444,81.4904446341,73.5607276198,60.8881556068,62.6835352961,57.7245029674,43.3883149242,29.2085720211,34.4306859582,39.1131954938,37.4343142846,30.9673402106,33.0560436682,20.1785467099,23.6452179012,17.0223091595,11.7747263729	exponential	0.2	88000
129506	0,1,2,3,4,5,6,7,8,9,10,11,12,13,14,15,16,17,18,19	277.100242048,247.29987512,220.413907682,205.524674184,186.927542402,191.403162607,172.961641998,167.345199497,156.718383826,160.002457256,143.6928955,137.026974551,131.84484781,130.847829355,132.128255139,124.23580441,138.417026125,122.126763346,131.259635587,128.80658078	exponential	0.2	88000
129375	0,1,2,3,4,5,6,7,8,9,10,11,12,13,14,15,16,17,18,19	61.5693194385,29.8954054024,13.70787571,-8.04802626004,-36.2004269815,-28.3193587764,-44.8166259174,-49.2865259855,-68.3188143301,-70.0177025775,-81.1361731946,-87.6125718173,-81.9120931286,-81.5502533439,-92.6364282288,-80.3892398551,-86.2601082884,-93.5682465268,-102.734461214,-99.4105869912	exponential	0.2	88000
128085	0,1,2,3,4,5,6,7,8,9,10,11,12,13,14,15,16,17,18,19	254.223543643,233.058426783,227.170657999,208.699932616,177.797080812,163.215577415,164.858821625,162.961905279,140.300882667,132.233255105,141.990916634,141.265644779,127.034455833,115.846517838,132.212454899,117.737882096,131.56609584,120.50026013,113.007008958,113.897493577	exponential	0.2	88000
131856	0,1,2,3,4,5,6,7,8,9,10,11,12,13,14,15,16,17,18,19	75.9332034502,52.6488295568,22.7012913969,5.80605344306,-7.40596173097,-13.6852476411,-31.7613541095,-29.6721594815,-47.3635407833,-46.2170631561,-52.2239276324,-65.4094402746,-61.8659291889,-71.2529567289,-61.7992324967,-74.6610106814,-56.6149928975,-68.2045525897,-74.5292411118,-73.73218123	exponential	0.2	88000
128050	0,1,2,3,4,5,6,7,8,9,10,11,12,13,14,15,16,17,18,19	124.736424643,105.363692722,67.6975749829,51.5274543976,36.0942169016,37.1658498579,14.2211216304,6.92349752125,8.65392611435,1.08387524178,-7.39936147787,-0.828294648645,-0.98038031238,-18.6426414346,-15.3157640185,-25.0305249338,-13.7565293142,-13.4390303293,-16.3720098549,-32.0557585641	exponential	0.2	88000
130991	0,1,2,3,4,5,6,7,8,9,10,11,12,13,14,15,16,17,18,19	183.512131654,174.397970723,152.238310792,119.404101108,120.834368384,105.426478354,93.0228963596,86.5636509428,82.692835564,82.6198160317,77.0274051717,54.2898320062,55.2578184708,57.7466041663,57.2781865774,48.1378106977,56.3056282751,46.7762823619,56.2031368239,49.3327654187	exponential	0.2	88000
130354	0,1,2,3,4,5,6,7,8,9,10,11,12,13,14,15,16,17,18,19	71.7318559161,34.2915744038,30.786244535,10.5018955939,-11.1118550624,-20.2210394485,-39.0197238707,-39.1989796899,-40.3107199224,-53.4097634821,-68.0307743976,-57.8670435478,-62.738541519,-78.4432230431,-65.700596227,-78.6792245281,-71.6959251586,-65.3203378381,-77.8749600939,-68.3328883062	exponential	0.2	88000
131767	0,1,2,3,4,5,6,7,8,9,10,11,12,13,14,15,16,17,18,19	226.202780303,214.48454174,180.696297043,166.826802027,150.450101019,145.394976346,119.818146585,115.735962298,118.988003179,101.014088763,96.1851539408,95.1738271298,96.2035492083,98.4429488932,96.3377993418,86.9650343753,97.1944045112,95.0476657692,93.1842712731,85.5655866791	exponential	0.2	88000
131827	0,1,2,3,4,5,6,7,8,9,10,11,12,13,14,15,16,17,18,19	86.3333139668,61.1463960296,50.5990123606,25.621433083,15.0547436791,-3.6625507977,-16.7359231415,-6.58644474053,-29.876200723,-22.5106567117,-39.6693524641,-46.2546919604,-34.7997735618,-53.8296320896,-54.036666154,-49.4653424343,-61.1225426576,-48.7698964073,-49.7596206534,-50.4923494621	exponential	0.2	88000
130788	0,1,2,3,4,5,6,7,8,9,10,11,12,13,14,15,16,17,18,19	122.07506658,89.468836848,80.159332218,63.0193564787,48.3750270364,25.6778459488,16.7099700522,9.91044581996,-0.342355825743,-2.08724274174,-14.1718101749,-10.1238231634,-15.0735442966,-8.15214076383,-21.5489917025,-16.6074207739,-9.21050027093,-14.4569983464,-28.9557951469,-14.510091709	exponential	0.2	88000
131295	0,1,2,3,4,5,6,7,8,9,10,11,12,13,14,15,16,17,18,19	78.780085434,58.8076086009,23.5017821227,12.8494582225,-9.897921096,-23.5133623778,-32.4126498061,-23.2046317101,-40.633431161,-47.5829367616,-58.2928966029,-57.261663358,-60.4274722944,-68.7479454577,-59.4243093702,-55.6816786824,-73.883027323,-72.0898078288,-71.2514358344,-64.798655058	exponential	0.2	88000
128991	0,1,2,3,4,5,6,7,8,9,10,11,12,13,14,15,16,17,18,19	59.0032183745,15.6555577729,-5.89964719162,-24.6009322587,-23.825788632,-40.5077696777,-45.0454981723,-52.7879031594,-64.3803401449,-61.7622550146,-85.1431493299,-83.5493932537,-75.5693946267,-98.182637694,-91.9998009399,-100.383024149,-95.7432534313,-85.9500138525,-99.7669526419,-104.449051622	exponential	0.2	88000
129358	0,1,2,3,4,5,6,7,8,9,10,11,12,13,14,15,16,17,18,19	72.6117123825,57.3442199492,24.8673921048,19.7922633239,-5.15383848815,-5.18543819127,-15.5993708154,-23.6576381158,-29.2513835829,-50.7738492736,-56.1505551683,-50.1011712345,-65.6436412825,-50.9774232631,-59.2370688313,-72.1082362547,-68.1890374543,-61.6411694885,-59.1864902896,-61.3643520879	exponential	0.2	88000
130822	0,1,2,3,4,5,6,7,8,9,10,11,12,13,14,15,16,17,18,19	138.017796349,110.046237964,101.227081705,79.2442649837,58.1778507774,60.5855325585,34.7513605374,39.407701504,29.9140414477,17.4854488794,22.5954058056,17.4605947225,3.29812854596,10.0198009034,7.15435442521,3.89266458011,5.53096033326,-6.63352698065,-4.89215983638,0.181313489611	exponential	0.2	88000
129898	0,1,2,3,4,5,6,7,8,9,10,11,12,13,14,15,16,17,18,19	265.648821991,234.342906036,213.216637598,190.433336823,175.88812183,165.216759214,157.074086624,150.927144067,140.629167625,136.922271034,120.080805065,127.649824982,132.441794328,122.871418646,127.530665449,122.049559692,119.91347148,111.659584335,117.91090552,115.629495584	exponential	0.2	88000
130697	0,1,2,3,4,5,6,7,8,9,10,11,12,13,14,15,16,17,18,19	54.4023175393,32.3341368941,22.7931310263,-8.21194774732,-10.8643176244,-30.5023274075,-47.6755246895,-47.9992168586,-64.210035185,-58.5802353739,-60.9002669675,-73.7487021677,-75.7572264961,-66.2238936684,-76.8250962866,-71.9875982481,-87.3796572137,-76.5852838093,-92.6215274001,-91.4411126602	exponential	0.2	88000
131898	0,1,2,3,4,5,6,7,8,9,10,11,12,13,14,15,16,17,18,19	96.5727510445,60.9096484604,42.8528393573,30.6607784396,16.0589244984,-2.41372045107,-24.1474934087,-12.4117863646,-21.4224940986,-39.0973557877,-31.7362840186,-46.2975958241,-50.7905767311,-61.0469903652,-55.2823765925,-63.1496753822,-53.3088324523,-59.1774745942,-64.7882014285,-55.0987039295	exponential	0.2	88000
129321	0,1,2,3,4,5,6,7,8,9,10,11,12,13,14,15,16,17,18,19	145.162432871,113.589569306,101.236725483,81.2475832138,69.9360725348,61.9191656886,36.7085011309,38.9754717395,17.922933493,25.8619274916,17.7116420049,5.05473034807,11.7088465581,10.3232324528,-7.24741229829,-6.49062158963,5.11995922798,-1.04900895963,0.00780596236954,1.90738436111	exponential	0.2	88000
131823	0,1,2,3,4,5,6,7,8,9,10,11,12,13,14,15,16,17,18,19	59.5834518127,48.6124936846,9.85284237452,-1.67704395162,-19.1198311959,-31.3862898474,-42.9850676195,-39.506851609,-55.1095191197,-58.8704882958,-64.817136484,-61.1731388809,-74.6604019165,-61.2680409997,-65.1705541669,-84.7559551083,-85.1907674512,-79.3417644142,-68.9989076814,-74.0430693461	exponential	0.2	88000
131652	0,1,2,3,4,5,6,7,8,9,10,11,12,13,14,15,16,17,18,19	81.5106412646,51.2952844288,30.8577036354,24.3852320612,11.0388265378,-6.58869689822,-25.9079254859,-18.7131000474,-26.5188380062,-46.996082113,-43.1952910085,-59.0782687836,-44.4431495926,-59.675358142,-66.4449869013,-63.4738531087,-59.3719449799,-67.7748586633,-62.2014293599,-56.7703988923	exponential	0.2	88000
131848	0,1,2,3,4,5,6,7,8,9,10,11,12,13,14,15,16,17,18,19	60.3064308891,33.612983536,16.235405024,-1.04728276652,-19.078384663,-17.3575900432,-42.5407875626,-47.0120050404,-56.6323049795,-57.2991366445,-62.7671868356,-52.073560729,-75.7295765371,-65.7865773156,-66.9799279516,-66.9407225676,-75.2971367627,-83.1059578921,-76.7648835488,-83.986513868	exponential	0.2	88000
128812	0,1,2,3,4,5,6,7,8,9,10,11,12,13,14,15,16,17,18,19	142.018217742,117.726631894,100.759267174,73.7127355432,69.2217275765,59.9612455706,43.5291854318,27.5257465508,17.3247289971,13.0644075019,16.4962546215,9.71688751277,3.35036943805,2.14304983288,-5.77018416631,3.07243531322,7.99622660109,-10.8896461769,-6.7997695443,-3.66431663239	exponential	0.2	88000
131708	0,1,2,3,4,5,6,7,8,9,10,11,12,13,14,15,16,17,18,19	99.1102705914,75.1002537675,50.3833883227,29.7039921517,25.2935983904,11.5382800028,-3.02189043417,-4.46236767047,-9.80711403211,-29.2701682125,-29.6255803392,-36.9135635095,-44.6222699757,-29.4223602086,-38.218253459,-47.0116478068,-37.6226301252,-33.2634078663,-42.91241374,-56.521465747	exponential	0.2	88000
130356	0,1,2,3,4,5,6,7,8,9,10,11,12,13,14,15,16,17,18,19	176.699451163,168.711173707,138.459095343,121.30369128,105.134795117,87.0962010775,87.1445333828,82.4328433423,70.0328755555,62.5301357044,59.1694732982,57.8919314949,52.3693253184,53.9308876002,47.9419575406,47.6936596633,41.1717771365,48.995177337,31.6045193158,31.3609900675	exponential	0.2	88000
129545	0,1,2,3,4,5,6,7,8,9,10,11,12,13,14,15,16,17,18,19	152.052189459,132.296625877,107.644753778,83.9381191314,71.558308118,63.122404184,55.5650916156,31.4675008711,27.5215861038,21.4841308373,16.7720591985,17.6666182788,13.6892675906,8.43184191277,2.71070674412,-0.486874147866,15.6025088537,6.76699485497,4.8024703186,2.69672412764	exponential	0.2	88000
131078	0,1,2,3,4,5,6,7,8,9,10,11,12,13,14,15,16,17,18,19	221.468498216,205.582187277,185.602203257,163.368120622,144.328181031,135.138471032,119.757911718,118.57683531,100.420827019,99.6941606451,93.7739102313,101.529497579,99.6249462803,86.300076954,94.1339657495,85.4801457133,86.7238927771,87.8859965309,87.0291890498,78.9645012735	exponential	0.2	88000
131653	0,1,2,3,4,5,6,7,8,9,10,11,12,13,14,15,16,17,18,19	256.750066324,218.245657695,204.854068831,185.032442418,165.610726684,165.332294503,161.131826049,134.646192061,129.937213583,138.329057196,115.485348998,115.858740574,127.285209575,125.845470565,107.621816026,105.075624128,118.882620528,103.012517729,96.7680155965,109.768070781	exponential	0.2	88000
129302	0,1,2,3,4,5,6,7,8,9,10,11,12,13,14,15,16,17,18,19	128.084293823,106.033966271,67.6762721666,62.8523476431,42.7688885029,30.0531488478,18.7246070667,26.8264069359,13.6619953184,6.74714420911,-3.00953058146,2.33256015016,-6.25620512559,-10.6995803857,-16.2279256576,-22.4128206974,-21.4599265457,-14.798191691,-22.1921035193,-10.6141999552	exponential	0.2	88000
129667	0,1,2,3,4,5,6,7,8,9,10,11,12,13,14,15,16,17,18,19	156.667629922,116.912839654,92.747300756,84.0787991178,66.8134906554,58.0430339624,45.5870885528,40.6495148919,35.0889171617,29.38819109,31.5787313358,19.6214394828,12.1909797635,17.6828477699,8.58164079564,16.869538662,-4.89486824115,12.1854048972,-6.75025559452,-2.83236185749	exponential	0.2	88000
128827	0,1,2,3,4,5,6,7,8,9,10,11,12,13,14,15,16,17,18,19	245.213803861,224.564002925,215.312765168,182.36567615,169.83730446,164.649665955,156.82518199,137.267639102,130.870715294,131.361197653,117.769919498,111.57549008,122.929056644,119.172523873,114.176546838,106.794278832,109.486427024,112.991504224,109.426464145,98.2834057372	exponential	0.2	88000
128370	0,1,2,3,4,5,6,7,8,9,10,11,12,13,14,15,16,17,18,19	119.31383484,88.8330563625,76.287047711,55.4765004523,31.1412528458,20.1731830018,19.0308464214,6.53549574305,13.5028571712,-4.30223023965,1.01457230125,-4.57307843865,-21.1733741006,-20.7600183959,-23.1422641113,-14.1119617014,-29.3127725376,-20.0736374727,-32.2423173544,-36.4399766656	exponential	0.2	88000
131167	0,1,2,3,4,5,6,7,8,9,10,11,12,13,14,15,16,17,18,19	107.598384506,83.2647811306,61.2244364447,39.5183739539,27.2831670149,11.8565220198,16.4488988981,1.30829144394,-9.28589291534,-7.39619928491,-18.1569648559,-21.0951547144,-14.8256957109,-28.8705419145,-31.9317352497,-37.8550061538,-28.1386277757,-38.2976535547,-41.4548635596,-28.0048869478	exponential	0.2	88000
129577	0,1,2,3,4,5,6,7,8,9,10,11,12,13,14,15,16,17,18,19	55.8966073652,22.7952883787,5.07250167377,-5.11097423423,-27.5363018252,-32.2614888511,-43.3266175614,-49.2613504203,-60.671768909,-71.4431913657,-70.1133051733,-90.1783477038,-85.7930269741,-88.1928564957,-91.9892917392,-94.7408503986,-102.032403244,-87.3616025348,-90.6387971727,-87.9242861263	exponential	0.2	88000
128391	0,1,2,3,4,5,6,7,8,9,10,11,12,13,14,15,16,17,18,19	61.4368890068,36.2135725398,7.40594728108,-12.659897071,-17.6199775338,-38.4167669922,-43.6201280813,-48.0754377846,-67.653077945,-62.2039957814,-68.599646642,-76.3993996169,-80.4862081945,-84.9049375086,-97.0535188211,-97.3199326786,-101.352596124,-93.5153820301,-93.8398213066,-94.8946908444	exponential	0.2	88000
131368	0,1,2,3,4,5,6,7,8,9,10,11,12,13,14,15,16,17,18,19	139.126615041,105.832790896,94.0633446208,81.9510956951,54.6137363019,42.8106305067,36.811105278,35.2165897426,25.2773083016,27.3582501162,12.8325592576,6.87896574538,-0.0286532658907,3.51328743556,6.62288770656,-6.49535466341,0.369125724157,3.41551264182,-10.6009416255,-12.1557785683	exponential	0.2	88000
130095	0,1,2,3,4,5,6,7,8,9,10,11,12,13,14,15,16,17,18,19	207.828221466,188.537052048,163.255388383,151.882014853,135.245592013,123.273326238,111.611785588,109.01654394,109.129012225,92.6371639661,95.582914499,81.2835512879,80.3779891294,89.6591908495,71.198902679,70.2184404266,71.6251135565,76.5967071092,63.919606968,69.3431762585	exponential	0.2	88000
130148	0,1,2,3,4,5,6,7,8,9,10,11,12,13,14,15,16,17,18,19	255.161448078,212.809995115,196.028483346,176.227598927,167.236993394,167.054554442,139.117984715,150.024058694,138.461741121,120.890378064,132.520566291,113.553648793,119.780254609,100.947385387,109.363217101,97.5206078805,101.522731924,102.238512383,104.072785909,94.8933785635	exponential	0.2	88000
128703	0,1,2,3,4,5,6,7,8,9,10,11,12,13,14,15,16,17,18,19	201.793256773,173.693077497,148.70453067,140.365220973,126.05248206,120.16253263,98.3870296842,98.0352594449,86.5035767295,71.3793383124,66.267354955,62.812573641,59.4568934041,68.7285262155,67.9665440911,51.2537641209,56.6215210128,52.6629659317,47.1920437521,50.9553073965	exponential	0.2	88000
129504	0,1,2,3,4,5,6,7,8,9,10,11,12,13,14,15,16,17,18,19	241.155485731,227.359879266,209.955392552,179.960840163,167.901658902,165.391266929,141.400210903,136.18141431,140.382331356,129.261221071,119.613579018,114.3432073,123.925298641,111.73493979,114.927547093,97.8622856346,97.7409533723,94.3115630982,102.636081645,111.234593456	exponential	0.2	88000
128874	0,1,2,3,4,5,6,7,8,9,10,11,12,13,14,15,16,17,18,19	213.394575481,202.858217503,167.269035793,152.83028219,137.819839308,128.323550158,114.663881807,120.517393628,105.072832795,88.0898958921,98.1287343039,96.6805113984,88.0921976696,84.744920229,85.1621564125,80.3697793081,79.0145712841,70.5210284022,75.9614061105,73.451441225	exponential	0.2	88000
130824	0,1,2,3,4,5,6,7,8,9,10,11,12,13,14,15,16,17,18,19	119.030873805,93.3614748547,79.7668580101,53.5854707202,39.8655079461,29.086213045,26.7000141971,13.9893983409,11.7600132213,-2.42519179097,-0.533467925594,-19.7536935107,-23.680631418,-12.38978215,-22.8176783514,-24.1845945155,-31.6492393607,-16.9722473538,-34.9392859474,-29.1003719244	exponential	0.2	88000
131519	0,1,2,3,4,5,6,7,8,9,10,11,12,13,14,15,16,17,18,19	263.951278998,260.032551102,239.552985262,213.366482522,188.987603762,186.526134412,183.177224955,171.050865023,167.722878872,149.373224394,150.092299839,147.984703802,145.924711791,146.832440183,146.956594244,144.138377435,142.398739345,138.747653172,138.560730722,131.790013533	exponential	0.2	88000
131890	0,1,2,3,4,5,6,7,8,9,10,11,12,13,14,15,16,17,18,19	164.518731875,122.614354355,99.8744048763,83.1855805162,85.30850945,60.665512521,49.0893433804,37.743891007,40.2376692749,31.1662311876,29.1779733273,27.7669537111,28.7494392124,16.5663304488,9.64935104508,22.0800190533,19.4629519758,7.66693351995,17.9797160856,16.4158347313	exponential	0.2	88000
131171	0,1,2,3,4,5,6,7,8,9,10,11,12,13,14,15,16,17,18,19	24.326504957,-15.5351964088,-36.294990311,-55.2684307029,-51.0817430693,-76.3255653386,-88.122493672,-84.6894525988,-87.2140740251,-102.581285894,-109.788786119,-109.894129108,-115.938542203,-111.556520974,-119.258469079,-119.868480514,-114.305439797,-120.303886594,-121.406877732,-123.497530683	exponential	0.2	88000
130345	0,1,2,3,4,5,6,7,8,9,10,11,12,13,14,15,16,17,18,19	143.305176218,111.559747071,95.0400596454,82.2627925879,65.8156382476,51.1360935747,28.3793533897,19.0304812214,27.5855559662,4.49895644996,6.47135240662,7.85562662152,-2.86137504167,1.63018254963,-12.6323690239,-0.560338366258,-16.3821308431,0.11281345798,-1.47718085353,-15.0721083893	exponential	0.2	88000
130885	0,1,2,3,4,5,6,7,8,9,10,11,12,13,14,15,16,17,18,19	61.5046827766,30.4301726412,16.6946865355,-2.06568725011,-21.0597780486,-19.8375461,-27.2187282037,-54.8104900486,-45.0921657822,-54.0096568078,-54.7592550005,-66.6175920073,-69.9017599722,-77.6724549562,-72.9879789966,-71.3391113943,-85.683705803,-72.4499614069,-91.0018510968,-88.2797961877	exponential	0.2	88000
128365	0,1,2,3,4,5,6,7,8,9,10,11,12,13,14,15,16,17,18,19	292.81245795,261.000241821,242.849606885,221.55514801,209.639485989,206.608380063,181.927426675,191.355631276,170.127133429,168.952616851,165.204263294,158.382283611,165.2688327,144.200292352,142.863903764,143.997220301,154.043239404,146.015373602,142.681037096,135.567674319	exponential	0.2	88000
131791	0,1,2,3,4,5,6,7,8,9,10,11,12,13,14,15,16,17,18,19	250.094584349,225.949526073,212.131403764,193.232880154,174.812729787,155.934745211,149.563831367,145.870606966,142.130180325,122.19646628,130.016045225,119.905094556,116.576153309,124.587484565,107.783445426,111.87881754,105.402514441,106.810438942,100.271404073,105.915066394	exponential	0.2	88000
131776	0,1,2,3,4,5,6,7,8,9,10,11,12,13,14,15,16,17,18,19	80.6094266671,62.5308519301,31.6942229115,18.8746856503,0.56892726054,-1.21480232241,-22.0284933982,-31.1938774384,-44.9172670883,-52.5618956214,-37.6065080336,-52.92703309,-62.7532892442,-67.2886603957,-67.5018086029,-63.7211856493,-69.9375242093,-67.0811679837,-65.0199417822,-74.0991567951	exponential	0.2	88000
130543	0,1,2,3,4,5,6,7,8,9,10,11,12,13,14,15,16,17,18,19	47.0281568981,16.2045386422,-0.402654351747,-31.6718058105,-36.189524939,-46.5111779066,-70.1665265909,-58.0956096402,-80.6628147114,-83.0488971874,-93.8867280209,-84.8422064913,-97.3782651848,-106.627463369,-98.2079128392,-93.1643321252,-93.1011212304,-101.123660884,-95.5399787635,-95.8009810982	exponential	0.2	88000
128684	0,1,2,3,4,5,6,7,8,9,10,11,12,13,14,15,16,17,18,19	170.179780021,129.585693657,120.515142392,103.118918713,76.2886206367,66.063760442,59.9163524723,56.4673383149,45.0977324656,40.1877711011,37.7766290739,25.0637479312,16.4214176508,25.9931559023,32.2283990067,22.7119917189,12.3743684657,23.983014281,24.0329500174,12.7227268348	exponential	0.2	88000
130077	0,1,2,3,4,5,6,7,8,9,10,11,12,13,14,15,16,17,18,19	277.571967882,262.846952261,250.835184927,226.083967594,210.216342342,191.34885517,197.092506422,188.040320713,180.130407017,163.582723819,166.206276767,160.605886694,159.535826293,160.050838824,144.855330188,151.324876193,136.362908567,141.87722863,134.575540042,143.238044587	exponential	0.2	88000
131641	0,1,2,3,4,5,6,7,8,9,10,11,12,13,14,15,16,17,18,19	168.846089565,162.881135398,126.973970622,124.646530154,92.8424625894,93.4524926938,86.1166425822,77.6715465383,67.5837689691,47.1514688537,51.6655253935,39.9894992671,51.3956278459,50.2392973925,42.0799137192,44.4257922156,35.7559721258,34.6869696499,31.9752040513,39.8181995067	exponential	0.2	88000
131568	0,1,2,3,4,5,6,7,8,9,10,11,12,13,14,15,16,17,18,19	102.298234415,82.4698920198,64.768589844,41.5955789568,20.4195033199,13.7632299117,-4.98300442386,-8.83193199853,-5.71628923528,-15.8513544633,-15.3420388511,-26.8155099333,-31.0908455204,-37.1893436415,-36.3486871801,-28.1594353414,-30.5516110079,-29.1304152964,-47.9093141248,-49.5636475784	exponential	0.2	88000
130864	0,1,2,3,4,5,6,7,8,9,10,11,12,13,14,15,16,17,18,19	37.8365657852,12.3531318495,-4.13774435071,-32.161830506,-46.1617103558,-62.664084766,-65.3441931813,-79.8117797453,-70.8793561292,-84.1351533774,-85.6614271411,-84.7923022364,-105.309500717,-111.291953856,-101.085439198,-96.1789072455,-100.843294233,-112.654552826,-117.35931009,-116.696653398	exponential	0.2	88000
130000	0,1,2,3,4,5,6,7,8,9,10,11,12,13,14,15,16,17,18,19	33.6267605941,13.4786883698,-9.10955040974,-18.4743015826,-49.1817581382,-56.1337608674,-70.9249456455,-84.0244211945,-87.6104874814,-75.8531481989,-95.0887120726,-102.410812661,-98.1661552516,-100.310891701,-103.32252627,-105.041196309,-117.053695183,-110.670506307,-111.21165324,-118.51588057	exponential	0.2	88000
128636	0,1,2,3,4,5,6,7,8,9,10,11,12,13,14,15,16,17,18,19	61.5687568382,36.8519526174,18.2733434175,11.2399870242,2.56823703564,-10.5653505453,-36.7944067196,-35.0716461756,-54.1703358069,-60.6141914352,-64.0389493677,-55.1389307906,-68.6820551542,-64.4235929259,-79.3761824213,-76.8505707851,-69.4600221573,-72.9904322401,-77.153792046,-72.153587987	exponential	0.2	88000
130312	0,1,2,3,4,5,6,7,8,9,10,11,12,13,14,15,16,17,18,19	142.852673921,129.266142403,102.609648093,89.4910537335,62.2708558005,51.8837727033,40.0370051307,45.7923795651,39.7278351681,27.8769426632,28.2582735437,11.1587186012,3.41632958723,3.17672520839,-0.524392635063,0.716531248485,11.0206088452,-2.8690857256,8.06818897306,7.91017987232	exponential	0.2	88000
130027	0,1,2,3,4,5,6,7,8,9,10,11,12,13,14,15,16,17,18,19	211.410128193,186.381286033,165.844287794,152.751242688,123.890184628,106.683456771,111.983301312,105.474714498,92.0678624938,82.3363394163,89.4899933536,72.0362148797,70.1106804933,78.2017484504,57.6285712838,60.021880005,69.6895741304,52.0386950429,56.0471866363,62.5215306345	exponential	0.2	88000
128436	0,1,2,3,4,5,6,7,8,9,10,11,12,13,14,15,16,17,18,19	158.135839121,136.501577335,121.710438685,105.793377719,79.106087065,77.6883527289,69.2523046122,40.3118575011,38.730991135,42.9267573809,36.7137543552,29.1257289002,36.656304908,24.5243622608,17.8580266954,27.017285455,7.12441009028,22.5193535251,19.9241142366,12.7944809806	exponential	0.2	88000
130687	0,1,2,3,4,5,6,7,8,9,10,11,12,13,14,15,16,17,18,19	272.880352636,236.105583484,210.074099871,196.294527099,187.279641611,182.991553872,161.649876734,156.240325486,138.72542645,150.112125211,139.707914868,128.754645678,119.090770978,135.096108297,129.323877692,118.852619767,117.666185418,116.356614938,127.738358285,108.174291658	exponential	0.2	88000
131248	0,1,2,3,4,5,6,7,8,9,10,11,12,13,14,15,16,17,18,19	202.342941974,185.382597949,152.757722774,147.359927927,124.825440306,123.010831719,103.216081564,95.9952779794,88.7427497531,93.7134480124,86.4578484754,77.8921715894,72.5141789805,69.1499410708,69.4634129957,74.2055110112,71.7870594069,69.0029771421,60.5525188233,66.0026895699	exponential	0.2	88000
129145	0,1,2,3,4,5,6,7,8,9,10,11,12,13,14,15,16,17,18,19	225.515986757,217.426624461,189.905281169,172.380500172,149.345778851,152.211093412,145.845240519,133.09141649,115.66191265,124.082581592,109.096637574,96.1147114398,97.3772767884,101.786984768,94.4805194984,102.513652947,99.4856550335,102.434345183,99.534206748,80.1504783058	exponential	0.2	88000
131609	0,1,2,3,4,5,6,7,8,9,10,11,12,13,14,15,16,17,18,19	196.270895128,170.452518905,138.602024493,113.862061294,118.018911723,106.302784556,87.8733841139,84.9176948617,60.5790482276,65.5373295595,50.4523705448,55.1184670809,54.2587235247,54.6705775235,45.9160737587,50.906274917,43.7569769189,40.8081721995,46.2541829456,29.6854511558	exponential	0.2	88000
130145	0,1,2,3,4,5,6,7,8,9,10,11,12,13,14,15,16,17,18,19	212.742519603,178.106730806,150.256832162,148.010400975,118.493348412,106.070551982,103.149790849,105.402763068,95.1843341317,79.3629360004,82.9084591606,79.9987051097,78.7031672773,70.420532979,64.3088921358,64.6638524352,57.5757120485,51.2983421867,52.5026350542,64.5691756241	exponential	0.2	88000
129156	0,1,2,3,4,5,6,7,8,9,10,11,12,13,14,15,16,17,18,19	184.592230228,161.637255077,147.549130147,112.944436661,107.776601335,96.3210750316,82.3918683265,66.2656233544,75.2130773063,62.6670348879,63.3911264215,62.7569560923,44.3865313303,36.1129148074,49.6247534123,34.9608182148,32.2976869538,45.208017588,32.4587254021,29.0800393218	exponential	0.2	88000
129875	0,1,2,3,4,5,6,7,8,9,10,11,12,13,14,15,16,17,18,19	143.939468704,110.271716277,97.7494505967,68.1310681099,64.5103838388,47.9474403208,40.4585003778,43.042426975,36.4599239979,30.9966952094,10.9656662439,20.0809428709,15.6327514438,8.81995719688,-7.70133717696,-8.73976404193,-10.4777553156,-3.6391493208,-5.48261978947,-7.17707014166	exponential	0.2	88000
130652	0,1,2,3,4,5,6,7,8,9,10,11,12,13,14,15,16,17,18,19	96.449808973,70.4460669678,57.6576456998,39.3850231208,27.5738597078,10.1191843084,-0.264012940662,-17.8915015685,-23.8849318665,-21.9435661526,-24.2323719208,-32.8085037655,-21.5449127617,-26.4121352721,-27.9128380912,-41.1680512961,-37.7427680081,-43.053955075,-46.8527128859,-52.1286030493	exponential	0.2	88000
131236	0,1,2,3,4,5,6,7,8,9,10,11,12,13,14,15,16,17,18,19	167.97904531,158.689434791,137.558631744,115.641938078,101.226129099,89.861957659,77.0506117071,56.900802677,65.7977292724,56.746672322,48.0309177323,42.4490375861,43.1489654265,38.7661914638,33.729398254,27.8465370043,24.9126310392,29.34230698,24.0618292072,25.8448465139	exponential	0.2	88000
131000	0,1,2,3,4,5,6,7,8,9,10,11,12,13,14,15,16,17,18,19	278.226104003,247.41660094,217.395299259,210.114463585,190.100674437,179.495273569,171.170991348,160.585385257,145.093529201,145.589181664,140.183363736,147.534672218,130.976032357,131.126329891,128.563416884,137.437535307,131.534198263,118.57196705,121.004697537,124.484077476	exponential	0.2	88000
130293	0,1,2,3,4,5,6,7,8,9,10,11,12,13,14,15,16,17,18,19	94.9993075358,53.2227786844,41.4988714977,31.799707501,8.46524509326,-13.5975569382,-7.40258518167,-23.767143448,-31.2721501163,-43.2500152112,-44.7591899018,-43.309594135,-56.9915956985,-57.2344705462,-41.030999583,-64.0296200291,-60.311916698,-54.7276124915,-55.3922010417,-50.1699748748	exponential	0.2	88000
128523	0,1,2,3,4,5,6,7,8,9,10,11,12,13,14,15,16,17,18,19	133.184371077,92.6111160914,85.6256831002,64.0783337339,40.1773235404,39.8969403631,22.0000708685,17.1686271109,4.73383438666,6.4321520048,-9.99619680709,-11.4575077998,-2.12989287988,-12.0030261236,-8.23364047197,-13.8881092919,-16.1427012468,-9.63595979953,-27.6529128147,-16.3043578196	exponential	0.2	88000
131193	0,1,2,3,4,5,6,7,8,9,10,11,12,13,14,15,16,17,18,19	292.642517001,258.476916006,242.977126967,234.541750861,210.613183121,192.935181012,200.789611683,180.314095202,176.072508418,181.977979948,159.675386281,152.183807183,163.64245265,148.483934071,164.893695653,143.606929541,160.77310372,144.373789772,158.383075635,144.175512506	exponential	0.2	88000
128956	0,1,2,3,4,5,6,7,8,9,10,11,12,13,14,15,16,17,18,19	30.7148828404,15.0074188132,-2.9390932392,-20.4015322282,-47.8971809188,-63.6515513919,-63.4229453642,-78.5035860947,-74.2725476207,-76.8289050449,-83.7650345795,-82.1983481603,-100.23322645,-89.8184959446,-93.4661075577,-114.228147867,-113.568730749,-113.540598986,-108.173528474,-112.446748154	exponential	0.2	88000
131881	0,1,2,3,4,5,6,7,8,9,10,11,12,13,14,15,16,17,18,19	69.8702165196,47.2002060576,14.5882919549,-4.55347973075,-6.10881410031,-36.9762191905,-33.2409677949,-50.2893622683,-47.0058616392,-50.7954107156,-60.0196096358,-61.9757566335,-69.7304156028,-71.2385619313,-77.1828860038,-74.2975241002,-86.6593518375,-87.5888254261,-85.6064065034,-81.7755174347	exponential	0.2	88000
131082	0,1,2,3,4,5,6,7,8,9,10,11,12,13,14,15,16,17,18,19	257.857609291,251.330079675,217.200941767,195.941974285,196.943813201,183.257557005,168.36808101,159.992321309,156.466616485,147.964940298,141.003341201,128.809129931,128.630443125,128.094356802,119.099042524,138.431471244,116.72711672,128.988397595,127.176441829,128.781071347	exponential	0.2	88000
129693	0,1,2,3,4,5,6,7,8,9,10,11,12,13,14,15,16,17,18,19	12.8214694819,-10.9444649791,-34.9711253574,-54.7544315243,-67.8021614462,-84.142520409,-92.7950295677,-93.0465568617,-102.302777968,-107.697683443,-113.626003179,-120.231472051,-133.694696624,-117.488185528,-122.599059389,-126.424819352,-138.322570779,-131.459374577,-125.130244289,-141.341798598	exponential	0.2	88000
130929	0,1,2,3,4,5,6,7,8,9,10,11,12,13,14,15,16,17,18,19	77.602481449,57.5966315778,47.8004826526,27.0487970784,15.1136822613,6.84386881802,-20.9878868918,-28.0692009896,-25.8360510972,-31.0149600483,-33.9805428147,-43.5189175638,-50.2882497588,-52.9393803008,-57.8518314162,-56.2947799128,-45.1667141741,-49.6420052086,-56.5335964161,-60.9331629588	exponential	0.2	88000
129336	0,1,2,3,4,5,6,7,8,9,10,11,12,13,14,15,16,17,18,19	36.131922637,32.2750151246,10.4800311341,-24.2288259838,-26.0047809565,-50.6774739432,-48.3235319244,-58.0084190325,-63.0946887876,-73.0571032429,-77.9067636923,-80.9438082975,-83.4300474791,-91.684941681,-99.1478441904,-91.2926779915,-96.6048864584,-87.9561629099,-88.702561022,-96.3203139304	exponential	0.2	88000
129460	0,1,2,3,4,5,6,7,8,9,10,11,12,13,14,15,16,17,18,19	9.85740603826,-15.017191509,-29.0709347057,-43.8571890775,-72.4045055852,-68.1283117023,-95.8998188315,-102.887534945,-97.8236299051,-98.8540954425,-119.312313214,-108.875623927,-124.556909295,-114.097701089,-128.30488838,-128.230263546,-135.108163045,-135.530798087,-133.184609312,-139.422383989	exponential	0.2	88000
130167	0,1,2,3,4,5,6,7,8,9,10,11,12,13,14,15,16,17,18,19	245.252428236,227.833021934,206.086737663,181.828936877,180.200243687,154.866638647,158.247604424,145.053538135,137.188683995,121.190351518,121.092724884,122.264017904,122.9310408,111.299899723,114.70324106,105.907880131,116.332574564,107.899034488,117.661311125,112.902747845	exponential	0.2	88000
128036	0,1,2,3,4,5,6,7,8,9,10,11,12,13,14,15,16,17,18,19	88.9362877768,65.5163677446,52.6731910149,32.3240164805,19.2850616616,16.8099966799,4.52743278497,-3.4797379535,-19.0706817032,-34.1727138026,-23.6075867392,-37.9153523376,-36.4312856529,-36.2364085097,-35.403687617,-50.9120984966,-42.1472803185,-39.1770627917,-57.3387035326,-51.1180017839	exponential	0.2	88000
130391	0,1,2,3,4,5,6,7,8,9,10,11,12,13,14,15,16,17,18,19	168.774013112,154.561349915,130.90475694,113.683929079,100.011359233,73.6412328353,78.2836771172,67.2785355543,56.5363258997,55.6741946029,44.6557135374,31.6087458301,45.3002858228,27.114190523,38.4051397744,28.2385622706,20.2130950706,26.6187398943,17.6421614852,31.9432710732	exponential	0.2	88000
130259	0,1,2,3,4,5,6,7,8,9,10,11,12,13,14,15,16,17,18,19	111.800463692,75.741482821,55.5064534944,39.5986600501,30.4421775483,22.8331694586,-3.36951769054,-3.51938597557,-3.85456240118,-11.680742862,-28.5672766509,-21.859621282,-20.4048716353,-29.8780717322,-31.735270582,-32.5368581253,-30.0136351802,-37.308348249,-33.4450872995,-35.9360332341	exponential	0.2	88000
129530	0,1,2,3,4,5,6,7,8,9,10,11,12,13,14,15,16,17,18,19	70.8008308643,50.7410000055,27.9244877416,16.4109523096,-3.29302856281,-21.7787249987,-25.350454807,-40.5285595142,-54.7877536369,-54.1293672682,-58.6520550369,-60.1371040515,-58.6599367521,-72.3877096875,-58.3353313493,-72.1705562891,-75.3151259816,-81.5053725518,-78.3962777839,-83.6662912342	exponential	0.2	88000
128690	0,1,2,3,4,5,6,7,8,9,10,11,12,13,14,15,16,17,18,19	110.518757487,79.9616913583,49.896529093,46.6666079321,31.4872134213,13.5630815664,6.76668772596,-11.6972320928,-18.2242007085,-19.3720995823,-21.0145439893,-29.6729221017,-29.2936275956,-33.8550026265,-33.4512020679,-26.1450675518,-40.2622850101,-31.0229824352,-35.6445870316,-42.935949755	exponential	0.2	88000
130906	0,1,2,3,4,5,6,7,8,9,10,11,12,13,14,15,16,17,18,19	263.874253527,243.983259239,233.315756558,211.402031715,203.975755193,172.419787503,169.993477189,169.892795225,155.562289685,156.544965546,139.880469564,149.624264377,131.651969896,143.458643181,124.973136225,140.528032036,120.006203984,132.01486511,126.670771797,118.040034774	exponential	0.2	88000
129182	0,1,2,3,4,5,6,7,8,9,10,11,12,13,14,15,16,17,18,19	76.0597980065,55.7703763509,47.9240442513,24.6772890636,2.6914363556,0.75687144322,-18.6913074569,-35.1760559418,-42.2051650257,-33.791208602,-38.7686157666,-49.6337918761,-49.8004367249,-45.3178373027,-45.493454733,-53.1302195963,-64.9400575386,-66.6349703174,-54.3537204743,-61.4430865061	exponential	0.2	88000
131508	0,1,2,3,4,5,6,7,8,9,10,11,12,13,14,15,16,17,18,19	62.5339914414,20.0326772732,6.02508020331,-3.72666035365,-36.0504223104,-29.3715370072,-47.4800895528,-53.1500528379,-66.6629979996,-79.1301037705,-72.3844152447,-86.8507225057,-75.4051601913,-83.9219361166,-84.9513166425,-89.1702230558,-98.1851227834,-91.3740199786,-83.6752782344,-88.5465536258	exponential	0.2	88000
128304	0,1,2,3,4,5,6,7,8,9,10,11,12,13,14,15,16,17,18,19	205.845998292,183.246490638,176.014240213,140.713454503,130.800968542,121.44976967,112.445384377,101.991502378,97.2887779762,86.8684937209,81.3369666556,90.7662131221,79.3179219679,68.5840257421,64.0775931532,70.1690427906,69.8613902376,64.5221526504,60.0152480863,56.0390590587	exponential	0.2	88000
129942	0,1,2,3,4,5,6,7,8,9,10,11,12,13,14,15,16,17,18,19	172.523701167,162.791923226,128.909803663,117.92470753,105.87131008,94.6329128849,82.5605598023,75.4156537722,55.5646191114,61.9483620054,53.8191534591,43.0397497112,37.9763554871,49.4009825545,45.108072778,42.5944100582,46.1488138329,40.4947609263,35.4458108341,27.2930927473	exponential	0.2	88000
130918	0,1,2,3,4,5,6,7,8,9,10,11,12,13,14,15,16,17,18,19	154.430359848,119.531965701,117.830175008,87.6786919764,70.023345026,73.6180479731,61.0998495789,46.6877572503,39.9259414187,33.7028172178,31.4203335442,19.0158129577,20.4317971254,20.6745964983,21.4380322648,9.08808271472,6.05246993553,11.9852712244,13.2058000597,5.16621072988	exponential	0.2	88000
129681	0,1,2,3,4,5,6,7,8,9,10,11,12,13,14,15,16,17,18,19	22.3546262896,3.13965500287,-4.83917280534,-34.7358031885,-54.762064124,-56.3269029515,-64.0617626995,-84.0244868473,-81.4645928266,-83.709999778,-103.687736051,-96.2075824419,-97.7357443192,-108.820283451,-104.674297731,-105.200041351,-107.230875421,-103.744335466,-109.988408013,-112.058616073	exponential	0.2	88000
128012	0,1,2,3,4,5,6,7,8,9,10,11,12,13,14,15,16,17,18,19	125.407108289,117.012105863,97.2136881215,61.3452496887,57.4834051199,41.7119050693,26.5421490543,35.2158529684,12.8519003919,19.6160131409,8.49319536466,0.044177222086,-6.84296794601,-8.69713908272,-12.8810218018,-9.31322217835,1.68347965572,-10.9019868719,-4.13147834623,-7.04442876864	exponential	0.2	88000
130921	0,1,2,3,4,5,6,7,8,9,10,11,12,13,14,15,16,17,18,19	57.1327475561,30.3536151574,28.2081955692,-3.71130368739,-6.86232845363,-25.2183318352,-34.4833971917,-51.7011489413,-47.0994884939,-65.1439050127,-63.6893063431,-70.2034997619,-59.6399988679,-80.7935212134,-71.7707885603,-66.0429980555,-83.6524181589,-66.9074575602,-79.4967365361,-89.9130938716	exponential	0.2	88000
129467	0,1,2,3,4,5,6,7,8,9,10,11,12,13,14,15,16,17,18,19	121.29971316,94.7434708091,58.333532205,56.6704108886,42.4388587244,34.7155460821,13.957119011,9.42314274355,4.68454195008,-15.6571195614,-21.7483172613,-11.7003461123,-29.297044917,-31.939747996,-27.7198593474,-31.2873751763,-30.3157505963,-26.4576290233,-26.2291486669,-38.3228342068	exponential	0.2	88000
304419	0,1,2,3,4,5,6,7,8,9,10,11,12,13,14,15,16,17,18,19	7.91093555517,8.51775067726,6.8269414608,9.71243062077,8.90253878972,14.7593769173,14.960718386,22.3858126101,25.0451778991,29.3928840808,29.7607376102,28.8351293264,26.5211072972,18.9496235165,14.7948453541,15.9554753089,12.795521981,11.8709969899,7.1142590714,7.72112835757	norm	0.2	264000
304516	0,1,2,3,4,5,6,7,8,9,10,11,12,13,14,15,16,17,18,19	-12.2924427353,-9.2827327584,-11.9813097087,-10.624142497,-5.9485042437,-7.83935180131,-2.58181146837,2.79578448719,3.64295617982,9.25665602001,11.2513065159,7.85132037108,5.37552714558,-0.534621108741,-2.43735315579,-4.14298664339,-6.8857121461,-9.99914260826,-8.01453352829,-13.021262604	norm	0.2	264000
307709	0,1,2,3,4,5,6,7,8,9,10,11,12,13,14,15,16,17,18,19	10.6230769761,13.8764331594,13.9059234447,13.1739955009,12.9907025748,15.3649574825,18.9170023832,23.5434741605,26.999783336,31.1025629623,30.5133374313,31.3960481359,30.5594762229,24.8362915641,22.8830124917,16.1562074764,16.9904454896,13.6000740107,11.9054600814,13.023640757	norm	0.2	264000
306414	0,1,2,3,4,5,6,7,8,9,10,11,12,13,14,15,16,17,18,19	-13.5985908547,-12.629060299,-12.4561542473,-12.2917970292,-13.59404351,-11.3416947223,-8.91221190116,-1.98699089707,2.88578587881,5.82539936458,6.1954592458,2.29064495472,0.332839397147,-2.53426578009,-6.13085423426,-10.8530382661,-12.6421070999,-13.5853237224,-14.168718863,-15.4804440654	norm	0.2	264000
305397	0,1,2,3,4,5,6,7,8,9,10,11,12,13,14,15,16,17,18,19	0.229138480281,4.15328702807,4.39041068379,4.74272742088,4.68736964696,6.58819055074,10.8569663008,14.878804426,19.5824242305,20.3596606004,21.4962837157,18.4376495771,20.2168061412,12.4972427508,9.30960080137,5.72704958883,4.70419310277,5.49571558954,3.99799344089,4.42178692447	norm	0.2	264000
307537	0,1,2,3,4,5,6,7,8,9,10,11,12,13,14,15,16,17,18,19	-7.42477326047,-7.38391320056,-9.0197321963,-5.92057558507,-7.53953526104,-4.25977479627,0.84893166477,2.64792699376,5.53466725616,7.85405456625,11.8734928311,8.55756115656,7.45945017459,1.91211105207,0.314730301922,-5.52613755354,-5.79162410104,-8.43666246189,-9.05151011418,-9.35969001023	norm	0.2	264000
305963	0,1,2,3,4,5,6,7,8,9,10,11,12,13,14,15,16,17,18,19	-9.46263022685,-9.06377887132,-12.2771908229,-9.05107853794,-8.79675062354,-6.59762679154,-0.486966904806,2.79290318178,7.26505012636,9.22029511207,7.74877364492,7.11595355853,2.99395084665,0.490448236495,-3.53202290329,-5.98224577564,-5.84308261005,-6.84511379554,-8.63773506376,-10.5252807153	norm	0.2	264000
306438	0,1,2,3,4,5,6,7,8,9,10,11,12,13,14,15,16,17,18,19	6.47206626065,8.00345254124,10.7911248489,11.0491282067,11.0649499467,14.1975945742,14.2551096323,22.8343994176,25.2400379936,29.6024887509,27.8961325524,29.5279405954,24.1809492369,18.1773656048,15.0250193301,12.0615333934,9.75928195838,11.7033608306,11.3046010844,8.37675541553	norm	0.2	264000
304587	0,1,2,3,4,5,6,7,8,9,10,11,12,13,14,15,16,17,18,19	18.9355443649,18.1129210764,16.4233850528,15.8318845148,18.984827511,22.7103446872,24.3976355012,30.5105447491,30.5271542873,33.6353516259,37.3826661347,37.7240079088,31.5636192723,27.8405170081,25.5951955465,20.2356392309,17.8296218915,17.0589384153,17.2534895799,16.4340254912	norm	0.2	264000
307942	0,1,2,3,4,5,6,7,8,9,10,11,12,13,14,15,16,17,18,19	9.11636770064,9.07873967389,10.2875671304,11.6403846044,14.7442862385,17.1575236733,17.9569472298,20.9493586553,27.7632208106,29.0727640754,31.6009609077,31.0845149633,27.7242598443,22.903171529,20.6129001324,13.0670030987,13.2555964875,9.24865063918,11.942718755,12.424682508	norm	0.2	264000
304811	0,1,2,3,4,5,6,7,8,9,10,11,12,13,14,15,16,17,18,19	-3.90423360352,-7.30673251535,-3.4409555191,-5.17366655744,-3.6330099146,-1.16857350276,1.3726738463,4.93704694985,8.0863607386,13.9192388979,12.9831774806,11.4237153559,10.6891054841,6.47167039028,3.75405434954,-1.89766003366,-1.56891560563,-4.56307898585,-3.76988557259,-5.62807401439	norm	0.2	264000
306231	0,1,2,3,4,5,6,7,8,9,10,11,12,13,14,15,16,17,18,19	11.5956091598,12.8258861532,11.2322235789,13.0057445283,14.0944628525,16.6949634107,21.6134994584,25.8000879588,27.9787708721,32.1201917963,35.1723542551,29.3716294387,30.904224503,25.3046928601,21.1509102711,17.4268982168,16.2865142128,13.2733358731,11.1179159231,10.6061983168	norm	0.2	264000
305636	0,1,2,3,4,5,6,7,8,9,10,11,12,13,14,15,16,17,18,19	3.15954486894,6.02453975587,4.82827918913,5.2533662802,9.93363133715,9.04914576966,15.3848121496,15.8674872134,20.0136317062,24.9978114588,25.720663973,24.6086058676,21.4215887199,19.7237245482,13.3625078086,9.64831149581,8.90039039834,7.2739889419,5.63190854541,5.41830505369	norm	0.2	264000
307984	0,1,2,3,4,5,6,7,8,9,10,11,12,13,14,15,16,17,18,19	16.0086993725,16.1534740163,16.9556161132,14.6679346186,17.9307336466,19.3093799975,23.9392145692,28.4075369664,30.2987554058,33.6315687039,36.3826847524,33.81744986,32.7706526177,29.2848750334,21.9693675202,22.3670237336,17.1578697867,18.2282255679,18.5068465016,15.408254488	norm	0.2	264000
305912	0,1,2,3,4,5,6,7,8,9,10,11,12,13,14,15,16,17,18,19	18.2554091906,19.6173403884,17.5264773712,19.5509872906,21.746457894,22.3874312614,26.5476925714,29.622665319,32.4845268844,36.4420038699,38.0723921895,38.5185600963,35.7020658282,27.1649567278,25.6066919072,23.8257802357,21.9686461984,19.8944686271,20.2608165068,18.7913967152	norm	0.2	264000
306026	0,1,2,3,4,5,6,7,8,9,10,11,12,13,14,15,16,17,18,19	-12.3200176821,-9.92776389868,-9.70110810404,-9.14751702849,-11.9196492343,-7.80485404669,-5.38755579653,0.918520382737,5.10828862581,8.54364346043,8.16490876759,8.82510952036,3.62148441062,-1.60758279544,-2.01525596471,-6.22162537595,-7.37925502547,-12.587852082,-12.7279713468,-13.2550639548	norm	0.2	264000
304507	0,1,2,3,4,5,6,7,8,9,10,11,12,13,14,15,16,17,18,19	1.84835702193,1.23940423125,1.55820233881,-0.287619586767,5.65915404549,3.986871789,7.62090734552,11.1159378064,16.8591640283,20.4915700034,21.9781184828,18.9768573062,15.4975661384,15.0399739848,7.37439856618,5.79409759879,4.32358353216,0.612855034947,-0.210532073852,0.494411476294	norm	0.2	264000
307397	0,1,2,3,4,5,6,7,8,9,10,11,12,13,14,15,16,17,18,19	-15.9944466057,-13.4715643931,-15.6965833481,-12.9896563268,-12.8242678577,-9.67085455574,-8.96333710312,-2.98304775253,1.21258934692,1.87262900487,5.8238569459,5.04914217536,-1.58599612157,-4.35714318198,-10.1227923087,-8.60516240893,-13.6475174147,-13.8472251032,-13.9009692072,-18.1444696539	norm	0.2	264000
304619	0,1,2,3,4,5,6,7,8,9,10,11,12,13,14,15,16,17,18,19	3.36809618753,2.62562299457,5.90716819068,3.92771593205,5.13014518504,7.46085964558,10.6003759438,17.0137051517,17.0839140241,19.4466088423,24.7831234011,21.9708256299,17.7038375265,15.1725397178,10.6906779156,9.80101913343,5.02847787751,2.77805585344,2.52787994569,0.881545164585	norm	0.2	264000
306511	0,1,2,3,4,5,6,7,8,9,10,11,12,13,14,15,16,17,18,19	-19.3752436337,-18.4993387157,-18.4639643735,-15.3433159675,-16.0712111875,-12.0836661705,-12.8675606028,-6.35095821207,-2.99284021733,-1.26200441249,2.04771404545,1.96933179383,-3.75357000298,-4.91174802928,-8.38295814954,-12.3830934276,-18.0602409238,-18.4151202692,-20.2267551843,-18.7955924585	norm	0.2	264000
307777	0,1,2,3,4,5,6,7,8,9,10,11,12,13,14,15,16,17,18,19	-17.4379238,-17.4375403542,-19.0847245032,-19.8424332597,-16.9958692511,-12.8108012677,-10.9689410542,-6.98359309713,-2.90405310688,-1.37668239091,2.90402849158,0.901793718239,-4.15804099764,-9.00366278955,-9.88605101195,-15.9467147994,-18.227435249,-16.0431330805,-17.2051855309,-18.2332150012	norm	0.2	264000
305590	0,1,2,3,4,5,6,7,8,9,10,11,12,13,14,15,16,17,18,19	-11.3521636772,-8.07768302067,-8.7844614902,-7.6381667131,-4.24490410867,-6.0933078493,-0.895310646535,3.08274604565,4.04564891284,9.74987946691,11.7841042691,10.9638575761,8.59120166416,1.97004381511,-2.23575435557,-4.25909586506,-5.8053984583,-8.53091914306,-10.0805799416,-9.26744629594	norm	0.2	264000
304445	0,1,2,3,4,5,6,7,8,9,10,11,12,13,14,15,16,17,18,19	-7.79238284486,-8.99112080296,-5.69440952351,-4.42682958426,-6.78849522731,-0.218217011098,2.65531719793,2.27250043619,10.8837196216,11.4865114833,10.2902550247,12.0702689124,9.77040080233,3.69298752847,0.898673849168,-2.08708249219,-5.95753120627,-8.28154966523,-5.40715246178,-9.64941148983	norm	0.2	264000
305527	0,1,2,3,4,5,6,7,8,9,10,11,12,13,14,15,16,17,18,19	-2.09376212672,-1.38643083578,0.120953196915,3.37888405781,2.56180882306,2.55309236839,10.045572587,12.7320946356,16.121846909,16.9693307653,19.8393436336,19.4166024054,16.0423001717,10.5096500279,8.06196157363,2.45716505773,0.656447692329,0.635926472505,2.36799251812,-0.695219845909	norm	0.2	264000
304697	0,1,2,3,4,5,6,7,8,9,10,11,12,13,14,15,16,17,18,19	17.9514694712,17.9639579063,16.7139492856,18.4120779751,16.2446297862,20.4422946124,22.3730203661,29.896923222,33.49212127,33.8205569546,37.1888471591,35.5846545071,33.3240494544,26.2265056822,22.0662513553,20.2453254066,18.2633840244,18.4969741341,14.2058758819,18.219051792	norm	0.2	264000
306914	0,1,2,3,4,5,6,7,8,9,10,11,12,13,14,15,16,17,18,19	19.5360334573,16.6317198573,17.9366722801,19.9422671224,20.2449771074,21.7310822178,26.0657796281,30.0205426286,33.2770056456,36.9935770871,36.4152818694,34.2415042753,35.249653914,30.3567022694,25.673076622,21.1093460763,19.4282630033,17.690622451,16.3612842478,15.7676017442	norm	0.2	264000
307099	0,1,2,3,4,5,6,7,8,9,10,11,12,13,14,15,16,17,18,19	9.47102071381,9.29715091801,5.37847322896,9.85421804626,12.4682429666,13.3212060206,13.4449894031,17.0418400246,22.2392171431,27.5653969466,26.5309311425,25.774984993,20.8230403222,18.4877981636,16.587061578,13.0084768948,7.90293596419,9.55541030325,8.02188525346,8.44842918079	norm	0.2	264000
304299	0,1,2,3,4,5,6,7,8,9,10,11,12,13,14,15,16,17,18,19	-11.6012015439,-11.2381543948,-10.913981021,-6.91483626656,-7.89891040087,-3.00875495857,-2.53098580803,1.69306007779,7.66752090456,6.59884176561,7.63143694365,8.47534655248,3.37038452575,2.93726367806,-2.82600150849,-4.39846537576,-7.98143319558,-8.25988207052,-11.2032243105,-7.69406434417	norm	0.2	264000
306226	0,1,2,3,4,5,6,7,8,9,10,11,12,13,14,15,16,17,18,19	-10.7129398024,-10.8224945551,-12.1758484729,-10.8460696385,-10.2094672644,-6.48583944373,-6.48892125826,0.371559444878,5.19303672939,6.89053222517,6.94280928132,7.37895852431,1.50299692798,-1.84888932875,-5.05717772763,-7.85580381771,-9.00131821344,-11.5329395129,-12.1185668394,-10.8352481315	norm	0.2	264000
306474	0,1,2,3,4,5,6,7,8,9,10,11,12,13,14,15,16,17,18,19	-18.4191253282,-17.7060439219,-18.3207899225,-17.0728450214,-15.8305203066,-13.5770619942,-11.5457314768,-4.68766497718,-0.796009868379,3.65879211391,0.570203864236,-1.10634905128,-1.48049720224,-6.80180689695,-7.9877104486,-15.1674413545,-13.9481085767,-17.7324386294,-14.5659499488,-16.7927917502	norm	0.2	264000
304667	0,1,2,3,4,5,6,7,8,9,10,11,12,13,14,15,16,17,18,19	20.8022116993,17.8925463304,21.497189661,18.6301788268,22.4222313287,21.8486362861,28.7596955554,32.3756842614,33.7217605896,37.1296379713,36.6578067239,37.1111333544,35.2747608459,29.3261350807,27.8569338351,23.6920138044,22.0482958842,18.6573446278,21.1370203995,18.7485270203	norm	0.2	264000
307731	0,1,2,3,4,5,6,7,8,9,10,11,12,13,14,15,16,17,18,19	-3.75401373148,-5.85872497245,-2.70634927898,-3.40923802014,-2.20102984611,1.18647552275,4.97418104703,5.42824141572,9.43351102163,17.0818943224,15.9770377791,13.4930692468,12.8859883195,8.75680471612,6.10575253733,0.87991511382,-2.74203323742,-0.662501090598,-1.71749525309,-4.42788833231	norm	0.2	264000
307904	0,1,2,3,4,5,6,7,8,9,10,11,12,13,14,15,16,17,18,19	8.87856502703,4.78852711369,7.94391613856,9.16541744869,7.34186059018,12.4337977761,14.475106559,17.6661949324,22.9418148941,23.6777645339,24.3678345629,23.5187885362,21.3740780953,17.2866454615,16.3438543881,12.1512572188,11.1677278496,5.92945944507,5.05133700102,4.98079421582	norm	0.2	264000
304180	0,1,2,3,4,5,6,7,8,9,10,11,12,13,14,15,16,17,18,19	15.3998281025,16.1976651555,18.6601609948,18.6582689093,18.7567299494,25.1529448064,27.4219963758,32.2849643216,35.9237218043,38.7289112811,36.8568868069,34.7688733886,35.2824898399,31.6161924287,24.5836732649,24.4320201314,21.3377634283,16.8056294242,16.8568016022,18.2545557959	norm	0.2	264000
307758	0,1,2,3,4,5,6,7,8,9,10,11,12,13,14,15,16,17,18,19	11.6748062415,9.96676651944,11.4681573016,14.5753917927,13.6301672446,17.0309547192,21.715691451,21.4037736262,24.815846503,29.9770549663,30.3294649517,30.7126808559,25.1552229363,22.6955521819,18.8832270944,17.7954234852,12.0209286295,13.8205977287,10.4684929011,10.5826285958	norm	0.2	264000
307469	0,1,2,3,4,5,6,7,8,9,10,11,12,13,14,15,16,17,18,19	-18.9823637004,-16.9272336362,-19.2100879681,-17.2662949476,-14.7910905673,-15.1200810975,-10.372728335,-9.18695204569,-5.65376171572,1.41214912986,0.506536465083,-0.855562319673,-1.76653669327,-8.25885048806,-10.7596468118,-14.2291740561,-17.4542477807,-17.3634939056,-19.2996058987,-21.2481162849	norm	0.2	264000
305909	0,1,2,3,4,5,6,7,8,9,10,11,12,13,14,15,16,17,18,19	8.83552872846,8.47286647081,10.8905591642,8.44630487834,11.0712188525,13.9861165187,14.9529460907,18.1548339787,21.8839174134,26.1602375552,25.6383892907,25.2809978599,25.1119817637,18.8011372082,16.894988231,11.7115397585,10.6484614441,7.20478787145,6.6715235792,8.30395792928	norm	0.2	264000
304002	0,1,2,3,4,5,6,7,8,9,10,11,12,13,14,15,16,17,18,19	2.24841250492,1.32023848161,3.04234959026,0.725986040005,2.38813021144,7.23818219495,8.23441220668,12.2551708347,15.9151053502,17.96465208,18.4950488506,19.6524774466,14.7500522289,12.2739174283,7.52731148885,3.65761850233,1.16341933963,3.89292026266,3.01489471834,-1.38950719806	norm	0.2	264000
307925	0,1,2,3,4,5,6,7,8,9,10,11,12,13,14,15,16,17,18,19	10.1326977596,9.33696029425,10.1637506182,7.60338309896,9.1800874462,13.5936494711,15.9151006547,21.4204263848,21.5052728496,24.9651204746,29.1488262249,27.7412262471,21.2454619436,21.0297630459,17.205599236,13.4411228008,9.71187473602,10.9203372267,10.6481033442,5.70654254969	norm	0.2	264000
305771	0,1,2,3,4,5,6,7,8,9,10,11,12,13,14,15,16,17,18,19	-15.4423155308,-15.8861052117,-13.1889164916,-14.2453838249,-9.20771110691,-7.19829223864,-4.14106953328,-1.65480606635,3.58001814828,6.47889855846,6.15584188451,3.10394044599,2.21884819051,-0.727064443458,-4.00819402896,-10.9205811147,-10.2107183384,-13.2816528839,-12.1878894589,-13.6688531936	norm	0.2	264000
304108	0,1,2,3,4,5,6,7,8,9,10,11,12,13,14,15,16,17,18,19	-1.93221340314,-4.7239026374,-1.50891244004,0.331040195473,0.799358195514,0.542259803697,7.4163420064,10.2295181628,13.2470875817,13.8410807247,16.3422484441,13.8287381918,10.5018179182,6.81846790861,6.62279157864,0.809234479879,1.1876789897,-0.00545190012345,-2.22975830959,-2.81282607571	norm	0.2	264000
304260	0,1,2,3,4,5,6,7,8,9,10,11,12,13,14,15,16,17,18,19	-18.0072500647,-21.1722197426,-17.8536218008,-19.735722317,-18.7261030406,-14.3436188271,-9.68186475987,-9.29728182006,-5.70890422306,-0.666393859106,2.53667566239,-2.59878050356,-5.62388309145,-7.33914997621,-9.07900097522,-15.9658540426,-15.3769695381,-16.091484731,-18.4054653845,-20.084915769	norm	0.2	264000
305462	0,1,2,3,4,5,6,7,8,9,10,11,12,13,14,15,16,17,18,19	-9.3259676119,-8.57244173206,-8.62704220276,-5.44819086259,-4.60561198668,-2.91573784269,1.96828707057,6.78531790576,6.7818276702,9.97371356375,13.8653500896,14.1304144127,6.74633694647,7.26265334999,2.95801681438,-1.29386701072,-3.61529819865,-5.27136571207,-4.41444733795,-9.18853686756	norm	0.2	264000
306773	0,1,2,3,4,5,6,7,8,9,10,11,12,13,14,15,16,17,18,19	-0.46085482677,-0.830894218708,1.97713164043,0.0697462382409,2.32045728573,6.63610703635,7.51985881177,14.0460519077,16.6181898154,19.2343908954,16.8900090987,20.8161094956,13.2367675214,11.9310804432,9.06108743826,6.87250917961,3.16652992672,2.29166341468,-0.0572610066483,-1.50488618313	norm	0.2	264000
304858	0,1,2,3,4,5,6,7,8,9,10,11,12,13,14,15,16,17,18,19	1.02364292097,-3.11785716488,1.38551292674,-1.78429378389,3.35249285372,3.23285728345,4.65700874321,13.5045511317,12.5017259087,15.5423119083,17.2245910279,16.0620006144,15.6598974508,12.3262273137,7.7479422168,1.61638996989,0.690123314648,0.852126724247,-2.43394100245,-3.07001989083	norm	0.2	264000
304477	0,1,2,3,4,5,6,7,8,9,10,11,12,13,14,15,16,17,18,19	9.26724878242,8.47690246567,9.57648139771,6.97817769163,10.225878516,12.4683907077,16.5543299778,17.1830473696,24.0602861782,25.3519137037,25.5430727969,24.4290920825,21.3179397259,18.1227955906,15.2531661435,12.9318357183,10.5073633735,8.06323247368,9.44069804566,5.1746780561	norm	0.2	264000
304349	0,1,2,3,4,5,6,7,8,9,10,11,12,13,14,15,16,17,18,19	-3.39446189766,-6.53644766156,-6.61867286468,-2.13515150927,-3.5007005865,-1.34064816319,0.941857669519,6.69140178597,9.83500779915,16.0727040337,16.5213046472,15.5087994978,13.5087315389,9.54422010965,4.29472225724,-2.01014904241,-1.70548845395,-3.13474893413,-6.4714243981,-3.23642298535	norm	0.2	264000
304824	0,1,2,3,4,5,6,7,8,9,10,11,12,13,14,15,16,17,18,19	14.9222873503,15.115631729,11.634854524,15.87492857,13.7601264942,16.665803823,18.9702766596,23.0141001569,31.0454015584,29.8279400513,30.3946648207,29.1642879714,26.5743289395,24.526543064,19.9590460849,16.4006452681,13.0983706454,14.0494244373,13.1696465223,12.5848308258	norm	0.2	264000
305902	0,1,2,3,4,5,6,7,8,9,10,11,12,13,14,15,16,17,18,19	3.56591621839,7.26908896346,4.6272862056,8.4880740775,9.31151915777,8.80136340709,11.3518023786,16.8084950063,19.2594050815,22.7426078172,24.5353126711,25.6669722892,20.806069763,16.9915230502,15.6212542649,9.65344891739,5.41914583113,5.14077234718,7.57923001622,7.59340450899	norm	0.2	264000
305442	0,1,2,3,4,5,6,7,8,9,10,11,12,13,14,15,16,17,18,19	-12.2252235464,-11.8750213644,-13.2276790286,-13.5190593631,-12.2284588593,-6.91078980301,-7.8473321401,-2.28376485152,1.57430020114,3.73589286734,5.1568658322,5.21799258389,1.06113356313,-0.387952623539,-5.95344197023,-8.77175182581,-11.1806186209,-13.1544456552,-15.2906327825,-12.1668960946	norm	0.2	264000
306298	0,1,2,3,4,5,6,7,8,9,10,11,12,13,14,15,16,17,18,19	-2.98335933,-4.72455920588,-3.87770906136,-1.18005900365,2.08520258558,2.68941108253,4.47192743585,9.23935717198,13.1213056803,16.2814171637,16.778657678,15.0832797088,14.6328676244,9.85890827133,3.5533198045,4.43606612373,-0.15168384784,0.399913394755,-2.38318235997,-0.234726031714	norm	0.2	264000
307622	0,1,2,3,4,5,6,7,8,9,10,11,12,13,14,15,16,17,18,19	4.13340029414,6.15665098947,3.37445731668,7.38534564119,8.79070499752,9.25169740252,12.8550929982,16.3906386283,20.8959683975,24.867036188,22.0292901703,20.6911947494,18.4244553884,17.5531813269,10.7047261632,6.53201201674,4.38304656063,4.26324790266,6.43707552067,3.43893075462	norm	0.2	264000
304328	0,1,2,3,4,5,6,7,8,9,10,11,12,13,14,15,16,17,18,19	-6.0037739676,-4.7253034654,-6.87870595971,-5.68989104522,-3.04218043677,0.663514762643,2.89414974118,3.86978924164,9.36919152797,10.6152284684,15.9663264299,12.0119182043,8.1990544572,6.44909091267,-0.374769583817,0.250394257695,-2.25899584033,-4.96667649293,-5.265320912,-7.89453036542	norm	0.2	264000
306795	0,1,2,3,4,5,6,7,8,9,10,11,12,13,14,15,16,17,18,19	-16.9054392875,-17.2412780742,-17.2786478113,-15.2518144349,-17.3778884767,-10.8274459796,-11.8464922582,-3.42824383896,-0.632194515281,3.25734626808,0.0623822655391,0.708921782448,-0.0171338233769,-5.89860151844,-9.08177870248,-14.9046293406,-15.8724631043,-18.0403083469,-16.0868739316,-19.8004678316	norm	0.2	264000
304167	0,1,2,3,4,5,6,7,8,9,10,11,12,13,14,15,16,17,18,19	18.0103671784,21.9884710949,19.8021632922,23.614743166,22.6956848941,27.0308342428,28.1940773913,33.8833254755,36.5686981707,36.543224927,37.8657038724,37.928054363,36.6985440728,33.027075031,28.2001847675,25.6993395747,24.6295031695,23.2445122937,19.5394392424,18.2418790824	norm	0.2	264000
307043	0,1,2,3,4,5,6,7,8,9,10,11,12,13,14,15,16,17,18,19	8.09941650171,6.45343132774,5.45028504204,4.71501933737,7.78929463571,11.9750818384,13.2436280012,17.40504959,24.2488153856,24.1122506767,26.6809180978,24.6025373237,20.497659446,19.2163921618,14.1462223245,12.0523135498,8.31982898589,8.8470149334,5.670739615,4.94145981003	norm	0.2	264000
306742	0,1,2,3,4,5,6,7,8,9,10,11,12,13,14,15,16,17,18,19	-3.90953876379,-2.87445531415,-2.32222278873,-3.39427083325,-1.84822673226,3.6660689851,3.41920148618,10.9401647109,13.5805720885,13.9846815994,18.3660450247,18.4986850412,11.6876525531,11.5833073116,7.95218105879,1.57117954568,-0.159592183643,-3.45873894875,-4.04951729613,-3.32319144107	norm	0.2	264000
307094	0,1,2,3,4,5,6,7,8,9,10,11,12,13,14,15,16,17,18,19	-7.79517953295,-8.69394881246,-6.3824061437,-5.11792165043,-4.11801908978,-3.90993715,3.06916993358,2.28316972682,8.88120154386,12.2076628495,15.1329929432,11.1420795251,6.19364670754,5.42960026799,-0.746472811129,-0.1094197676,-6.06213817388,-5.86363666236,-7.99207882253,-8.24574613044	norm	0.2	264000
307803	0,1,2,3,4,5,6,7,8,9,10,11,12,13,14,15,16,17,18,19	17.7651548816,19.2716645993,15.7989300474,18.8773376836,17.9048314755,20.2240967404,27.5742320521,28.2620206011,31.3964104886,33.7023939835,37.6340995365,35.0496826201,33.7837919211,26.737955865,23.7728864971,22.9701041027,18.8532015099,19.9992805537,20.2062746294,15.1012338909	norm	0.2	264000
305634	0,1,2,3,4,5,6,7,8,9,10,11,12,13,14,15,16,17,18,19	14.3055472811,16.1082568617,16.6755443936,20.1304159944,18.1338566811,23.9271133127,22.7167141685,29.5133133036,31.2990674185,37.9221084952,34.1842674966,36.3179743479,32.8001283928,26.7724186802,24.171022053,22.0078482054,19.0228347733,18.9081163783,19.1614777951,18.3220174261	norm	0.2	264000
305312	0,1,2,3,4,5,6,7,8,9,10,11,12,13,14,15,16,17,18,19	13.0703776824,12.7882521987,15.2078504342,17.4196330446,19.1800224293,20.8357398242,22.0688070467,27.8267681292,28.0739957254,34.4197343097,34.5385041562,34.8919533903,32.1017557602,25.973186783,20.2771580054,18.2788728189,18.437121413,15.3425197508,12.2366363242,16.5516377078	norm	0.2	264000
305023	0,1,2,3,4,5,6,7,8,9,10,11,12,13,14,15,16,17,18,19	-10.8474813204,-14.9561419178,-14.1237580982,-14.0470691719,-8.36823047302,-9.7377249235,-3.03569786658,1.65063585738,2.46528743512,5.72730642385,8.88616637825,5.25570958543,0.941198946121,1.53961448175,-3.76427883856,-7.74310136463,-7.78094926373,-14.0280713078,-9.9953249695,-13.8345531509	norm	0.2	264000
304776	0,1,2,3,4,5,6,7,8,9,10,11,12,13,14,15,16,17,18,19	-4.65236092138,-2.54751320635,-2.49909915282,-0.90111113791,0.186534906443,1.24948662254,4.1637676202,9.87523682578,11.898545474,15.6518448112,15.284472783,15.5817624524,14.5645120641,10.7086658306,6.18916012583,1.68910547053,1.93766887445,-3.70030047786,-1.00038099365,-4.06344411549	norm	0.2	264000
306606	0,1,2,3,4,5,6,7,8,9,10,11,12,13,14,15,16,17,18,19	0.810518386156,3.87179386878,4.42957780471,4.25068240979,6.95858412011,5.39548988457,11.1009497384,16.1693860477,16.7613761692,20.6660173302,21.1551808315,22.4037312949,16.6214907394,16.2059374259,9.62310316307,7.31404375475,7.19464287326,4.23299845817,3.10111081116,2.12808880689	norm	0.2	264000
305428	0,1,2,3,4,5,6,7,8,9,10,11,12,13,14,15,16,17,18,19	-7.14686611225,-6.94694528731,-7.15940341125,-5.77805405602,-4.31788522118,0.173507079832,3.90402123173,6.84334006637,10.1591680426,13.6867192067,16.2665566518,13.7271672059,10.7459306026,8.07988655235,0.770028210623,-1.64748110726,-3.22171052825,-7.10493704467,-6.80885610079,-5.93703910518	norm	0.2	264000
305684	0,1,2,3,4,5,6,7,8,9,10,11,12,13,14,15,16,17,18,19	0.00502471933211,-0.274678800241,2.8317023857,3.72957724238,1.63992193451,4.44187595804,8.09027042057,13.7945718524,16.9420515415,20.5362547336,19.9125167666,17.8147966247,17.5489149892,12.4448230699,8.57749706522,5.08677687991,3.21102887932,2.55396911112,1.72038426052,2.22627275598	norm	0.2	264000
305199	0,1,2,3,4,5,6,7,8,9,10,11,12,13,14,15,16,17,18,19	2.89550915019,4.14530066836,5.59261335384,3.28842619848,6.73581352934,8.93685206946,11.8505645014,14.9587713063,19.0850024345,20.3013302683,22.3465805952,22.6065491915,19.6121284499,14.4425696926,11.8226595207,6.81197734823,5.94802526148,1.65811239349,5.52270515563,2.65949930659	norm	0.2	264000
307939	0,1,2,3,4,5,6,7,8,9,10,11,12,13,14,15,16,17,18,19	18.6779597887,21.174063676,18.1168520183,21.9340799669,21.1233681874,22.7156161972,29.3328119255,30.5242824815,34.0942592994,38.0173325924,38.5936498403,38.5081417626,32.876786363,30.0537653416,27.1284312549,22.1094612493,19.4931672705,19.6588952049,18.6211573772,20.6984045202	norm	0.2	264000
305661	0,1,2,3,4,5,6,7,8,9,10,11,12,13,14,15,16,17,18,19	-14.0450217303,-14.4003905481,-13.810912871,-12.7695145737,-12.828857122,-7.53567035472,-8.39851752289,-4.80357910051,3.11114167112,2.32648548736,4.50398478535,5.53947836565,3.72450536886,-0.532462641564,-7.9043840204,-7.71608784227,-10.6696964158,-12.8759986063,-12.598659613,-12.7353427997	norm	0.2	264000
305871	0,1,2,3,4,5,6,7,8,9,10,11,12,13,14,15,16,17,18,19	-2.81756083877,-1.15773598287,1.16046983008,0.133848852973,2.78115240147,1.35780125061,4.59754444815,12.0385478429,17.0863937103,16.1458471579,17.7449694894,15.5036123516,13.2291959653,13.3084514927,8.15372685077,3.50755331271,1.43562084699,-1.76265548936,-2.65533847687,0.666640447238	norm	0.2	264000
307517	0,1,2,3,4,5,6,7,8,9,10,11,12,13,14,15,16,17,18,19	17.2838952748,21.6926712787,22.3607782406,20.1628330889,22.4628895103,23.54795771,26.4635740074,29.6009304137,34.5049841598,37.8099097175,38.4907862955,37.3034329583,34.9342229476,31.2443799007,28.4585562798,23.4041000788,21.2175979967,18.6607600104,17.8846698592,18.2943996971	norm	0.2	264000
305431	0,1,2,3,4,5,6,7,8,9,10,11,12,13,14,15,16,17,18,19	-13.3278372293,-15.7139083742,-11.7529041652,-14.2385332738,-10.8854055623,-8.06832605059,-6.18178305403,-2.13367247966,1.10006110111,4.53864933141,6.02620670167,4.99875357798,3.25693925867,-4.00373214885,-5.79301751285,-10.7537959397,-11.7345064892,-10.4934916949,-15.8544967885,-13.3464528045	norm	0.2	264000
304913	0,1,2,3,4,5,6,7,8,9,10,11,12,13,14,15,16,17,18,19	-18.53016045,-18.9927890237,-17.9215325557,-19.5886617467,-13.7328598352,-15.9455998722,-10.1651284874,-8.24368390427,-3.2225189707,2.69936810252,3.23847453168,-2.0364041018,-4.72304717587,-8.94962514342,-12.9956351937,-15.1521642634,-17.6241737059,-16.1006736429,-18.9038818583,-17.9077064804	norm	0.2	264000
305246	0,1,2,3,4,5,6,7,8,9,10,11,12,13,14,15,16,17,18,19	14.8462380244,12.6313512543,14.7769097975,15.5522321509,14.4292158325,15.7823854216,23.0339852491,23.7994011636,28.8246314837,31.696057789,30.0267592071,31.9519299821,26.3231913528,23.0453725324,20.1642884027,18.5018820602,14.7355620137,11.7785756055,14.3553183263,13.9006714174	norm	0.2	264000
305281	0,1,2,3,4,5,6,7,8,9,10,11,12,13,14,15,16,17,18,19	0.361804427564,-3.67571098572,-3.30617364875,-0.153045181711,1.68409966579,0.583560059186,7.00341446479,8.24981508581,12.8307477511,17.2424356953,17.8223390744,16.7201362995,12.6763546878,7.58272646392,4.12041487852,2.60663891796,1.89175371634,-1.72629103718,-1.54474416214,0.186096213075	norm	0.2	264000
305310	0,1,2,3,4,5,6,7,8,9,10,11,12,13,14,15,16,17,18,19	-4.65796003506,-4.68821216152,-2.99029514685,-2.85394391707,-3.35490098062,1.4512757578,4.35775180339,7.27761138816,8.22933896927,14.3077076315,14.0205301947,15.8115309601,10.6678059114,6.54539025457,3.63283637421,-0.555454651918,-2.90498005975,-4.06317361807,-6.30503441955,-3.04536261798	norm	0.2	264000
304706	0,1,2,3,4,5,6,7,8,9,10,11,12,13,14,15,16,17,18,19	5.05267030085,3.18654415307,5.20462992916,5.71739335812,6.72145226724,9.03370799109,9.7899396127,13.7376013909,20.832381064,20.9644033563,23.9090253338,19.9219295595,16.8712353397,13.5589580623,9.04505132746,8.91055824692,6.36815435345,5.31579629069,2.29308264198,4.55466172552	norm	0.2	264000
306745	0,1,2,3,4,5,6,7,8,9,10,11,12,13,14,15,16,17,18,19	-6.39259053955,-7.7362875727,-6.11731158765,-4.60525275397,-2.6067821927,-0.770778434173,0.729563357917,3.18449422836,7.38809592924,12.6127393975,10.8861035313,11.533159438,9.97296541791,5.82067301809,1.41462442581,-4.2607395096,-4.51602850903,-8.18246744285,-8.54928917151,-7.40466701752	norm	0.2	264000
304107	0,1,2,3,4,5,6,7,8,9,10,11,12,13,14,15,16,17,18,19	-7.1590904162,-10.8532849792,-6.25789845358,-9.15852192932,-8.35868137941,-5.49130834574,-0.37429769688,1.78406286746,7.13096915976,9.4379520367,9.51570483627,8.23779620222,5.3741849153,1.69948361579,-3.45985209765,-3.42320683894,-6.3900246585,-6.32617840244,-9.57619699693,-11.4231908604	norm	0.2	264000
305363	0,1,2,3,4,5,6,7,8,9,10,11,12,13,14,15,16,17,18,19	2.27354496561,4.58897548313,5.42627655651,5.82383368883,5.70799222515,9.64275672532,9.23008724939,15.2307278191,17.8932452487,23.4939785663,21.3670995839,24.5466432856,20.9483110598,13.30693408,9.81131032439,7.98581769461,6.55706883238,2.65546937371,4.52191579594,1.79142886183	norm	0.2	264000
305481	0,1,2,3,4,5,6,7,8,9,10,11,12,13,14,15,16,17,18,19	20.1737945152,15.7721628804,17.5332617188,20.5137631663,21.5157184891,23.9739534079,25.9523529707,30.0953337739,32.8294518871,36.1901093758,36.8468556307,34.4991299023,33.6262020876,30.5108930925,24.7555506893,23.858287388,22.0166475676,17.6456447129,19.2722516323,20.3645192674	norm	0.2	264000
305003	0,1,2,3,4,5,6,7,8,9,10,11,12,13,14,15,16,17,18,19	8.87493034901,12.2098149278,11.9452518888,11.9239537757,10.8108720743,16.5591443337,20.3668044231,20.2601720901,28.084017632,29.5179266954,32.4124957191,26.9066100078,26.7609396048,20.3544330713,19.9492629175,15.8062601387,12.2712046393,8.86721332476,10.9733104088,9.2522017727	norm	0.2	264000
306290	0,1,2,3,4,5,6,7,8,9,10,11,12,13,14,15,16,17,18,19	15.1444159189,13.5626749286,16.3630903922,17.4743315103,19.4370908224,21.6333205057,22.9367483291,25.0956908458,31.2325856621,30.7354807992,35.3393857896,34.2506460796,28.3850939744,24.6470033351,21.000235988,17.0359874089,17.2509752877,17.451913215,15.6884244743,13.2556823126	norm	0.2	264000
306485	0,1,2,3,4,5,6,7,8,9,10,11,12,13,14,15,16,17,18,19	-8.25018800222,-5.85356335503,-9.24967125345,-4.78826262481,-3.57817367695,-2.82998710927,-1.96328716953,3.61352341627,6.25530235199,12.6968716672,12.0098858163,13.2966764534,5.88522757354,3.97371917084,2.98165656753,-0.898857504719,-5.74717349453,-5.18494987038,-8.6896860819,-9.41948118556	norm	0.2	264000
306948	0,1,2,3,4,5,6,7,8,9,10,11,12,13,14,15,16,17,18,19	0.406904707499,3.30388602612,0.747489526199,3.11263260562,1.96885081991,5.4448404131,12.1467572836,16.1003992312,15.9151509822,20.4712889392,19.5062403905,22.7965365796,16.2519299219,15.8285865622,8.69202380127,5.3973750321,4.7803228795,0.543477291915,4.36803348597,1.85512749277	norm	0.2	264000
304749	0,1,2,3,4,5,6,7,8,9,10,11,12,13,14,15,16,17,18,19	-12.8597136211,-16.8074514754,-14.1700443483,-12.1975313295,-13.9126708932,-7.90662592351,-4.710292575,-2.07876395878,3.1452503217,4.86648001335,4.96919765818,4.95760056724,-1.0481419396,-4.64956053333,-6.30169404594,-8.350093556,-11.5534916384,-13.1333317128,-13.1349936691,-12.2574279416	norm	0.2	264000
306339	0,1,2,3,4,5,6,7,8,9,10,11,12,13,14,15,16,17,18,19	-6.56290148571,-10.9926778076,-10.4267703789,-5.14668970164,-5.6735936747,-1.5507893146,-0.0734538801705,3.35792760265,7.27522377637,8.85449250205,11.2771252515,9.93664088909,7.57631003187,5.10020409903,1.12121073946,-4.56527069898,-6.87180171767,-9.45298801228,-6.48220223958,-10.2224182158	norm	0.2	264000
306784	0,1,2,3,4,5,6,7,8,9,10,11,12,13,14,15,16,17,18,19	6.30859003806,8.92800539347,5.88324279355,9.79146402415,10.2108864199,13.6420828737,15.8369256601,17.3992893843,25.7233052289,29.0280064334,29.1211000605,24.8441055198,24.2679516922,20.8197150384,16.9493203907,11.4474073898,12.3675133581,10.1537106871,10.6229437836,6.80605754279	norm	0.2	264000
304105	0,1,2,3,4,5,6,7,8,9,10,11,12,13,14,15,16,17,18,19	-6.22944413274,-7.12266538343,-5.27882406562,-5.36321867064,-2.94122044261,-1.95419262247,1.19807293943,7.15964288832,9.51543483375,13.1761906081,13.6344960083,11.4683024657,9.93569158908,9.01307361346,4.82949598098,0.366888544371,-0.229728818218,-4.04975198585,-6.28489290729,-3.60609631496	norm	0.2	264000
305178	0,1,2,3,4,5,6,7,8,9,10,11,12,13,14,15,16,17,18,19	-12.6496712788,-11.3084621714,-10.5498716391,-10.5041208649,-10.6109200442,-5.65700031466,-4.95854503002,-1.21736362271,4.61175294148,8.19204676206,5.01553469912,5.51659506212,4.33434436951,-3.35539153924,-3.7931304176,-6.06097795403,-9.55131274102,-9.38692996598,-13.1772950661,-13.9355359953	norm	0.2	264000
304873	0,1,2,3,4,5,6,7,8,9,10,11,12,13,14,15,16,17,18,19	-3.28006883268,1.28528480318,-1.6415765531,-0.355086098838,-1.19999349468,4.30912344561,4.95403424936,10.1472110913,13.0209844023,19.1365249195,17.3293662194,17.9632862638,14.8375532948,11.9614075583,8.48721807743,4.82189851267,3.44725893259,0.892427845912,-2.44506342967,0.17195201696	norm	0.2	264000
307327	0,1,2,3,4,5,6,7,8,9,10,11,12,13,14,15,16,17,18,19	-8.78244952946,-7.84826381109,-8.58030877305,-6.49977078035,-5.81690306755,-1.17664643493,-1.93149015744,2.36409427258,6.65883787456,12.7584594103,10.9618571831,12.1314999367,10.2655801535,2.71902588611,-0.263415444382,-1.30687463604,-7.24388026453,-4.5717677078,-5.87016604884,-8.61430319771	norm	0.2	264000
306722	0,1,2,3,4,5,6,7,8,9,10,11,12,13,14,15,16,17,18,19	11.0672908172,10.7316275159,8.49932650378,11.8968229283,12.8372099338,14.4781155475,15.7069078894,22.2587612012,22.8445218222,27.8762272056,28.2832395922,27.7341569181,23.4218180118,21.9033826261,19.8374739271,15.629270146,13.2805657746,12.9799188932,7.55025089142,11.8705859541	norm	0.2	264000
306953	0,1,2,3,4,5,6,7,8,9,10,11,12,13,14,15,16,17,18,19	-16.6726186787,-19.1886451417,-15.5615067247,-15.0113580906,-15.6402006557,-14.1187634868,-9.79638656568,-6.12757146181,-1.96809336026,0.953281094082,3.91065863951,-0.576788289017,-1.4336308257,-7.98069242484,-12.2599218705,-11.4902055628,-14.9927946846,-18.4583511803,-15.9013367895,-16.3985109888	norm	0.2	264000
305082	0,1,2,3,4,5,6,7,8,9,10,11,12,13,14,15,16,17,18,19	1.01819656336,-0.665628461597,3.65465242986,3.84869232905,4.75544527977,5.47698605752,10.8644691881,14.6667881474,17.1517410336,20.7101337834,19.9432833787,18.6871435889,17.4103050614,13.6895278305,10.6942790153,4.99544628659,2.08168064416,3.89969987847,1.72414137752,-1.32074505049	norm	0.2	264000
307525	0,1,2,3,4,5,6,7,8,9,10,11,12,13,14,15,16,17,18,19	-10.1817163629,-9.65980132294,-12.3134196314,-9.41227228904,-9.91761583845,-4.2176696391,-4.67221753273,-0.652026655622,3.06053506218,5.3663240469,9.97205857819,6.11999690135,4.08070999082,1.65250522147,-1.4340298463,-6.01207269522,-8.97354675292,-8.67983525366,-9.88580496755,-9.18675751227	norm	0.2	264000
304426	0,1,2,3,4,5,6,7,8,9,10,11,12,13,14,15,16,17,18,19	-9.97536710258,-7.07171075334,-7.07515943503,-7.2963968738,-5.55649739458,-3.07738099575,0.735473026275,2.96089548729,8.34740711312,13.7354556402,10.2292238576,10.583348992,10.3067848643,3.87195441692,0.39251371654,-2.68055874289,-6.15868336002,-7.33544936659,-5.02836195258,-5.12135894804	norm	0.2	264000
307131	0,1,2,3,4,5,6,7,8,9,10,11,12,13,14,15,16,17,18,19	21.4401450945,19.9149424632,20.7365145354,19.5715178795,21.2793082246,24.2065928219,25.4470655785,31.3600896634,33.8453516313,37.8270764111,37.5377043069,38.5544794945,34.8253810397,31.319956827,27.9606954155,21.9972705559,22.4435836897,19.3869507447,19.9302673375,18.1162581811	norm	0.2	264000
304504	0,1,2,3,4,5,6,7,8,9,10,11,12,13,14,15,16,17,18,19	-8.47985751603,-8.50893810178,-11.6027509294,-9.05262746783,-6.20209308553,-5.10539944429,-2.98816482897,2.41916078346,6.44491532578,7.26544034507,11.4444938164,7.25004457808,2.70350616888,1.72508645744,-0.544959367502,-3.75010284977,-9.20180185052,-8.47354326175,-11.1647936401,-8.92418851836	norm	0.2	264000
306459	0,1,2,3,4,5,6,7,8,9,10,11,12,13,14,15,16,17,18,19	5.15722699316,6.13390132764,6.1263027898,3.63070125148,4.69517382802,10.6636103452,13.6279722424,14.9956353545,17.7435247876,23.366069696,22.5577612055,25.5717732677,18.2378229523,17.9830686156,11.0819490031,7.20237595956,4.94004363068,3.60948971538,5.44302488027,6.75341385169	norm	0.2	264000
305675	0,1,2,3,4,5,6,7,8,9,10,11,12,13,14,15,16,17,18,19	6.8544942985,4.57140928729,6.26654913448,9.6771724008,8.21552349327,11.2921115319,15.7782181981,17.9707560523,21.8687359362,24.2088876809,27.4384543018,26.640804811,20.5247985246,16.86657416,15.5461850106,13.8114418973,10.7889093557,9.94506402511,8.55307891493,6.35235437449	norm	0.2	264000
307048	0,1,2,3,4,5,6,7,8,9,10,11,12,13,14,15,16,17,18,19	16.1890586907,14.5213730621,17.6104363626,18.1504486436,17.7883161413,20.4071125318,23.731508164,25.7263806252,29.9260806172,35.5550710228,34.1730369675,31.9897536151,31.5473151023,27.4180823632,22.6041461721,19.952863985,17.0375618609,13.9731868473,17.1972871389,16.4019884439	norm	0.2	264000
307765	0,1,2,3,4,5,6,7,8,9,10,11,12,13,14,15,16,17,18,19	-2.46864259238,2.30042629058,1.3670741216,3.63224460335,4.04482959344,4.98650942738,10.2030474293,12.1965283322,13.6319167706,18.3419903114,18.0178358566,20.5427983114,15.8297707199,9.77728947152,9.0988499835,5.57713701977,4.99218703029,-0.867078482464,2.76980883737,0.981749838553	norm	0.2	264000
306215	0,1,2,3,4,5,6,7,8,9,10,11,12,13,14,15,16,17,18,19	-0.00311607988384,0.744739549915,2.9094455926,-0.618504059008,0.87101958389,4.27940520108,6.28485094398,11.3809100916,13.7565039596,20.9546438314,18.057157104,18.178888203,16.7756194918,9.81716158084,8.48243442471,7.46489151971,0.170466746827,2.27322515754,0.962062890188,-0.0703418215893	norm	0.2	264000
306209	0,1,2,3,4,5,6,7,8,9,10,11,12,13,14,15,16,17,18,19	-8.3142990429,-7.94033524518,-9.55121001685,-7.57146969979,-5.51125547776,-4.78055255285,-2.30519862926,-0.218690028725,3.60048906153,7.43298513462,11.262756071,10.0442454712,3.83955586385,1.73414495487,-0.882893926397,-6.66000881795,-8.95576032705,-11.5794174639,-7.9225080762,-11.9594218738	norm	0.2	264000
307307	0,1,2,3,4,5,6,7,8,9,10,11,12,13,14,15,16,17,18,19	-15.325488877,-17.6458005806,-17.6905697582,-15.7341170618,-16.7002730642,-11.1947992798,-10.0501372435,-6.54347618867,-3.78290038529,0.700037396248,1.26986304622,0.851469334676,0.437159458892,-5.17579230585,-10.9628200904,-12.6061939883,-14.579919412,-17.1666277382,-14.4892220077,-18.7418993084	norm	0.2	264000
305994	0,1,2,3,4,5,6,7,8,9,10,11,12,13,14,15,16,17,18,19	-5.43487609203,-4.73221062467,-2.09166887051,-2.85954419252,-2.13230085479,3.28523882499,4.8557759991,5.78995154499,10.0959587149,15.2715887559,16.231890761,16.2565608704,12.2762652632,5.94154822578,4.69546463554,0.555139749105,-2.22266336922,-0.595909712251,-3.69450436961,-5.20269893054	norm	0.2	264000
304517	0,1,2,3,4,5,6,7,8,9,10,11,12,13,14,15,16,17,18,19	-16.0995022227,-17.0435955593,-15.5481828112,-17.7720488059,-12.0153215182,-10.6159878646,-9.40666456308,-5.00903945038,-2.05743504243,3.40518914924,1.56495625853,2.0412309199,-2.27733012732,-4.92352504351,-7.55079732928,-12.9403040829,-14.3502801891,-17.8784678235,-14.5686109339,-15.0848367378	norm	0.2	264000
305772	0,1,2,3,4,5,6,7,8,9,10,11,12,13,14,15,16,17,18,19	6.16223906406,4.04831523607,4.86907207775,3.97306093926,5.31796295226,6.02653182827,10.8623108757,13.7758437497,20.7920000473,22.12374297,25.0753316279,23.8071637217,21.2399345271,16.0471309851,14.2738414342,10.5311139732,5.38965710436,7.10791207671,5.92089907835,4.69759076769	norm	0.2	264000
304920	0,1,2,3,4,5,6,7,8,9,10,11,12,13,14,15,16,17,18,19	-15.8544395523,-11.0017327466,-12.8419070648,-10.733316736,-12.1135909568,-6.55091234495,-6.97427518964,1.07547489125,1.19436171921,4.56592750586,5.15654805068,7.85356475751,4.831537793,0.646846301598,-6.3030632678,-9.50774583524,-12.3246325954,-13.8231882196,-11.7266174525,-11.8656734604	norm	0.2	264000
304430	0,1,2,3,4,5,6,7,8,9,10,11,12,13,14,15,16,17,18,19	-13.3347184891,-15.1152792774,-15.452272474,-11.1477801085,-11.2361605175,-11.5454587562,-6.91928560526,-4.72076535844,1.04667959754,2.8766453034,5.00495067881,6.2535576949,2.62420932049,-4.99488570672,-8.11041439371,-9.89891874472,-13.0814746504,-11.2851544566,-14.6555281841,-12.9707579325	norm	0.2	264000
305551	0,1,2,3,4,5,6,7,8,9,10,11,12,13,14,15,16,17,18,19	19.9272690888,18.7197660627,16.9790914807,20.4902465175,20.7741312216,22.9395049186,27.1353373726,28.0834936988,34.6860728673,38.9993608129,39.1734289059,38.6911902914,32.3771423138,29.1740186325,27.5392454929,23.7955900713,21.7726769182,19.5795653445,16.6468441346,17.5123392867	norm	0.2	264000
307096	0,1,2,3,4,5,6,7,8,9,10,11,12,13,14,15,16,17,18,19	-5.54698369465,-5.37139096479,-4.23569599064,-5.99364064671,-2.15700936932,-3.00272908036,3.21055979681,6.78961179714,8.25301426142,11.7990246868,11.4315040727,11.8331534121,11.3310410035,6.01112866569,-0.413884243976,-4.18519956192,-4.99073240768,-6.97355027514,-3.79699620462,-4.92744830217	norm	0.2	264000
306985	0,1,2,3,4,5,6,7,8,9,10,11,12,13,14,15,16,17,18,19	9.50554367917,10.6744016438,7.89110568603,11.2802267823,10.1392883769,16.5249842251,16.2189144594,22.4897745573,24.5776526735,27.6778810921,28.0588977417,28.1930553258,25.2958334994,22.0779328604,19.8817658531,12.9723517688,13.3897073882,8.73628884427,9.61955574432,11.6859881504	norm	0.2	264000
305493	0,1,2,3,4,5,6,7,8,9,10,11,12,13,14,15,16,17,18,19	21.5787200952,18.1677521936,21.0742341189,19.7905421922,20.9232036704,21.9140059712,25.5123766823,31.0649505384,37.7881084237,36.2218517055,41.8099162623,38.4535900644,34.7214387033,33.0827577121,25.6851358833,25.9991198196,22.0457189427,22.0953296822,22.2136694698,18.7909561336	norm	0.2	264000
307673	0,1,2,3,4,5,6,7,8,9,10,11,12,13,14,15,16,17,18,19	15.6558688626,13.8923046165,14.3572946054,17.5019820551,17.9670243551,20.7969452072,21.7114115982,28.2258005714,32.5738656719,33.4346032603,33.5232888587,31.9592024232,32.1792807488,26.7896680665,24.4749930696,18.981689752,14.9845598051,15.0863923622,13.0668406221,16.4820579389	norm	0.2	264000
305833	0,1,2,3,4,5,6,7,8,9,10,11,12,13,14,15,16,17,18,19	-12.5590813948,-15.321484215,-15.3042931725,-14.0772779423,-12.1331864989,-9.08249845516,-8.0509915604,-4.01057668034,2.15084276603,5.04807460096,7.91276394494,3.10971804475,3.6910841607,-0.408938561946,-5.34765768078,-9.29671680016,-13.4846645387,-12.3354987217,-15.4057652869,-13.8822429859	norm	0.2	264000
306343	0,1,2,3,4,5,6,7,8,9,10,11,12,13,14,15,16,17,18,19	-14.8262310085,-11.7391599319,-14.8899091237,-13.7584232829,-8.76388576088,-6.5418005424,-5.22094024349,-3.00101462503,4.33918996928,4.35693449622,4.12594225934,6.81877961393,3.92643411889,0.468854691358,-5.43119023824,-8.53553043225,-9.66412392824,-9.78471003382,-10.6315693577,-12.6514037019	norm	0.2	264000
307062	0,1,2,3,4,5,6,7,8,9,10,11,12,13,14,15,16,17,18,19	15.4771540147,13.8495961254,13.9411738197,16.9904921485,17.9568632569,22.3497770427,22.0833234401,24.9430224832,28.706274525,34.5068125498,33.1563876089,36.1597035227,33.1480432809,29.1554071832,24.8160611969,17.7050162984,17.5606389519,18.5171472612,13.6171275481,13.9117971343	norm	0.2	264000
307760	0,1,2,3,4,5,6,7,8,9,10,11,12,13,14,15,16,17,18,19	0.659441796549,-2.72365853948,1.2528502469,0.154618124901,0.0554100369303,5.83747791999,5.34231246377,11.8839923035,16.4742257478,19.2734514466,17.5352561113,14.8541814381,16.8095057372,12.72012193,4.7872694286,5.58238609626,1.94558480328,0.884276295607,-1.87725928578,-2.09368090509	norm	0.2	264000
305916	0,1,2,3,4,5,6,7,8,9,10,11,12,13,14,15,16,17,18,19	4.95696164742,2.08183202513,2.23430186987,4.81034023967,6.64759643957,6.83699360022,9.13422281087,16.788653761,16.7807219088,22.4081618416,21.2948885698,23.1379565615,17.4284388191,17.2435506604,9.83803479836,6.62713505514,7.20457481987,6.14057546118,3.22615117705,1.00458097033	norm	0.2	264000
305214	0,1,2,3,4,5,6,7,8,9,10,11,12,13,14,15,16,17,18,19	-0.0719657748794,-0.700985549378,0.708374777955,0.17762455774,5.81563846454,4.72915626665,8.32611339734,12.8072176907,17.5299584774,20.0769593419,19.2745984707,20.7624659421,18.3991861156,15.1627310437,9.64254221625,5.12149056637,2.15324696772,0.405970869763,-1.06064903954,-1.03506292143	norm	0.2	264000
307953	0,1,2,3,4,5,6,7,8,9,10,11,12,13,14,15,16,17,18,19	10.5954198149,10.2993749492,14.8906645605,12.1324925531,16.6718525706,16.3775529635,20.2408514542,25.9338234156,25.6807742744,30.8138026397,31.368575636,30.9938193087,30.5689733854,25.1773103454,20.4105979732,17.3403323403,15.1732332851,11.0795980966,11.806543847,10.9984453367	norm	0.2	264000
306229	0,1,2,3,4,5,6,7,8,9,10,11,12,13,14,15,16,17,18,19	-9.88893568261,-12.8549633439,-11.227396697,-10.0334762859,-9.03293677122,-6.60348327033,-4.76382356351,2.68584582111,4.49129182397,6.84680498156,10.5770396513,6.44511953615,2.59852993713,3.424933167,-5.29839554316,-5.53680763719,-8.06944209728,-11.4658612532,-12.0353988016,-12.8309887769	norm	0.2	264000
305374	0,1,2,3,4,5,6,7,8,9,10,11,12,13,14,15,16,17,18,19	-4.60540557083,-2.58039650392,-3.91218834736,-0.880766739308,-0.266436680543,3.53841850981,2.48466522521,6.46814972223,11.4248394729,15.1983300944,14.3149009399,16.5898704746,12.4486801048,9.19082009197,3.16694256828,3.12529834332,0.511285127342,0.0892958224962,-4.61658555505,-5.06847379711	norm	0.2	264000
306905	0,1,2,3,4,5,6,7,8,9,10,11,12,13,14,15,16,17,18,19	-11.9375445004,-10.8671787983,-11.5286640046,-9.1158205056,-6.82900992675,-4.59586055488,-3.15925745672,3.77500310675,5.10625623681,7.41844730276,9.91611184068,10.346224916,6.56600464912,0.570378852695,0.331559194725,-6.04561001152,-9.83144411159,-6.52156518617,-11.5823717627,-9.77944287148	norm	0.2	264000
304241	0,1,2,3,4,5,6,7,8,9,10,11,12,13,14,15,16,17,18,19	-17.9481899566,-20.4176712187,-17.2671090787,-18.3975301522,-15.5420805524,-11.9347112259,-12.5859279969,-4.67398824486,-2.53558939143,-0.681406831074,-0.43063111771,-1.14288456703,-2.84658140755,-5.00237254895,-12.0443379754,-11.8681463198,-14.9529318862,-16.3258409585,-15.5514469062,-17.307628936	norm	0.2	264000
307330	0,1,2,3,4,5,6,7,8,9,10,11,12,13,14,15,16,17,18,19	19.8958189986,18.5536675288,17.8210292613,20.1616414917,19.245884579,23.864355898,23.6218267421,27.4272765135,33.8120834966,34.1650081843,39.040627836,38.4742162358,33.5161037723,32.0829825871,24.0626721575,25.0202243782,17.876184361,16.8476213409,20.1951937198,19.4656501344	norm	0.2	264000
305331	0,1,2,3,4,5,6,7,8,9,10,11,12,13,14,15,16,17,18,19	5.89847066435,2.89205887129,4.24596997143,3.61010027625,6.23789593158,10.441687891,11.4920170582,15.7466092119,21.2315570401,21.5822118433,24.4361762349,24.9661591678,18.8433373633,14.7537640358,10.9607842015,10.8854388764,4.79582547035,5.79351051491,5.56626068871,1.75304302625	norm	0.2	264000
304877	0,1,2,3,4,5,6,7,8,9,10,11,12,13,14,15,16,17,18,19	10.65421375,14.5556668469,12.6313666212,11.470262432,15.5027052222,15.1633869876,22.1185108087,22.5756632749,27.6350782604,30.8446716783,31.7167305775,32.9913618166,27.6707437281,22.6274111892,18.6900317882,17.4614671199,15.6456505394,11.7802624732,11.9089724332,10.9574571749	norm	0.2	264000
307620	0,1,2,3,4,5,6,7,8,9,10,11,12,13,14,15,16,17,18,19	1.48078853162,4.23911697183,6.24246903336,2.96352523028,5.94633450845,9.87205771178,10.6510427811,16.8126669875,21.6182900728,23.4042223282,25.8324900685,23.1104521429,18.5775130885,14.4899844556,9.69759666571,7.73794833898,6.4168707801,4.77306561729,2.37913498301,5.17710418651	norm	0.2	264000
306783	0,1,2,3,4,5,6,7,8,9,10,11,12,13,14,15,16,17,18,19	-11.2900793689,-11.8957580458,-8.839707025,-9.52472195727,-9.17191894145,-4.10540634381,-4.38522397387,-0.516776827791,2.98552504759,8.6255762208,9.35997571868,10.7719231151,5.84001509845,0.0549994322026,-3.54692457263,-6.18257171946,-5.96544760039,-7.31279271819,-11.9591612983,-10.8808818309	norm	0.2	264000
306906	0,1,2,3,4,5,6,7,8,9,10,11,12,13,14,15,16,17,18,19	-0.43522379575,-3.23242270391,0.923376895951,-2.98386449603,3.21983111172,2.62921730576,6.44042228855,7.86829199942,14.8735482425,14.6841709536,16.3916575032,17.950181471,16.5228177815,12.6792299997,4.30732197979,1.30097411566,1.49976294824,1.6020488505,-2.71761325282,-3.25470371576	norm	0.2	264000
305728	0,1,2,3,4,5,6,7,8,9,10,11,12,13,14,15,16,17,18,19	20.67110987,21.5990305478,18.5099632866,19.9291105624,20.163562768,22.5168434443,27.9757569226,31.5370516551,32.8294744712,39.5865432411,39.4805600933,36.6756603776,34.517222738,30.1554822701,29.5433079478,23.9286894124,21.544652065,19.2079897822,21.8323873297,19.47217389	norm	0.2	264000
306540	0,1,2,3,4,5,6,7,8,9,10,11,12,13,14,15,16,17,18,19	-0.248143888753,3.75278935501,4.20907798318,0.934964419626,3.51274251463,7.53105886167,7.77860949479,12.200758271,18.3890106769,18.0147515421,21.9333954567,21.4192281205,18.7318632285,12.8112874214,8.87667665089,5.03629162954,2.36398092316,4.97166739537,2.99496700799,1.3382130256	norm	0.2	264000
307718	0,1,2,3,4,5,6,7,8,9,10,11,12,13,14,15,16,17,18,19	7.67571095926,5.61894167647,6.93239414531,6.51176718708,6.86027559088,10.331957749,13.0123715302,15.9372849119,22.5710435723,26.5922590603,23.6068665646,23.0601247791,23.2807989131,16.1536365013,11.7563387284,12.3802566876,8.89147788077,8.77044852553,8.65591663565,5.79506156921	norm	0.2	264000
305482	0,1,2,3,4,5,6,7,8,9,10,11,12,13,14,15,16,17,18,19	-3.4878041474,-0.705750353652,-1.22773966223,0.844643876409,-2.00263339597,1.44137163375,2.84630009895,9.79788694528,12.8365905889,15.8818115813,18.1947900835,16.3945107242,12.317536121,6.81513093871,5.34426081122,4.53579067399,-1.91421304682,-2.04053437813,-0.389785839917,-4.24817879831	norm	0.2	264000
304308	0,1,2,3,4,5,6,7,8,9,10,11,12,13,14,15,16,17,18,19	8.68266394032,7.44790504286,6.13669182956,10.4650763656,8.73913399899,11.7695011866,17.1233334198,19.167414423,21.4283574702,27.5445896747,29.3763839048,28.041484156,24.3653073712,18.6634588961,14.1205769779,11.5264361572,11.2764087023,10.2898750965,6.14663510724,6.58854470168	norm	0.2	264000
307873	0,1,2,3,4,5,6,7,8,9,10,11,12,13,14,15,16,17,18,19	-13.5167682314,-12.912380088,-15.6129959796,-12.3242096546,-13.3806254633,-11.0993598333,-7.43143449376,-1.67824006415,2.33886214455,1.46486144941,3.51267243001,3.14838421592,-2.08194896195,-1.03689262798,-7.39613000089,-12.2745732273,-13.4595895013,-12.687134028,-15.8613082177,-17.976390832	norm	0.2	264000
307895	0,1,2,3,4,5,6,7,8,9,10,11,12,13,14,15,16,17,18,19	12.1321201089,13.1244085642,10.0308509514,15.2248310024,16.353885521,14.4011723595,21.8509286034,21.5744656733,28.0165269198,32.8231685707,33.2342081341,29.0980197925,25.1607571747,25.8865522012,17.5841968792,17.227101185,14.9237710604,14.0974448613,11.3718778615,12.6923669948	norm	0.2	264000
307408	0,1,2,3,4,5,6,7,8,9,10,11,12,13,14,15,16,17,18,19	-6.94443660966,-3.74608494868,-3.15862565753,-3.66078874569,-2.10489258632,1.13874624248,1.49863429468,7.80298277837,10.5692765687,15.1350649215,14.4702404827,14.0727836641,9.72553985203,6.13816072652,0.945870078141,-0.525404110525,-5.26569383987,-6.30345948389,-5.45970908781,-3.3400639173	norm	0.2	264000
306575	0,1,2,3,4,5,6,7,8,9,10,11,12,13,14,15,16,17,18,19	15.454112798,16.5826039786,17.2819691864,17.6940379414,16.2867227367,23.0115893842,21.7015597663,27.1377336892,31.8102312183,33.1557503691,34.428448796,35.9880278342,30.388623763,29.6135022896,22.7486548648,23.2562172914,17.5187122901,15.8155232332,18.0964978081,18.4631426397	norm	0.2	264000
305614	0,1,2,3,4,5,6,7,8,9,10,11,12,13,14,15,16,17,18,19	16.5770478132,17.1881034605,16.8393247497,19.9565711436,18.6820306513,24.3074202167,23.7822422369,27.9030338259,31.8161413643,34.5385653561,39.446962512,38.7033337704,31.6309330402,30.0373510158,25.4761108305,20.6900335714,20.4610886935,20.4877306025,18.7913390283,19.5091785418	norm	0.2	264000
307007	0,1,2,3,4,5,6,7,8,9,10,11,12,13,14,15,16,17,18,19	2.51160643348,4.94361488617,5.55771228394,2.75531570764,5.00620658696,7.86548966336,11.0486959403,17.6312120511,19.5188690045,20.1842050164,21.4822212093,21.0597068158,18.4084406217,18.1091111825,12.2984094929,6.22481244923,8.23552019256,4.58702489182,1.87927722211,5.66208297967	norm	0.2	264000
307774	0,1,2,3,4,5,6,7,8,9,10,11,12,13,14,15,16,17,18,19	3.74486756572,4.82519587045,2.63215542418,4.0161405119,5.08690194806,6.41615671861,9.12586713163,16.8011923431,18.2635799925,20.1978798881,20.5402292225,21.291279334,16.7089364158,12.8045800346,10.7033077967,8.64220641799,5.04471007272,4.0244488106,4.59248450664,1.37052929102	norm	0.2	264000
304831	0,1,2,3,4,5,6,7,8,9,10,11,12,13,14,15,16,17,18,19	-5.41322846311,-4.74157994232,-7.21000746658,-7.05993855816,-6.02223187257,-0.198614462875,2.04568870789,3.44372057444,7.04182358533,9.25386318985,15.0246092347,10.2635458996,8.36850238868,2.56080635281,-1.39259450079,-0.720319709264,-6.46397473664,-7.40925760591,-7.97910449846,-7.07356491764	norm	0.2	264000
304898	0,1,2,3,4,5,6,7,8,9,10,11,12,13,14,15,16,17,18,19	-5.99263392396,-7.03887127474,-6.91640094721,-6.3044858633,-5.42906870606,-2.10673952256,1.19468436367,5.98966412011,8.65396283069,15.1695889106,14.6333337952,13.5980816267,8.50560344344,5.32487471486,-0.229257220398,-0.388851607477,-4.44230182706,-3.94093865749,-3.81548915507,-5.67463682242	norm	0.2	264000
306872	0,1,2,3,4,5,6,7,8,9,10,11,12,13,14,15,16,17,18,19	13.0853114779,14.225881089,12.9130219439,15.9227726121,16.1982340954,19.3878926411,19.0111403273,27.3903210203,27.8124646549,33.0503844325,34.1348886489,30.5562169116,31.6906007916,26.5764140601,23.9335083006,20.4653113518,18.4526630904,13.653154821,15.5873587374,11.5038853711	norm	0.2	264000
307452	0,1,2,3,4,5,6,7,8,9,10,11,12,13,14,15,16,17,18,19	-9.28395912072,-9.16474486209,-8.57032419814,-9.01088493362,-8.06519664512,-2.68146921598,-3.36407147335,3.56710079375,5.54072466196,10.2084103586,12.9440115892,10.7186050456,7.84805221472,1.8465335172,0.536127217831,-3.00077398092,-5.83054903551,-7.27841255274,-10.6721692831,-8.78187615202	norm	0.2	264000
304988	0,1,2,3,4,5,6,7,8,9,10,11,12,13,14,15,16,17,18,19	19.0536225237,15.7367696984,16.1457549303,19.672110818,21.5411987439,21.3469824811,27.6171943303,29.8005572742,33.5862047966,38.2547246562,39.0934514242,38.2870254429,32.7310781556,27.530176125,25.1942139942,20.0388548305,20.944196478,19.3762658738,19.3136505542,16.9774445862	norm	0.2	264000
305412	0,1,2,3,4,5,6,7,8,9,10,11,12,13,14,15,16,17,18,19	-14.3882952347,-16.811726463,-15.194900335,-13.5317296448,-14.7600160734,-10.5078320872,-9.47127302731,-4.98086169464,-2.00027512749,2.90433874906,1.84767407503,3.49792747189,1.20488783714,-6.37576806981,-10.3552487905,-12.6735661948,-15.063854076,-16.7040493673,-17.7088981933,-15.632092722	norm	0.2	264000
304923	0,1,2,3,4,5,6,7,8,9,10,11,12,13,14,15,16,17,18,19	17.566074595,16.8014490743,16.4586056934,20.0299774346,19.7415190355,20.9482704212,26.0008881197,31.0832577973,31.1716026249,35.091316482,34.0062105759,36.6449245076,33.8474127404,28.7763173217,23.527759973,22.0290480178,20.4827614964,19.5707777966,17.6208388561,17.4519536607	norm	0.2	264000
307457	0,1,2,3,4,5,6,7,8,9,10,11,12,13,14,15,16,17,18,19	-6.80617339279,-9.50897612361,-5.65175855819,-6.87445963042,-4.82257281267,-0.0542467099923,1.92585994189,7.2633119804,10.40855814,11.4680968053,14.802874713,10.0640250641,7.76981747702,3.88109292089,2.28926607963,0.146670848401,-2.71643756352,-7.85090798557,-7.84619732621,-8.10888074455	norm	0.2	264000
304463	0,1,2,3,4,5,6,7,8,9,10,11,12,13,14,15,16,17,18,19	-6.18791627797,-3.70025712248,-3.60292181694,-7.37797811331,-1.81225197481,-3.67966704709,-0.0317665813,5.16679274305,7.65963871719,11.6921979544,15.1469954725,13.9471307634,9.06137208969,6.11771350618,3.06301341001,0.0125993762515,-4.58871088849,-7.13626458897,-4.67547714923,-4.0720534892	norm	0.2	264000
306687	0,1,2,3,4,5,6,7,8,9,10,11,12,13,14,15,16,17,18,19	-16.5833850425,-17.7952972034,-19.5620167037,-17.1320241047,-16.468962113,-12.144961411,-10.2835810656,-7.11781246932,-0.714924389514,0.889693484,2.58449226107,2.13353195791,-3.94500211375,-6.37751137882,-10.5642413523,-12.354531537,-15.1103815616,-16.1442315574,-16.2138885916,-15.552809674	norm	0.2	264000
307453	0,1,2,3,4,5,6,7,8,9,10,11,12,13,14,15,16,17,18,19	-7.22102394727,-6.99068084697,-6.05231298411,-6.46184213796,-2.25203294414,-4.47744617219,-1.00412736666,3.44169565773,9.85336219583,10.409500716,15.4143704797,13.5755857979,7.09766256182,6.51207114351,3.67416707931,-3.98208462587,-4.10461597678,-6.12154575635,-6.17068686698,-7.9542774343	norm	0.2	264000
306348	0,1,2,3,4,5,6,7,8,9,10,11,12,13,14,15,16,17,18,19	14.4822320476,11.0481163036,14.2245021269,15.6675798634,17.9452168995,17.238468121,22.128678346,27.2638628315,29.1682431945,31.3130377403,33.9173783581,29.8855728863,30.3665776692,23.7919672252,22.328152938,19.8682111878,13.1643897083,11.931680734,10.8646484699,14.2720446002	norm	0.2	264000
305002	0,1,2,3,4,5,6,7,8,9,10,11,12,13,14,15,16,17,18,19	-2.76374082459,-2.91154089739,-4.22934683916,-4.3183157163,-2.79499909098,2.62486292612,5.34650707899,9.66110726941,12.850098199,13.774166837,13.7532095265,16.1166888825,10.9474966138,8.8907581224,4.83738777251,-0.29563190183,-0.516875070452,-4.95925539993,-5.66568540475,-5.16388101164	norm	0.2	264000
304836	0,1,2,3,4,5,6,7,8,9,10,11,12,13,14,15,16,17,18,19	-5.74368043248,-6.27158905657,-6.95743094626,-2.62005078196,-4.81524075824,1.00823393714,0.964416823837,5.11493120691,9.69206657989,15.3324733983,15.4345621642,13.6223935261,9.23002434071,4.58501195747,1.67827430166,-2.81346041088,-1.19922065188,-2.40312179886,-3.06685928488,-6.1286501385	norm	0.2	264000
307215	0,1,2,3,4,5,6,7,8,9,10,11,12,13,14,15,16,17,18,19	0.0597061853018,-1.59022515465,-2.19237083581,-1.65306518536,2.83050300171,5.56913558817,5.59089446215,13.7247055654,15.5533565032,16.6372394556,20.9834843044,18.4198877466,15.5871234782,11.503069701,7.73253307565,5.21783657414,-0.295911652346,-1.47310125143,1.88455565821,1.85297768469	norm	0.2	264000
307319	0,1,2,3,4,5,6,7,8,9,10,11,12,13,14,15,16,17,18,19	-7.04455757077,-3.50026035283,-4.01757569496,-4.1925928608,-3.1336585978,0.46833558962,0.0460966365884,6.11873440188,11.964993139,14.1612746333,11.719584147,10.8583322511,8.47814164818,6.43568883396,0.655749408561,-1.43929968607,-5.85657650277,-5.87492795081,-4.79989349096,-4.72839202052	norm	0.2	264000
306508	0,1,2,3,4,5,6,7,8,9,10,11,12,13,14,15,16,17,18,19	3.67245541132,1.38006835312,0.789568442738,1.43605497539,4.28750539547,5.22494279197,8.54680933606,15.2713738987,20.3731334261,19.829008312,22.1383792691,20.1300520035,19.1615504612,14.3093472301,11.2540060026,8.57606882044,6.53596393238,4.25658153605,4.24431942167,3.96745132643	norm	0.2	264000
307163	0,1,2,3,4,5,6,7,8,9,10,11,12,13,14,15,16,17,18,19	19.3979726356,20.6321120364,19.4004575066,20.7090753258,21.2320682764,23.3960852777,29.0234219253,32.4490931629,34.0421716414,38.0623104008,39.2595629537,36.702937417,33.02042734,29.9771560648,27.9433488105,22.9246365174,20.9253412299,22.8223584189,21.9352648296,18.9468188113	norm	0.2	264000
304980	0,1,2,3,4,5,6,7,8,9,10,11,12,13,14,15,16,17,18,19	-4.977626839,-6.40389598228,-4.62885879551,-4.82370340115,-2.28978545737,-1.14268684357,3.35550181502,2.89187180831,9.34370957124,10.8456531342,11.4510682542,11.4647037603,10.4624649858,5.54904075061,-0.305076312728,-0.375544445534,-6.81369552253,-4.18034094691,-7.83146992833,-5.23038929697	norm	0.2	264000
306324	0,1,2,3,4,5,6,7,8,9,10,11,12,13,14,15,16,17,18,19	0.139836267344,-2.75050946346,-2.96060098843,-1.20736379486,0.0502675285759,3.57169308212,7.22091511555,8.89221160404,16.9650603,15.1301696076,17.7969891999,17.6007838185,16.0843367683,9.73567843871,4.81169684316,4.88241758157,1.24227586087,0.359822893886,0.898215748694,1.05077819776	norm	0.2	264000
306466	0,1,2,3,4,5,6,7,8,9,10,11,12,13,14,15,16,17,18,19	-18.8966567111,-16.1545943426,-17.4893236249,-13.4986679142,-14.2913801273,-9.0819190427,-10.0363077758,-6.70224833071,0.790329397111,2.02866337614,2.06809413326,3.10121608737,0.0736997539481,-4.9668184118,-8.95551130375,-11.8780464218,-14.5976671271,-13.4181912631,-16.1631575186,-17.5946723491	norm	0.2	264000
306479	0,1,2,3,4,5,6,7,8,9,10,11,12,13,14,15,16,17,18,19	-11.01416939,-10.8937060062,-12.5812135283,-8.37994159381,-10.0660890058,-8.43042742251,-2.12383529428,2.17498332747,3.24550076645,5.69881529266,7.30954319733,7.38918317099,2.90497028135,0.92468319602,-5.72952349022,-6.11977410887,-8.1178695531,-11.3593631997,-11.6744062271,-12.0578347845	norm	0.2	264000
307781	0,1,2,3,4,5,6,7,8,9,10,11,12,13,14,15,16,17,18,19	7.6524851543,7.98987146591,10.9225943475,10.2730707066,12.1391984281,15.8349731129,16.798453813,20.958845143,23.1939268525,26.3342467126,27.682946754,29.30971155,23.1992748538,21.4608491267,16.0649534038,15.9781975962,9.9100045529,10.7476658761,8.75042430688,10.3955562516	norm	0.2	264000
306916	0,1,2,3,4,5,6,7,8,9,10,11,12,13,14,15,16,17,18,19	-16.4402326167,-15.5883054737,-17.3906838499,-18.8375221632,-13.4193500764,-11.14190929,-9.87517435414,-6.71347530178,-3.18759268146,-0.952195911815,2.74291502346,1.40725004868,-2.33785002641,-4.1085307212,-8.51854208546,-15.3711205737,-14.8914993858,-14.7243970378,-15.7514957687,-16.2959678953	norm	0.2	264000
304087	0,1,2,3,4,5,6,7,8,9,10,11,12,13,14,15,16,17,18,19	11.5862641897,9.51623358449,9.90405101926,13.9135588878,11.6248369047,16.6651037702,18.4165872869,24.4906920261,29.8626151847,31.5125520686,29.433768505,31.0604042237,24.9246074815,25.2879067454,19.0869364385,16.71173688,13.526820153,12.8362749411,13.1121521668,10.968850189	norm	0.2	264000
304306	0,1,2,3,4,5,6,7,8,9,10,11,12,13,14,15,16,17,18,19	-12.3785723651,-15.5249572396,-13.4383376438,-13.7978838617,-13.0358128696,-8.72483494286,-4.01815366345,0.63055063454,3.79146022898,3.68001984509,8.32605822623,5.13635282298,0.37384940642,-1.91082563454,-5.07817677594,-7.00254904265,-10.8553169262,-10.7375818643,-11.0127792892,-12.1295303142	norm	0.2	264000
304346	0,1,2,3,4,5,6,7,8,9,10,11,12,13,14,15,16,17,18,19	-19.4405211956,-19.2635885912,-16.182721134,-15.0682888275,-17.0770119982,-13.2803564401,-11.2930474611,-7.50155884242,-3.98435619391,-1.11130559059,2.96488746629,-0.645387357273,-3.14290961268,-6.60143142748,-8.85639803377,-12.7780018972,-12.8256060268,-17.8362548309,-18.2729915331,-18.0304964142	norm	0.2	264000
306135	0,1,2,3,4,5,6,7,8,9,10,11,12,13,14,15,16,17,18,19	17.0948253361,17.5566005088,14.2093284767,17.5998242354,19.8662533612,19.4517676004,22.3343354688,29.4743216341,30.3957226994,32.3880820818,35.9031586531,33.1639724214,30.8094747048,27.7996533653,20.8634363742,22.2879382076,18.8315592571,13.8429303258,15.0139778254,13.5262059826	norm	0.2	264000
307801	0,1,2,3,4,5,6,7,8,9,10,11,12,13,14,15,16,17,18,19	-2.83481411668,0.280732815851,0.928122074592,-2.97626035864,0.358265483111,1.53270394178,7.5515278866,9.68051088887,15.7966228443,18.4055022559,19.3937089813,16.2756977375,12.9264531951,7.72339839075,4.24771333495,2.36982973946,1.35584789601,-0.868840755712,-2.2524580579,-2.11978582652	norm	0.2	264000
306509	0,1,2,3,4,5,6,7,8,9,10,11,12,13,14,15,16,17,18,19	-18.6528243907,-17.0424780602,-17.1356990957,-17.1564634559,-15.6573148006,-12.2218473522,-8.52001102255,-6.10864606167,-0.804560328634,2.86509433751,4.06819313324,2.18000196259,-3.57626614312,-4.22660404761,-9.53362717486,-14.884887103,-17.2525614985,-17.8200153567,-17.986504053,-18.1913443611	norm	0.2	264000
305111	0,1,2,3,4,5,6,7,8,9,10,11,12,13,14,15,16,17,18,19	-9.46109179278,-10.3987425341,-7.36976540051,-10.192862479,-7.88019778795,-4.74677918807,-0.917253504717,0.541833629687,8.08789218869,7.46067650643,11.1456001942,11.1891299949,5.04291412835,4.30019524165,1.1407760356,-4.40054636658,-9.17036049254,-10.2343919135,-6.74291153193,-11.0803707547	norm	0.2	264000
306631	0,1,2,3,4,5,6,7,8,9,10,11,12,13,14,15,16,17,18,19	-18.1115382677,-19.1573927918,-18.3427862844,-17.9770980292,-16.6408664611,-12.3084052085,-6.33143200378,-6.6348481862,-2.72390191718,2.13802512835,4.68168916851,3.86443856006,-0.849324327087,-2.81124178728,-9.82676372523,-13.4048030563,-14.3370950604,-14.5001681418,-15.3904990957,-18.042418128	norm	0.2	264000
305620	0,1,2,3,4,5,6,7,8,9,10,11,12,13,14,15,16,17,18,19	-9.46031090254,-12.1058720482,-10.5792334123,-8.0644017846,-7.83386472598,-5.88551319656,-4.19639652292,3.57191440955,5.72667108948,5.84802807277,7.7274723977,7.93932903582,4.98428507706,3.02053945135,-1.30931511305,-7.96370635221,-6.86669204437,-8.84092618342,-10.6458073323,-9.29118506429	norm	0.2	264000
305759	0,1,2,3,4,5,6,7,8,9,10,11,12,13,14,15,16,17,18,19	7.56935784127,8.91540406618,7.94230910184,9.07804464553,8.01446352283,11.6987348922,16.8198324269,18.7472254007,21.396273852,28.4118221518,28.0931457514,27.0978632541,25.8201112537,18.6136203086,16.8770959723,13.5326076184,10.7544970169,10.9742288671,6.94499550789,7.1840367088	norm	0.2	264000
307527	0,1,2,3,4,5,6,7,8,9,10,11,12,13,14,15,16,17,18,19	-18.7434910142,-16.0843641853,-17.4901750857,-14.1083493832,-12.7662772803,-14.3862953057,-9.57032124496,-3.80318313535,-2.88812431349,-0.559711931548,3.92475269385,3.07779430153,-1.03126313851,-4.57805534107,-10.3415771711,-14.365153135,-13.3734471024,-17.707537044,-18.411918696,-18.5524097603	norm	0.2	264000
307065	0,1,2,3,4,5,6,7,8,9,10,11,12,13,14,15,16,17,18,19	6.65025524792,7.38808083866,5.34113980837,9.63413886575,9.12680062722,13.4396258707,14.0246890583,16.4897158488,21.6091669015,25.2661931868,25.3789375362,25.5132783271,21.8997993983,19.1065492601,15.1403334358,12.7641836265,9.69751801991,5.71645473818,4.33854585279,5.06034388083	norm	0.2	264000
306267	0,1,2,3,4,5,6,7,8,9,10,11,12,13,14,15,16,17,18,19	1.24094948445,0.264429121126,2.53192314169,-1.30875919417,0.655256255654,5.31119953233,10.1096272134,12.4571596798,15.964179011,20.0087726282,18.258733955,16.3762515031,16.2295020857,11.5364165844,9.00204805617,2.01551108299,2.10426760406,0.738207283001,1.17869683176,0.549194473969	norm	0.2	264000
305226	0,1,2,3,4,5,6,7,8,9,10,11,12,13,14,15,16,17,18,19	-17.2410440209,-16.3707760284,-19.0225704951,-16.3271063615,-16.2184761514,-11.6420259466,-11.2308172809,-7.22150179991,-3.20581200749,-1.1293647779,3.04954659931,0.25051290213,-1.92485154819,-5.57078087254,-10.2881591661,-13.8528386959,-15.3851083514,-18.5605684997,-17.7399480285,-15.7366215711	norm	0.2	264000
304551	0,1,2,3,4,5,6,7,8,9,10,11,12,13,14,15,16,17,18,19	10.0434144121,10.5684493347,11.3983529939,12.7687697102,11.4001024304,15.0030726165,21.1095652368,21.2371110244,27.5752051487,27.4109428033,32.0847747732,31.5675299887,27.7917082448,21.9607975368,19.8889730397,15.5507337048,12.2532079894,13.7956933498,10.6212549579,10.7502072503	norm	0.2	264000
305787	0,1,2,3,4,5,6,7,8,9,10,11,12,13,14,15,16,17,18,19	-3.49613408317,-2.29047895175,-0.386686137894,-2.2953784987,-0.150848544884,1.30276824184,7.4356044214,11.0920697457,13.0056227722,19.7565365049,18.718828607,17.647928209,14.2019434568,9.9766966754,4.20287249178,3.87449182723,2.58730012945,0.623094669826,-1.41829325158,-2.80861336258	norm	0.2	264000
304900	0,1,2,3,4,5,6,7,8,9,10,11,12,13,14,15,16,17,18,19	19.2265861702,15.4908344068,19.8733277433,19.9872391408,18.1768087793,20.3109446314,23.1688118354,30.2453093212,33.4566104049,35.0034348385,35.1582581819,33.591866961,31.8272272185,28.720591605,22.7355606976,23.6131833774,21.5845618068,17.1623069159,19.151272108,15.3075964	norm	0.2	264000
304910	0,1,2,3,4,5,6,7,8,9,10,11,12,13,14,15,16,17,18,19	-2.66613329062,-5.00343138817,-3.14140187906,-5.4162592529,-3.77419642153,-2.5716888994,4.7471257065,4.57495160635,13.2017278478,12.5405149958,14.2852923517,12.7009585224,13.0643555179,7.37138143042,2.93405230287,1.72240770025,-2.70083760713,-3.22667295741,-5.21164399585,-2.98111264851	norm	0.2	264000
305153	0,1,2,3,4,5,6,7,8,9,10,11,12,13,14,15,16,17,18,19	8.29482432225,7.78892392594,4.41393705961,9.78928711499,7.02923126272,13.4364341183,12.8640988002,18.7940150855,22.3526166652,22.9075642586,23.7564861527,23.5689284933,19.9720685824,20.1201291979,16.8228595128,11.2513166229,8.19120003693,4.98559104278,5.22739747148,6.69690770159	norm	0.2	264000
304024	0,1,2,3,4,5,6,7,8,9,10,11,12,13,14,15,16,17,18,19	-17.9625639334,-14.7070474153,-15.6695430819,-15.7299292619,-14.237670465,-10.489131515,-7.59053672857,-5.89134258959,-0.708919685517,2.65227591507,1.52651136922,1.39357057883,-2.29495438334,-5.12420805645,-8.46274697251,-10.7247392635,-14.1249331595,-14.3275790132,-15.0079804261,-15.6120578959	norm	0.2	264000
304522	0,1,2,3,4,5,6,7,8,9,10,11,12,13,14,15,16,17,18,19	-3.95457919397,-7.49913748977,-6.39367539938,-4.94938134802,-2.61649329987,-0.422271440703,-0.297710906883,6.0152443651,10.2598073988,13.2414117153,14.7444721229,13.4329118975,9.18040671851,4.07497983507,4.37380860891,-3.51719523839,-3.32708665985,-3.6974053659,-6.81258279353,-8.3964907862	norm	0.2	264000
304178	0,1,2,3,4,5,6,7,8,9,10,11,12,13,14,15,16,17,18,19	2.55937539369,3.34542624647,6.07007822569,8.02865706056,10.1359112387,12.1424733876,12.0477377102,16.5280241783,22.2561896322,25.7889226804,25.3680424929,25.05810445,21.0681996068,17.4363121313,12.1098558879,8.60382827204,7.10071633374,4.6619791002,3.70702055025,3.65867215362	norm	0.2	264000
305073	0,1,2,3,4,5,6,7,8,9,10,11,12,13,14,15,16,17,18,19	-9.23139272166,-10.0741627156,-9.08181830165,-8.83758925833,-4.92497162607,-2.28257832837,1.76970885981,2.86043360662,6.62546425337,8.68487230825,10.5578549239,10.2182193955,6.75154711261,4.72317343771,-2.32882994981,-3.29926901554,-5.78538792292,-9.58007815202,-5.53170399866,-9.52379946855	norm	0.2	264000
304571	0,1,2,3,4,5,6,7,8,9,10,11,12,13,14,15,16,17,18,19	6.42084461625,7.42501175377,10.7532361271,8.19793205727,11.288424074,12.472891041,16.1915979191,18.7028567413,22.2038309375,28.4720944754,30.9705993021,26.6100899131,22.722836445,21.1866941452,18.1567069999,12.6052682664,10.0166844187,9.62036717556,11.7205009924,8.13912285315	norm	0.2	264000
307595	0,1,2,3,4,5,6,7,8,9,10,11,12,13,14,15,16,17,18,19	-9.47367874179,-7.25464428431,-7.49834014142,-6.24352216354,-7.49058889095,-5.20126693453,-1.88732784025,5.12612294825,7.88458710757,10.9317487206,11.3260463532,13.1653669157,9.79019030629,2.38328198924,0.411352844061,-4.21498489833,-6.10881561531,-8.99282538872,-7.92818310077,-10.2193327067	norm	0.2	264000
305078	0,1,2,3,4,5,6,7,8,9,10,11,12,13,14,15,16,17,18,19	12.1642086613,12.8879360536,10.0065043816,9.77454030207,12.2287236539,17.1166749712,17.4211751015,20.9163532038,26.8508562025,27.05327714,30.2556829445,29.2445217014,28.7426337827,22.6032925427,20.0734753193,13.4279302771,12.778117159,13.2888472599,10.6923684563,9.88444674096	norm	0.2	264000
304470	0,1,2,3,4,5,6,7,8,9,10,11,12,13,14,15,16,17,18,19	-11.5114530189,-10.3689042662,-12.536552728,-7.88030645813,-11.0283120077,-4.23643759652,-4.69546353699,2.69810495555,2.45442072492,7.92749835676,8.96659615117,4.95957666508,3.13066466735,2.30345280263,-5.48930565115,-5.0316517483,-9.6426782796,-12.3119639102,-12.3066817769,-11.8161509061	norm	0.2	264000
305108	0,1,2,3,4,5,6,7,8,9,10,11,12,13,14,15,16,17,18,19	-18.8196742445,-18.9107137982,-15.2277924573,-13.6753502806,-13.6553202475,-11.9682030265,-7.41810761736,-3.77428826906,-3.01356423807,-0.375884787172,-0.0492452645907,1.20098849648,0.541915613738,-6.50843465172,-8.91503437453,-12.5814614973,-12.2798071139,-18.2758410959,-17.9097024062,-16.5321446608	norm	0.2	264000
307971	0,1,2,3,4,5,6,7,8,9,10,11,12,13,14,15,16,17,18,19	-4.36608919763,-0.45039174331,-1.74965987929,-2.35032529684,0.918517233531,1.47946307454,4.92881964347,6.48282478607,15.2794905373,13.6307517148,15.4726059007,15.92389185,12.7497409693,7.20216500762,2.92563191861,1.18088129606,1.76462093627,-0.185539922787,-1.86413195371,-1.69376531144	norm	0.2	264000
305217	0,1,2,3,4,5,6,7,8,9,10,11,12,13,14,15,16,17,18,19	-15.7313023294,-13.8134784759,-10.9639511602,-13.360275749,-11.568166504,-8.13599551804,-5.85052168112,-0.349161920236,3.4895266754,7.76762466572,4.93636145724,3.6593997022,2.97699692907,-0.472253070636,-6.29072441481,-11.0814664392,-11.7538502638,-13.0725544455,-11.7131525122,-15.1825660567	norm	0.2	264000
307678	0,1,2,3,4,5,6,7,8,9,10,11,12,13,14,15,16,17,18,19	-15.3169963725,-14.7581672611,-15.4668506622,-14.4661695361,-14.1388560619,-13.2943225019,-6.78690863556,-4.78197147463,-0.91499951512,2.65246019968,2.85630138863,4.17975094821,-0.488267434937,-5.1669728649,-8.78556500696,-12.9578370148,-15.6752999603,-16.4569165839,-18.2815214379,-19.046658036	norm	0.2	264000
