ID	X	Y	func	noise	original_trajectory
131407	0,1,2,3,4,5,6,7,8,9,10,11,12,13,14,15,16,17,18,19	75.9640249327,50.1471931072,30.6006291736,10.9292386091,-1.64095988242,-34.3631528571,-23.2070851985,-50.13307303,-38.8775565688,-63.5990310405,-69.2662179861,-59.4940981309,-70.5678528954,-73.3621271003,-68.0619377337,-70.2258129917,-73.1193586496,-85.3048642063,-86.025331187,-77.51889973	exponential	0.2	88000
128642	0,1,2,3,4,5,6,7,8,9,10,11,12,13,14,15,16,17,18,19	112.084086871,81.9141126497,69.0458325963,42.0107511306,26.0885662943,20.7436951848,1.5420035358,5.40394637699,-3.43896432272,-18.0970416083,-9.84851495031,-28.4799902122,-21.1676399393,-37.1282306324,-34.5410281907,-44.0841935633,-36.2664389779,-38.9050542548,-35.0204134422,-49.4050219913	exponential	0.2	88000
129176	0,1,2,3,4,5,6,7,8,9,10,11,12,13,14,15,16,17,18,19	257.990139205,227.195596292,219.687031564,194.418924498,187.931612144,172.090694888,154.626657706,144.038913597,150.33606131,151.102461612,131.897381478,140.218571792,118.603555694,132.628103066,127.399564889,115.230113836,119.708272453,120.796097293,116.471444887,122.14215621	exponential	0.2	88000
129610	0,1,2,3,4,5,6,7,8,9,10,11,12,13,14,15,16,17,18,19	236.712300117,201.70450746,190.378579902,162.615783949,165.329114573,145.2179839,146.400108876,118.988181243,131.811054724,116.318625281,109.463980958,101.295225846,112.145198973,109.761116084,106.235306527,85.7185610128,87.3655114478,95.1633637344,86.7047163016,87.8792034605	exponential	0.2	88000
130984	0,1,2,3,4,5,6,7,8,9,10,11,12,13,14,15,16,17,18,19	103.442942681,80.5486766491,56.9032177447,26.0391217429,27.488888652,2.71305866893,-11.5089640052,-0.792703963948,-20.2938295976,-28.3482932667,-19.9908041759,-36.8823422071,-36.8864849685,-39.8271936046,-48.4218701176,-37.2936450372,-48.9678566583,-40.6528818961,-42.45214422,-56.7782898781	exponential	0.2	88000
130706	0,1,2,3,4,5,6,7,8,9,10,11,12,13,14,15,16,17,18,19	235.270275249,206.376250215,180.23189613,154.915958742,142.095172964,144.32750409,133.72278854,115.334479457,121.143343428,102.43235959,94.2632428744,88.4502244685,88.5160959944,96.4568240887,84.0382019689,94.2964442523,81.4900622453,81.8859523898,92.0761774165,79.9847870688	exponential	0.2	88000
131513	0,1,2,3,4,5,6,7,8,9,10,11,12,13,14,15,16,17,18,19	155.827903803,137.29166514,112.380412334,104.587841512,86.5100240886,66.2955380631,56.2489983347,56.8215912332,41.8381617837,43.2883860539,48.6899361536,26.5898165045,40.0773238489,21.4717209416,16.8024610259,32.2149588158,31.3464741312,13.1767434159,30.0577404306,29.0806938142	exponential	0.2	88000
129596	0,1,2,3,4,5,6,7,8,9,10,11,12,13,14,15,16,17,18,19	203.622695566,175.347507257,160.313191488,134.197293701,135.480078752,118.732543073,111.986513626,104.546601237,83.0198865526,81.0154050958,75.4203328455,72.9514857022,77.4276364854,72.2808610151,68.8473439035,52.2180928886,64.7626838592,61.1672152214,66.642390956,57.466100193	exponential	0.2	88000
128664	0,1,2,3,4,5,6,7,8,9,10,11,12,13,14,15,16,17,18,19	108.965775356,85.5956011965,51.5616883248,41.5669078479,34.4494985442,16.2234172654,6.44745713577,0.743290848283,-18.3879171122,-21.4044489967,-30.2325448614,-18.6871603727,-28.5472117357,-32.28376317,-32.068281581,-41.5245822189,-44.2274283864,-37.6058906732,-51.6180461142,-46.5617609474	exponential	0.2	88000
131866	0,1,2,3,4,5,6,7,8,9,10,11,12,13,14,15,16,17,18,19	130.113309776,109.637366102,87.6415192381,55.1816107284,47.0462695445,43.2573383363,36.9198941363,22.5629640037,12.2528245055,17.8493158077,2.1468904795,6.32799340154,-3.48490005924,-9.92705951978,0.697310704718,-12.5725900751,-17.0294124888,-24.4384246495,-16.5803356342,-26.2750770815	exponential	0.2	88000
128290	0,1,2,3,4,5,6,7,8,9,10,11,12,13,14,15,16,17,18,19	261.928678302,232.021223398,220.927137101,187.252849421,190.048516384,178.671412051,164.873419793,145.061178868,147.498988923,141.096668243,139.267512982,132.803508491,125.693606421,121.350587321,126.325248355,112.577771363,120.975040227,111.872845909,114.23455286,112.568843766	exponential	0.2	88000
129134	0,1,2,3,4,5,6,7,8,9,10,11,12,13,14,15,16,17,18,19	21.8397688199,-2.82052484521,-40.907066847,-44.8307408621,-51.8958103946,-84.6546709039,-84.4719059868,-95.8112191788,-92.2598379519,-115.837160355,-115.911474613,-107.118905506,-125.896224648,-125.823793078,-117.079742205,-118.095918111,-135.78095589,-135.392930619,-133.091621496,-129.600610042	exponential	0.2	88000
131702	0,1,2,3,4,5,6,7,8,9,10,11,12,13,14,15,16,17,18,19	14.6224252879,-24.4020669827,-26.1214618455,-60.1732426108,-61.0986094294,-70.0195032925,-88.213216707,-101.648863279,-106.208786337,-113.596424968,-119.644747345,-123.533860751,-116.043138829,-124.941774004,-118.625826573,-123.757219476,-133.700538204,-129.553584827,-141.880102732,-132.675707943	exponential	0.2	88000
129447	0,1,2,3,4,5,6,7,8,9,10,11,12,13,14,15,16,17,18,19	75.524475754,61.7835455993,42.1339719067,20.6898533823,0.710167887193,-16.5025666765,-18.0677648408,-31.8195565226,-30.8762324299,-36.8020710531,-53.913054901,-48.4023919937,-46.7329108043,-56.3171637162,-56.3166397871,-70.4481970084,-74.7938387687,-60.0384294285,-61.4871242149,-65.6596915707	exponential	0.2	88000
129125	0,1,2,3,4,5,6,7,8,9,10,11,12,13,14,15,16,17,18,19	99.3280806517,70.120226966,45.1682974014,38.6114972971,13.8671457176,9.64121652026,-7.12085380465,-20.2834748993,-22.9088700036,-15.2915162617,-26.6189038737,-40.4841101777,-31.1475048209,-37.9277234214,-39.2273220717,-45.8535300845,-41.3588876264,-50.0013089768,-46.4031046301,-39.1285724108	exponential	0.2	88000
130027	0,1,2,3,4,5,6,7,8,9,10,11,12,13,14,15,16,17,18,19	211.410128193,186.381286033,165.844287794,152.751242688,123.890184628,106.683456771,111.983301312,105.474714498,92.0678624938,82.3363394163,89.4899933536,72.0362148797,70.1106804933,78.2017484504,57.6285712838,60.021880005,69.6895741304,52.0386950429,56.0471866363,62.5215306345	exponential	0.2	88000
128636	0,1,2,3,4,5,6,7,8,9,10,11,12,13,14,15,16,17,18,19	61.5687568382,36.8519526174,18.2733434175,11.2399870242,2.56823703564,-10.5653505453,-36.7944067196,-35.0716461756,-54.1703358069,-60.6141914352,-64.0389493677,-55.1389307906,-68.6820551542,-64.4235929259,-79.3761824213,-76.8505707851,-69.4600221573,-72.9904322401,-77.153792046,-72.153587987	exponential	0.2	88000
131076	0,1,2,3,4,5,6,7,8,9,10,11,12,13,14,15,16,17,18,19	2.27887525274,-5.09787505564,-27.9198049597,-42.7892687121,-62.2528275067,-87.5174457019,-88.0885416298,-104.155890406,-112.097176796,-112.157241497,-112.024987711,-116.346354539,-125.824433976,-130.361048824,-126.756087435,-131.307553727,-140.534832155,-142.494556467,-124.436237662,-124.313778668	exponential	0.2	88000
130858	0,1,2,3,4,5,6,7,8,9,10,11,12,13,14,15,16,17,18,19	214.760917572,188.663584828,175.057662671,149.908157217,137.210545956,138.223349032,128.257443609,122.526781797,103.305719307,103.06489294,93.8939128174,87.7522764939,77.9364495726,86.9641380786,91.7547602291,72.3313250721,77.3478157031,88.6527259678,82.3687510898,76.774282241	exponential	0.2	88000
128231	0,1,2,3,4,5,6,7,8,9,10,11,12,13,14,15,16,17,18,19	110.523024665,89.0093586406,67.5625498827,46.0439459987,37.2940659853,30.0334342133,12.6515523054,6.07126658347,-2.70681650091,-5.62734679701,-6.59044408472,-21.0985362042,-19.1060925444,-23.8896517416,-24.2581006287,-22.2164934773,-21.3110972091,-30.6198543813,-25.0741223828,-33.518184964	exponential	0.2	88000
129665	0,1,2,3,4,5,6,7,8,9,10,11,12,13,14,15,16,17,18,19	10.5258668951,-12.5923095305,-35.9694604172,-62.2515238801,-57.2780414227,-72.9801437844,-93.1489294663,-103.746049784,-96.6495214838,-101.333157039,-120.924149085,-124.745797872,-130.907276747,-130.876138178,-131.488374658,-130.799220793,-124.036282599,-137.331174177,-124.32898906,-140.611326553	exponential	0.2	88000
130519	0,1,2,3,4,5,6,7,8,9,10,11,12,13,14,15,16,17,18,19	66.1724198532,28.0470025798,-0.236195767506,-10.2021005808,-19.620696598,-42.9302070021,-45.7743330493,-55.1616291936,-58.4402702268,-60.286830575,-66.3267436174,-84.6157829204,-86.9615095476,-84.1864806872,-82.9637063393,-92.4107671289,-88.3323139478,-79.9305160349,-91.3509555715,-88.7947162824	exponential	0.2	88000
129495	0,1,2,3,4,5,6,7,8,9,10,11,12,13,14,15,16,17,18,19	60.3318854199,34.2425076139,23.274983485,-2.52498147891,1.24744928331,-16.1799046937,-22.2498188339,-42.6986507308,-51.1140146543,-52.4058571908,-48.8415301172,-57.9604412318,-66.463656424,-76.4223202435,-76.7417771218,-71.4544960788,-76.0855162824,-64.1380441901,-64.1238999679,-72.078413416	exponential	0.2	88000
129496	0,1,2,3,4,5,6,7,8,9,10,11,12,13,14,15,16,17,18,19	169.988372796,148.12227996,116.255395333,98.2026920178,84.9390842298,78.3444778597,68.1951568416,64.4826826974,47.8807988681,53.0974604758,32.9371930659,34.4006411144,30.0449988811,35.4308615414,36.0919537839,24.2785778064,14.8897007097,17.4953155635,13.7565306065,16.714653548	exponential	0.2	88000
130421	0,1,2,3,4,5,6,7,8,9,10,11,12,13,14,15,16,17,18,19	204.349863697,166.674656501,140.69649726,128.918697046,112.462279338,99.305200241,98.327769479,83.4103883693,84.3622215969,66.4033839078,62.0386144017,71.5806691407,71.4832444858,57.2667387881,60.3976317472,56.7722849082,63.104498067,45.8883825912,47.7147407266,41.3131728941	exponential	0.2	88000
128976	0,1,2,3,4,5,6,7,8,9,10,11,12,13,14,15,16,17,18,19	130.388215451,97.8358279042,78.9478898044,70.9286224099,61.8366209607,34.4607220194,33.0470321571,30.4896032357,6.59821609655,4.72344176943,13.6854610523,7.80230280293,-10.8858491385,4.22337133153,-10.2811545903,-3.12786040616,-5.40994153521,-14.9836128235,-23.4535427827,-6.07769439928	exponential	0.2	88000
130111	0,1,2,3,4,5,6,7,8,9,10,11,12,13,14,15,16,17,18,19	63.2287266535,42.1521857406,25.8365217466,13.0070400587,-6.64011528014,-24.6064956803,-42.0581828631,-43.3877051347,-51.5829227286,-57.9730345998,-67.4482682378,-71.1139876796,-63.6731840478,-60.2701690289,-76.4811861266,-65.1461261715,-84.4747682522,-70.3069153338,-82.5784786164,-83.414971767	exponential	0.2	88000
129950	0,1,2,3,4,5,6,7,8,9,10,11,12,13,14,15,16,17,18,19	167.828202402,151.826050461,127.189297042,100.468715417,92.6141439113,80.4430575635,68.6636358096,65.4414014946,44.246524377,48.0997206551,44.1082447276,40.9543921079,31.9407797771,36.2329113285,41.3686878151,18.0036673124,28.9130381978,35.9151218206,27.4501424051,29.2354415237	exponential	0.2	88000
130980	0,1,2,3,4,5,6,7,8,9,10,11,12,13,14,15,16,17,18,19	94.1656259589,75.586624654,50.1462657772,32.5928768907,15.4188690218,9.30896751382,-1.04619337588,-12.0433367585,-9.5678731663,-14.0425303906,-36.4100076274,-31.3810214253,-34.9958088788,-30.2214171042,-41.6247357312,-47.2413656159,-51.5837101947,-57.1033872406,-47.317447107,-40.2879243891	exponential	0.2	88000
131088	0,1,2,3,4,5,6,7,8,9,10,11,12,13,14,15,16,17,18,19	100.597148105,65.4026552326,61.5383708772,36.2666544585,13.4018601744,14.2978266585,-0.805178766045,-12.4034137024,-18.3006805516,-33.0089834126,-20.584022134,-36.3156612036,-45.2949427815,-29.2343966709,-50.6718814025,-42.4436797921,-38.4899307765,-35.5319940146,-49.0974911278,-51.6179617603	exponential	0.2	88000
129029	0,1,2,3,4,5,6,7,8,9,10,11,12,13,14,15,16,17,18,19	265.126283102,235.762783969,225.005815691,212.322159445,194.036505476,178.036468921,169.746202136,163.125177984,144.015291604,145.265851267,142.476176417,145.50862319,143.886953831,133.267694595,127.506340079,132.706222384,117.535421318,131.724263016,126.779756691,122.298123485	exponential	0.2	88000
128844	0,1,2,3,4,5,6,7,8,9,10,11,12,13,14,15,16,17,18,19	73.4332082101,45.1691393743,38.0385943524,23.2103680199,3.03737096635,-9.57528906061,-31.9190779222,-24.1676496809,-46.8151096535,-43.4108584126,-54.9578569898,-43.8545023947,-62.8409149456,-68.1787673111,-66.6697767562,-66.9717430272,-63.8677470552,-76.3843998801,-66.5928716047,-65.1146985411	exponential	0.2	88000
129670	0,1,2,3,4,5,6,7,8,9,10,11,12,13,14,15,16,17,18,19	275.359442524,243.191857988,228.091684275,207.235513289,194.04398638,184.384287594,169.409767906,173.695533647,152.54398181,155.481448013,160.981670817,148.903749436,133.910576184,139.326928129,137.75879024,128.814044049,127.559704206,126.643796847,136.869422729,123.988982314	exponential	0.2	88000
128734	0,1,2,3,4,5,6,7,8,9,10,11,12,13,14,15,16,17,18,19	0.126554532378,-25.5238009533,-36.2286333826,-58.3732952449,-80.5057564391,-75.9990084231,-83.8289858125,-101.340197301,-104.307962184,-122.304700065,-115.341075699,-117.245326577,-127.306995341,-123.513623916,-136.277074856,-130.222322857,-144.744669462,-146.128048071,-133.067589189,-147.828423767	exponential	0.2	88000
131563	0,1,2,3,4,5,6,7,8,9,10,11,12,13,14,15,16,17,18,19	2.19092297959,-18.2625625765,-30.8709567318,-55.5297885889,-61.0670229244,-82.7408513193,-87.7791698222,-94.6925158087,-102.402534712,-114.119565243,-118.614817875,-128.583836559,-120.159011382,-128.193137962,-133.166062837,-141.039357448,-126.542195228,-135.086293814,-141.459950445,-141.753933291	exponential	0.2	88000
131455	0,1,2,3,4,5,6,7,8,9,10,11,12,13,14,15,16,17,18,19	138.454728171,96.9922394434,76.0651992212,70.4514487713,51.3294334548,39.4580452162,35.1646170061,26.8682281172,5.03974520108,13.8279903829,-2.76715831297,-9.03959042888,7.96419238153,-12.5235748864,-15.1863172731,-2.68775686407,-19.6249101171,-16.9288046438,-13.86844186,-10.7697323061	exponential	0.2	88000
128189	0,1,2,3,4,5,6,7,8,9,10,11,12,13,14,15,16,17,18,19	131.935925016,109.54309728,92.8791415736,77.9767167554,55.3457300178,46.4965174562,50.8462023027,35.2972530797,30.4171427185,24.6679630705,10.0179642568,19.7620939212,2.49157672039,-1.14575358054,5.36646020427,-4.56912155913,7.45617096444,-12.3753194813,-12.1792339831,-5.13830326457	exponential	0.2	88000
128594	0,1,2,3,4,5,6,7,8,9,10,11,12,13,14,15,16,17,18,19	23.4830731327,3.22547476974,-16.6516064147,-37.3004902169,-64.918895784,-76.8151936764,-71.720003837,-79.7680426094,-86.6357608966,-111.762681294,-114.408967409,-117.353826023,-123.795025482,-119.520770733,-122.610732371,-113.494228107,-124.062892142,-122.058646546,-125.067612811,-115.752183396	exponential	0.2	88000
130346	0,1,2,3,4,5,6,7,8,9,10,11,12,13,14,15,16,17,18,19	236.621238696,202.191612044,194.557320754,176.223031077,167.116388908,153.234113418,137.022060937,135.948392948,123.13621505,113.011622783,110.409963372,112.104565342,108.721133388,103.501825452,91.452340307,107.645204332,100.354987423,102.64357864,84.6345274713,86.2214211096	exponential	0.2	88000
131204	0,1,2,3,4,5,6,7,8,9,10,11,12,13,14,15,16,17,18,19	173.062745389,153.539896555,143.859131236,112.744127601,93.2666282727,85.7324948368,72.3018488716,62.7654268577,71.1809510395,63.3511494678,48.6147603463,60.632811055,44.3872899805,36.3174696789,41.4133979964,50.8505039847,37.8912288816,33.1061620584,29.0366010251,38.9293234682	exponential	0.2	88000
130681	0,1,2,3,4,5,6,7,8,9,10,11,12,13,14,15,16,17,18,19	20.7003715751,-7.58389844883,-29.1933933564,-39.2832358663,-43.6736864342,-56.1551796046,-80.9283039604,-91.5871478037,-92.6667527361,-92.5717731819,-92.162102609,-106.116247691,-116.252382712,-108.189580105,-116.907585498,-115.030156437,-115.326333841,-119.208512123,-120.588400016,-131.992652765	exponential	0.2	88000
131712	0,1,2,3,4,5,6,7,8,9,10,11,12,13,14,15,16,17,18,19	46.0038778957,29.0705732032,10.1082497432,-16.8780455665,-21.3170661314,-29.3272793948,-51.4549861304,-60.9936853916,-63.7837185128,-59.1393815506,-75.9376345117,-75.6776952999,-90.4658561127,-84.9495023188,-81.3626491774,-81.7730536912,-78.9476074769,-93.8240447427,-96.437549266,-98.5223400277	exponential	0.2	88000
128363	0,1,2,3,4,5,6,7,8,9,10,11,12,13,14,15,16,17,18,19	282.073978673,244.447391812,239.828835251,208.914792787,195.476445857,192.090474287,183.107265324,179.539859457,166.310803786,156.217953178,165.069372682,154.588910472,147.23672451,134.330548185,137.37681199,142.105599168,129.825687475,146.086264074,130.997084998,144.214858674	exponential	0.2	88000
128177	0,1,2,3,4,5,6,7,8,9,10,11,12,13,14,15,16,17,18,19	50.9851994654,19.0298567062,-7.02471382238,-22.4803944384,-35.9791425761,-37.5403090795,-59.1738771706,-53.0585319126,-60.4285552263,-77.7265161696,-84.5148791963,-84.8052594338,-82.9594155014,-98.8307256137,-98.7036319449,-89.203674565,-91.0130736609,-103.827561345,-101.061285894,-102.746506148	exponential	0.2	88000
128251	0,1,2,3,4,5,6,7,8,9,10,11,12,13,14,15,16,17,18,19	36.2561526631,11.1435474914,-3.65651766704,-17.4363637237,-35.2572530357,-40.202952647,-50.3151363309,-69.4995875053,-68.1631348982,-80.9278371772,-90.8070674294,-78.0808955707,-82.3985648322,-92.0931029931,-99.7681186054,-98.5471633297,-99.7332640142,-108.272619618,-102.928575962,-104.903838045	exponential	0.2	88000
131822	0,1,2,3,4,5,6,7,8,9,10,11,12,13,14,15,16,17,18,19	193.012331816,165.826623186,133.469257618,126.113336567,117.053400027,89.5404070738,96.1603370999,84.1442118654,76.2740245555,75.1417241721,61.2765399124,60.764222226,67.4655925691,59.7290634127,46.7562822656,57.8449060734,48.0800756665,47.8191626586,37.1094607406,46.7315094445	exponential	0.2	88000
128466	0,1,2,3,4,5,6,7,8,9,10,11,12,13,14,15,16,17,18,19	266.54609104,246.584426586,222.985605177,194.239716383,190.532921919,176.573556805,164.591131349,153.71519803,160.758485475,151.537023807,149.356777163,131.911381759,127.724450909,138.628644438,133.449706673,134.440506424,132.782926588,122.840295657,126.421642089,114.076070465	exponential	0.2	88000
130527	0,1,2,3,4,5,6,7,8,9,10,11,12,13,14,15,16,17,18,19	99.0319800094,90.614236994,53.2409677774,36.0395853491,34.2114287086,6.62963913971,-3.30983773943,-3.76161257938,-14.1945028724,-8.02026061371,-23.8336637773,-33.1698439578,-20.7535194503,-35.7729456235,-28.2105726494,-39.7553289567,-45.8421997128,-42.6996061333,-33.1020340326,-36.786330196	exponential	0.2	88000
129591	0,1,2,3,4,5,6,7,8,9,10,11,12,13,14,15,16,17,18,19	262.293459233,223.739480758,200.163622561,193.168133957,169.950615084,155.819258048,166.917969619,144.719672708,143.072911069,138.734374247,135.072512109,121.592104156,120.396130989,119.581966644,119.817885147,112.296378787,116.373833245,117.892827654,105.126047757,113.133064722	exponential	0.2	88000
131930	0,1,2,3,4,5,6,7,8,9,10,11,12,13,14,15,16,17,18,19	254.786791779,240.711837298,210.430661998,203.89677587,172.984340734,163.978815819,163.664099851,153.936884542,138.296472168,138.307826416,127.678196183,136.096767345,128.123720786,126.656075348,112.644737714,120.85828333,129.256726866,119.716564113,125.778765222,106.381891927	exponential	0.2	88000
129271	0,1,2,3,4,5,6,7,8,9,10,11,12,13,14,15,16,17,18,19	138.605605433,126.827505034,105.313994746,81.137615642,69.5055468946,47.4133684406,44.0549334073,36.1061330042,33.0476817539,16.6370496823,16.1239791156,23.4924831248,3.4461326516,10.3701557618,-3.08613537723,5.9239249323,1.9455874901,-4.06491410507,3.73348703664,-6.33112022018	exponential	0.2	88000
130127	0,1,2,3,4,5,6,7,8,9,10,11,12,13,14,15,16,17,18,19	220.362257165,193.627718703,162.293773793,156.53403001,131.464629215,124.544610778,108.788818814,106.621338775,107.482825456,85.6045540608,95.0907332626,91.0964954461,70.6001759138,84.2476472947,74.2074457395,65.7754503188,80.1823448901,64.469693167,78.6989181604,56.7546653765	exponential	0.2	88000
130872	0,1,2,3,4,5,6,7,8,9,10,11,12,13,14,15,16,17,18,19	260.043059933,247.435238044,226.02782001,208.628125812,185.0921324,174.024208724,157.18495927,155.547519161,153.165706433,152.650805214,138.16585015,124.562230211,138.078266139,120.613648226,121.892881676,130.542673675,115.069363921,118.836737216,112.360613263,109.614464491	exponential	0.2	88000
129419	0,1,2,3,4,5,6,7,8,9,10,11,12,13,14,15,16,17,18,19	128.616436285,97.396447291,83.5750620969,69.4317936485,55.4437406582,37.4665909339,27.8876267276,5.51742621783,11.186276129,8.28432188253,-4.26791688698,-12.4531514678,-6.03303311907,-13.8508952209,-14.6064109813,-16.5626031926,-13.404256473,-13.7811103606,-11.9383159845,-13.1655480602	exponential	0.2	88000
128931	0,1,2,3,4,5,6,7,8,9,10,11,12,13,14,15,16,17,18,19	214.038971244,182.308192498,178.58523008,159.467894535,145.574084544,127.120453466,114.467797578,99.9269337875,95.9206186416,103.171460071,98.4391104887,82.9965020541,75.2644533343,87.8286669542,80.5308277132,84.7452640355,73.3757755632,62.9877585613,79.2920147746,75.0869512166	exponential	0.2	88000
130419	0,1,2,3,4,5,6,7,8,9,10,11,12,13,14,15,16,17,18,19	109.556381571,87.7902768952,81.1645469019,48.1537788612,34.9008923365,26.5595622953,17.3147643791,18.6392303661,8.84527043483,-8.62736123201,2.89354038147,-3.35947946564,-3.25586449858,-6.58755804548,-20.0706302116,-31.1689783375,-31.384858095,-18.3115258637,-18.9506766927,-33.3778015297	exponential	0.2	88000
130373	0,1,2,3,4,5,6,7,8,9,10,11,12,13,14,15,16,17,18,19	216.832484332,190.769804282,175.517397314,141.951477987,137.861613857,122.338878615,124.586102707,111.621248044,96.3786010997,97.648719098,98.3640405598,87.8289205002,85.3993390718,80.6112195891,67.4692726548,65.3413713069,64.6850019976,70.4141216399,71.7204858541,60.1170926122	exponential	0.2	88000
129856	0,1,2,3,4,5,6,7,8,9,10,11,12,13,14,15,16,17,18,19	176.51642321,135.688874331,123.310394648,109.125259272,100.562688246,82.1621018599,64.1293603973,55.815584964,64.5459034179,52.3814835185,45.4859451397,31.3268663766,48.3720162624,31.2304480779,37.1688025661,36.9165011922,37.7504483365,25.7996488102,22.314879295,26.5254685694	exponential	0.2	88000
129300	0,1,2,3,4,5,6,7,8,9,10,11,12,13,14,15,16,17,18,19	277.17741128,248.667666188,240.17532982,207.979130469,194.553179633,188.679169355,183.667133339,164.585979208,167.17635962,166.945158781,148.023572877,158.462135191,143.822293614,141.140742962,144.587770434,132.894126817,139.777794274,124.181466053,141.579793492,142.90994993	exponential	0.2	88000
131593	0,1,2,3,4,5,6,7,8,9,10,11,12,13,14,15,16,17,18,19	299.466782585,269.45758694,240.014911967,224.027742686,221.015060175,204.772417842,188.977313635,176.022541341,178.486030046,169.00306742,162.988970656,157.619658254,151.855457609,147.019790955,148.257163657,147.600542463,143.059254407,150.39728413,144.170523686,136.308593608	exponential	0.2	88000
131410	0,1,2,3,4,5,6,7,8,9,10,11,12,13,14,15,16,17,18,19	239.290817561,217.836847888,196.262950561,189.067018653,163.081951612,161.018824219,139.798222736,143.320699081,123.312292929,127.979984887,122.426926549,113.782605999,116.973939719,110.488488061,113.477630973,111.37890908,97.0269520182,94.4437082046,110.923977498,107.234705242	exponential	0.2	88000
129361	0,1,2,3,4,5,6,7,8,9,10,11,12,13,14,15,16,17,18,19	41.318987496,22.8106407188,-17.568297776,-28.9093576155,-34.2532300566,-60.0641776444,-59.5109680491,-72.0486221684,-80.827195962,-80.7371950769,-90.4132989992,-87.1985014415,-95.6642334321,-92.7845444326,-108.014037493,-105.052922067,-106.943195334,-115.114918018,-101.639492822,-104.52769754	exponential	0.2	88000
130959	0,1,2,3,4,5,6,7,8,9,10,11,12,13,14,15,16,17,18,19	160.28072639,139.520170906,115.365431274,90.4728893676,77.9384888647,69.4971395589,55.3111873058,58.0394997535,34.3244638538,41.6770676769,31.4385031333,21.5463063836,30.6568280336,27.2916792023,20.4381372587,21.7448230478,17.9413024029,23.1555928699,3.17305053692,12.7419203875	exponential	0.2	88000
129896	0,1,2,3,4,5,6,7,8,9,10,11,12,13,14,15,16,17,18,19	114.634663805,93.4959172925,78.4244490635,52.5750666716,30.8975643967,32.3103656958,23.7036246065,2.72734676366,-7.34133558334,-11.7839549629,-17.0671560378,-8.69437962413,-17.0475853268,-29.5228090888,-19.3328036521,-22.1623990748,-24.3205844468,-35.9691750356,-31.6782209016,-24.9624710025	exponential	0.2	88000
128921	0,1,2,3,4,5,6,7,8,9,10,11,12,13,14,15,16,17,18,19	135.175462641,117.237638088,86.2239104672,65.3876334638,46.078155219,46.2228694177,31.7907162328,25.2200571364,8.0473538665,11.7505636556,8.74251957098,11.1295117628,6.24333147527,-12.9795954195,3.4038960858,-0.434739366137,-3.4825992519,-4.24415052869,-15.5819225006,-15.5087256222	exponential	0.2	88000
130136	0,1,2,3,4,5,6,7,8,9,10,11,12,13,14,15,16,17,18,19	151.44658492,134.938489843,99.1485595749,83.0494818047,82.6375711008,72.1956128576,50.5278129185,42.702713318,30.061065821,26.2479072051,16.2267944613,13.2575696194,26.2864109443,27.277396713,19.4492359398,18.7240368204,9.57595692917,17.1618473299,17.3317901207,5.06418078551	exponential	0.2	88000
130989	0,1,2,3,4,5,6,7,8,9,10,11,12,13,14,15,16,17,18,19	239.674820183,222.335586252,182.193688475,164.644130552,166.446536856,143.649357861,144.768666089,138.187446097,118.121801371,114.327780375,118.334379559,100.532939578,110.598718062,99.8995100935,100.037511002,105.457025859,96.9794333327,102.196470942,91.160728155,88.4010794368	exponential	0.2	88000
131663	0,1,2,3,4,5,6,7,8,9,10,11,12,13,14,15,16,17,18,19	142.770386871,112.831848352,99.5500700985,78.1491225913,55.9156249514,38.0538216521,29.6668408972,24.1238201746,18.7282192938,21.5023521654,21.7486657901,8.52587673406,8.03990443523,4.36613162444,-5.12761572866,1.69078780985,-9.58947229573,-6.07256966216,-0.864853868354,-13.8126617791	exponential	0.2	88000
128706	0,1,2,3,4,5,6,7,8,9,10,11,12,13,14,15,16,17,18,19	257.418293833,219.805147232,201.548459228,183.817135072,170.94592662,156.994261943,138.81060025,146.917539472,137.777253417,127.572770455,120.830847838,107.033253451,104.429115666,107.607453445,118.981374637,98.5675407201,113.902188613,114.631747679,99.8128472651,109.013293727	exponential	0.2	88000
128413	0,1,2,3,4,5,6,7,8,9,10,11,12,13,14,15,16,17,18,19	275.931950502,248.003250064,219.738952667,193.100945066,196.066771479,173.587622151,170.120905126,148.480709411,159.151956122,144.679950148,140.209058338,144.434401712,141.589484773,128.633347664,117.675755357,119.189803989,122.42412422,131.719062993,127.843647576,112.280093839	exponential	0.2	88000
131994	0,1,2,3,4,5,6,7,8,9,10,11,12,13,14,15,16,17,18,19	186.078807306,148.451720727,145.294857687,129.166029889,112.26664875,98.6841163643,71.6343417556,68.6580732488,57.1914300138,56.2245308025,64.0050263504,62.9013031932,42.8022376609,53.0740928185,37.1202580163,31.4115469188,44.657249709,37.3388409044,44.5826451699,38.1480164266	exponential	0.2	88000
128271	0,1,2,3,4,5,6,7,8,9,10,11,12,13,14,15,16,17,18,19	236.460643512,216.71367928,192.315334507,171.518525674,151.406620136,156.816555518,141.15629222,132.767118216,120.048842189,123.776412199,103.272849013,114.721480264,108.908449409,88.966436524,104.922933463,94.4208828385,89.1305502381,98.0799170696,86.9362498653,81.988807181	exponential	0.2	88000
131429	0,1,2,3,4,5,6,7,8,9,10,11,12,13,14,15,16,17,18,19	272.460284336,246.238701278,237.435432552,221.987594939,201.674502372,185.704068197,179.907710192,159.744445063,156.925325231,144.426749043,156.136730873,140.481729896,146.643277887,132.653488244,129.12239203,126.98515153,128.208939225,135.755254291,141.825214509,132.094715042	exponential	0.2	88000
130678	0,1,2,3,4,5,6,7,8,9,10,11,12,13,14,15,16,17,18,19	103.009267405,71.276963524,45.7470270553,43.4901534009,11.0126897258,14.7326916707,-1.80298537836,-19.5385932515,-22.5063218436,-24.8987899684,-30.6903514474,-28.7471618066,-41.9532947408,-33.5839567168,-50.3873698157,-48.5675977117,-36.8975703694,-55.9470606181,-46.8211816072,-43.7858888852	exponential	0.2	88000
128557	0,1,2,3,4,5,6,7,8,9,10,11,12,13,14,15,16,17,18,19	142.318417007,115.277059137,100.786703346,78.718870545,63.8939798029,56.6777273504,56.2269484391,39.1797654304,37.5699127404,29.2794158018,11.6193874896,20.7214375532,17.7878590772,12.8741210325,11.4437088839,4.92568845674,7.69597111382,5.51281654596,0.513687991498,-5.62212667924	exponential	0.2	88000
131629	0,1,2,3,4,5,6,7,8,9,10,11,12,13,14,15,16,17,18,19	147.569883354,114.491434923,89.1577005496,72.8258377233,68.9780155115,44.2669001433,44.4580362439,42.33692284,19.3842965791,14.1616840513,16.0385489602,3.79782034372,15.6631784437,17.6369540967,11.3882742538,3.44106702297,-4.69174044006,-8.33932399168,6.75567728318,7.14184202784	exponential	0.2	88000
131287	0,1,2,3,4,5,6,7,8,9,10,11,12,13,14,15,16,17,18,19	163.074734379,133.520299938,127.884265063,98.9149935058,89.4557436823,76.0423834777,69.542138043,57.6976025669,61.5592798067,44.4265939214,35.8162112217,40.1873387368,33.4012597261,29.8448197686,41.0466653987,33.0917906534,35.2410027643,35.9687666217,24.2565445283,27.015731587	exponential	0.2	88000
130092	0,1,2,3,4,5,6,7,8,9,10,11,12,13,14,15,16,17,18,19	272.612212639,264.203699049,245.502969253,212.113590318,213.080542939,200.675990881,190.422629656,170.631170098,177.5367546,162.682558467,156.998369037,155.327311271,141.540716921,139.701610529,141.018702116,138.508246016,150.044566324,137.747341978,136.610712862,128.376688622	exponential	0.2	88000
128014	0,1,2,3,4,5,6,7,8,9,10,11,12,13,14,15,16,17,18,19	152.987887072,113.313875566,95.8982616926,74.7416624872,71.5757231263,50.2560674718,42.3547593762,32.9548416288,21.6398041601,19.304840134,16.0511127624,26.6436364649,18.0985328582,15.1988825563,5.85760222848,14.8696688486,5.54398719415,-1.44018080442,-3.21262001138,9.69134979158	exponential	0.2	88000
130938	0,1,2,3,4,5,6,7,8,9,10,11,12,13,14,15,16,17,18,19	267.867030669,240.161087409,214.11984399,184.765118389,188.770910578,158.217418979,149.609143727,159.822011884,152.981778663,134.990067382,140.352631742,129.909123451,129.346264344,120.029443098,116.989302442,126.56932644,109.461563116,116.098303424,120.159514379,108.868699423	exponential	0.2	88000
131479	0,1,2,3,4,5,6,7,8,9,10,11,12,13,14,15,16,17,18,19	109.510037606,77.7445489026,59.4248510046,39.8039796936,36.7668857431,27.3093068029,-1.27781823063,-11.4797795747,-3.51792230053,-3.19187345936,-14.6656667158,-26.0356228498,-28.0223020038,-34.553606391,-38.0758740059,-40.6494542897,-42.9901035006,-44.3660754961,-32.4950465242,-43.4733949577	exponential	0.2	88000
129942	0,1,2,3,4,5,6,7,8,9,10,11,12,13,14,15,16,17,18,19	172.523701167,162.791923226,128.909803663,117.92470753,105.87131008,94.6329128849,82.5605598023,75.4156537722,55.5646191114,61.9483620054,53.8191534591,43.0397497112,37.9763554871,49.4009825545,45.108072778,42.5944100582,46.1488138329,40.4947609263,35.4458108341,27.2930927473	exponential	0.2	88000
128038	0,1,2,3,4,5,6,7,8,9,10,11,12,13,14,15,16,17,18,19	224.50706804,207.95771088,186.026572229,164.258030739,147.153634871,129.947120067,131.465214767,120.367889085,109.802665599,99.025394596,103.935926187,105.35840014,84.9312491739,83.0208347136,95.3563807567,74.547518875,81.4838805119,91.9067424167,74.5014348763,73.9884834942	exponential	0.2	88000
131417	0,1,2,3,4,5,6,7,8,9,10,11,12,13,14,15,16,17,18,19	30.8240237059,-13.0724850097,-26.2755947066,-49.9821162015,-50.8838467881,-61.6633161961,-77.4958978746,-78.6854606217,-101.763776241,-111.001417837,-96.1568377217,-99.1705965428,-114.070682546,-112.915266884,-124.319647632,-128.204064333,-111.581708536,-129.413514182,-131.061084875,-129.926098913	exponential	0.2	88000
128728	0,1,2,3,4,5,6,7,8,9,10,11,12,13,14,15,16,17,18,19	253.655345499,208.178838481,199.64043911,169.94967798,161.626091122,142.85514079,139.936018739,133.376786843,129.354679983,126.251006957,111.435076159,105.864524871,104.316583247,106.474207122,112.47161238,107.930856531,107.353403782,97.5726469877,103.986541366,97.4721094981	exponential	0.2	88000
130475	0,1,2,3,4,5,6,7,8,9,10,11,12,13,14,15,16,17,18,19	240.476574755,229.322996007,193.139512007,192.549141777,173.437229431,159.555461615,141.326240647,130.952726407,128.365613109,121.208610025,128.559704031,123.112510325,119.748638678,117.974689285,113.59871288,107.234263976,106.371309105,96.6361197727,110.881748604,107.308479827	exponential	0.2	88000
130186	0,1,2,3,4,5,6,7,8,9,10,11,12,13,14,15,16,17,18,19	168.706553497,159.061894922,118.885663701,106.394051573,92.5564773663,90.3244850259,75.688971214,62.2098181157,49.6945905443,44.6200661247,50.5882726474,37.923817432,45.5287328342,46.6178757075,24.4059223364,23.7356452892,30.5317659376,40.4155369571,19.6164370656,24.6542577313	exponential	0.2	88000
129813	0,1,2,3,4,5,6,7,8,9,10,11,12,13,14,15,16,17,18,19	127.59010376,96.8776051501,78.5514366484,60.1114752846,53.6110572958,33.1120694491,24.7529198729,21.8190564617,16.7443085654,17.7581507785,-5.47990927933,7.80710397404,2.32771347392,-12.8620557205,-3.5901424417,-2.82230261704,-18.197864761,-3.84678149848,-16.2809194403,-12.4904181104	exponential	0.2	88000
129639	0,1,2,3,4,5,6,7,8,9,10,11,12,13,14,15,16,17,18,19	262.637886152,243.82329123,226.726811503,209.409395864,185.38976365,168.155867419,165.363273289,154.05676351,159.795138978,137.143088786,147.953553188,130.941919011,131.429865401,131.380695779,126.139185809,126.208342575,130.743163535,124.814274117,116.333622302,125.637307306	exponential	0.2	88000
130478	0,1,2,3,4,5,6,7,8,9,10,11,12,13,14,15,16,17,18,19	162.928110098,141.812864718,123.941309419,101.407131242,95.5257315178,87.0046199771,67.826147099,61.7429965107,51.6294462704,55.4769833829,33.4571985837,31.4248490599,46.151626457,31.7533687193,26.3629258387,27.567139277,25.2255769627,21.7255690162,30.1022797184,33.4621935946	exponential	0.2	88000
129069	0,1,2,3,4,5,6,7,8,9,10,11,12,13,14,15,16,17,18,19	49.5680673545,31.9952436226,6.2746576204,-13.8274628418,-19.5166764642,-32.3524108557,-57.3171022975,-50.8006781133,-56.3810809037,-75.7953162965,-78.4536158637,-74.3115514368,-80.0092306863,-92.3001924678,-83.1691803803,-94.1162495622,-81.0839874342,-84.8680569302,-96.7959895429,-93.7317794501	exponential	0.2	88000
128073	0,1,2,3,4,5,6,7,8,9,10,11,12,13,14,15,16,17,18,19	135.061580853,110.81327699,91.3059220702,66.5703984467,63.4944971352,51.834258888,31.8118337539,27.5679603021,31.0329974823,9.89362055204,16.0121601373,1.37999703519,-7.40001472387,8.59887018669,-7.15985573987,-13.7893603001,3.69589250927,-13.1160531882,-14.5648738596,-4.74164151203	exponential	0.2	88000
131443	0,1,2,3,4,5,6,7,8,9,10,11,12,13,14,15,16,17,18,19	96.6784680094,73.5081521951,45.6723673855,29.764253077,8.61824863407,-6.88255101785,1.86438166805,-9.76323517412,-19.496147896,-21.1976722232,-29.6748694138,-47.0167576184,-37.827590238,-34.916364409,-38.8623235794,-52.9113729433,-41.7489558137,-49.1592311367,-41.5133024874,-55.8674703503	exponential	0.2	88000
131659	0,1,2,3,4,5,6,7,8,9,10,11,12,13,14,15,16,17,18,19	91.9924527402,72.4178620179,58.469879816,43.5185130299,23.6013023742,12.3523413478,-0.455985055466,-4.63864892748,-12.2774200768,-27.35059532,-17.3127018941,-31.4693410188,-43.0498031494,-43.5123690585,-43.7141798073,-43.5760160352,-32.8249245736,-51.6027168821,-50.9649401799,-36.8683200176	exponential	0.2	88000
129499	0,1,2,3,4,5,6,7,8,9,10,11,12,13,14,15,16,17,18,19	84.4530534611,53.6488127861,45.6718253591,19.9564445256,2.1932656664,-11.6647951149,-23.5621938494,-22.1092925554,-30.8753659027,-25.9826152259,-38.500822639,-53.1179880352,-43.851968378,-50.124530273,-54.4900106264,-46.5957668424,-45.4043433191,-66.6880654768,-49.5508047625,-49.4269709438	exponential	0.2	88000
129071	0,1,2,3,4,5,6,7,8,9,10,11,12,13,14,15,16,17,18,19	93.6993353696,74.5278641125,60.0926745318,38.3286077012,15.6731497614,10.2711577815,-4.82724345296,-0.691631056477,-17.7823463278,-21.9703579129,-23.005635155,-22.9125476033,-30.5010262746,-38.3566957983,-40.9787244902,-38.0168164274,-39.4151485453,-43.4648989798,-44.5290663714,-57.6960442969	exponential	0.2	88000
131863	0,1,2,3,4,5,6,7,8,9,10,11,12,13,14,15,16,17,18,19	61.9730376851,43.2486828085,20.6103478879,13.3268566638,0.873806098766,-25.3050463147,-27.9895005307,-31.6893830319,-39.1382187647,-52.354515295,-66.8160014263,-63.0339700413,-70.4912382196,-64.7098189658,-70.5058650753,-76.8299146918,-73.9122080089,-66.257118321,-72.4420585631,-71.7017182911	exponential	0.2	88000
128692	0,1,2,3,4,5,6,7,8,9,10,11,12,13,14,15,16,17,18,19	169.062146665,131.950154033,128.028478141,96.4686475621,83.7113648916,77.4015136541,63.6389475158,60.8603066258,54.4541707283,54.0169064616,31.1003692247,31.3973157802,35.596183124,35.4222750342,27.123762062,19.4389279955,13.3231321366,29.5757399247,22.3434135809,10.1387905735	exponential	0.2	88000
131560	0,1,2,3,4,5,6,7,8,9,10,11,12,13,14,15,16,17,18,19	114.043927559,80.1182431602,74.518692868,40.6727835163,41.4496783953,24.4393809426,6.51721586802,4.56305365481,8.67649301773,-3.57436392569,-21.7800542487,-6.56495519824,-12.9322056526,-12.2708377716,-24.7805826164,-19.9173491595,-26.2313650157,-35.2360393779,-25.3532588187,-21.4945480205	exponential	0.2	88000
130826	0,1,2,3,4,5,6,7,8,9,10,11,12,13,14,15,16,17,18,19	60.3954065531,16.6116299902,4.84064099018,-3.63996071223,-18.3466392689,-40.6197980557,-40.8809500806,-48.048480544,-62.8054717743,-61.7149980056,-77.6459368939,-83.4590020441,-86.110186428,-92.5263823061,-91.4360380165,-101.342569581,-102.149425042,-103.359872599,-103.957503828,-91.5431524076	exponential	0.2	88000
131409	0,1,2,3,4,5,6,7,8,9,10,11,12,13,14,15,16,17,18,19	9.00947304636,-6.9036751556,-37.548841156,-58.0838432119,-63.5060182721,-75.1040732983,-91.0102726868,-104.564547828,-91.9477220619,-96.8501265088,-112.909170646,-120.07045613,-114.460473436,-119.841622088,-114.727222004,-133.942439276,-120.982310019,-139.290912882,-120.046082687,-122.956556712	exponential	0.2	88000
128534	0,1,2,3,4,5,6,7,8,9,10,11,12,13,14,15,16,17,18,19	119.965253969,90.4651410814,69.967726463,66.0294206201,42.2027987992,33.0464919037,14.4239898084,23.3459081322,13.1684433325,11.5292215064,-3.83298545303,4.15989600118,-1.32307884281,-3.99482755749,-13.179426233,-8.43852158075,-9.95153583481,-23.8696353351,-10.1203691438,-25.9340169515	exponential	0.2	88000
131247	0,1,2,3,4,5,6,7,8,9,10,11,12,13,14,15,16,17,18,19	125.928151975,86.8137968767,80.8029480185,56.0339623708,33.419868524,29.4933262741,12.1339920091,4.60143395145,3.13926964526,2.29494510921,-12.589536639,-8.46824029988,-15.0945108362,-16.7124626242,-18.656910353,-10.0889483796,-26.438503254,-12.837905871,-21.676375324,-14.6840586155	exponential	0.2	88000
128160	0,1,2,3,4,5,6,7,8,9,10,11,12,13,14,15,16,17,18,19	87.3048243236,66.2968492697,40.5548167405,28.8779314189,14.9310796301,8.63407444828,-7.50557847524,-22.7346924414,-31.8216401938,-38.8079776297,-32.9246231052,-34.8139921269,-48.9977727609,-53.6126225904,-47.6523461432,-53.11244704,-62.3823915229,-65.0348734995,-53.705391526,-62.2918002689	exponential	0.2	88000
131649	0,1,2,3,4,5,6,7,8,9,10,11,12,13,14,15,16,17,18,19	70.5283025433,56.2777522108,17.8709175521,-0.412187716394,1.00812112856,-18.8382511029,-24.0418785112,-42.1174660688,-51.9684599121,-45.7159820365,-49.110714881,-55.8071114278,-66.282986902,-53.8013232665,-59.1000486486,-70.2589869131,-63.470870128,-69.0624254498,-76.1559687861,-69.8209629095	exponential	0.2	88000
129057	0,1,2,3,4,5,6,7,8,9,10,11,12,13,14,15,16,17,18,19	101.497398069,96.5131153429,67.9460120667,46.7632220076,28.6287242402,22.2501096274,5.39833109227,-1.33297328524,-10.3333901279,-8.22175301435,-14.967134037,-14.4654687815,-24.5917154469,-17.6922391681,-29.8508157049,-25.7507992712,-32.7924321644,-25.2666110463,-24.3696910851,-29.7092470604	exponential	0.2	88000
131486	0,1,2,3,4,5,6,7,8,9,10,11,12,13,14,15,16,17,18,19	196.167981029,163.615262501,156.275460977,131.628288054,108.005656572,109.7685194,100.614256542,72.5525923509,68.7520792663,67.095785,62.4834408507,52.2500553252,65.8226057611,46.7222006074,49.7938047075,50.7676999254,57.8463764588,43.0852479985,52.5332334577,44.765284138	exponential	0.2	88000
129400	0,1,2,3,4,5,6,7,8,9,10,11,12,13,14,15,16,17,18,19	262.394999679,234.006705921,210.63136842,188.089589401,172.45478273,172.367979246,152.443814346,145.054393923,133.5977096,136.739552113,140.832718002,135.833398738,133.628245822,112.98182998,130.360856622,107.277146851,117.446287855,105.848798305,117.976844639,114.923033047	exponential	0.2	88000
128824	0,1,2,3,4,5,6,7,8,9,10,11,12,13,14,15,16,17,18,19	73.0650281186,40.2301494186,14.9931075696,-0.51006309936,-12.0735546347,-27.6637454107,-44.4287766152,-39.0106718416,-40.7486993963,-57.4799286429,-63.0333838844,-68.3163748103,-71.0194607987,-78.2310497557,-76.017536814,-78.6072271082,-80.1539727935,-79.0188656982,-71.9248345226,-71.5147690731	exponential	0.2	88000
130911	0,1,2,3,4,5,6,7,8,9,10,11,12,13,14,15,16,17,18,19	180.084501255,155.148600889,135.609364645,113.394423774,88.5404202396,91.3126759368,69.678932672,66.0440012475,51.5853954536,57.8573185293,45.5796810863,50.1118671696,43.4828912573,31.0746219674,27.6827998176,29.5016159873,27.4439985885,39.6086808951,38.853641251,33.444818491	exponential	0.2	88000
129746	0,1,2,3,4,5,6,7,8,9,10,11,12,13,14,15,16,17,18,19	56.4539449561,36.1490116983,11.1109694829,-14.3322117613,-27.4083869599,-42.9676012614,-49.3796077189,-60.9420826319,-67.8168532198,-74.0770491833,-69.4436909585,-69.2819001409,-78.9747961401,-72.2285839464,-78.9751675964,-82.4147289921,-82.3849819902,-78.6631245204,-83.9609358438,-91.1136513105	exponential	0.2	88000
131322	0,1,2,3,4,5,6,7,8,9,10,11,12,13,14,15,16,17,18,19	199.644574895,171.613703403,160.545589748,138.118162181,116.96148939,108.346609214,94.0201274927,83.1431912648,91.822729973,82.0671548532,60.1183799119,75.4657910318,54.605186136,58.2271563397,58.4628069543,53.954015391,64.2431323166,53.3969434646,48.4501978954,47.9204544772	exponential	0.2	88000
128051	0,1,2,3,4,5,6,7,8,9,10,11,12,13,14,15,16,17,18,19	115.240570403,95.5918773024,70.5282041357,58.8454089524,42.3471337816,27.3625332766,9.94971811479,9.78004324957,2.89489838759,-8.98008613574,-15.7672344926,-7.25748817587,-13.3070096285,-17.0858163632,-19.7202916569,-27.6895045973,-24.0778579354,-22.1077093662,-34.2053784749,-40.8985554805	exponential	0.2	88000
129903	0,1,2,3,4,5,6,7,8,9,10,11,12,13,14,15,16,17,18,19	152.813946087,131.04184677,114.068429094,100.83006183,74.4282376766,83.2307547956,62.9639989366,54.6303598911,57.4375953113,31.5762028936,46.1359891588,25.1971958558,18.1758495604,20.5082660942,26.1431881468,25.6323465334,31.0087067475,17.3953763928,11.0758824318,15.6493449607	exponential	0.2	88000
130851	0,1,2,3,4,5,6,7,8,9,10,11,12,13,14,15,16,17,18,19	280.078043248,265.804584512,236.679454894,231.05430485,222.119005285,205.284796872,184.419192713,192.999695928,176.76303234,177.053532831,167.526524469,160.266552443,152.34651363,150.762360532,156.019736198,160.003317837,138.157729095,151.892313692,144.144249691,150.216823364	exponential	0.2	88000
128617	0,1,2,3,4,5,6,7,8,9,10,11,12,13,14,15,16,17,18,19	242.887604923,221.922072943,186.641855156,172.396904387,161.981228703,147.906443603,132.151171959,130.693739995,121.950978953,118.780358597,120.471764869,101.481111966,106.702508423,104.251765529,94.7811965343,107.008670279,93.9252895191,89.8710886954,90.497039748,94.3681439408	exponential	0.2	88000
129790	0,1,2,3,4,5,6,7,8,9,10,11,12,13,14,15,16,17,18,19	172.416673667,142.257599082,130.220169873,103.498535687,87.3483651326,76.0464568492,76.5646293515,69.0130885825,56.3696481949,56.1852684799,35.3881853356,43.2993604418,45.9349313077,35.1627380411,37.0915127703,36.0798205843,34.5768028817,27.6314375398,28.0692189281,21.4092457201	exponential	0.2	88000
128751	0,1,2,3,4,5,6,7,8,9,10,11,12,13,14,15,16,17,18,19	45.9344402073,36.6815850934,1.37923415543,0.4908507783,-19.4401429009,-30.0065584584,-40.7489564222,-49.6609279943,-67.0808813577,-65.9266922203,-68.6639274235,-79.6555553574,-70.1840628898,-78.3435573851,-82.7684102074,-82.0917252273,-87.373286477,-89.6583060763,-95.7494384881,-86.0204744821	exponential	0.2	88000
130918	0,1,2,3,4,5,6,7,8,9,10,11,12,13,14,15,16,17,18,19	154.430359848,119.531965701,117.830175008,87.6786919764,70.023345026,73.6180479731,61.0998495789,46.6877572503,39.9259414187,33.7028172178,31.4203335442,19.0158129577,20.4317971254,20.6745964983,21.4380322648,9.08808271472,6.05246993553,11.9852712244,13.2058000597,5.16621072988	exponential	0.2	88000
131901	0,1,2,3,4,5,6,7,8,9,10,11,12,13,14,15,16,17,18,19	126.401667299,103.72165997,95.6655928032,66.0931361027,64.0528816652,52.1414157409,41.4750219464,17.328556993,11.3028367918,20.7815902418,3.86661419908,7.30722349819,-11.8236525264,-1.62691140488,-5.66804218772,-6.6736331614,-12.0829366222,-20.2878555141,-12.6971929346,-19.1501549059	exponential	0.2	88000
131097	0,1,2,3,4,5,6,7,8,9,10,11,12,13,14,15,16,17,18,19	170.798748212,143.726293152,129.6278671,116.68939393,107.826793353,86.0768174084,73.1111282655,66.6363019166,53.928640759,61.1496131218,50.2111171751,54.9695444742,41.5844832056,36.1170819764,38.2384287571,46.0196242803,25.7405508669,38.1882656859,37.1352710263,29.1300136408	exponential	0.2	88000
131266	0,1,2,3,4,5,6,7,8,9,10,11,12,13,14,15,16,17,18,19	245.655002545,216.778436419,196.016134988,171.774119154,166.211780826,138.176035147,140.154737925,125.170610366,126.384286978,117.145550687,106.127162717,103.096570701,113.548123964,105.974615575,98.9830378232,96.7821090179,84.9713938473,87.3953278248,95.1528751708,96.4466574684	exponential	0.2	88000
128019	0,1,2,3,4,5,6,7,8,9,10,11,12,13,14,15,16,17,18,19	181.568010392,169.583811845,128.696602447,127.222133502,114.452957467,88.8537366532,91.4348529332,70.9366130435,76.1185529038,59.0676638438,50.3745700883,57.0339663897,61.2710157795,58.7353481988,44.8619424798,43.2212587215,48.8476311863,48.4222081058,41.8862640507,49.4629256688	exponential	0.2	88000
130903	0,1,2,3,4,5,6,7,8,9,10,11,12,13,14,15,16,17,18,19	66.5828621569,47.3471707472,30.8006961005,-2.39118265409,-5.18194189557,-22.8350236237,-23.2421035956,-44.1548435911,-48.166913533,-42.0389868635,-56.6384822187,-56.4465770918,-61.5264193049,-70.278423047,-67.1885147894,-78.8935769208,-66.3532296895,-82.2287413414,-72.2070536443,-69.8390972345	exponential	0.2	88000
128142	0,1,2,3,4,5,6,7,8,9,10,11,12,13,14,15,16,17,18,19	260.720957033,220.312609316,197.409637629,184.562093813,169.910828943,160.447550648,147.349233921,139.755023823,145.049872259,140.561250145,119.439097288,128.540060276,112.347271078,118.620747098,114.890730292,106.077645875,119.614873888,107.102753388,118.917313072,113.836484025	exponential	0.2	88000
128871	0,1,2,3,4,5,6,7,8,9,10,11,12,13,14,15,16,17,18,19	17.1732557167,7.06194119594,-11.1453660363,-28.4541379996,-43.3758909268,-72.2394901708,-69.1122660429,-86.9089238567,-93.7231435466,-91.9049976192,-90.4718079668,-99.3442836965,-103.613938452,-101.093248062,-103.286844762,-125.01315642,-125.61175515,-118.414086868,-116.604839459,-127.093545541	exponential	0.2	88000
131299	0,1,2,3,4,5,6,7,8,9,10,11,12,13,14,15,16,17,18,19	11.5067158423,-1.62814545634,-28.0108171758,-33.9977742026,-54.6402303901,-76.2888951616,-80.6926448175,-93.2588341991,-97.5804215936,-100.414256319,-113.428562963,-119.204355041,-107.076364512,-116.212295002,-112.383956995,-119.4549052,-127.704656499,-118.329126716,-115.891858042,-113.44485364	exponential	0.2	88000
128641	0,1,2,3,4,5,6,7,8,9,10,11,12,13,14,15,16,17,18,19	161.214171391,144.023056603,125.137225988,112.221995536,83.3952502392,88.1182052861,63.0034737073,56.232045349,48.6921783159,46.7776850556,46.9024933499,40.9637532975,26.6066966193,26.8994928196,33.1097162745,23.9769980954,17.9498778262,23.0514019206,31.1049976712,19.5691966701	exponential	0.2	88000
129792	0,1,2,3,4,5,6,7,8,9,10,11,12,13,14,15,16,17,18,19	75.6473929066,56.3318784113,23.1988319811,13.5938568481,-2.48573991187,-8.36404898489,-21.7880879666,-38.0718659121,-29.6206175977,-45.8675861974,-55.1320499738,-62.0822336525,-59.7918105189,-68.4407167386,-70.2247843223,-56.3179482822,-60.6170113655,-76.1547255584,-72.8598959726,-59.2548061751	exponential	0.2	88000
131416	0,1,2,3,4,5,6,7,8,9,10,11,12,13,14,15,16,17,18,19	215.29722029,197.22700764,173.52561352,145.620817161,135.633005449,132.927326078,109.818285454,100.839381811,103.918622662,92.849822652,77.9055794469,90.4991164481,86.0710526882,83.0132404123,66.0573350497,74.0853489939,67.8735756732,79.1319024714,58.8659409865,73.4596622099	exponential	0.2	88000
130269	0,1,2,3,4,5,6,7,8,9,10,11,12,13,14,15,16,17,18,19	87.0499575169,68.1935594741,34.7269659612,11.9343796458,-0.0869337652444,-3.38618215563,-15.9691872356,-17.5301562686,-28.4675233708,-33.5289860805,-35.1739817527,-47.5572091688,-47.0893092303,-49.8802321545,-52.8240849877,-47.7022137745,-52.0178912984,-51.3239782551,-54.1983576842,-51.9497970843	exponential	0.2	88000
130350	0,1,2,3,4,5,6,7,8,9,10,11,12,13,14,15,16,17,18,19	164.909256277,133.598748461,108.880318263,96.4695434435,74.8014217464,58.5779849437,51.7061261336,50.6296247821,53.9528170341,42.6898013908,27.1307058292,35.4975619034,21.1560731917,22.4264648633,22.836650814,27.1649508755,10.5168830943,8.43849384879,22.963832447,13.0096869656	exponential	0.2	88000
128559	0,1,2,3,4,5,6,7,8,9,10,11,12,13,14,15,16,17,18,19	168.27140122,151.945579077,116.361568738,104.562556376,82.0322352064,84.2685562421,61.7337014004,57.3948983025,62.0149155324,40.1702349088,35.0674419462,40.2752312344,43.5452924254,34.2899155842,31.4193150789,20.0010258606,25.4785594969,22.3845865965,24.5149666741,17.3432329426	exponential	0.2	88000
131800	0,1,2,3,4,5,6,7,8,9,10,11,12,13,14,15,16,17,18,19	227.485909483,193.416801934,192.237923924,173.867186595,152.576123245,144.243988638,120.25152567,129.780708858,103.336752961,111.339533486,91.141118053,108.437081393,94.7106622833,86.7274019147,96.1768015863,92.2068540543,92.5214110595,89.7583713845,80.3240535243,73.3665383045	exponential	0.2	88000
128102	0,1,2,3,4,5,6,7,8,9,10,11,12,13,14,15,16,17,18,19	96.6107412211,84.633056945,64.3364700612,41.0449269017,22.6739570003,12.4248334905,10.1953718176,-1.18747202192,-9.23353046147,-13.1017953474,-21.0325454377,-29.7433674418,-34.4595228995,-32.8885974664,-33.4285075372,-35.075580402,-47.0845355718,-31.1216528913,-40.5270157448,-37.8693694311	exponential	0.2	88000
131747	0,1,2,3,4,5,6,7,8,9,10,11,12,13,14,15,16,17,18,19	203.050278537,193.92922785,172.567465116,148.567787425,131.719674286,133.014183274,109.236319108,114.804148091,96.1050602439,85.3836711545,95.7280211746,89.5298580174,70.4832253696,75.2509031149,66.3056214342,66.3178298216,72.1580149277,61.3940021557,79.2985066368,68.2235007393	exponential	0.2	88000
130505	0,1,2,3,4,5,6,7,8,9,10,11,12,13,14,15,16,17,18,19	244.148941991,206.255662652,195.807693946,170.540628135,168.916374952,149.036713147,147.571024965,127.814461924,121.551062074,113.338035904,108.24110114,108.007355739,115.026385043,104.188429195,104.71931281,103.933302897,100.800389274,102.866716743,88.3387134359,88.7992262643	exponential	0.2	88000
128574	0,1,2,3,4,5,6,7,8,9,10,11,12,13,14,15,16,17,18,19	185.107260566,159.593760432,128.519301266,121.575205958,88.3742945184,77.1794151354,73.9562387922,72.6513256035,57.6274226366,45.6547035165,54.6336749368,56.3090841608,34.982046333,38.6383211289,33.2105438785,45.2703629334,35.6559925427,28.3167594855,41.0658581744,41.3896062687	exponential	0.2	88000
130006	0,1,2,3,4,5,6,7,8,9,10,11,12,13,14,15,16,17,18,19	103.606645917,77.9501732167,65.58161638,51.8024908309,22.6671673064,10.0380750271,12.2541537052,-12.425267282,0.511893743963,-21.6465226473,-26.4571577398,-27.0238503049,-27.0569995465,-34.3544299641,-26.659910474,-26.7976377519,-27.3364055899,-42.4947287995,-40.0931905487,-49.5467705716	exponential	0.2	88000
130412	0,1,2,3,4,5,6,7,8,9,10,11,12,13,14,15,16,17,18,19	17.6199960607,-13.068885173,-35.2853927824,-33.5584259568,-56.1278253243,-65.829412145,-75.9051034858,-93.5215175167,-87.7344997556,-103.935852977,-112.029887056,-118.241917461,-115.088338538,-122.658750039,-113.432675832,-117.439565729,-122.452099559,-131.937283875,-131.663001168,-132.482227957	exponential	0.2	88000
130561	0,1,2,3,4,5,6,7,8,9,10,11,12,13,14,15,16,17,18,19	157.776663379,126.733720826,100.91201921,92.9896111391,70.0429572848,67.7731612977,49.8915191126,32.121769591,34.520268993,24.8279339059,32.7107728343,27.6972028436,22.8517463,16.1396244606,3.91945468202,8.04556011448,8.97213121262,2.73749153364,15.1520082438,14.6465511249	exponential	0.2	88000
130838	0,1,2,3,4,5,6,7,8,9,10,11,12,13,14,15,16,17,18,19	15.4941234973,-2.23354951259,-23.8473074405,-46.9680164372,-50.4655937048,-70.0521128044,-77.2858384101,-93.1510090939,-95.8048360511,-93.9029139537,-116.490246672,-108.317516267,-106.818643228,-127.36130037,-123.649925827,-123.713395003,-123.521245463,-123.389224117,-124.746647519,-130.533923728	exponential	0.2	88000
128358	0,1,2,3,4,5,6,7,8,9,10,11,12,13,14,15,16,17,18,19	157.760581713,137.746800617,116.579404458,93.6839119314,77.6445666682,61.8799866886,69.5934222459,52.5477007641,55.46420884,32.4534584042,41.3523709929,36.6052572924,30.3494683125,23.677605184,25.7511310892,26.7879803441,19.1442516779,26.2860453936,23.6545322592,13.7842333824	exponential	0.2	88000
130799	0,1,2,3,4,5,6,7,8,9,10,11,12,13,14,15,16,17,18,19	147.540211111,122.836825513,99.4594518648,79.9891953419,67.0544666939,60.2763201624,43.8249896676,27.2922419413,19.970555991,14.8488486643,14.4297426208,3.62563279358,1.65119317219,3.30655542895,0.824029347586,-6.09107967023,-7.87445675485,6.47155428404,4.0713502264,-1.69421603652	exponential	0.2	88000
129194	0,1,2,3,4,5,6,7,8,9,10,11,12,13,14,15,16,17,18,19	260.37849658,234.608691826,204.663106459,203.949337059,183.840857673,181.205682883,152.625018609,149.245796152,149.187178178,141.216966865,124.785648798,121.989323428,134.626716656,129.831904986,128.104082193,111.224903178,129.835357847,123.708405113,116.042131486,125.081363577	exponential	0.2	88000
128270	0,1,2,3,4,5,6,7,8,9,10,11,12,13,14,15,16,17,18,19	210.750419846,173.131946569,155.819469149,150.375331805,132.365563972,108.160802824,105.692215796,93.5028932586,90.8806093653,77.3969911219,91.6529704539,69.3499804587,66.5068485897,70.5025511939,69.0760237074,64.6423961846,67.7305653241,53.9083419816,59.4035854053,59.2251771202	exponential	0.2	88000
130687	0,1,2,3,4,5,6,7,8,9,10,11,12,13,14,15,16,17,18,19	272.880352636,236.105583484,210.074099871,196.294527099,187.279641611,182.991553872,161.649876734,156.240325486,138.72542645,150.112125211,139.707914868,128.754645678,119.090770978,135.096108297,129.323877692,118.852619767,117.666185418,116.356614938,127.738358285,108.174291658	exponential	0.2	88000
128356	0,1,2,3,4,5,6,7,8,9,10,11,12,13,14,15,16,17,18,19	140.18500815,106.092194261,82.7277722345,58.4187113975,60.333072633,40.9771964424,32.4823160243,17.8612315259,25.3946824383,8.48793432469,-4.40841103287,4.29801445152,4.94306502275,4.91600508835,-5.48507906119,0.0570726189972,-3.48351892253,-20.9548326504,-10.8857134806,-6.89988242211	exponential	0.2	88000
131032	0,1,2,3,4,5,6,7,8,9,10,11,12,13,14,15,16,17,18,19	78.91942022,48.7675959854,28.7754930997,7.44061336666,-11.2668644101,-30.652027816,-30.9111695325,-33.9783225884,-51.0001592734,-57.6164553793,-49.5109315301,-58.0296543054,-72.0285140869,-74.6432458192,-76.2785765176,-70.2054779308,-63.6362916411,-73.8456314105,-81.6201715216,-85.1365031199	exponential	0.2	88000
128132	0,1,2,3,4,5,6,7,8,9,10,11,12,13,14,15,16,17,18,19	232.829630808,219.099887742,202.286430331,185.99425296,156.783355348,158.627646016,150.295958083,134.585330631,121.886565487,119.91283432,117.704895142,99.6595685798,110.077089794,109.547922169,106.845278928,102.987216787,96.2821319377,96.7786729052,102.362252001,103.483827986	exponential	0.2	88000
130975	0,1,2,3,4,5,6,7,8,9,10,11,12,13,14,15,16,17,18,19	135.682987599,102.328150199,77.8796976127,59.7208495385,38.7081146476,33.034740926,24.3483982642,19.2801060046,1.77997275566,-0.992381516152,0.391852546163,-1.4358718398,2.30922071671,-8.48025480601,-19.6446543752,-4.03876607933,-5.25675923482,-18.0287066957,-25.0890246016,-26.8749196135	exponential	0.2	88000
131701	0,1,2,3,4,5,6,7,8,9,10,11,12,13,14,15,16,17,18,19	280.101045667,254.809726786,232.693950197,219.059729556,189.141428462,192.338575747,181.9648989,170.732374903,159.608828632,148.685280981,138.226186241,133.876222463,145.455380917,128.297049211,134.097785092,131.553427232,126.948125564,132.927521432,118.531680069,119.720937284	exponential	0.2	88000
129001	0,1,2,3,4,5,6,7,8,9,10,11,12,13,14,15,16,17,18,19	9.48519493113,-18.232522268,-26.0891380691,-51.2825785106,-67.2011025766,-79.5340480017,-83.9567585304,-83.6033795729,-106.143301344,-95.4650298244,-116.394539705,-120.679496731,-123.598019755,-113.392531691,-125.659370894,-134.605819774,-130.392799867,-117.297308884,-121.237445497,-134.237654971	exponential	0.2	88000
130591	0,1,2,3,4,5,6,7,8,9,10,11,12,13,14,15,16,17,18,19	274.411759373,240.552816303,216.59477439,201.763959649,182.356807758,172.416379375,172.264180407,159.35998777,152.985604628,146.109638671,133.489193652,134.868763763,128.463328434,121.590769917,123.799500609,128.321543649,132.303947495,127.455736884,127.530613133,109.279370326	exponential	0.2	88000
131827	0,1,2,3,4,5,6,7,8,9,10,11,12,13,14,15,16,17,18,19	86.3333139668,61.1463960296,50.5990123606,25.621433083,15.0547436791,-3.6625507977,-16.7359231415,-6.58644474053,-29.876200723,-22.5106567117,-39.6693524641,-46.2546919604,-34.7997735618,-53.8296320896,-54.036666154,-49.4653424343,-61.1225426576,-48.7698964073,-49.7596206534,-50.4923494621	exponential	0.2	88000
130584	0,1,2,3,4,5,6,7,8,9,10,11,12,13,14,15,16,17,18,19	67.7451339946,43.610008183,10.7671117165,-8.31828191095,-15.7215670934,-38.3223143641,-35.5123080799,-42.2274656958,-45.758194234,-53.041018792,-61.7498961251,-70.6515879423,-80.8798085022,-79.1353261745,-72.1317513755,-84.798655157,-87.5563814355,-93.1952339929,-74.8878601206,-77.7327520892	exponential	0.2	88000
129515	0,1,2,3,4,5,6,7,8,9,10,11,12,13,14,15,16,17,18,19	274.211801249,231.221970507,211.378707354,192.217317432,182.324611102,184.859627641,167.458363774,161.316232379,157.444368362,138.521337733,128.53530123,132.750712767,129.748710662,120.653808709,124.792165825,127.771570256,121.067577943,117.692482219,124.486056317,117.812767551	exponential	0.2	88000
128472	0,1,2,3,4,5,6,7,8,9,10,11,12,13,14,15,16,17,18,19	73.0184735726,52.7561231658,45.5595711565,19.1585140575,-1.65766190582,-6.14092450912,-22.5222364483,-22.7276091865,-40.8881136838,-33.8156010686,-50.7192423613,-45.3169044907,-42.6628187621,-53.7687457729,-58.2985504611,-59.3550021013,-56.7659285963,-53.4738980698,-52.5876747513,-60.1025915233	exponential	0.2	88000
129407	0,1,2,3,4,5,6,7,8,9,10,11,12,13,14,15,16,17,18,19	54.8168798129,21.0343325837,2.28244328808,-11.0059610669,-21.6913670515,-34.5488953527,-59.6387749436,-59.2744392065,-67.7205847753,-71.9908351606,-76.3384697376,-77.4823321556,-96.8015727063,-87.207233859,-96.4814324154,-92.1897033333,-97.2325078052,-105.071766757,-89.1559072838,-93.2668100164	exponential	0.2	88000
129291	0,1,2,3,4,5,6,7,8,9,10,11,12,13,14,15,16,17,18,19	283.98839517,265.994100715,232.951275165,233.571188975,210.02974406,206.897446822,197.166086934,184.391512522,179.784255531,161.674512521,151.412752191,149.591674392,143.272566816,144.765127022,151.3851989,139.837263093,153.11832486,145.026281933,134.338650259,141.466934485	exponential	0.2	88000
129343	0,1,2,3,4,5,6,7,8,9,10,11,12,13,14,15,16,17,18,19	147.141392083,116.918665844,105.482586311,82.153445287,72.2747496387,45.3295055644,33.6969754763,32.0316500563,23.6795752909,10.976345692,10.0294635653,13.0890447523,6.14818938659,-3.948772735,1.44945570324,-1.56300422349,10.693455246,7.77630819927,-2.52145483353,-8.70700333603	exponential	0.2	88000
130593	0,1,2,3,4,5,6,7,8,9,10,11,12,13,14,15,16,17,18,19	144.943779433,112.165231261,102.017693618,74.1546903963,61.9260000703,60.641222828,33.3211447611,31.2317713567,19.7993741607,19.857567332,8.53632760169,14.7192436183,17.9171691529,-4.95436713589,9.07453719616,8.55237921753,-9.45149877622,-3.79611666713,7.54917837823,1.46006594808	exponential	0.2	88000
129526	0,1,2,3,4,5,6,7,8,9,10,11,12,13,14,15,16,17,18,19	261.641724998,223.654249636,202.914500823,200.696039744,186.679315438,162.652400478,158.750067517,135.425314276,135.722356913,122.793942551,132.145778261,127.893241376,122.885836125,115.03387253,111.254874135,116.396572838,102.783788914,114.605768697,108.067758506,109.006213584	exponential	0.2	88000
129532	0,1,2,3,4,5,6,7,8,9,10,11,12,13,14,15,16,17,18,19	200.208614251,167.201444248,159.73056598,133.494994295,123.867315211,121.184257257,92.6025310635,99.6433709315,87.105588614,76.5769294188,75.3845693814,62.7605938587,62.3260016546,66.5957347208,57.1567583306,65.9964987561,53.4744848102,57.431820334,55.7555078919,48.5209225605	exponential	0.2	88000
130278	0,1,2,3,4,5,6,7,8,9,10,11,12,13,14,15,16,17,18,19	18.4775753235,-5.84128111352,-25.8107270601,-60.0829195548,-66.6804387584,-74.6954918324,-78.7077692651,-106.816980552,-103.073647585,-100.467302611,-113.382698525,-120.738502614,-130.345922514,-136.316055746,-136.472398017,-122.352457709,-127.625450878,-133.719237508,-123.170681897,-130.006802504	exponential	0.2	88000
130070	0,1,2,3,4,5,6,7,8,9,10,11,12,13,14,15,16,17,18,19	162.637639416,146.004994133,122.831452554,97.9080976195,97.7958620434,75.4499937088,64.8750586577,64.7411080178,57.4751226593,41.2286881976,37.0661342296,49.5030397527,33.4095137951,43.6218088223,38.7645664196,27.1966269146,33.7089020004,37.6219031724,15.0568709631,22.0278944405	exponential	0.2	88000
131301	0,1,2,3,4,5,6,7,8,9,10,11,12,13,14,15,16,17,18,19	232.484680201,213.066280044,188.268649489,181.583773149,151.853933688,137.379050431,142.456478192,132.081889348,122.146616378,118.37341617,107.600923369,97.9263369714,93.6700143936,110.169084339,94.6710209831,99.2092328674,98.3766045232,83.164667513,91.557833149,89.755683627	exponential	0.2	88000
131148	0,1,2,3,4,5,6,7,8,9,10,11,12,13,14,15,16,17,18,19	212.008241894,185.593206125,173.741226501,161.963515664,152.051287639,129.286712419,108.705942816,111.763806128,112.843157712,107.03048124,103.922881916,81.0108297068,93.0416112719,93.4335847404,78.2012558192,78.4272789981,81.6381428759,74.3403303712,83.4912365622,78.9304880712	exponential	0.2	88000
128861	0,1,2,3,4,5,6,7,8,9,10,11,12,13,14,15,16,17,18,19	152.535815766,131.99146199,102.001409225,95.9664738411,68.5244408986,61.3820891048,52.4547374933,47.9767496231,38.5710399329,27.6762539349,20.7626023527,26.238882388,11.652345743,25.4934952359,8.66923914521,12.0115657729,9.19071809319,2.03757079285,4.92312707222,-0.064710197969	exponential	0.2	88000
128883	0,1,2,3,4,5,6,7,8,9,10,11,12,13,14,15,16,17,18,19	45.192293848,23.0088021292,-15.7772742288,-29.5067010059,-37.4255336133,-56.5160147307,-54.3714494778,-68.5211986276,-80.7338648506,-90.8101958146,-82.0446326282,-83.2645766879,-93.7200787467,-107.01551516,-103.018621808,-103.09185636,-96.9425377857,-93.0890208846,-110.580991701,-109.593781155	exponential	0.2	88000
129965	0,1,2,3,4,5,6,7,8,9,10,11,12,13,14,15,16,17,18,19	88.5841497804,58.5487200555,39.587176463,27.4382078468,13.3338815776,4.16653146233,-9.18968785336,-12.9704248166,-20.0949197567,-29.0394834539,-30.6243804935,-51.2216587563,-41.1610948869,-58.9766283773,-46.2374317412,-48.2530101641,-55.381468488,-48.2766237324,-62.0295333002,-58.5816456749	exponential	0.2	88000
130363	0,1,2,3,4,5,6,7,8,9,10,11,12,13,14,15,16,17,18,19	295.193011331,268.342317329,252.898967603,220.376249928,212.325738169,197.803387537,201.985176352,173.377275641,166.586189982,163.074815911,169.798599899,169.178453761,152.520343726,148.734367394,149.801120633,150.203517309,154.820111069,149.374481774,140.610210506,136.386408294	exponential	0.2	88000
129601	0,1,2,3,4,5,6,7,8,9,10,11,12,13,14,15,16,17,18,19	68.2002959892,38.3826701553,16.8986343403,-3.36355964488,-11.2557163726,-25.6322211962,-36.682950104,-30.070580974,-54.6390948966,-56.9021881355,-61.1717010467,-61.2883970554,-55.6840777595,-75.9664806331,-60.6827103628,-75.2760311091,-71.0583827617,-69.6445065846,-84.6453612776,-70.6103963858	exponential	0.2	88000
129838	0,1,2,3,4,5,6,7,8,9,10,11,12,13,14,15,16,17,18,19	143.033344995,139.292807069,115.654384322,86.9550585646,81.8300698795,58.2662219721,51.7416173234,55.7144578119,48.115049647,42.6763120536,37.5572998389,23.4596724805,27.933742057,8.55352576739,16.0342859525,20.4501551574,2.37854877294,9.73139597864,1.08460859256,1.48215144575	exponential	0.2	88000
128206	0,1,2,3,4,5,6,7,8,9,10,11,12,13,14,15,16,17,18,19	71.4140205382,40.8800800316,28.9489361069,17.4510016403,-12.1165473223,-25.5020758944,-35.0670837375,-45.6851665194,-53.392680858,-56.3924251145,-49.0123597378,-70.6821584469,-57.3081106553,-76.0522551083,-78.7476986755,-75.4333644411,-78.273213295,-66.266499846,-67.7227233561,-76.6129584307	exponential	0.2	88000
128346	0,1,2,3,4,5,6,7,8,9,10,11,12,13,14,15,16,17,18,19	254.438269463,210.817091936,206.947864137,183.882464195,167.180199927,159.431401345,145.937834914,135.798727786,133.453397326,113.208373127,109.252584065,119.09186311,102.871529927,107.776301444,112.119972135,93.982043314,94.3842614891,104.329127077,109.585749161,105.067730563	exponential	0.2	88000
131117	0,1,2,3,4,5,6,7,8,9,10,11,12,13,14,15,16,17,18,19	179.707116806,150.511955244,138.791714096,111.630510067,90.8607185853,81.7985759208,73.9910998294,69.4593308977,68.9888767883,56.8006774966,46.1490278733,49.454384074,43.9622824351,48.0157800807,45.3563066772,33.7452013873,25.0242017171,30.8811505522,35.6282952952,27.2121036679	exponential	0.2	88000
131682	0,1,2,3,4,5,6,7,8,9,10,11,12,13,14,15,16,17,18,19	168.716443925,146.655768441,125.036289947,99.2312982308,90.0276109807,85.7368449623,62.6585928363,62.0851540853,56.0732365116,47.7291552859,41.7824790429,32.7374301313,37.7556124281,34.5041012302,36.9560830985,30.5571106626,19.3156165567,23.2874711152,24.2310480564,13.8559126338	exponential	0.2	88000
131027	0,1,2,3,4,5,6,7,8,9,10,11,12,13,14,15,16,17,18,19	303.799092417,273.578430214,257.762204685,233.572761185,206.932033346,204.617155375,203.678097694,193.320311209,179.227789911,176.334133029,179.253514157,169.370405687,171.529960461,150.271696344,151.576699131,143.926745015,142.119394046,159.627635498,152.495887037,156.297227253	exponential	0.2	88000
131298	0,1,2,3,4,5,6,7,8,9,10,11,12,13,14,15,16,17,18,19	90.0173161581,62.5998350662,43.3284218912,29.3044741395,10.0767762041,-11.6009345601,-7.59192196373,-16.0483097012,-36.0260188521,-39.6060784515,-45.9323262533,-34.3088718601,-41.4939958246,-47.6673925488,-52.2880483971,-48.7651113462,-53.6270673384,-62.8410734825,-67.1043741569,-62.8052276973	exponential	0.2	88000
131121	0,1,2,3,4,5,6,7,8,9,10,11,12,13,14,15,16,17,18,19	285.608252867,261.883941449,244.143967803,231.478694769,201.030789838,200.04723045,184.327223633,168.127050071,161.719762307,154.36903238,153.92604431,150.644558043,159.496758296,159.265810088,142.522544455,134.117831926,134.288198132,133.192741885,147.676150732,149.058523694	exponential	0.2	88000
129874	0,1,2,3,4,5,6,7,8,9,10,11,12,13,14,15,16,17,18,19	216.474215986,194.854984878,178.048992138,154.152363968,138.006073084,126.048555263,120.704329735,103.888364342,99.6092791764,94.6370954613,99.8234392069,81.4885726143,85.7505689618,74.0467612686,84.4757302193,73.9040605941,83.1861523767,71.4893804435,73.5011177511,80.507256828	exponential	0.2	88000
128394	0,1,2,3,4,5,6,7,8,9,10,11,12,13,14,15,16,17,18,19	172.273247021,131.898533168,123.462551749,108.755369133,79.2432004434,86.0152665344,75.0395666998,53.554096025,48.2637095353,34.2817407504,50.7639197144,35.7623263897,24.2188636968,34.0647712342,24.7247110904,26.6073020049,31.6646640985,17.805805337,24.5174944799,19.2531911781	exponential	0.2	88000
130964	0,1,2,3,4,5,6,7,8,9,10,11,12,13,14,15,16,17,18,19	286.413362321,247.561155414,237.86472689,209.202864997,194.162558971,186.666930804,166.481865312,169.467412322,168.914503525,157.808792454,156.009612506,143.279382726,150.834817347,147.345854921,147.67472784,131.426283963,132.666771927,124.218443564,139.890828911,131.313625139	exponential	0.2	88000
131040	0,1,2,3,4,5,6,7,8,9,10,11,12,13,14,15,16,17,18,19	0.812654545196,-24.238504945,-29.901189221,-55.2547649779,-76.0980476248,-77.3193826036,-89.5994613955,-100.347597935,-117.206905378,-120.394259003,-111.325217783,-133.966055504,-125.12698554,-127.954806647,-135.690556995,-127.021119195,-132.549465787,-143.268513702,-135.840942623,-130.052908811	exponential	0.2	88000
131672	0,1,2,3,4,5,6,7,8,9,10,11,12,13,14,15,16,17,18,19	181.627521866,155.902055861,114.821432964,109.810169617,92.5056219622,85.3627066658,79.473545586,73.4943154179,48.2797379506,52.7534013542,36.4025453418,32.9395607113,47.2963954742,43.3556894275,41.7267840956,39.7196309211,24.7083056542,37.1453684397,27.68260197,24.4373795373	exponential	0.2	88000
130837	0,1,2,3,4,5,6,7,8,9,10,11,12,13,14,15,16,17,18,19	291.160281606,260.454261442,251.668217108,222.960925553,207.380627552,205.895358028,179.652928062,186.990240603,174.181953117,175.857073334,158.950408268,149.224663313,159.124856951,152.58292039,151.390821628,149.39311762,151.430449333,134.876749955,141.373418081,152.309213151	exponential	0.2	88000
130327	0,1,2,3,4,5,6,7,8,9,10,11,12,13,14,15,16,17,18,19	210.660453956,193.791245296,164.570178394,149.580840287,149.415307357,117.477673679,117.928653979,106.118402811,94.1428315476,92.3176704225,88.9229942338,87.2382416387,74.2969435947,72.587510146,89.475414079,80.4431792922,81.3759696708,68.449649242,77.5197485716,66.796247988	exponential	0.2	88000
129967	0,1,2,3,4,5,6,7,8,9,10,11,12,13,14,15,16,17,18,19	12.6402314526,-14.3852382319,-23.8016905261,-54.5560941488,-68.1104376373,-66.0512411541,-77.8343246695,-87.8219855529,-109.803126683,-98.5927658885,-106.35300912,-115.53149175,-126.22274724,-125.058885642,-133.095697576,-131.76016087,-126.468031497,-118.344544541,-130.4638029,-139.556147854	exponential	0.2	88000
128821	0,1,2,3,4,5,6,7,8,9,10,11,12,13,14,15,16,17,18,19	273.72850434,244.093552269,216.994014992,197.498798519,192.22159343,165.130215057,171.280550033,150.459510385,137.736745655,150.416429831,131.455493893,140.105460079,133.767324271,126.493163583,125.365168206,113.39626581,112.348643172,113.530170863,126.529807302,125.530216458	exponential	0.2	88000
130778	0,1,2,3,4,5,6,7,8,9,10,11,12,13,14,15,16,17,18,19	37.9742171456,11.231263983,-12.9416977801,-29.0712109056,-37.5579112331,-48.1369119139,-49.6940381285,-65.5846246755,-82.2280552249,-80.7147068061,-74.8588814111,-89.2196580396,-93.8871741639,-101.499101215,-84.5048054936,-89.6994556828,-90.4533965468,-95.8212056946,-101.177527827,-96.9543011789	exponential	0.2	88000
130389	0,1,2,3,4,5,6,7,8,9,10,11,12,13,14,15,16,17,18,19	208.127704237,193.444281027,166.91013955,152.369428725,136.795831986,129.233241149,120.844672201,108.330485121,109.506171513,92.146781172,86.7410161516,80.7004304829,84.3323592539,70.3145439193,71.0103687726,66.8418706381,62.5484581666,69.6724831765,62.4544631724,60.3715705591	exponential	0.2	88000
128221	0,1,2,3,4,5,6,7,8,9,10,11,12,13,14,15,16,17,18,19	123.831574332,89.3695508203,84.2442562814,59.8346673775,48.4727142251,40.9896722893,12.6332919158,17.1116888745,2.83101315232,7.82754900632,1.6946005882,-9.19857799713,-19.4010881043,-11.9695670536,-10.9902549301,-16.0662073029,-15.2759955659,-12.7727594285,-11.0513031105,-30.9896750081	exponential	0.2	88000
131151	0,1,2,3,4,5,6,7,8,9,10,11,12,13,14,15,16,17,18,19	281.89042833,247.803727897,229.604132637,217.127456131,200.683759928,196.183473092,185.26096868,180.362609645,170.508062164,147.925073801,151.327127351,144.587794577,153.329235599,136.535420299,132.886224787,142.61962615,128.151543659,145.990124087,137.236071457,127.311557701	exponential	0.2	88000
129986	0,1,2,3,4,5,6,7,8,9,10,11,12,13,14,15,16,17,18,19	8.1496348814,-20.2491875078,-34.5563487708,-54.5337255255,-69.9653616369,-86.2301434969,-88.6434960119,-101.204997506,-97.6058426965,-120.536321244,-113.884934885,-111.650428659,-130.565663337,-118.719261182,-136.502672255,-124.714178332,-136.802064736,-122.523062093,-139.800582918,-125.329533743	exponential	0.2	88000
130217	0,1,2,3,4,5,6,7,8,9,10,11,12,13,14,15,16,17,18,19	20.098135464,-8.84580142369,-10.4759006241,-34.974190717,-50.7044878794,-75.010683771,-65.1040305046,-90.9494789306,-96.5864746055,-94.0341423147,-105.050125322,-98.6966626578,-113.885324346,-106.775276945,-116.465159795,-116.643876265,-126.141694431,-117.039133306,-114.08925944,-128.398205788	exponential	0.2	88000
130663	0,1,2,3,4,5,6,7,8,9,10,11,12,13,14,15,16,17,18,19	146.753136899,131.567598682,100.939324322,85.2507989537,78.182547424,68.9053988619,58.9308597417,33.3578427736,36.8920567861,19.5194676439,18.4788316273,11.7393297958,24.5345176626,21.6863434298,6.40857819968,13.5511563672,3.53292401253,1.6372733917,5.45572463387,11.89599736	exponential	0.2	88000
130357	0,1,2,3,4,5,6,7,8,9,10,11,12,13,14,15,16,17,18,19	225.227807729,184.504089273,182.242119145,145.006835213,142.29215528,121.249799045,114.625115333,107.544507072,106.047097875,96.6745847206,90.9482111959,90.7900343673,85.9086430745,82.5189403826,75.0087491403,75.6710091818,72.7558326504,66.242219822,73.8700957967,80.8578170215	exponential	0.2	88000
130001	0,1,2,3,4,5,6,7,8,9,10,11,12,13,14,15,16,17,18,19	74.3395998094,43.8136078627,28.5243379259,19.9923631261,5.14532247522,-7.30026840827,-31.9624493698,-30.7514650146,-29.8395172778,-37.0391753238,-42.6167948525,-57.4770096341,-50.2062863165,-55.9848832874,-54.7361686301,-60.9466687998,-69.2251800583,-61.5971514168,-58.7005982936,-64.7527446525	exponential	0.2	88000
130157	0,1,2,3,4,5,6,7,8,9,10,11,12,13,14,15,16,17,18,19	96.0880164562,78.1864896567,56.4515751555,23.6808330325,17.5222354899,11.6470053626,-5.15368697119,-20.2455199601,-26.2762613212,-35.0961879864,-25.2011261596,-28.0201602074,-41.7599669743,-32.6069325314,-47.1283345793,-49.6886001083,-41.830322546,-39.8252355418,-49.6482030898,-58.69192087	exponential	0.2	88000
85756	0,1,2,3,4,5,6,7,8,9,10,11,12,13,14,15,16,17,18,19	64.2818327116,69.1169308836,65.1809548041,73.7516708191,78.3471933012,86.0123171862,85.3604087037,91.5936533623,92.6690927262,100.504439649,100.315189548,104.700933265,108.011475083,113.652204544,117.14421581,124.135802524,122.00069629,126.546485498,135.739126321,143.653529078	linear	0.2	44000
85353	0,1,2,3,4,5,6,7,8,9,10,11,12,13,14,15,16,17,18,19	3.37776967574,0.850866681478,12.4596171812,12.3080617956,19.2117006582,22.4385334791,26.3551392013,28.6411603122,30.8518845333,32.9682837229,45.1414634313,46.4465250987,45.2269867552,53.2108936843,55.6580674277,59.0603427782,70.5501504618,71.3213710672,74.6397775582,83.2762462525	linear	0.2	44000
84333	0,1,2,3,4,5,6,7,8,9,10,11,12,13,14,15,16,17,18,19	-11.5963888474,-9.22605775977,-10.5846426635,2.58841076617,-2.20528872955,1.30584229924,8.67952225009,13.2881839754,17.1654554088,26.6863019388,29.8180301008,26.4428574116,37.8626003968,32.6600453622,44.9257419069,45.1123325035,49.1681260277,48.6394749899,61.7975965325,64.9651300328	linear	0.2	44000
87072	0,1,2,3,4,5,6,7,8,9,10,11,12,13,14,15,16,17,18,19	-51.4295881853,-39.0286490966,-36.6206928944,-42.114055739,-33.5744669498,-31.4111456735,-29.3358504848,-24.2847023204,-20.263197946,-18.2982921131,-14.1494477584,1.41435940382,-1.91722806753,5.77645831856,13.4156965043,8.79667042194,19.8367710957,22.7629618021,23.9523744147,30.6227396578	linear	0.2	44000
86505	0,1,2,3,4,5,6,7,8,9,10,11,12,13,14,15,16,17,18,19	-28.6721626193,-21.7973147679,-18.6190856372,-24.6942165844,-11.1902775018,-8.01863336396,-8.81602351443,-5.71468481313,-2.1110032921,9.06914941329,14.1288073726,15.9224241712,20.0996108608,16.4247603196,25.1847704874,28.1939711637,32.7534660507,38.4815927659,36.9696194737,40.5199352607	linear	0.2	44000
87823	0,1,2,3,4,5,6,7,8,9,10,11,12,13,14,15,16,17,18,19	-43.2366321868,-37.3603922605,-33.5833228656,-25.4393927587,-31.4030485498,-18.2014505273,-21.5136891489,-11.3428361413,-9.60603209299,-6.5450639685,-4.80525797303,7.43169583309,1.11779086805,9.39427340992,17.7521092533,15.7120113841,25.9348678335,21.1223779699,27.5562399719,36.8546910296	linear	0.2	44000
86064	0,1,2,3,4,5,6,7,8,9,10,11,12,13,14,15,16,17,18,19	-65.754974812,-54.660089704,-55.4693051795,-52.7207828448,-47.9008521018,-41.0270230935,-39.0577494785,-33.252501474,-28.0805013059,-25.6452364644,-15.7174014854,-22.2327046593,-17.6165447245,-3.08870072321,-6.11624985786,0.566423408672,0.360230243634,6.0625969334,6.83373452583,10.4205994626	linear	0.2	44000
85416	0,1,2,3,4,5,6,7,8,9,10,11,12,13,14,15,16,17,18,19	-59.9401135336,-52.8108816693,-52.3569052568,-49.5427456853,-50.2935089043,-35.3420932948,-40.255036521,-38.5073495572,-34.5051482996,-22.9924623453,-15.9175745123,-17.4391610328,-9.88229748481,-10.2556445572,-9.50658843797,3.26439208723,0.616631292954,1.82272380905,9.65467037177,20.1393765535	linear	0.2	44000
84321	0,1,2,3,4,5,6,7,8,9,10,11,12,13,14,15,16,17,18,19	47.2918951794,47.1558049809,57.9332922882,56.7484660156,61.6674739842,69.6602984918,75.3270880034,69.9060142603,82.379843395,83.7109306838,81.9116657427,83.8033955694,97.3200885302,100.857441405,96.7209964263,106.060146527,109.502717054,108.91349665,120.121934512,123.753940293	linear	0.2	44000
85245	0,1,2,3,4,5,6,7,8,9,10,11,12,13,14,15,16,17,18,19	-28.6445365985,-19.0454765122,-15.044700739,-10.3721822039,-5.52821169127,-10.3223609605,1.56687930995,3.99391043057,8.15489883441,6.69357465221,7.59593713808,18.6616827297,17.4250043965,21.4896932672,29.8965349088,27.9523318285,39.133623905,39.9936517253,41.6384675954,46.165181042	linear	0.2	44000
84288	0,1,2,3,4,5,6,7,8,9,10,11,12,13,14,15,16,17,18,19	25.7619349808,27.6255569078,32.0645350798,42.8288282694,47.367472589,47.3188101131,46.4134327955,59.6261437737,53.8818153103,67.0901971864,65.627005838,73.5873078705,75.3168485716,76.4028224994,86.6736511537,82.744064832,91.0681199195,99.7001327547,98.6587538035,107.611072508	linear	0.2	44000
85159	0,1,2,3,4,5,6,7,8,9,10,11,12,13,14,15,16,17,18,19	-17.349927025,-19.9322965818,-9.43267401473,-3.73309325691,-5.96120246585,1.65171120276,2.0631736656,12.1033935436,11.2766501929,17.2570660548,15.8814898735,25.8821412486,24.5629748985,29.0206250768,34.3435733763,38.8074198645,42.13191147,44.9196792917,47.3166793095,53.7653007705	linear	0.2	44000
87646	0,1,2,3,4,5,6,7,8,9,10,11,12,13,14,15,16,17,18,19	-30.7139048746,-27.6591964243,-18.5959416492,-15.9549756844,-12.208118678,-5.68376335373,-1.90291054977,-4.75752566213,10.510935205,8.93366124856,16.8277828109,16.3844631955,16.9873543522,27.0091555168,27.410596107,27.8136972322,32.8046485644,36.2135417785,45.1781361227,45.6048017992	linear	0.2	44000
85138	0,1,2,3,4,5,6,7,8,9,10,11,12,13,14,15,16,17,18,19	-43.1203532398,-47.0226918767,-33.2900061082,-36.1393500591,-36.5769606059,-26.2906031624,-25.5167664721,-21.281430857,-20.4792289846,-5.23054011459,-0.892580132001,1.41486457796,-2.56284832451,1.81752279947,8.12832553061,10.8726717213,18.4015329791,26.6792416872,29.8821596207,27.6227381053	linear	0.2	44000
87976	0,1,2,3,4,5,6,7,8,9,10,11,12,13,14,15,16,17,18,19	56.8176481403,56.7387764621,62.7476284854,59.7044530431,70.0696094838,75.9089131587,82.0621140484,75.784493457,91.1258052331,87.7684114021,95.0059953779,101.531772906,102.039848132,102.955081433,104.554074067,108.759145839,116.200779854,116.936438172,123.867447488,133.706028308	linear	0.2	44000
87489	0,1,2,3,4,5,6,7,8,9,10,11,12,13,14,15,16,17,18,19	14.1660930668,9.56685073501,22.4039464674,17.2416337348,23.1402726707,26.0113678631,29.3400366508,42.0348779118,45.0960053437,46.403615,45.1904877678,55.2697740799,57.7358719793,60.2114811777,61.1770153416,63.4412117908,66.6566395157,72.8525650617,84.3439527336,79.9550867332	linear	0.2	44000
85656	0,1,2,3,4,5,6,7,8,9,10,11,12,13,14,15,16,17,18,19	54.9460859043,56.3982037393,55.9254824583,62.4069259322,66.7730491827,67.5456005656,81.0666122017,79.5564299907,80.083861225,85.1695358355,91.9050276378,97.5290150928,99.9764562577,103.027653637,103.352510353,114.11572846,118.930785614,126.239319099,126.230562701,132.575342984	linear	0.2	44000
85841	0,1,2,3,4,5,6,7,8,9,10,11,12,13,14,15,16,17,18,19	66.9633181722,65.3614199628,75.5533343644,77.6282263747,78.8874934233,87.7157822256,87.5396724341,98.7112479965,104.557413231,105.102538328,112.425956548,111.475638525,113.878590555,116.745832234,121.722507971,127.151995716,127.133222355,140.777761234,133.381829349,147.770660058	linear	0.2	44000
86837	0,1,2,3,4,5,6,7,8,9,10,11,12,13,14,15,16,17,18,19	-41.5394174549,-39.0579311587,-36.3864343407,-30.4410007141,-28.0330050065,-21.2313624514,-18.8676405652,-12.2602771151,-14.8325482009,-13.910287886,-6.17109468682,4.46898199617,7.79536568485,11.7429771359,14.4428466092,20.8575660348,20.1378702718,18.713077612,27.4175641588,28.5412861742	linear	0.2	44000
86126	0,1,2,3,4,5,6,7,8,9,10,11,12,13,14,15,16,17,18,19	80.1241515861,87.6160320069,93.6229527735,90.1457366796,92.7621997947,99.7735230427,102.71317254,109.63813513,106.023553709,113.225154841,120.790688575,121.914000766,124.550919767,131.339002251,137.396687121,143.769573013,149.633689293,144.264181358,152.1326933,157.531805846	linear	0.2	44000
85036	0,1,2,3,4,5,6,7,8,9,10,11,12,13,14,15,16,17,18,19	40.7416748132,51.0517936314,55.519506703,60.8056172938,64.0227011463,64.8390972814,63.7120184544,67.9294859328,74.4814499798,86.0953457899,88.812230667,85.8707176113,96.5196935974,97.2099247177,96.444096561,101.530620567,111.408122404,106.959699125,116.868725108,115.96060902	linear	0.2	44000
87581	0,1,2,3,4,5,6,7,8,9,10,11,12,13,14,15,16,17,18,19	0.647456974204,10.5045950025,8.35836679086,16.6872385117,15.9805850918,20.9187643433,26.4453242964,28.6487808253,37.6185841327,39.9398832743,39.0570702087,48.6062362861,53.9614137079,49.1482788218,62.6100653712,65.7380414547,68.5811339918,68.366254906,70.0971973764,76.2643041363	linear	0.2	44000
86371	0,1,2,3,4,5,6,7,8,9,10,11,12,13,14,15,16,17,18,19	35.5422659164,34.3627140888,41.2038258755,41.6166270312,49.0486093969,56.503282056,57.0363576212,59.7314542435,71.2767629242,75.3706964374,79.1615526539,80.4104228542,88.2676671325,89.8155357884,87.3140939276,100.195334822,93.7510921747,103.909370531,106.852105729,106.460497602	linear	0.2	44000
84499	0,1,2,3,4,5,6,7,8,9,10,11,12,13,14,15,16,17,18,19	47.4051819586,57.5667675635,60.6292906739,64.211841187,62.2450879265,73.9202161837,77.4870853417,71.0591574827,80.8393278765,83.3384866363,91.5732007593,97.6280241366,95.195092522,103.130331464,109.351959417,106.101316784,113.631791726,120.952569857,120.885072668,127.639942492	linear	0.2	44000
85395	0,1,2,3,4,5,6,7,8,9,10,11,12,13,14,15,16,17,18,19	-11.3202914473,-11.4475490044,0.400269070746,-1.58594781484,2.11449399626,0.744657161513,10.7193920922,8.65413326533,19.6865325473,19.2409313203,24.2480206808,33.4418328783,28.6322463959,35.7120612732,46.5892289504,45.7666295987,45.551865916,54.3672121927,62.5643593707,63.0470274642	linear	0.2	44000
87218	0,1,2,3,4,5,6,7,8,9,10,11,12,13,14,15,16,17,18,19	61.3636043393,60.5178810061,68.8168366438,70.0544599082,72.2582878851,79.7265396269,84.1509681219,87.5231582223,87.0603634128,92.5072475677,101.914946126,107.530554319,111.658188853,107.29221772,116.131294302,116.145719204,121.466162606,126.372486686,130.292451922,139.752915879	linear	0.2	44000
85621	0,1,2,3,4,5,6,7,8,9,10,11,12,13,14,15,16,17,18,19	70.6266446689,77.111393837,73.3943298235,81.8999997543,79.9125412218,84.9494016073,86.9237734971,102.341464591,105.203499544,99.04528991,106.224935612,111.053559705,113.170117427,123.034422166,123.241697737,133.680945946,135.31916298,133.936931068,144.046796532,139.470525398	linear	0.2	44000
85886	0,1,2,3,4,5,6,7,8,9,10,11,12,13,14,15,16,17,18,19	1.49557637906,-0.905826209971,7.32661170409,8.82613854567,16.181187821,18.7623978434,21.0323459882,20.4634991072,31.6622204597,35.2430714163,31.7379224013,39.6933378649,47.2594843902,46.167198999,54.365348886,51.8928065597,61.033167938,67.4253582168,68.080507632,77.093033302	linear	0.2	44000
86191	0,1,2,3,4,5,6,7,8,9,10,11,12,13,14,15,16,17,18,19	-40.2806696343,-39.4411103225,-37.3149812269,-27.3862243831,-31.0995791827,-27.1075481202,-21.9185778716,-13.5358733433,-12.6848760124,-8.92060397779,-6.94785207065,1.00595120024,5.22662793169,8.07886766933,14.3983887658,16.6405994411,22.6161834685,22.178777448,25.7245812094,33.5019740606	linear	0.2	44000
84806	0,1,2,3,4,5,6,7,8,9,10,11,12,13,14,15,16,17,18,19	10.4439922605,12.590815217,15.4699745818,27.6006493971,30.1136446247,36.2951837267,38.0087581676,42.2518102947,47.0899729733,53.0108069359,56.4314354596,58.2086634875,59.4846426221,62.8283621265,64.6781616456,68.7774827723,74.2231318764,85.3282711128,80.2118162403,90.5560904714	linear	0.2	44000
85376	0,1,2,3,4,5,6,7,8,9,10,11,12,13,14,15,16,17,18,19	3.9872762822,6.64979959475,6.96706435588,12.2948818436,18.5817409836,27.2857630532,26.0685308963,33.4849477773,39.7537532174,42.1757938298,43.5845179714,49.9784965961,56.6274791187,62.3230659061,56.7793936062,62.1058957358,71.6059723479,72.1711162027,72.9171184751,76.4486370845	linear	0.2	44000
87999	0,1,2,3,4,5,6,7,8,9,10,11,12,13,14,15,16,17,18,19	19.1098866542,19.2290794531,18.5621781339,25.8810571116,26.6413756566,32.9790918395,37.894711893,42.5048140769,46.2435859152,46.2853455765,49.5527400365,60.9077845355,62.2434718469,68.3884235244,75.6629064399,79.311385893,83.6144650841,76.588843757,86.1096578978,90.3535210454	linear	0.2	44000
87847	0,1,2,3,4,5,6,7,8,9,10,11,12,13,14,15,16,17,18,19	84.9461299865,92.1940608122,96.1362974811,95.9078447059,103.466093302,104.844706936,103.256555655,109.047760747,119.567520017,124.109325184,125.055340364,121.331741041,127.735795738,128.823144364,132.315572375,142.892359053,151.582110532,151.415342007,149.596300622,159.75023163	linear	0.2	44000
85700	0,1,2,3,4,5,6,7,8,9,10,11,12,13,14,15,16,17,18,19	-34.4172104425,-29.0973257707,-28.4119830597,-30.4303986909,-22.627469365,-22.5171205397,-9.2372868541,-7.87081926492,-9.59695654082,-5.1187095023,7.64851714968,8.73833537527,4.00780124697,15.470979936,21.8718852962,19.7182689871,26.2085175263,26.5750685526,37.9218485397,41.6064815795	linear	0.2	44000
84523	0,1,2,3,4,5,6,7,8,9,10,11,12,13,14,15,16,17,18,19	5.69975990774,7.69763309151,13.2869588124,14.3718889207,17.8936619608,24.9249515735,27.4558192677,39.5368032691,43.7334868308,45.0154984791,46.6528590223,52.1416783485,60.6052667697,56.9196679802,61.5482520627,63.2190834061,69.1766899845,78.5257698306,74.1345675963,78.2713701865	linear	0.2	44000
85314	0,1,2,3,4,5,6,7,8,9,10,11,12,13,14,15,16,17,18,19	0.316148735237,-2.87126034045,3.85306762779,16.1755312814,17.7006537575,22.4082590935,20.6600715802,26.5796305379,31.0489637044,32.6347326854,44.1289913286,41.273407337,49.4999280327,55.268663074,55.5995439813,52.8645997584,64.7322663629,67.1984907596,72.109785718,70.7170722646	linear	0.2	44000
84735	0,1,2,3,4,5,6,7,8,9,10,11,12,13,14,15,16,17,18,19	-43.5573420056,-44.3841325304,-33.3104947445,-37.650419336,-25.814728959,-22.3406020458,-25.4470648102,-19.1761182333,-15.4928375869,-11.4251838426,-8.52245384013,1.23937274877,-4.78325640875,8.01970173198,5.59354647617,13.4793179694,12.4156513109,18.0473530742,24.4241327369,25.8241644667	linear	0.2	44000
84949	0,1,2,3,4,5,6,7,8,9,10,11,12,13,14,15,16,17,18,19	50.695034794,48.0167176916,52.9505106281,64.6972815449,63.5921935234,75.0059896489,68.1391250543,77.6963971593,81.255076752,88.1006513177,94.5621565125,97.4734121189,102.164695344,99.7477589895,99.6094964398,114.440163374,115.760924829,116.540954125,118.949844557,119.485710818	linear	0.2	44000
86595	0,1,2,3,4,5,6,7,8,9,10,11,12,13,14,15,16,17,18,19	75.3542680832,76.2133792716,82.5067327886,85.5857458693,86.3868405722,94.9940683672,94.5132960297,105.346196635,108.702644619,111.154007126,110.774259557,118.066357636,117.375353711,129.038000533,131.264504947,134.033974539,132.846638469,142.443211893,150.448358395,144.226885099	linear	0.2	44000
87561	0,1,2,3,4,5,6,7,8,9,10,11,12,13,14,15,16,17,18,19	-50.2056706772,-47.2347543638,-43.9086395385,-44.5831180224,-32.4886070519,-39.6471839657,-35.3150949133,-28.7069593887,-24.7491078329,-19.4932195634,-11.3370008668,-13.7856969625,-3.55110278027,-3.18941286496,-3.89414317483,3.92182881087,13.0897259853,16.1168878387,21.2187573274,27.3591646363	linear	0.2	44000
86722	0,1,2,3,4,5,6,7,8,9,10,11,12,13,14,15,16,17,18,19	84.384501421,98.330353519,100.408078073,96.5324577213,110.111506039,103.50024296,111.97965098,114.936543124,119.218280216,126.873368161,130.428723314,135.319131518,133.967473302,137.251823699,144.451422497,151.029056231,157.166138244,155.480234895,156.986332995,169.445034331	linear	0.2	44000
86909	0,1,2,3,4,5,6,7,8,9,10,11,12,13,14,15,16,17,18,19	14.7259629889,15.7070754673,18.4083716253,26.2404917806,26.9843770396,25.3770313909,30.9962373851,37.0742516212,40.5491651862,50.4036513006,52.3874104145,49.469658744,55.7722233773,59.1171226608,69.4189333398,65.7406136354,72.202942302,77.3176037597,87.1809038067,88.8644021188	linear	0.2	44000
85153	0,1,2,3,4,5,6,7,8,9,10,11,12,13,14,15,16,17,18,19	-7.34723958481,2.20595819949,6.09532830154,9.55786585721,11.8619818346,18.0042688792,25.2416294916,24.4766487336,31.1573547031,37.696425282,39.301138255,40.5313252374,39.7928986545,49.259208507,53.2701791309,62.4072194504,64.8509820631,66.1088163041,72.3160875234,74.1093630607	linear	0.2	44000
85710	0,1,2,3,4,5,6,7,8,9,10,11,12,13,14,15,16,17,18,19	65.7235488226,65.6166336798,73.6645278928,72.9754912766,84.9424126363,84.2346388483,84.6793419496,95.0013341627,91.8066730864,97.0564681877,107.037623423,107.043140304,111.843784864,111.459296128,116.884764779,125.120400507,121.432949661,134.501721335,141.208505157,138.280168176	linear	0.2	44000
85109	0,1,2,3,4,5,6,7,8,9,10,11,12,13,14,15,16,17,18,19	73.4205989271,75.1451226174,83.0510536687,82.2599687413,82.9563268645,85.5908075232,91.3976715069,94.6659433447,104.180516039,104.458781337,107.160881114,117.555775494,116.041091521,126.108405887,121.923981981,130.243673761,136.199526892,135.948106833,142.652616284,150.261628883	linear	0.2	44000
86622	0,1,2,3,4,5,6,7,8,9,10,11,12,13,14,15,16,17,18,19	-51.3142104277,-39.600384172,-39.3335790926,-28.7590732254,-24.0273021049,-30.8863020673,-19.0442927807,-21.2769621622,-14.9026759336,-9.16790310797,-11.69763381,-3.76180739582,5.61998625859,11.6969964454,5.02171196194,10.9473679651,19.4299491379,25.6722498214,31.636544154,33.9539781943	linear	0.2	44000
84631	0,1,2,3,4,5,6,7,8,9,10,11,12,13,14,15,16,17,18,19	71.5415585963,72.1710702124,74.3092171716,77.9324202588,90.3862614274,86.6367276593,98.7790480585,105.013146899,102.300958631,106.389940298,117.004096955,111.320406272,120.937091919,125.047606012,125.907629169,130.893445952,134.980451016,139.632666865,146.221587485,151.267772981	linear	0.2	44000
87092	0,1,2,3,4,5,6,7,8,9,10,11,12,13,14,15,16,17,18,19	-16.3984008885,-5.69069772722,-5.87773555632,-1.97323749937,1.2113633286,7.15629698813,15.3309130339,16.7207887577,17.1672999363,25.7682097316,27.3130210793,30.2855749117,38.8234034593,39.469007583,47.936132949,43.3638744645,49.8472809933,56.1258144727,53.1106900823,58.6013406577	linear	0.2	44000
86950	0,1,2,3,4,5,6,7,8,9,10,11,12,13,14,15,16,17,18,19	84.111599941,93.3346440603,95.428673666,102.593350989,101.720960917,102.639178982,113.153633869,110.055636761,122.019926329,127.58874333,128.813326269,133.287695039,137.69437732,139.066854493,138.859527456,152.023909517,152.435861873,159.199016063,160.377898895,163.232495175	linear	0.2	44000
86037	0,1,2,3,4,5,6,7,8,9,10,11,12,13,14,15,16,17,18,19	39.741639109,40.4206716909,44.0968560125,41.6661248316,49.2196365551,58.3189516827,59.2246925335,60.4475799115,67.0256730447,72.4364573348,72.1630053802,78.3894988401,83.7786475036,89.4512760968,85.3289957781,99.0763486715,95.713727124,107.014517849,108.398409634,114.964786957	linear	0.2	44000
84673	0,1,2,3,4,5,6,7,8,9,10,11,12,13,14,15,16,17,18,19	52.2729292184,56.6662338495,59.8321538148,67.9720632236,64.8183635658,70.3270991238,79.0180781064,76.4704320527,80.4470225832,94.7250530958,89.5678718604,92.8229101779,105.927674133,109.369403464,107.88737713,117.03999244,112.572236588,124.294272362,131.950333444,129.218987602	linear	0.2	44000
86919	0,1,2,3,4,5,6,7,8,9,10,11,12,13,14,15,16,17,18,19	22.2426542775,27.8361575698,31.3902003725,34.9191870379,37.6356792594,50.9687089251,51.055762831,58.8048558674,54.2978460093,61.0980702202,65.5462484864,75.9326654852,71.8684661279,83.4391001286,89.2555335652,84.5211025009,96.1272719449,91.1913409759,99.8889823001,104.676533483	linear	0.2	44000
87517	0,1,2,3,4,5,6,7,8,9,10,11,12,13,14,15,16,17,18,19	-55.5699435302,-57.5701256326,-52.5837412361,-47.6893712669,-37.6919003856,-41.5766004492,-36.8153713476,-24.9203490776,-21.5613499448,-24.0755513283,-11.00453185,-9.22830277377,-4.23367188687,-0.381806832725,-5.14636233962,6.16369221239,10.851763802,16.2259443795,9.37586362378,21.7836260661	linear	0.2	44000
87672	0,1,2,3,4,5,6,7,8,9,10,11,12,13,14,15,16,17,18,19	-16.8100243707,-13.028559694,-3.88038767416,-5.58988861165,1.58486465741,5.71682644406,16.8290670988,19.1889699315,18.7831977618,18.9180433045,29.6796558675,29.030605722,33.6772918505,34.7930401119,42.7880641574,51.5999730416,46.5192037403,50.5104305209,53.9059817804,60.5240983996	linear	0.2	44000
84886	0,1,2,3,4,5,6,7,8,9,10,11,12,13,14,15,16,17,18,19	-46.750145361,-43.4982064177,-46.095322673,-41.6132963569,-29.4199049324,-31.5061594116,-27.4812603587,-27.4366895819,-22.564796083,-17.745470717,-8.59151499695,-7.041752593,-5.46394932519,1.56056844456,-0.0767169168735,11.6401991833,10.5250322924,10.8103837863,20.7331535622,19.3423190168	linear	0.2	44000
85312	0,1,2,3,4,5,6,7,8,9,10,11,12,13,14,15,16,17,18,19	47.2820899663,48.6119462125,59.1826270783,54.2924296242,61.5871553722,72.1990837664,70.4615305096,79.1765760938,84.30859792,80.4008343483,93.1066463796,87.9377691853,93.278177936,100.764352823,97.9407332449,106.740746283,113.18666767,117.315771893,114.72213644,128.981907333	linear	0.2	44000
86374	0,1,2,3,4,5,6,7,8,9,10,11,12,13,14,15,16,17,18,19	31.8048326984,33.6367339679,40.0722315981,42.3157118749,38.6420669338,45.0370945127,50.2806582766,51.4357671605,64.9440763147,61.434488815,67.3426189216,75.1786193858,69.919719502,80.3591411756,86.3606018243,82.7117025752,94.1422599308,90.622781649,97.6199640691,99.589731721	linear	0.2	44000
86357	0,1,2,3,4,5,6,7,8,9,10,11,12,13,14,15,16,17,18,19	46.821802138,54.7697791429,50.6768035834,58.4836240192,65.5224672233,63.6131575434,75.3847855313,70.850805586,83.0480497268,90.0953422762,87.0094190837,91.7564266625,102.018757135,99.1731641332,109.458508362,112.55358661,115.517412043,119.430551358,123.295176259,122.681505672	linear	0.2	44000
86137	0,1,2,3,4,5,6,7,8,9,10,11,12,13,14,15,16,17,18,19	-36.849214385,-35.0145947841,-31.7484268967,-33.0325058511,-28.3623823495,-19.7061043074,-14.0808904667,-16.8579240657,-14.996861936,-10.4186776972,3.97596256036,4.89619171941,9.13400033123,6.13279304549,9.20929716973,22.1510740989,26.1827966036,28.8870959744,34.1962717497,34.2857302969	linear	0.2	44000
87443	0,1,2,3,4,5,6,7,8,9,10,11,12,13,14,15,16,17,18,19	64.5185177917,61.7482935957,73.6553566599,70.8013923019,82.8624414103,82.6737840846,82.564945978,85.8550620243,94.5092001886,93.2703678911,99.3183008715,109.579937606,114.702656073,118.334643309,114.017335643,115.585316065,121.893533387,133.204063008,137.534052684,133.159535815	linear	0.2	44000
84514	0,1,2,3,4,5,6,7,8,9,10,11,12,13,14,15,16,17,18,19	-22.4170528348,-15.2765186017,-7.54129949418,-9.39767885605,-6.83088354382,0.569947562088,6.02500773681,6.56059624581,12.4304191012,18.7533922905,28.610503231,25.3703990696,25.3454199521,32.7683640018,42.7240168759,42.3141866654,53.0129090197,50.3849781947,49.6965075828,58.6216831412	linear	0.2	44000
84599	0,1,2,3,4,5,6,7,8,9,10,11,12,13,14,15,16,17,18,19	-47.5215647129,-37.5880120522,-32.2625009353,-33.046829223,-26.516255338,-20.1321035565,-16.2663585631,-11.9785985442,-8.15528964727,-9.37927121068,-6.79203086536,3.99994767093,6.00843809417,10.8326404703,10.7312606752,11.4756393129,21.9748647197,28.7478877016,25.9189751634,27.8191768451	linear	0.2	44000
85506	0,1,2,3,4,5,6,7,8,9,10,11,12,13,14,15,16,17,18,19	-16.5006255462,-7.82884900893,-4.03176305021,-5.9833784391,6.6425861585,3.2692902546,4.66403302492,14.8210353883,12.6256405201,18.9302827223,26.9716662439,30.1293935525,37.8414160848,40.488396408,46.76195569,42.4802413311,49.6994405184,57.3455832601,54.2098512215,66.761779765	linear	0.2	44000
87659	0,1,2,3,4,5,6,7,8,9,10,11,12,13,14,15,16,17,18,19	88.1596731015,91.4123516728,97.7643397608,94.940029355,103.599317961,106.03933484,106.004012292,114.686645636,122.895392233,118.001713545,122.262545682,134.487834075,134.436563775,134.657971445,139.080162047,146.643261402,155.464270965,156.343775676,155.252571328,166.358316692	linear	0.2	44000
85538	0,1,2,3,4,5,6,7,8,9,10,11,12,13,14,15,16,17,18,19	24.5931180111,33.9990402054,34.2154292262,42.9929630821,40.9568557234,42.3978637949,48.0157399672,50.8876767072,58.6601644389,64.0340782616,71.3550735632,69.7242875134,69.5605708227,76.7022505133,79.9176621547,91.381346785,91.5544146551,90.2589513224,92.9533178821,108.38420434	linear	0.2	44000
85707	0,1,2,3,4,5,6,7,8,9,10,11,12,13,14,15,16,17,18,19	58.1338007433,61.6453603478,62.968811123,66.0481734417,64.5068085184,77.6737279323,72.0111024957,81.3733391368,85.9444838162,89.9635604285,89.3595262094,93.3817953395,95.1475604229,105.884774381,111.311639279,106.911113052,115.700734535,117.277168206,121.303572272,130.041070584	linear	0.2	44000
87015	0,1,2,3,4,5,6,7,8,9,10,11,12,13,14,15,16,17,18,19	47.9442583772,56.1596877005,55.6156250613,60.3263450494,60.2528164531,61.0255753972,75.2698678804,77.5516316901,79.5827999861,87.0086300468,90.9691366259,93.1357094229,88.6390397464,97.9920392778,105.485448219,100.679250235,112.548102284,109.120959228,118.697601994,124.226422425	linear	0.2	44000
87061	0,1,2,3,4,5,6,7,8,9,10,11,12,13,14,15,16,17,18,19	-40.304683192,-42.0239574543,-39.689392628,-27.2541989581,-32.0936764873,-26.4770807801,-23.7053923842,-10.5074801193,-15.8695866209,-10.5861018711,0.610810788367,-1.07669818911,1.92525010271,8.37410118842,15.3958105517,21.0400297157,21.7110969908,20.7374488839,32.5776274973,31.4441336337	linear	0.2	44000
85035	0,1,2,3,4,5,6,7,8,9,10,11,12,13,14,15,16,17,18,19	-33.530862378,-24.9289052258,-17.4202023539,-16.2517935037,-10.0221619806,-4.73199552974,-7.75559639801,4.29370625691,9.44199407859,8.4881669235,7.72620143017,10.4709026718,25.4152160003,18.6028477464,33.559591594,26.5465627773,36.5620735781,44.2052381977,40.6844421411,46.1569033009	linear	0.2	44000
87326	0,1,2,3,4,5,6,7,8,9,10,11,12,13,14,15,16,17,18,19	-23.8396583642,-17.7512401188,-17.3922336852,-13.4392815737,-3.5714200763,-3.06017072516,4.86944593125,3.24310623032,14.7035023085,21.2257345669,13.9878863309,21.5690962138,28.8861072772,33.9379488725,35.6970465821,35.8035228415,49.0249140539,42.2530408953,55.0454474499,52.9559407163	linear	0.2	44000
84316	0,1,2,3,4,5,6,7,8,9,10,11,12,13,14,15,16,17,18,19	52.5276082177,53.5039509498,56.065791834,68.2092781383,67.1230391742,68.655507828,78.9642407426,85.1390401175,81.6746710271,88.7032406633,90.8785506414,99.5739741258,99.4825631172,108.419859319,104.419333065,116.051099441,118.309357172,118.579007027,119.581861556,132.933652662	linear	0.2	44000
86038	0,1,2,3,4,5,6,7,8,9,10,11,12,13,14,15,16,17,18,19	-22.769608903,-15.3690329296,-20.4974844365,-11.0504667344,-10.6234742699,-3.12335172984,4.04573106802,6.60534824685,6.27831599554,13.6607348587,12.4698292236,20.732934112,28.9939620327,22.8462897818,32.8585073346,36.3929917592,43.6724575608,41.60370906,49.9613334491,58.004952299	linear	0.2	44000
87556	0,1,2,3,4,5,6,7,8,9,10,11,12,13,14,15,16,17,18,19	10.408103703,8.78890374036,13.5157473852,12.8150038263,23.6499232621,25.9178242896,31.636850894,36.6731864808,39.5097534775,40.0785924024,44.6283037559,46.420114103,56.1175157947,54.0971542686,59.3743933985,63.829478429,71.010974323,73.0053541407,80.5213948353,85.6513021439	linear	0.2	44000
85914	0,1,2,3,4,5,6,7,8,9,10,11,12,13,14,15,16,17,18,19	-25.719741199,-27.1644607557,-17.9594984622,-13.3018976427,-6.34679578344,-2.53464980025,-9.31911182333,-2.58558507579,3.17040657427,5.76351223551,11.749498731,19.488481143,24.5459861617,27.0785975158,33.4040015035,32.5005907043,32.2488308041,35.9505943918,41.3018804104,48.4577635504	linear	0.2	44000
85848	0,1,2,3,4,5,6,7,8,9,10,11,12,13,14,15,16,17,18,19	79.8226893028,83.253998666,83.118323907,84.1522918565,96.5945945875,100.899258244,94.6711796026,107.5817494,111.30328166,111.304362576,114.581797882,124.262001286,129.408951239,132.943945879,129.367936288,130.213225674,140.254722315,140.121960404,150.449603097,147.920341508	linear	0.2	44000
86511	0,1,2,3,4,5,6,7,8,9,10,11,12,13,14,15,16,17,18,19	-58.1172453304,-52.4547586881,-54.0382813063,-52.4836322195,-39.8560587083,-42.604930076,-38.7043301345,-29.0283904686,-30.8988570654,-22.3441897356,-16.3211901109,-13.0543107709,-6.31460103623,-14.1384620656,-3.02664223849,3.5684629473,8.03922016528,12.582920279,17.4866025667,20.4026679216	linear	0.2	44000
85199	0,1,2,3,4,5,6,7,8,9,10,11,12,13,14,15,16,17,18,19	70.356991553,73.5556948283,67.3708581999,72.0210850247,75.2753518891,79.7926647925,84.0614310362,88.0962095933,97.7594927026,95.5048461882,103.983833087,113.050672666,106.983136754,119.899998919,122.818674995,123.357118475,126.595455376,130.110604773,132.422324557,143.753733023	linear	0.2	44000
85167	0,1,2,3,4,5,6,7,8,9,10,11,12,13,14,15,16,17,18,19	14.993813118,22.35705704,25.1052812841,25.1218179353,34.8480675503,32.5996182154,38.3180714034,48.2352055517,55.0146970202,57.3330577058,62.7915108784,56.3705145651,60.5421455595,64.8798284405,74.6771079675,82.2812928965,87.5619397869,85.621222869,91.2044781457,93.6444251138	linear	0.2	44000
84551	0,1,2,3,4,5,6,7,8,9,10,11,12,13,14,15,16,17,18,19	5.23856913732,16.5415901559,20.9883529568,18.2611580594,23.9824067423,25.7261921101,39.4960111181,38.696992577,43.7591910577,51.8927171094,50.9753338434,55.5203550889,61.631395504,65.3775601905,61.0324670349,69.4006839776,75.2056448911,76.1022839597,82.1264476751,90.5643835205	linear	0.2	44000
85426	0,1,2,3,4,5,6,7,8,9,10,11,12,13,14,15,16,17,18,19	-51.5218832966,-39.7139032916,-45.1134587875,-42.2284526518,-29.5373665157,-29.6152925497,-22.7984383155,-15.8982747341,-18.1459345941,-11.1022123373,-14.8320937426,-1.86934654332,3.57775927923,8.0640064239,9.96795588488,7.0317325986,14.9036692168,15.03655599,22.0247089477,26.1329862751	linear	0.2	44000
85015	0,1,2,3,4,5,6,7,8,9,10,11,12,13,14,15,16,17,18,19	70.6670630245,73.6472460426,83.0925601271,85.346502482,94.8268040199,93.7580764102,102.075010998,104.850111261,108.831659309,108.595025233,108.10186464,118.429158069,118.288450027,125.226500041,128.721153954,130.472672817,137.204342029,139.633725684,148.318135412,148.384425492	linear	0.2	44000
85795	0,1,2,3,4,5,6,7,8,9,10,11,12,13,14,15,16,17,18,19	-37.9332438972,-36.1869067686,-30.3587018588,-34.4111071772,-21.283190862,-27.8456433168,-18.8100667443,-14.9925490562,-7.80315499119,-6.09512634041,-5.00206479711,-3.32373357599,9.72047420021,3.00861083302,10.2263905542,14.4606184455,23.7772717098,26.2493750112,30.9518583144,36.2201943546	linear	0.2	44000
84319	0,1,2,3,4,5,6,7,8,9,10,11,12,13,14,15,16,17,18,19	-10.4118699122,-15.6003783033,-11.6208319337,-5.10229867847,6.25097115249,4.06877211851,7.3472811999,8.27098257938,14.532447226,23.4607601475,26.5319767742,35.1062781251,35.6959163814,40.4737953298,39.0651024329,46.975588312,45.3676127877,48.4819173042,60.2644728693,59.5202644572	linear	0.2	44000
87727	0,1,2,3,4,5,6,7,8,9,10,11,12,13,14,15,16,17,18,19	1.26998262963,-0.203923977516,5.27185752057,13.1269375938,16.8035728862,15.2361671561,24.3465379703,22.3253307455,27.1373668065,37.1442357758,35.4554542305,46.8000295815,49.051660141,53.0546683749,53.1675196217,59.9657746226,68.4947864037,72.1113568317,65.932237994,77.7014217677	linear	0.2	44000
86215	0,1,2,3,4,5,6,7,8,9,10,11,12,13,14,15,16,17,18,19	-19.0508211402,-17.5006578543,-18.6676776158,-7.43869452114,-7.18683361057,1.06290988848,-0.170592301527,8.27628249735,9.99301557095,10.5979810237,11.3928367641,25.0233797566,28.2276214301,31.5314477149,37.2903134,38.4559585997,45.6589536738,39.7329065949,45.8535023867,50.2862628505	linear	0.2	44000
87919	0,1,2,3,4,5,6,7,8,9,10,11,12,13,14,15,16,17,18,19	-14.0359189708,-8.43385721178,-7.12739032277,7.2778649665,0.728787540616,11.5812821717,15.7241911854,12.7659484199,24.96468121,26.7257838991,28.6377591083,29.3603085535,36.8813794455,37.9727387473,49.2376315864,48.7224108344,52.1079446425,61.0074975422,60.1012506299,65.8566664822	linear	0.2	44000
84073	0,1,2,3,4,5,6,7,8,9,10,11,12,13,14,15,16,17,18,19	-48.4745948769,-36.3034877258,-34.8470816137,-36.7588185924,-24.4322450243,-26.5933369427,-20.6067051482,-15.8383160128,-16.2256381881,-7.72080414469,-9.27689621375,-4.82994105725,3.53103026357,2.96685837051,12.3884848511,21.7465647482,20.9514083457,24.0041214724,32.0448401948,27.2689395658	linear	0.2	44000
86960	0,1,2,3,4,5,6,7,8,9,10,11,12,13,14,15,16,17,18,19	60.8199338102,68.8963204038,76.8014383562,78.2201337153,77.2649465011,82.2931457992,89.0127217158,89.5936270346,93.3240707228,103.27971113,100.944295103,105.658091194,112.15966689,113.43268745,126.912887012,129.062647176,130.683099521,135.822911901,136.164820643,138.060851269	linear	0.2	44000
84568	0,1,2,3,4,5,6,7,8,9,10,11,12,13,14,15,16,17,18,19	-7.41128337578,-1.87389141152,1.65891027615,0.500049104719,9.70540628593,11.9268883744,20.9203400681,17.965153865,19.969360694,33.4739438214,37.848247559,38.240433494,35.0580863896,44.6110078421,49.0985177893,56.999217181,58.5788104866,56.0338201666,63.7103443533,63.3667231067	linear	0.2	44000
86962	0,1,2,3,4,5,6,7,8,9,10,11,12,13,14,15,16,17,18,19	-45.796776445,-52.6699169002,-39.5142416686,-35.331723122,-32.3237613557,-34.1179135557,-29.4070294784,-24.8937101656,-18.4179283433,-13.363440424,-5.82229017924,-10.057685692,-7.27865502606,2.09515409181,8.36158547383,8.09263534691,7.07491099762,19.3890260469,20.9267813898,30.0980473605	linear	0.2	44000
86996	0,1,2,3,4,5,6,7,8,9,10,11,12,13,14,15,16,17,18,19	66.7730236674,80.1187550199,83.5080181769,78.9855820503,88.5657612801,91.0615415823,91.9209734484,97.8668603151,99.2307094309,104.940095844,113.179890791,115.215576624,121.424317609,127.089342135,125.569205431,129.04114673,139.077482566,135.607807999,142.349612864,144.682616269	linear	0.2	44000
87634	0,1,2,3,4,5,6,7,8,9,10,11,12,13,14,15,16,17,18,19	-5.38807166866,-0.0176771686109,-0.0862037649043,8.71760256103,11.0493092881,14.2949917859,24.6840894346,26.0972094733,29.5642339652,33.6656829296,37.6714275029,37.474640995,41.9895703345,41.8296987385,52.9542592044,52.3448139903,57.9785680272,59.4981930168,62.8251544418,67.2236255759	linear	0.2	44000
87888	0,1,2,3,4,5,6,7,8,9,10,11,12,13,14,15,16,17,18,19	81.8710005642,78.8348970447,86.3297628552,88.4827687072,87.0600417835,92.303983069,105.686982782,99.0414700724,114.265890542,116.134146497,121.88649381,115.018713227,130.348021528,127.788336876,134.989886428,133.003058093,138.912098276,150.431428377,143.933897888,149.123940923	linear	0.2	44000
85403	0,1,2,3,4,5,6,7,8,9,10,11,12,13,14,15,16,17,18,19	61.0242516012,68.5361439461,73.9907299447,81.8127293201,80.5517416456,90.048788414,85.3343909795,93.1013776566,91.9450902404,97.8740175261,100.441455438,113.592130378,113.930304685,119.292458595,115.153539048,120.121809406,131.917476431,134.420008735,139.804092706,146.35043266	linear	0.2	44000
87937	0,1,2,3,4,5,6,7,8,9,10,11,12,13,14,15,16,17,18,19	9.92074570282,10.5705167813,17.4616871449,15.6797398908,28.3543793432,28.7720380733,37.3228208935,31.1537641742,45.9217057639,48.0525184538,53.7679852701,58.6188185295,51.5236140506,59.0562500278,59.4200468031,67.0847843434,69.9011701998,82.2311054689,81.4464680276,88.9180067917	linear	0.2	44000
87580	0,1,2,3,4,5,6,7,8,9,10,11,12,13,14,15,16,17,18,19	34.2204790863,32.155493498,37.7401883408,42.7338967885,54.2202031716,58.680910522,62.1876235367,57.1562956468,71.5130780025,74.9765677045,69.9284021787,79.0432623601,79.9901552777,81.3029901304,84.8896214853,92.2727877562,100.883871626,106.779376566,106.845930228,111.371865079	linear	0.2	44000
84355	0,1,2,3,4,5,6,7,8,9,10,11,12,13,14,15,16,17,18,19	-19.3283210926,-19.5906741656,-7.59418308911,-4.52303160023,-0.457274094346,-4.77739939164,2.1730148219,8.73049843605,8.88346883146,19.6692223748,25.6447792302,22.158478196,32.031760246,26.1908533821,41.9204983169,34.5135542761,47.9731136812,48.0201320794,56.0519237344,58.3173447149	linear	0.2	44000
84822	0,1,2,3,4,5,6,7,8,9,10,11,12,13,14,15,16,17,18,19	53.774758552,59.0400963042,67.288335305,70.1503737368,70.5416097005,75.6498555671,86.0036692745,88.4757667523,92.2637828212,89.3392377414,96.9119299551,101.707351854,102.656216344,107.170198112,116.577772108,111.701953822,126.397217968,127.125641832,128.643049347,134.128223	linear	0.2	44000
84797	0,1,2,3,4,5,6,7,8,9,10,11,12,13,14,15,16,17,18,19	-36.1340845111,-22.2951277447,-20.7983926897,-23.0420666075,-15.8575536396,-13.7448057684,-1.83512146417,-8.49157944974,4.16318468239,8.88605727747,13.0793569895,12.1980768247,12.5871040076,25.8841223046,19.6560828522,31.3822676325,27.5912993225,39.2678988375,44.1367626837,42.1299410427	linear	0.2	44000
84711	0,1,2,3,4,5,6,7,8,9,10,11,12,13,14,15,16,17,18,19	-20.8956415334,-15.9289107392,-16.5629187534,-11.7804263427,-3.07052612664,-2.48257098903,5.13436226031,5.68404618731,3.63136226982,15.9020189661,11.8776503261,22.8272712714,26.3647181385,29.4899472381,37.2730321947,42.3547809279,44.1182803251,42.7637988246,51.8803402214,51.9222737694	linear	0.2	44000
84964	0,1,2,3,4,5,6,7,8,9,10,11,12,13,14,15,16,17,18,19	-51.4909890249,-54.7676501729,-44.7283464431,-47.4868459275,-42.677766929,-38.3798904821,-32.11091044,-24.4667756281,-21.7236650805,-18.5480833712,-12.3339198744,-9.89135202804,-11.2574933645,-7.58595246142,-4.2626413725,8.66322260043,7.57244236266,9.52040837567,21.7067381527,23.1895842961	linear	0.2	44000
86688	0,1,2,3,4,5,6,7,8,9,10,11,12,13,14,15,16,17,18,19	6.97175062315,1.42356794097,10.4833245126,13.2317152736,20.2897630761,16.5066508671,29.6927159532,34.2448945634,30.0011185758,41.6618915199,43.2327866151,47.8565994456,52.2458157531,51.8627813405,55.791690733,61.956877363,63.5300134868,71.2558177729,73.8102608994,75.6937370173	linear	0.2	44000
84236	0,1,2,3,4,5,6,7,8,9,10,11,12,13,14,15,16,17,18,19	82.501118078,96.955171549,91.9380214599,104.021235957,105.142589438,108.44445855,117.159067607,120.547702639,115.969263551,118.199547335,129.446552849,129.082986129,138.044105081,143.13313263,142.810619333,148.081689646,154.240102908,160.553278925,158.083135282,165.149503716	linear	0.2	44000
87998	0,1,2,3,4,5,6,7,8,9,10,11,12,13,14,15,16,17,18,19	45.7988471412,55.5121566302,57.8960559828,55.9323440504,68.257778113,72.3018180031,71.3561837303,77.068550346,86.2085911798,82.1948828661,87.2040002135,96.9944466632,99.5694822639,101.619873513,100.263532529,107.021598354,108.296634402,112.208305835,121.731164916,122.144256539	linear	0.2	44000
86582	0,1,2,3,4,5,6,7,8,9,10,11,12,13,14,15,16,17,18,19	-18.7090766232,-16.0466489287,-19.9961920666,-6.58691559458,-11.6458950922,-6.79632048812,-2.94938796294,8.213123875,4.67213777406,13.764019613,15.5732394173,21.4639107938,24.0264302858,29.0185210156,34.4529792335,31.119148348,37.2394500341,45.6721925248,46.8499423997,56.7112695002	linear	0.2	44000
86959	0,1,2,3,4,5,6,7,8,9,10,11,12,13,14,15,16,17,18,19	-13.6929495618,0.0912658577994,2.675673476,7.98229787425,2.36778642401,15.5864495947,14.2275324457,18.9741312349,28.3686568219,21.1426259654,33.3712881295,33.3391043373,40.354802794,40.5816512276,41.4735022989,47.7566877085,55.7905949673,53.3723633373,64.564478464,67.6219903367	linear	0.2	44000
87535	0,1,2,3,4,5,6,7,8,9,10,11,12,13,14,15,16,17,18,19	-52.114213304,-46.2222201345,-46.0572044298,-46.7151856247,-38.6925505727,-39.4353058974,-36.1510068712,-32.298543705,-27.9006509211,-18.5854913463,-10.8778665955,-12.3331177932,-1.55129151609,-5.37972894923,5.34255258602,2.00286771805,6.13594479079,9.25371042773,19.1447244154,22.2664627071	linear	0.2	44000
85453	0,1,2,3,4,5,6,7,8,9,10,11,12,13,14,15,16,17,18,19	-19.7292178356,-17.7990970965,-15.4295662349,-7.87900697603,-8.45815494319,-3.61423878103,4.32643179377,6.36487022207,10.1085790025,6.63120382619,15.7700868355,23.3052945975,20.8013526734,30.9493634585,30.8748998326,41.7879311787,35.5073998699,46.9033323147,42.5615482846,57.5227438822	linear	0.2	44000
86616	0,1,2,3,4,5,6,7,8,9,10,11,12,13,14,15,16,17,18,19	5.10033592932,7.07430030747,10.0622806293,11.6663188775,11.7416713234,22.0197691281,21.4918922304,28.1955589841,35.9373271471,33.23923516,38.7314703115,40.062890297,43.581364082,52.3840139122,60.99555139,61.76422514,58.9983148529,64.8647294418,73.0775733716,72.097506369	linear	0.2	44000
85439	0,1,2,3,4,5,6,7,8,9,10,11,12,13,14,15,16,17,18,19	-46.7849549995,-44.9972176244,-48.5596744692,-38.6721164149,-32.2439040474,-26.6552898152,-28.074028264,-27.3591100057,-19.2866110447,-21.6730376553,-11.1327008362,-8.03312359716,-8.40848145181,0.783275002973,4.17373325215,8.61442250185,16.6061497888,9.85226353503,21.3744587895,27.9796540863	linear	0.2	44000
86581	0,1,2,3,4,5,6,7,8,9,10,11,12,13,14,15,16,17,18,19	-56.5530177131,-53.5310276548,-52.4085260952,-43.0815438543,-35.799805844,-37.0634404275,-35.3792022794,-24.3878279899,-19.7153829208,-24.2275089635,-12.7160019426,-8.34539016041,-7.08242872489,-7.12128675771,5.62583932641,3.4792296605,11.9321167932,9.53165165529,15.9477698257,19.7486157938	linear	0.2	44000
85992	0,1,2,3,4,5,6,7,8,9,10,11,12,13,14,15,16,17,18,19	-43.1597390994,-27.7313351031,-34.0584896877,-30.3090185878,-23.123442441,-22.2492559573,-17.2102143673,-12.1326007843,-10.2981640391,2.55127745134,4.83515177228,7.19998243119,7.07733969582,13.5517913506,24.1416270292,20.5526216686,26.5020311559,31.3895221282,39.1580711476,35.6980182514	linear	0.2	44000
85116	0,1,2,3,4,5,6,7,8,9,10,11,12,13,14,15,16,17,18,19	81.3826992948,92.2329416096,93.1811547292,89.5127645624,98.9909660457,106.115680916,105.465646977,109.161481927,113.993845032,119.00821085,118.411699103,127.064086523,127.494027074,137.326718985,139.193308892,145.574053444,141.93727946,151.089185143,157.215194686,161.930108314	linear	0.2	44000
87257	0,1,2,3,4,5,6,7,8,9,10,11,12,13,14,15,16,17,18,19	24.3984504849,29.2691916134,33.4259449849,35.2838288729,46.7206179374,53.8723993645,53.7654198457,54.7926021164,57.7433122519,64.9296670457,67.396569225,75.1083552314,71.9391657221,82.2986570289,89.1067441968,82.5351859793,92.4886924594,96.9408413315,99.1715471919,107.613227613	linear	0.2	44000
85089	0,1,2,3,4,5,6,7,8,9,10,11,12,13,14,15,16,17,18,19	-12.7750593717,-8.76499514396,-4.09547773523,3.42951727942,-0.943911217929,6.30791817815,4.15698991217,11.7478386476,17.4668189806,20.2418836214,25.9010499641,27.3354429223,31.9033925583,37.0572166795,39.346692882,41.7168273011,52.6455012738,59.3947301612,62.7467720618,57.3176890643	linear	0.2	44000
87991	0,1,2,3,4,5,6,7,8,9,10,11,12,13,14,15,16,17,18,19	-4.46607575557,-8.03882972367,4.8916092587,-0.967577405674,10.368784611,16.0940686767,19.4699309818,16.0109777804,25.279767951,24.0811360477,34.7222824806,42.0361201354,46.059084653,46.8814794975,46.8405592143,52.1652824738,54.7728815836,64.8257131682,69.421369502,65.1409484584	linear	0.2	44000
84708	0,1,2,3,4,5,6,7,8,9,10,11,12,13,14,15,16,17,18,19	-55.32854862,-53.9845686664,-44.2767896154,-47.1140027772,-42.6414710956,-33.4683512956,-33.3212791692,-23.5031586621,-23.203203282,-20.0273750721,-13.8824412132,-16.569052437,-14.3851104418,-5.42513205143,-3.38092999795,2.86686427939,5.04568573285,13.5052320017,8.80521903623,21.2776333911	linear	0.2	44000
86761	0,1,2,3,4,5,6,7,8,9,10,11,12,13,14,15,16,17,18,19	13.1416975146,15.0909931921,16.997334809,28.8733234905,23.8217611518,31.6651427463,40.7909897036,36.1309411963,50.8013551275,52.6962037324,57.3216282931,60.5781185653,67.0058219084,65.317212424,71.8512456883,78.4389195024,78.6422105768,87.3717729033,87.6129464997,86.8477587209	linear	0.2	44000
86457	0,1,2,3,4,5,6,7,8,9,10,11,12,13,14,15,16,17,18,19	-32.026129639,-36.3887949639,-29.9506484087,-22.9325704129,-22.6494650253,-11.9159814535,-14.7757494393,-6.44529779817,-0.400626011482,-6.24718702159,-2.14909076949,9.91961394944,5.90217344532,20.5479037461,13.4625859813,24.9538438344,27.7258189187,33.1359512708,39.6480430322,38.2327230032	linear	0.2	44000
85678	0,1,2,3,4,5,6,7,8,9,10,11,12,13,14,15,16,17,18,19	62.4257370626,63.5904227269,65.1824519889,75.0358624108,73.8557788262,79.1736916313,83.6227837768,95.4630055188,96.6592062142,100.338262143,97.6228676799,100.015364715,105.37011248,109.94640726,113.314537798,117.068645169,119.964774028,132.400489776,138.188715951,139.095644711	linear	0.2	44000
85941	0,1,2,3,4,5,6,7,8,9,10,11,12,13,14,15,16,17,18,19	-5.99625195266,-2.09325938424,-5.85512740022,7.46819866808,6.5807527878,12.2775616632,16.7169459116,14.6646516018,16.3511486847,23.2195189439,27.135365274,35.909855591,41.2570913003,45.1859507668,42.1571739915,52.4341814757,51.4469905043,60.6136593735,67.1116836755,71.3709033122	linear	0.2	44000
85574	0,1,2,3,4,5,6,7,8,9,10,11,12,13,14,15,16,17,18,19	24.0502096257,26.999654286,36.0493694728,36.4262096934,39.4815090551,44.0635556092,43.1310423377,55.5980790846,52.6861048839,63.694937127,66.8774257756,63.0601245516,76.099346375,74.3501433216,84.6342978583,87.5304701611,91.7252202059,96.2410078192,101.172139297,93.3227999321	linear	0.2	44000
87631	0,1,2,3,4,5,6,7,8,9,10,11,12,13,14,15,16,17,18,19	-31.6401999267,-24.1860249721,-24.6785862943,-24.1532589034,-16.8768187469,-14.7244242574,-5.97201604052,-6.79369692258,-6.1538055597,3.30014963941,11.5747373969,7.30273881226,9.27309443135,24.1978110947,22.3542499926,27.9729893612,31.024714496,36.4562342567,38.5257866849,46.9667023439	linear	0.2	44000
84006	0,1,2,3,4,5,6,7,8,9,10,11,12,13,14,15,16,17,18,19	62.5041932389,77.382910796,77.9521559348,83.418183908,80.5471700783,91.4462476344,87.8327657349,92.7356549478,97.4824802744,104.326655751,105.891544459,111.282357683,113.649241701,115.227640716,129.799684042,128.528448371,134.43861074,134.472499678,145.067094835,148.994710572	linear	0.2	44000
87490	0,1,2,3,4,5,6,7,8,9,10,11,12,13,14,15,16,17,18,19	25.0841118297,30.6884995309,30.3764899322,38.5498593451,31.6884072607,46.8226823934,44.8323606606,52.5442405085,50.2875522831,62.9903272519,60.9456360056,67.4769886787,63.2702755538,73.8247432474,78.9244420181,82.4409188888,79.9173798989,84.9302007799,96.3542457607,102.462952742	linear	0.2	44000
84047	0,1,2,3,4,5,6,7,8,9,10,11,12,13,14,15,16,17,18,19	-12.5491184305,-6.68775353585,3.29481892916,4.52151321915,12.5421779834,16.3335335482,15.5995686584,25.6335137757,22.9556045087,31.6995247382,31.3615895314,38.2956466384,34.453033196,50.0380584735,45.7251362356,52.8719089677,56.0423758957,64.4901894979,67.3516977437,63.8173838215	linear	0.2	44000
85479	0,1,2,3,4,5,6,7,8,9,10,11,12,13,14,15,16,17,18,19	9.5749729702,17.0391484197,15.8082933507,20.407965796,20.9347678076,27.3383450845,36.9041051181,41.1988689582,45.8773330279,48.5700542262,43.5303030531,49.3898149838,61.5211460534,56.9018682869,69.5383872575,71.0920174916,76.5547994942,75.6666305661,80.428663055,83.1086749363	linear	0.2	44000
85241	0,1,2,3,4,5,6,7,8,9,10,11,12,13,14,15,16,17,18,19	-43.7810100646,-39.0131920377,-34.1854890595,-25.93522993,-27.5887593616,-25.2850228353,-19.4370629574,-16.3886150822,-6.5584255034,-9.47359609524,1.54556987571,-3.37888084477,1.32143181296,7.73406048072,18.2544587267,17.7586654842,21.129580341,30.8797156293,28.979036055,35.8995905583	linear	0.2	44000
84724	0,1,2,3,4,5,6,7,8,9,10,11,12,13,14,15,16,17,18,19	80.7937033333,79.9389071,84.0610813544,86.269891783,90.3303412777,100.162801741,101.426366307,101.9822918,107.896898081,116.816071901,112.264492113,115.825260189,120.57927491,129.341484439,132.749472848,130.664321178,142.712884768,148.179974155,148.307012785,148.695458069	linear	0.2	44000
87097	0,1,2,3,4,5,6,7,8,9,10,11,12,13,14,15,16,17,18,19	11.7900203583,15.026411149,13.4638538975,28.5756708785,27.2098319733,35.2756968675,38.1135293177,43.9956836172,48.8730643619,46.8793520274,45.0994619652,52.443939976,56.3674166815,63.5808237799,66.2920370278,65.9822483563,74.2040611196,80.2938235025,83.2422799677,86.6283706818	linear	0.2	44000
85993	0,1,2,3,4,5,6,7,8,9,10,11,12,13,14,15,16,17,18,19	-26.319061162,-16.0464848182,-15.0369662406,-16.4998733356,-15.5248252257,-8.86581943448,-0.204306531083,-1.9857266773,8.85645933867,10.9818836394,16.1157974787,17.3642556317,18.0191058163,30.1984564509,31.5470225347,30.9169032802,43.9512999312,42.6992222242,44.4241542431,45.3583717803	linear	0.2	44000
85163	0,1,2,3,4,5,6,7,8,9,10,11,12,13,14,15,16,17,18,19	53.6622256006,63.885294762,59.5573631469,70.6684789061,64.8817429679,76.4121589442,81.3214419934,83.0149205593,92.0557367042,90.0947974693,89.4646254821,99.8281616502,101.25458895,105.350138811,108.008475877,110.236118051,119.542979798,121.839982624,128.599336778,126.351324106	linear	0.2	44000
87878	0,1,2,3,4,5,6,7,8,9,10,11,12,13,14,15,16,17,18,19	-23.4614993418,-19.4762535361,-25.1657019655,-16.9771258213,-7.63638514082,-3.96637029851,-4.53041708523,-6.98193500005,5.88356112333,8.38501284391,16.0587465528,10.8486926863,19.2122958296,18.4774044592,25.2999487943,31.4291750118,37.2487352108,37.8660997598,40.8853550243,43.7042983899	linear	0.2	44000
85560	0,1,2,3,4,5,6,7,8,9,10,11,12,13,14,15,16,17,18,19	32.7306430324,29.5170130545,33.616693048,47.5242333842,43.5281021061,48.8863510335,54.5725783084,61.4880415414,60.8890561312,63.4037752838,70.2907406915,69.6443027472,77.4127810277,84.076295709,87.5167489185,91.9740438647,96.7839733165,102.85361029,99.7586247044,107.697733929	linear	0.2	44000
86219	0,1,2,3,4,5,6,7,8,9,10,11,12,13,14,15,16,17,18,19	-14.9361524524,-12.7774659387,-5.54704982696,-3.93613829998,0.704083382604,7.30166183265,12.1591971577,18.85881131,15.3020646716,26.8781777444,26.6991851489,26.3086695414,33.2127429698,42.0220126514,42.8793189423,48.6659850698,56.077849375,52.0073999247,62.147914867,67.9177404736	linear	0.2	44000
87993	0,1,2,3,4,5,6,7,8,9,10,11,12,13,14,15,16,17,18,19	25.1931848298,34.8171455778,44.1908874994,41.634172525,44.2757278412,52.5557871848,52.6105825138,54.0841778617,63.3298758345,65.3187647406,67.3397784865,78.9413079609,74.1975261658,78.153497809,87.0758246321,95.5847207153,99.6894629674,102.630654486,98.1697556871,107.529173233	linear	0.2	44000
87117	0,1,2,3,4,5,6,7,8,9,10,11,12,13,14,15,16,17,18,19	23.4665391438,36.9051053815,38.691005796,39.4773902937,49.6635441208,50.0019669786,47.4045657988,52.0662300719,59.4605332436,65.4295576724,69.3788877065,69.4948871341,71.0522599511,85.4484307463,81.2542901375,88.0109523035,92.2241248049,90.7254120159,94.5128108472,99.77240871	linear	0.2	44000
86080	0,1,2,3,4,5,6,7,8,9,10,11,12,13,14,15,16,17,18,19	76.2235895414,76.9654479799,75.1073565224,85.6840029685,90.9664330428,95.5408422637,102.553711663,106.285784228,98.7555606432,111.663849213,115.70469826,121.50142351,120.07421273,124.305621345,131.770062045,127.790909614,138.437615317,135.997111166,139.413041681,145.172063931	linear	0.2	44000
86084	0,1,2,3,4,5,6,7,8,9,10,11,12,13,14,15,16,17,18,19	31.3223344834,26.1881290091,34.4296465275,33.2475036319,37.2395970404,49.1122258412,47.0333459098,51.310809073,61.6998788566,55.7495151048,64.1907080501,66.2676534574,71.7553669924,76.2227203027,84.4705328752,84.8269387897,84.654698525,96.1984966999,91.7266294199,103.009091673	linear	0.2	44000
84037	0,1,2,3,4,5,6,7,8,9,10,11,12,13,14,15,16,17,18,19	37.5967104829,45.6413374854,49.8421901198,46.873253692,59.9515232882,64.2817522908,66.8413553494,69.4947104283,75.5241077754,70.2912535299,81.612384316,81.0252867693,87.6827202388,89.635369993,91.5331798297,105.093194067,109.075558819,111.181470433,116.670242406,112.969266075	linear	0.2	44000
84449	0,1,2,3,4,5,6,7,8,9,10,11,12,13,14,15,16,17,18,19	81.4879898627,76.7844578328,91.9723892235,95.4998494816,94.0012610355,101.850956766,102.833426043,106.694595209,112.414321717,111.58983259,115.985794869,122.602073073,127.070506328,129.047089847,131.04273489,138.811571724,137.812134311,147.42928685,152.298149943,156.597406533	linear	0.2	44000
84763	0,1,2,3,4,5,6,7,8,9,10,11,12,13,14,15,16,17,18,19	64.4435512122,74.3424940734,73.9242625291,81.0243742733,86.1254304037,83.1566274226,87.0357060948,92.1588697396,96.6884659386,97.9353406651,110.456772861,104.683015938,118.824643328,123.49346679,119.797128015,121.31565148,129.667551943,130.366982845,133.617094076,145.242912702	linear	0.2	44000
86983	0,1,2,3,4,5,6,7,8,9,10,11,12,13,14,15,16,17,18,19	32.1726964901,40.5764573842,39.4287416007,46.8423273718,46.2871629618,59.9685322353,57.9548595692,69.9408006361,68.5750942562,67.1189397087,81.6414812349,77.7560940733,86.9524438837,89.0964704547,87.7752425581,95.2285795453,105.344508334,106.814901441,113.570564272,110.985720034	linear	0.2	44000
85257	0,1,2,3,4,5,6,7,8,9,10,11,12,13,14,15,16,17,18,19	61.1536512671,71.3546733222,72.863298917,84.0346431381,84.5631047573,86.5557775622,86.3088953889,91.9123257545,104.656378553,106.21983866,105.131538723,105.178731768,114.161438598,115.24917884,124.767824742,130.793085309,134.39856681,131.119648073,140.701560554,138.138181624	linear	0.2	44000
86110	0,1,2,3,4,5,6,7,8,9,10,11,12,13,14,15,16,17,18,19	-5.09169166684,-7.85860237627,-4.86846901433,-2.1656784101,1.85498683505,12.1849454317,14.3849849148,20.8092306823,17.1829695468,21.0169353722,32.7851678092,36.8494027205,35.8327464837,42.979423183,40.3887794392,51.5863836839,52.7653029628,62.0673280626,61.3614523987,65.3139298193	linear	0.2	44000
87270	0,1,2,3,4,5,6,7,8,9,10,11,12,13,14,15,16,17,18,19	77.0923179845,82.1152149984,90.8840227801,93.6310698887,88.1120284939,91.9572003364,96.12574394,100.802867049,109.157811345,113.362057337,120.218995039,116.505778207,127.751256068,124.724169175,137.802156745,139.124142406,137.568645319,145.979346505,146.087338072,152.931382643	linear	0.2	44000
87849	0,1,2,3,4,5,6,7,8,9,10,11,12,13,14,15,16,17,18,19	39.4735505468,43.6222616338,47.8833512117,56.5358236139,57.7317957386,65.4779323551,72.1615960515,72.8725629365,76.4404844744,79.529082515,81.0279651419,91.6454949952,92.5757577176,98.0323648866,96.6299107202,106.879312511,107.530905693,112.151405863,109.796277934,119.689261892	linear	0.2	44000
86199	0,1,2,3,4,5,6,7,8,9,10,11,12,13,14,15,16,17,18,19	-39.8861060979,-39.4024760253,-28.6481432462,-25.3378110684,-25.5645649257,-26.9093367777,-15.1424587201,-16.3114231285,-6.11802156446,-9.05180815271,-8.25298502455,0.102791600802,5.98548439749,4.58719299235,15.987437521,20.7665356234,17.0883993852,23.9284931489,31.0764094937,33.6675420757	linear	0.2	44000
86496	0,1,2,3,4,5,6,7,8,9,10,11,12,13,14,15,16,17,18,19	2.72932926202,12.1753481089,12.0866537001,8.91358758783,18.1791822432,16.272376239,24.3649642329,34.3090520353,33.1471966749,37.3577431435,44.2566713558,46.8665412704,54.8652580915,59.2415531511,56.8858363645,65.0497225368,68.0418658842,70.0398409812,74.6210832479,80.3880860322	linear	0.2	44000
86833	0,1,2,3,4,5,6,7,8,9,10,11,12,13,14,15,16,17,18,19	21.2106281485,25.8372910315,23.7147640899,37.1129652542,31.5292813289,39.9513297036,40.880791605,46.242110472,57.8904276072,57.5326600555,56.0994351582,60.2763382821,68.865974208,74.3459424402,78.0084925429,76.7714106174,89.4358168441,83.4712534683,96.5987768597,100.747632195	linear	0.2	44000
86913	0,1,2,3,4,5,6,7,8,9,10,11,12,13,14,15,16,17,18,19	86.0521211383,93.4021938503,90.6615282131,96.1907354935,108.277569607,111.791806953,116.270699986,118.000771792,117.44443683,116.632915905,121.411482833,132.799948053,132.031464999,140.51830626,141.25895876,141.234471878,153.473413277,159.247940923,163.257102536,164.025617354	linear	0.2	44000
84614	0,1,2,3,4,5,6,7,8,9,10,11,12,13,14,15,16,17,18,19	18.467114773,20.4347634013,16.5520454581,26.0947012187,27.5832816453,34.7822478662,42.076446423,38.6571315493,41.3887232889,55.0709320962,52.4035535156,62.4676876224,56.6347934091,64.1964361843,64.1392370267,74.0650868117,80.6978573824,87.0941157785,83.8584018345,91.3314413829	linear	0.2	44000
86270	0,1,2,3,4,5,6,7,8,9,10,11,12,13,14,15,16,17,18,19	-26.9377070925,-16.9919195493,-21.3629906787,-15.2193936256,-9.31021648184,-9.50979154087,-1.76460299928,0.00997694006935,4.98452150817,12.6752252738,15.9551023125,12.0046844684,18.6215650508,23.3107440026,27.1878591383,32.8234478053,36.4891265112,37.6963095575,44.2349537807,44.406934865	linear	0.2	44000
85780	0,1,2,3,4,5,6,7,8,9,10,11,12,13,14,15,16,17,18,19	62.1402319096,74.5840648229,69.524971005,74.950705413,79.9881373677,91.6013030871,91.3932276618,93.4291511504,102.869591418,109.202432711,111.787572438,110.327424967,114.119879469,114.374693791,125.159408894,131.064756567,129.534061839,141.360811705,144.474515516,148.974782587	linear	0.2	44000
85032	0,1,2,3,4,5,6,7,8,9,10,11,12,13,14,15,16,17,18,19	57.6628029455,64.7090377249,66.5971154316,70.5568383582,82.6839319938,88.2847889835,82.5158364547,91.1478917288,98.3536868797,99.3268504441,97.4960812917,102.036247076,116.825623364,109.697655938,120.256218221,126.547054184,121.028009972,125.977562858,129.394957357,136.80751475	linear	0.2	44000
85564	0,1,2,3,4,5,6,7,8,9,10,11,12,13,14,15,16,17,18,19	75.2459037799,71.8264710128,74.6005633317,79.5827960712,83.0118207216,93.2261034313,93.9248960323,95.7750203744,100.875376871,106.139533439,111.075982385,118.877823213,114.716487408,116.202224182,123.809278561,133.707238718,137.166627268,135.074956808,136.484032385,141.751418289	linear	0.2	44000
84759	0,1,2,3,4,5,6,7,8,9,10,11,12,13,14,15,16,17,18,19	12.923659705,20.5500343823,19.8306756693,26.3320422183,36.6614985141,40.539805946,46.195375605,42.0957338987,46.0660208328,52.3969074427,59.1906946581,62.4850643929,70.4075734942,71.4983948814,67.7722314542,74.4660956085,85.461590741,80.4369931905,87.7554987959,86.9439693237	linear	0.2	44000
86477	0,1,2,3,4,5,6,7,8,9,10,11,12,13,14,15,16,17,18,19	77.2856417416,85.0427587861,86.2157698601,87.5502783002,87.7545509055,100.528069134,107.087748721,105.216441424,108.522210783,112.688049325,114.458036613,119.191773294,128.430903666,132.51272818,129.827687653,137.561154514,144.129752462,139.914236728,148.503225914,157.039657139	linear	0.2	44000
86405	0,1,2,3,4,5,6,7,8,9,10,11,12,13,14,15,16,17,18,19	-2.28712825186,6.71040726061,13.2349263645,8.91511514539,19.3863265899,25.9964870785,31.2349261313,30.0477656142,32.533569944,39.8888470321,42.6456988718,48.8456813632,52.0699927617,58.9612064158,62.6939304106,61.3319715022,65.1852079904,68.5685637863,72.2090571784,80.352653389	linear	0.2	44000
84627	0,1,2,3,4,5,6,7,8,9,10,11,12,13,14,15,16,17,18,19	79.956622935,83.304189272,93.0905723709,100.002537277,96.7178760845,103.063039473,111.023199744,111.63303421,112.296432962,117.493736025,129.392572216,127.243903077,129.009032473,137.322223366,141.630714504,141.533018824,143.728524388,146.870814868,160.007172092,157.600660773	linear	0.2	44000
84544	0,1,2,3,4,5,6,7,8,9,10,11,12,13,14,15,16,17,18,19	-56.2901951738,-59.1967980374,-53.9544116123,-44.7050768208,-41.9976381747,-42.4847629811,-37.613271142,-28.1068031434,-31.239699095,-26.2961058276,-24.6668720641,-18.5828277021,-10.4049241,-9.00629624822,-3.24197790717,-0.113075580216,9.83376153186,13.5084576416,12.5404880834,15.4695205955	linear	0.2	44000
87728	0,1,2,3,4,5,6,7,8,9,10,11,12,13,14,15,16,17,18,19	5.42106116287,16.2653815305,14.6598222935,14.9531678876,29.9790185933,27.1101278406,35.133244439,35.0955635271,44.2405775308,49.0549283478,49.0022359002,58.1883654287,57.1089785297,59.9295164428,69.7251491359,70.2690145785,68.6726742656,81.3466899399,76.9022853305,87.1759514942	linear	0.2	44000
86985	0,1,2,3,4,5,6,7,8,9,10,11,12,13,14,15,16,17,18,19	-16.0054840355,-10.9849831705,-13.4594589764,-7.22189636031,5.44610501666,6.20133040004,13.0621517357,15.9303151611,19.0457717561,19.7929139697,23.225178525,25.4162440352,30.7400392409,34.0170878932,41.9553004988,44.4081230788,51.1615839046,48.4462834768,60.1744117215,54.4479251348	linear	0.2	44000
87008	0,1,2,3,4,5,6,7,8,9,10,11,12,13,14,15,16,17,18,19	-58.3553728428,-47.0271994152,-44.1214172753,-45.525392057,-34.4318031864,-36.1029529466,-24.9452055868,-27.49444944,-22.7244751902,-22.809734567,-9.06558688144,-13.0707321819,-11.0890603996,-1.55834804854,-3.44471737972,9.39266214115,8.79875477695,10.1600332107,18.0804503298,16.0289993137	linear	0.2	44000
86717	0,1,2,3,4,5,6,7,8,9,10,11,12,13,14,15,16,17,18,19	88.5649215321,88.9903449925,101.718085117,101.215858704,106.476295693,107.864761316,113.58815747,114.454213694,122.465947493,119.650863773,129.139540706,131.88754448,133.628870209,136.714305841,144.752860778,150.465879674,150.587899199,156.205734615,159.144590473,160.335239982	linear	0.2	44000
85523	0,1,2,3,4,5,6,7,8,9,10,11,12,13,14,15,16,17,18,19	-1.05777573611,2.01795069732,7.51751651761,9.95261321521,21.4764165761,18.9240341668,24.3466653791,25.2200743417,34.5380418407,35.0250612739,34.3144600472,46.3849129631,47.5690762491,46.4599585275,59.8345259463,58.2696052741,60.7832263557,69.2861228911,72.824948894,77.134811871	linear	0.2	44000
84645	0,1,2,3,4,5,6,7,8,9,10,11,12,13,14,15,16,17,18,19	33.4217607951,35.2947098435,34.5859843535,41.3481142305,43.5952871267,51.340538732,61.3155355708,61.478000633,59.6862049109,72.0239333439,68.1625964705,79.6019306926,79.9565787684,79.7390535928,82.1041908271,91.4158926419,90.8978497887,97.5925987182,98.9222189465,109.259008241	linear	0.2	44000
87336	0,1,2,3,4,5,6,7,8,9,10,11,12,13,14,15,16,17,18,19	72.9719054164,68.6296741663,74.5992176395,84.2436225578,78.0029809966,92.0255817312,88.80072316,91.394425841,99.1440682094,104.839694774,110.333551968,109.086078482,109.950333094,119.473913597,119.401280142,132.245620234,130.184789133,140.593327166,139.788861132,148.806969461	linear	0.2	44000
85948	0,1,2,3,4,5,6,7,8,9,10,11,12,13,14,15,16,17,18,19	-40.514638468,-35.3632496099,-32.6032711807,-32.4606321059,-27.3774488286,-24.9716806856,-14.0370529471,-10.8714234788,-13.4629131245,-6.13277981191,5.85448454154,7.34028983455,10.9066451693,14.0913486027,15.5180003534,16.6892872149,18.5099372877,24.8265168716,33.4704580164,36.9868405707	linear	0.2	44000
84038	0,1,2,3,4,5,6,7,8,9,10,11,12,13,14,15,16,17,18,19	70.4530353447,70.4770677105,78.9886244294,82.1645221612,85.9549689366,82.9781388515,87.9623458488,97.0442171274,92.4300626212,100.024234791,101.415971792,109.487347627,117.029550932,112.71683737,127.462334353,127.390634684,126.516056724,128.538893731,137.690021548,145.013430943	linear	0.2	44000
87190	0,1,2,3,4,5,6,7,8,9,10,11,12,13,14,15,16,17,18,19	88.9425103486,92.2379855278,100.403775507,99.1971199977,103.656021892,111.683885953,112.580274887,118.590337931,119.897225546,122.415129351,135.040531513,134.663978215,140.999993833,136.758427834,147.153109964,153.686442771,156.65616226,154.146413011,156.039612254,159.682740258	linear	0.2	44000
87341	0,1,2,3,4,5,6,7,8,9,10,11,12,13,14,15,16,17,18,19	77.1495294975,91.104066734,86.0218070624,97.5423625799,94.4086381383,105.226169586,102.410685494,113.207888261,107.559053732,113.723097612,116.331665294,126.180791617,133.207733294,138.031308153,137.831810301,142.111865083,150.190393102,149.346139898,151.230451369,154.232032721	linear	0.2	44000
84167	0,1,2,3,4,5,6,7,8,9,10,11,12,13,14,15,16,17,18,19	53.6384232127,59.4654236493,61.0265519632,56.5921836797,65.8244630527,71.0266547628,74.6784916201,79.3998592102,82.2249251133,86.720493975,92.7644418122,95.8141576156,95.6075169025,100.140172435,110.993747318,114.587385169,109.272043718,121.588970148,123.20734601,122.468638145	linear	0.2	44000
85636	0,1,2,3,4,5,6,7,8,9,10,11,12,13,14,15,16,17,18,19	33.8384953586,38.7562785044,44.793366766,48.5279973555,54.1639841891,51.8876742849,63.8280091562,63.53246081,75.2890359154,72.6623561997,76.4036307024,81.494020695,81.838548327,86.9382861236,88.6981936956,100.859364649,96.5214582966,101.391325081,115.246551406,112.301693065	linear	0.2	44000
85562	0,1,2,3,4,5,6,7,8,9,10,11,12,13,14,15,16,17,18,19	-3.67052055925,0.446252014701,5.69464267085,10.5359326355,3.49252702836,12.5324122098,17.0047524048,21.0689841952,29.8771505992,27.9882894336,30.1300839391,35.5810559606,45.5577671189,44.3501488507,54.1933057365,51.3175059349,56.3856551534,59.752688557,70.4524971559,71.6728796187	linear	0.2	44000
84256	0,1,2,3,4,5,6,7,8,9,10,11,12,13,14,15,16,17,18,19	22.7486476474,27.3767842373,26.1117579808,26.7981057054,34.5681731,43.4058022998,46.87316195,41.7517356426,47.3854482831,57.6543942332,55.3273638039,67.4398097454,67.616114086,67.821891172,72.1044262588,74.2970613998,81.1449693218,87.493512342,85.4005116498,92.2312370203	linear	0.2	44000
86338	0,1,2,3,4,5,6,7,8,9,10,11,12,13,14,15,16,17,18,19	-45.2786685526,-41.7294467878,-35.2888567907,-31.6198163242,-23.1942400419,-22.2033227216,-19.7267562787,-16.0078460293,-6.16603703098,-0.858713593591,-4.75406414224,6.95135951403,0.906706374787,6.73836821939,8.1665019856,20.4774065661,18.0404040731,21.8900248328,32.3250433329,29.8854136462	linear	0.2	44000
87246	0,1,2,3,4,5,6,7,8,9,10,11,12,13,14,15,16,17,18,19	33.4956296455,33.6863452124,39.389998362,46.8936807051,42.9848783184,47.6573973061,56.123434836,59.6026198946,57.4390176042,64.5411790075,64.3174883792,78.559665953,80.7696635188,78.6470170176,81.9534066865,86.7400226983,91.2616813035,102.694248382,103.091130815,110.488838749	linear	0.2	44000
84354	0,1,2,3,4,5,6,7,8,9,10,11,12,13,14,15,16,17,18,19	-55.3297765815,-55.4180575274,-45.1713219992,-42.028775296,-33.0600034284,-33.4149983941,-25.3724951285,-21.6387905837,-22.0262210057,-14.8790144103,-11.2602873071,-10.8799239115,-8.08505541624,-2.77527814884,3.61870670628,10.8738516037,15.4979621379,19.5591518969,19.2795498252,19.1789181696	linear	0.2	44000
87101	0,1,2,3,4,5,6,7,8,9,10,11,12,13,14,15,16,17,18,19	74.1933243364,79.1361758386,73.5604204887,80.1895693845,81.8020699107,90.0514323617,94.9773481939,96.4401694693,100.15559454,106.11946779,108.302807966,115.846550532,124.262935665,127.455127041,131.590079893,130.521044253,135.299923126,135.132322336,136.703633741,145.076556024	linear	0.2	44000
87893	0,1,2,3,4,5,6,7,8,9,10,11,12,13,14,15,16,17,18,19	36.9345828421,38.9131846511,52.0530910104,45.5326138505,50.3257976699,58.0671859878,67.530680895,68.8910206424,66.112004054,75.0605428013,81.0302253527,78.4948510231,85.7989732755,85.769894928,91.5157341474,95.7848207371,108.303696973,112.930230219,114.297301851,112.549396848	linear	0.2	44000
87989	0,1,2,3,4,5,6,7,8,9,10,11,12,13,14,15,16,17,18,19	-8.48598256686,1.84705295977,-0.423143869476,10.9337017023,6.46861238661,11.9964580695,22.4339448189,19.7805890658,25.9004187907,33.9044033973,39.3258736799,40.7809010754,37.8785181814,46.4446209747,57.3823923791,61.2614512161,58.2471085828,63.7575108974,68.3708986555,71.3717364613	linear	0.2	44000
85846	0,1,2,3,4,5,6,7,8,9,10,11,12,13,14,15,16,17,18,19	24.9699189128,28.0572393124,34.9010429302,39.8453564206,42.9700797543,44.1811978918,53.9859151865,59.5875649182,64.9276844134,65.8092798058,67.409155211,70.4662222046,73.5482296913,82.3298521166,80.5991246108,81.5423131722,95.2236918786,90.6891234906,99.6250917282,99.1947236841	linear	0.2	44000
86601	0,1,2,3,4,5,6,7,8,9,10,11,12,13,14,15,16,17,18,19	87.8730585047,90.5207220103,93.374843789,99.2417852344,106.674543825,100.729758453,106.578956407,116.301787269,122.385351777,120.018458227,123.694100859,130.262782652,136.410225322,135.815650837,138.309942693,148.813505831,144.864361114,152.677222133,154.887244095,155.381519633	linear	0.2	44000
86096	0,1,2,3,4,5,6,7,8,9,10,11,12,13,14,15,16,17,18,19	-50.7148082183,-56.2819492921,-52.2735492217,-47.272610315,-38.1389861266,-42.0233731505,-37.1625586317,-27.6969767297,-25.1326232385,-23.5572680464,-19.617760892,-17.6327929298,-5.15295619121,-3.08544569969,3.79553342747,2.0178158932,13.3078422655,5.60297366804,16.3000454655,24.1995917062	linear	0.2	44000
84299	0,1,2,3,4,5,6,7,8,9,10,11,12,13,14,15,16,17,18,19	79.138512609,78.6541044158,87.5172064307,89.226755834,85.8176727243,99.0736184616,93.8946585192,105.576755627,102.118565913,113.870059359,118.374598603,124.092913868,121.103038885,125.55012301,129.472095895,134.980182087,135.962559408,139.552474336,141.286583987,152.760290039	linear	0.2	44000
86705	0,1,2,3,4,5,6,7,8,9,10,11,12,13,14,15,16,17,18,19	27.0228671166,31.1451906696,31.3776649688,36.1447387823,40.5361973666,48.2813808914,49.348050158,57.6723522591,60.3756966523,64.9274852139,65.5063153546,73.4072385219,73.2299385708,75.8014347572,81.9486638661,90.4295124856,84.3232387689,96.6992211393,99.9994256637,106.454068846	linear	0.2	44000
85653	0,1,2,3,4,5,6,7,8,9,10,11,12,13,14,15,16,17,18,19	-18.318681202,-15.3366508067,-7.35159468277,-10.4642957723,-3.36092583906,5.09494345747,9.52356687958,7.76484701014,17.9288973835,16.6507436567,17.5412356423,27.2389785057,31.2034888989,30.5987524986,42.0308597825,39.1067663407,44.0466530649,56.4586499411,58.7777808249,63.5744384213	linear	0.2	44000
86561	0,1,2,3,4,5,6,7,8,9,10,11,12,13,14,15,16,17,18,19	-12.4435798256,-5.23048729655,-0.375699518002,-1.83038255892,2.45477559613,8.98159600312,15.6516153168,10.6859364036,23.7121049733,27.1488509969,26.5008462911,36.9264013742,32.9216982362,40.5827761224,43.2973709302,46.6388707478,48.0706524323,58.5825360065,54.7410147387,59.8198397023	linear	0.2	44000
84054	0,1,2,3,4,5,6,7,8,9,10,11,12,13,14,15,16,17,18,19	11.4520189673,24.2830866929,21.3762694913,25.8788745914,26.4517007887,41.1957323973,40.3487096834,42.2137261803,49.3867580749,47.9260938724,50.0827150561,65.1525432471,57.5340611602,67.8083042917,65.7957791699,75.6575766654,73.9758207272,83.6541511025,88.47389907,89.7823041635	linear	0.2	44000
84065	0,1,2,3,4,5,6,7,8,9,10,11,12,13,14,15,16,17,18,19	-37.0431010932,-34.7080501323,-26.5927352478,-21.6035589522,-19.5112009543,-14.6915503975,-12.9546418564,-6.6354891352,-0.0787726505612,1.1521331158,7.73589736864,7.95594316235,15.1720640308,21.2330561656,19.8549695468,26.6046222009,27.0319537662,30.5676844927,34.8571802811,36.6654166648	linear	0.2	44000
86325	0,1,2,3,4,5,6,7,8,9,10,11,12,13,14,15,16,17,18,19	70.5335788008,71.3740568184,79.4180571645,82.3783090146,77.6558495291,91.2098125237,95.1481787289,100.667221466,103.173662749,103.551840461,105.255289032,108.844110879,117.372443315,117.306898355,119.837908469,127.150702756,127.587014029,129.700143762,142.336952629,139.782753379	linear	0.2	44000
84707	0,1,2,3,4,5,6,7,8,9,10,11,12,13,14,15,16,17,18,19	65.253863586,77.6122686669,75.1381247593,87.044485014,87.7267270201,95.8949612798,92.5061215818,104.83624341,104.591358004,109.869716028,111.840100975,119.272273973,124.492335165,117.863617269,126.126540556,136.669097073,132.309878204,133.528284571,141.15927185,150.851791617	linear	0.2	44000
87000	0,1,2,3,4,5,6,7,8,9,10,11,12,13,14,15,16,17,18,19	42.0200082097,53.5320412947,60.5714887897,61.0502445357,60.7130451973,68.2687804648,76.9883479264,75.6382633646,77.4923518832,82.9267919033,90.4644413211,87.0353197117,97.6778836274,99.5400908251,108.250986168,106.897193031,113.864604905,115.834620497,124.410051114,119.14396527	linear	0.2	44000
87244	0,1,2,3,4,5,6,7,8,9,10,11,12,13,14,15,16,17,18,19	-40.2768792165,-42.7131982963,-33.2333137738,-27.1664003234,-28.9348411713,-17.7406063479,-20.7704428761,-16.7128120551,-6.12374624943,-1.53096505949,2.70506054666,7.19460753601,5.683983244,14.2302926719,20.1680946547,13.8774972722,18.9734558137,28.7359743381,35.6803768612,38.8966003974	linear	0.2	44000
86229	0,1,2,3,4,5,6,7,8,9,10,11,12,13,14,15,16,17,18,19	53.5962588005,55.5493758107,57.5588123256,67.8349823931,71.1205894544,71.5174190402,84.1152941177,86.257033072,88.7928507321,93.8995520256,93.5623846034,95.0984628391,106.394557046,108.133639842,108.863128533,116.869687825,116.645263676,124.53689872,125.173353554,130.630501716	linear	0.2	44000
84166	0,1,2,3,4,5,6,7,8,9,10,11,12,13,14,15,16,17,18,19	44.5374765248,46.7468282883,51.7568354279,60.982803547,55.7832705204,61.9520526777,65.0359654328,68.4970332544,81.6030792017,81.5241165741,82.6007772116,82.5817323966,90.5941645158,97.9196447151,97.7512286793,105.203429294,104.089831886,107.796921965,118.070411708,124.7990035	linear	0.2	44000
85541	0,1,2,3,4,5,6,7,8,9,10,11,12,13,14,15,16,17,18,19	27.3447728413,24.0380193462,29.7237860923,32.7499518204,44.3909845221,40.9455172548,49.3924243883,53.1008226751,61.8124953259,59.9846084354,59.9460344673,73.5206861084,69.9911363774,79.0626395191,75.3727992172,79.537552441,92.9818123422,91.4100538285,98.3131555609,102.208787218	linear	0.2	44000
86591	0,1,2,3,4,5,6,7,8,9,10,11,12,13,14,15,16,17,18,19	8.35808368559,20.9143555648,21.4694918203,25.2715564858,23.333431892,28.161662068,29.8038841431,36.0788901907,49.1987660302,43.0258111915,52.6724407217,53.4102162798,61.3703632508,62.4310673624,61.6951489354,77.1497315473,76.4643042139,83.152441861,85.745239363,92.3205370515	linear	0.2	44000
87036	0,1,2,3,4,5,6,7,8,9,10,11,12,13,14,15,16,17,18,19	87.6417472534,86.9325040718,90.7804040832,98.9584997256,100.616429709,107.005141087,104.270857039,110.386333901,113.320758264,119.434055305,117.012023589,124.30163152,135.155277382,129.044339578,135.082658448,144.961344292,151.339608839,144.517690441,148.990035436,155.702143459	linear	0.2	44000
216866	0,1,2,3,4,5,6,7,8,9,10,11,12,13,14,15,16,17,18,19	5.21067049276,-0.96733523201,-1.71622643983,-4.76443561456,-7.25828578013,-9.58341008125,-7.32106287935,-9.62887990768,-12.5729477285,-12.668253162,-8.28267930945,-9.41363547752,-8.94526563048,-6.14781171949,-2.40263853084,-0.830178356275,0.933376948764,5.58691548544,8.58729869335,9.88213129045	poly	0.2	176000
216149	0,1,2,3,4,5,6,7,8,9,10,11,12,13,14,15,16,17,18,19	31.7173315357,30.2123579477,28.6392348673,27.1712574993,25.5907811854,22.5110907991,21.2645939313,17.9627436902,20.3861247417,18.3689305875,18.5768015584,21.47318404,19.1222216804,23.9470332156,24.9470379701,25.5173571752,30.5615631087,33.1204823743,38.4641920597,40.8110937763	poly	0.2	176000
216632	0,1,2,3,4,5,6,7,8,9,10,11,12,13,14,15,16,17,18,19	16.9641878488,10.1979212374,10.7379827514,7.11752224467,5.90104113157,3.67122186417,1.70702653312,1.22381439779,-1.99375502476,1.23071364023,0.72676762245,1.33428974294,1.61962864336,6.44666056325,4.29732978844,6.12164861292,10.6144608239,13.531397417,17.6520479973,19.7331270381	poly	0.2	176000
217362	0,1,2,3,4,5,6,7,8,9,10,11,12,13,14,15,16,17,18,19	31.0026317089,31.5406296586,28.8544940353,24.697283805,24.2952775601,22.3490032927,21.3639723414,17.5107230761,17.3878432675,20.2707707877,18.4090151667,19.9317873307,19.9521026892,22.9158890441,26.7058931531,27.2299736139,32.0334204539,35.0208549622,35.3213568935,39.0676174414	poly	0.2	176000
216887	0,1,2,3,4,5,6,7,8,9,10,11,12,13,14,15,16,17,18,19	-1.74544949308,-7.43594732313,-8.08796602407,-13.8509763351,-16.6418215481,-17.9212029555,-17.302262435,-18.9333398123,-18.9108799002,-19.0044938397,-19.9122689684,-15.9634986339,-13.9565800375,-12.6753779549,-11.929163258,-9.17666717852,-5.80570070293,-6.0301530296,0.48604944297,1.64870028896	poly	0.2	176000
219194	0,1,2,3,4,5,6,7,8,9,10,11,12,13,14,15,16,17,18,19	8.70463089901,4.37675904532,2.86360535653,1.36921637993,-2.80158748369,-3.27864172395,-5.40977939914,-5.07022375265,-8.65624146925,-7.16678733588,-3.72450647491,-7.12966841505,-4.70059394884,-4.61675205571,-1.93849935767,0.918318125183,2.71568276808,5.82224192517,10.3085156966,16.5716129295	poly	0.2	176000
219695	0,1,2,3,4,5,6,7,8,9,10,11,12,13,14,15,16,17,18,19	20.6724193121,21.4150798939,16.9981887193,15.4987380987,13.7041268279,13.2250569229,7.22386186502,11.1681711478,9.59727896454,10.3674525677,8.91138824499,12.1097888954,10.4146527251,11.4907019234,16.2468021584,14.3091473279,20.0724878007,23.2480532873,24.1938775593,32.8559833265	poly	0.2	176000
219945	0,1,2,3,4,5,6,7,8,9,10,11,12,13,14,15,16,17,18,19	0.896257801103,1.46063334395,-0.265366525733,-3.44602559679,-8.83387957767,-7.59394004437,-12.3123575405,-13.0807157205,-8.82370801609,-9.20917366647,-11.3922423081,-7.46323357273,-7.72740751534,-9.06830897815,-4.639594721,-0.573549891466,0.628468016153,3.10551841497,4.91694639976,8.85801672207	poly	0.2	176000
216401	0,1,2,3,4,5,6,7,8,9,10,11,12,13,14,15,16,17,18,19	14.6681509677,11.8465394122,10.922336789,9.17364179181,8.51020546073,5.00069737454,4.0658382057,0.531875278942,4.34908526147,4.735811535,2.88297928335,4.16204927545,5.50619987863,8.61048512572,5.93558392668,11.0150180772,15.9521833001,18.2461627156,20.2572506233,24.06392684	poly	0.2	176000
219200	0,1,2,3,4,5,6,7,8,9,10,11,12,13,14,15,16,17,18,19	21.8097841801,21.6454182969,15.0781407883,14.1433176054,10.8648764837,9.20177940728,10.0116616791,10.9600574158,7.78821804746,5.9576454817,9.11563513697,11.3954936224,12.7716627571,14.3319219784,14.458899766,19.3306793572,17.7470814404,21.8471323553,26.9002704004,28.3481675616	poly	0.2	176000
217484	0,1,2,3,4,5,6,7,8,9,10,11,12,13,14,15,16,17,18,19	34.2028128264,28.3689764114,25.6533991209,23.2532641417,20.8422189572,23.7366819353,22.2724132218,19.0390448022,18.4232030148,18.9365137111,17.7819001558,21.3225983346,19.2608896342,24.9595190385,23.2276517867,28.7011816508,28.4168089624,35.2136478892,38.7057743848,39.4800841936	poly	0.2	176000
217950	0,1,2,3,4,5,6,7,8,9,10,11,12,13,14,15,16,17,18,19	10.2283887302,5.18649222689,4.16246094939,-2.687684068,-2.1623344991,-6.26232761675,-5.80988096758,-8.30038144681,-6.94993051842,-6.16667433419,-8.11827900153,-5.26869910521,-2.5853142241,-3.88243338258,2.21244526565,4.11837822448,4.95784474275,5.88912239907,13.5794143926,13.9033962317	poly	0.2	176000
219307	0,1,2,3,4,5,6,7,8,9,10,11,12,13,14,15,16,17,18,19	4.70851398106,3.88311042765,-1.19927805402,-2.86401820047,-3.13025974995,-7.13000719399,-7.70568097546,-6.55601034916,-8.58591539678,-6.20766782398,-9.93335592788,-7.92792099002,-5.52857977871,-5.20282702077,-1.00996294666,0.828220760404,4.55482889691,4.49121666322,10.8107252779,12.5284437521	poly	0.2	176000
216970	0,1,2,3,4,5,6,7,8,9,10,11,12,13,14,15,16,17,18,19	-0.0524360821398,-4.88217514219,-4.45035887808,-7.86660676778,-12.195575872,-12.4992271996,-14.0117126733,-16.6727919515,-12.6373905598,-13.5916978875,-16.8505238821,-15.418790555,-12.6134284117,-12.0790166433,-8.97187686114,-7.91561041517,-1.48959843877,0.657394661691,1.15143204124,4.94851643786	poly	0.2	176000
218098	0,1,2,3,4,5,6,7,8,9,10,11,12,13,14,15,16,17,18,19	34.8006556363,32.0358447273,28.9753005021,26.0280860704,24.0764482288,21.5260762916,22.8630497204,21.5916802879,18.592474361,22.0617358435,20.4680034559,22.8407729747,21.7218733638,22.9710785827,25.4320325023,27.1828767361,29.6749414579,34.2931248472,40.5750403949,41.8763965185	poly	0.2	176000
218267	0,1,2,3,4,5,6,7,8,9,10,11,12,13,14,15,16,17,18,19	21.3831185283,15.7038449772,12.9848594325,12.6817817597,9.1085725925,7.25819202431,7.29528438449,4.5751674198,7.42566429694,6.50225307666,8.22117842875,8.39887912312,9.98668122753,12.4840049771,12.0771384261,13.7734330618,18.3721460932,22.5665558067,21.8772854632,30.4969813361	poly	0.2	176000
217779	0,1,2,3,4,5,6,7,8,9,10,11,12,13,14,15,16,17,18,19	1.9342141036,-1.62997147127,-3.31352358889,-8.26203755571,-8.3964480045,-13.2023987268,-12.3251953405,-11.4490712255,-13.8121705151,-11.2587471937,-10.7628452199,-11.9832012283,-10.6585566028,-10.1387329522,-7.34693567444,-6.51929019771,-0.130232101605,1.56558653304,5.02157487097,6.25514496219	poly	0.2	176000
219729	0,1,2,3,4,5,6,7,8,9,10,11,12,13,14,15,16,17,18,19	22.280972845,15.2484627838,16.699761702,11.863486807,8.32224387982,6.17505812678,8.89967124358,5.83370959763,6.94965528414,8.49916322249,6.85115482597,6.89225567747,7.40651541859,10.3063945081,10.4456508792,13.8428624147,15.0052773883,20.7162635338,26.7269901215,26.7089539779	poly	0.2	176000
216618	0,1,2,3,4,5,6,7,8,9,10,11,12,13,14,15,16,17,18,19	17.3117460752,16.893354497,9.88936383126,11.6427589904,5.37534320187,8.18847021664,5.04849725299,4.89205927038,3.59925296865,1.21289715671,1.45636006181,5.25860091173,6.41636529831,5.8926316694,11.6653044915,9.40815366293,16.6713918762,15.9713704256,19.4832569404,27.2831502125	poly	0.2	176000
216302	0,1,2,3,4,5,6,7,8,9,10,11,12,13,14,15,16,17,18,19	35.3978404658,29.4736170094,30.1268993607,25.0381545614,22.489087338,23.7439060201,21.3133069442,20.5718262616,21.2472611136,18.5351356748,21.9405347961,22.9068790117,21.505897475,24.9410348794,27.0118716956,27.4505631894,31.7397161892,34.7295611776,37.80041304,42.2389222118	poly	0.2	176000
219437	0,1,2,3,4,5,6,7,8,9,10,11,12,13,14,15,16,17,18,19	6.52588371002,3.64027092167,1.42671933289,2.62392232936,-1.03798405465,-5.19024416729,-3.27081779476,-6.71531018837,-6.4639058936,-7.78043479285,-5.3647808702,-5.70437881105,-2.1615640565,-0.485470125156,1.39076525259,5.1708128587,3.43772636894,7.1557205975,12.9560631992,17.3432601668	poly	0.2	176000
218364	0,1,2,3,4,5,6,7,8,9,10,11,12,13,14,15,16,17,18,19	35.0242657773,30.0843618841,26.4682113096,23.1703196652,23.1434601393,19.7888943254,21.8219538305,21.0702435621,18.8927208292,16.084312078,16.5542499989,21.1750238699,19.1865846028,22.4551901329,22.4289122919,25.7430616693,29.6878293556,33.5897065087,37.4076237713,40.8910019466	poly	0.2	176000
218584	0,1,2,3,4,5,6,7,8,9,10,11,12,13,14,15,16,17,18,19	-7.82174985234,-7.90349880414,-13.0725177893,-13.2120959362,-14.6103197699,-18.7854287767,-17.8962738072,-18.7334240911,-18.7000086064,-18.4566207409,-19.7518207902,-20.4509974025,-16.3546644595,-17.541675232,-12.5477532457,-12.8504325114,-11.3127182844,-6.09538296208,-4.47645349553,3.33447270467	poly	0.2	176000
216830	0,1,2,3,4,5,6,7,8,9,10,11,12,13,14,15,16,17,18,19	9.8228379361,10.2134001025,7.15664356544,4.1942822484,3.84172340817,-0.393165916005,-2.86039993441,-4.26317179893,-3.85729198331,-0.270309441489,-0.721873528772,-3.03649238709,1.45010026129,-0.400750409012,2.79843055277,7.23512336132,9.1337423458,13.3785469364,14.2905731634,19.5322197504	poly	0.2	176000
219384	0,1,2,3,4,5,6,7,8,9,10,11,12,13,14,15,16,17,18,19	35.8782583414,29.9151904602,26.1117788753,23.2872353717,21.8663357629,20.6566428424,21.7036020461,18.8900726013,18.0793968219,18.1719233561,22.0593274053,21.3364669827,21.237206741,22.633614776,23.6772764822,29.8308348312,28.7365040235,34.2279792145,35.4611416063,43.5166785163	poly	0.2	176000
219642	0,1,2,3,4,5,6,7,8,9,10,11,12,13,14,15,16,17,18,19	21.6060929263,17.140330763,14.3200862577,9.25947087957,7.31771334442,9.29304813962,6.89112800455,7.89461290577,7.53757067392,6.87639471404,7.64760484033,4.25758896627,6.83976867986,8.98686691788,13.2638599144,13.7798799081,16.01650589,20.8237035764,24.4293974494,27.7006235138	poly	0.2	176000
219694	0,1,2,3,4,5,6,7,8,9,10,11,12,13,14,15,16,17,18,19	28.8284584585,26.5120353462,25.3722861596,21.1491243318,22.4939867648,16.5256824572,17.1651522225,14.8186570501,18.1097486525,14.9131253676,15.0593872581,16.7435176454,20.0455607726,22.2653192492,21.8764471564,26.6217572659,29.2450957689,29.8858234191,32.4077236355,36.265656173	poly	0.2	176000
217177	0,1,2,3,4,5,6,7,8,9,10,11,12,13,14,15,16,17,18,19	23.6431321633,19.8130102809,14.8665163996,14.751859218,12.0977563392,9.14441819774,8.65928925455,7.38655234269,5.98072667887,8.2250441035,6.17449007729,10.902119314,10.6922820732,14.2323481179,13.8222815793,17.5136764044,17.759212574,22.9826280832,27.4018941697,32.3686967579	poly	0.2	176000
218695	0,1,2,3,4,5,6,7,8,9,10,11,12,13,14,15,16,17,18,19	7.38430366008,1.87514115082,1.11007854052,-2.25599493073,-4.43819228545,-4.52935261347,-8.17053357638,-8.87025639148,-9.17802552592,-9.18889135655,-9.08500628023,-7.76207351857,-7.87722755524,-2.09333033033,-1.40089889888,0.539712050287,1.87592276152,8.55952913442,9.68690106621,12.6642784433	poly	0.2	176000
218511	0,1,2,3,4,5,6,7,8,9,10,11,12,13,14,15,16,17,18,19	22.4761100236,23.9047468744,17.1711285634,18.0521198293,12.501018663,10.4506948132,10.1625505516,8.52298447434,12.3367868903,8.37282517512,12.6676760266,11.109767677,13.7196446555,14.3795904052,14.3486129574,17.7684895041,22.4221661037,22.8293782804,30.3662825263,29.9000654501	poly	0.2	176000
218879	0,1,2,3,4,5,6,7,8,9,10,11,12,13,14,15,16,17,18,19	34.7332071939,28.7274968232,27.9694396051,24.9396444359,22.7290041387,19.1359538926,21.7954915619,17.6209275632,21.5404946647,20.1556579422,19.6040745924,20.1074608375,20.1876296196,20.7092125301,27.4546422008,28.6462301639,29.4869674814,33.877620859,35.0092663423,38.9923697046	poly	0.2	176000
217216	0,1,2,3,4,5,6,7,8,9,10,11,12,13,14,15,16,17,18,19	35.3107602972,30.4038734942,26.9410118618,24.0480387268,22.3642048488,20.4300458122,23.5726403483,22.9387621025,20.2908275743,22.4205869477,22.2696311701,20.1355848583,21.7511772847,24.8330275256,27.3278184895,31.0043956132,29.0281575288,36.2392545727,40.4234109915,43.5197851542	poly	0.2	176000
216658	0,1,2,3,4,5,6,7,8,9,10,11,12,13,14,15,16,17,18,19	34.6188786394,30.4608439728,27.3228934417,27.0313257675,21.675855663,23.6356475089,19.1785196741,19.6184716778,19.7917552777,20.5901356587,20.8784529231,19.3613164869,21.0522123318,24.6109033791,25.3835850556,27.7478027222,30.4955548867,32.2912013064,38.0822468242,39.8708428158	poly	0.2	176000
218715	0,1,2,3,4,5,6,7,8,9,10,11,12,13,14,15,16,17,18,19	34.8788770055,32.0973761465,25.8675626955,22.2297986318,20.280903242,22.2430569546,18.3767510258,19.5709236083,19.8383614656,20.145678994,16.7759502997,20.7796307119,19.1687036188,22.4962787933,25.0475938253,24.5857128784,28.6061787014,31.4132971228,35.9582701814,38.5824653699	poly	0.2	176000
218448	0,1,2,3,4,5,6,7,8,9,10,11,12,13,14,15,16,17,18,19	-7.83982404284,-8.48004330575,-10.3139296621,-11.9920215955,-14.7955775854,-17.4831298155,-19.6510693637,-21.8332463359,-18.12700272,-19.2236330798,-19.7062532871,-18.2635756997,-19.814525056,-14.7713885043,-14.1733176304,-11.0475690601,-10.3848351996,-7.83739020651,-0.405346433429,3.50706763313	poly	0.2	176000
217568	0,1,2,3,4,5,6,7,8,9,10,11,12,13,14,15,16,17,18,19	1.74470015372,-1.16035866634,-4.86779525993,-4.18318147317,-9.51089413516,-9.74534411289,-11.2270950358,-13.5777498831,-13.2519353162,-11.810108457,-14.4019809097,-11.1696673063,-12.4515651768,-10.9051453937,-5.96235421871,-2.41085845785,0.595464783602,0.304950904487,6.73569393179,8.99073589705	poly	0.2	176000
219088	0,1,2,3,4,5,6,7,8,9,10,11,12,13,14,15,16,17,18,19	-2.94089896849,-5.42629701602,-6.30412359597,-10.3996664356,-13.0517618913,-12.0324048561,-15.0618019398,-17.3497455367,-15.932050548,-14.3751457087,-14.8830426286,-12.8155730459,-11.2816896041,-12.3361222068,-10.9707849845,-9.12789956544,-4.06574341249,0.183188588795,3.03214466304,6.32769950519	poly	0.2	176000
218240	0,1,2,3,4,5,6,7,8,9,10,11,12,13,14,15,16,17,18,19	10.8019289481,10.0210741795,4.26107983312,1.16177094769,0.331240427341,-2.90997395835,-0.817884767151,-1.20236729045,-5.85364400667,-5.44568446561,-4.41439138725,-2.13954757253,-1.52609005598,-0.105687658779,5.12419292791,4.35207590833,5.95536952607,9.86132699108,16.8544874758,17.8344384854	poly	0.2	176000
217699	0,1,2,3,4,5,6,7,8,9,10,11,12,13,14,15,16,17,18,19	-2.77342505839,-9.03253484599,-9.91433951308,-14.5993599903,-15.9865167858,-18.7208607926,-20.5730049618,-21.2947831946,-18.7451900075,-19.298693245,-20.1247018432,-20.2995083904,-17.4532628524,-13.697997662,-12.0161093205,-9.54128186996,-8.50281481764,-6.73327253991,-1.74369577066,3.90802154518	poly	0.2	176000
216073	0,1,2,3,4,5,6,7,8,9,10,11,12,13,14,15,16,17,18,19	17.8485302106,17.1017485058,14.9553877022,9.67427924077,11.0936893123,7.44072918623,6.61918372523,6.51611566698,7.87849294127,6.52764840356,3.93397472799,5.46071304169,7.19837851652,9.79261622972,12.7830965983,13.2215739914,17.0630644816,22.3886449989,24.5186430381,26.1760397763	poly	0.2	176000
218277	0,1,2,3,4,5,6,7,8,9,10,11,12,13,14,15,16,17,18,19	21.5776568201,16.2659948082,16.3926797502,11.0739339629,11.9258513812,9.53111510898,9.76539251758,8.52253705226,6.38293913199,5.23271636515,9.17939053585,7.83663767751,9.81489284511,10.4049549888,14.6901567133,14.4166805402,17.5828239344,23.7401267894,25.1122852083,27.079262379	poly	0.2	176000
216574	0,1,2,3,4,5,6,7,8,9,10,11,12,13,14,15,16,17,18,19	6.6483987355,2.84369099969,1.5254274695,-2.97305773721,-3.08223850101,-5.21945931024,-6.16860028878,-6.9882300229,-11.3947200136,-7.03497126467,-10.6471613923,-7.8861712143,-8.07383764084,-5.5394527292,-2.84448175792,-0.539802086483,1.06363495145,3.14151034479,7.08497589109,14.6244494063	poly	0.2	176000
216010	0,1,2,3,4,5,6,7,8,9,10,11,12,13,14,15,16,17,18,19	26.7666957543,21.7368398155,16.6755309098,18.4654234403,13.0189817368,13.6898035476,10.9217360772,11.1839318623,9.35533411552,9.49453830447,10.1730109144,13.546853083,14.3180980465,12.214385999,17.5458714831,16.9934822806,20.0314816457,25.6760579036,26.4095913709,29.9230165174	poly	0.2	176000
216127	0,1,2,3,4,5,6,7,8,9,10,11,12,13,14,15,16,17,18,19	34.4241050776,28.2150934062,27.8050780349,25.2231080323,20.7819903279,20.9679698741,18.9729640636,17.8719258686,19.5807793654,18.4331969044,19.4714601622,22.0536578557,21.4338612262,21.4589500656,25.4346301307,29.9338397549,32.6678841551,35.5304551324,38.836398945,42.0212742913	poly	0.2	176000
217711	0,1,2,3,4,5,6,7,8,9,10,11,12,13,14,15,16,17,18,19	11.40578863,4.30682535137,3.37375364405,1.67403868477,-3.21509418947,-0.388028405032,-1.35807398983,-5.45657212498,-6.88351572809,-2.63773387158,-4.05619470339,-2.90054178387,-0.00931064935621,-0.863698558856,-0.347003608219,3.00857285631,7.45762491966,10.0728349278,14.4482568098,14.8503677535	poly	0.2	176000
216275	0,1,2,3,4,5,6,7,8,9,10,11,12,13,14,15,16,17,18,19	35.0443645633,29.3119230203,28.6458064855,23.5127007557,22.2889104331,21.4444053352,17.7312691765,18.642351824,17.9738785573,20.4101160764,16.9734660448,16.9492064895,18.6306202385,20.5307064946,24.4605213247,27.0679816882,29.5705183219,31.3175011077,37.8489840416,38.1958438783	poly	0.2	176000
219425	0,1,2,3,4,5,6,7,8,9,10,11,12,13,14,15,16,17,18,19	-3.21595226405,-6.51403223774,-6.78423981565,-9.26744498833,-11.8149948049,-15.0233641257,-14.7062498801,-14.9732824217,-14.2642926034,-14.5641361245,-16.3469143419,-14.139284524,-12.606026009,-11.7124928549,-7.85021990054,-5.31906526039,-5.73525732568,-2.02621281779,4.2921960939,6.06198959595	poly	0.2	176000
216626	0,1,2,3,4,5,6,7,8,9,10,11,12,13,14,15,16,17,18,19	21.2841661333,14.1682732034,12.133913296,10.0612138915,8.22354316989,9.02290675364,6.8435661707,5.6907705044,6.80129846852,3.36459567807,7.471680563,8.84421917944,7.6717827391,7.94642675819,10.2346132227,15.4706001625,14.7254154483,19.2793977815,25.5129710295,26.3313228189	poly	0.2	176000
219232	0,1,2,3,4,5,6,7,8,9,10,11,12,13,14,15,16,17,18,19	26.645619554,23.1219931674,17.4631402918,16.6040954624,15.5990236833,12.1665532347,12.1940838834,9.72097186669,7.59079112469,10.8589989354,8.81619205933,10.8727379942,11.8778383801,14.5862013472,15.3176433825,17.1570771803,19.6110422105,22.0438244182,30.1279003206,34.2924510401	poly	0.2	176000
217769	0,1,2,3,4,5,6,7,8,9,10,11,12,13,14,15,16,17,18,19	5.80412603648,-1.46653894439,-2.32379616964,-4.62243007982,-7.82057188783,-7.39483110051,-10.6463319687,-9.34821814438,-10.4693152381,-9.6744118256,-8.23978938958,-8.62122847778,-8.52844890243,-8.25735356959,-4.36408197083,-4.76596483122,-0.170357690361,2.82686528268,7.38047302566,11.136805363	poly	0.2	176000
216701	0,1,2,3,4,5,6,7,8,9,10,11,12,13,14,15,16,17,18,19	25.3493574116,23.356681299,21.225588515,20.296459649,16.6290239899,16.9588287288,15.0305213241,14.9869360227,13.5591298979,10.8878043541,14.3622324032,16.0941329847,14.452475933,17.4433792758,19.8890897368,20.6478527252,25.3115493407,28.3317398816,28.3475229526,33.2843310453	poly	0.2	176000
218282	0,1,2,3,4,5,6,7,8,9,10,11,12,13,14,15,16,17,18,19	2.32884379343,-2.43165284283,-5.95512442775,-6.53816616376,-6.57568387297,-9.07962115026,-13.2690600865,-11.4578340934,-14.7877408596,-11.1245356369,-12.3020496925,-13.1678261129,-10.0721793838,-7.76122719104,-5.2644022576,-4.56641875932,-2.03255721828,1.22140039222,5.05174785971,11.1935870906	poly	0.2	176000
217108	0,1,2,3,4,5,6,7,8,9,10,11,12,13,14,15,16,17,18,19	32.7352806914,28.5073072246,24.7828859141,22.8509874845,23.8489600098,19.6755104573,17.2418569331,20.2440945686,18.4390307617,19.8138595066,17.2722218998,19.1391143414,19.1415693226,22.4658085198,24.6652835114,25.3086493984,27.9710798599,29.6377782985,36.9188676064,38.0838413133	poly	0.2	176000
216510	0,1,2,3,4,5,6,7,8,9,10,11,12,13,14,15,16,17,18,19	24.462832507,22.7549606733,16.0178616702,15.7962179665,15.912084063,13.5785215396,12.8956398162,7.94981699004,9.82881260536,11.4712355582,8.16646049041,12.62773406,9.99368388412,15.7272106789,17.9309669008,19.7270947605,19.0048573358,26.0592036916,25.8270280002,33.8957050925	poly	0.2	176000
218415	0,1,2,3,4,5,6,7,8,9,10,11,12,13,14,15,16,17,18,19	22.4976337751,18.7724016292,15.769487065,14.9484163806,10.5063879592,9.4417184806,12.6257093162,8.45055947299,10.0938989299,9.01352935238,10.7333858002,7.80932988811,11.8123717039,13.3424310146,17.3050501203,16.4898874062,21.9413502192,23.5034916843,25.2909173175,32.628060016	poly	0.2	176000
218317	0,1,2,3,4,5,6,7,8,9,10,11,12,13,14,15,16,17,18,19	6.13642662567,0.772832192858,-0.695451264256,-2.30639424526,-4.7360477122,-6.97351796529,-7.38767918029,-9.49437023754,-11.1751765217,-6.98063586148,-8.06616776188,-7.13582377425,-8.73187006081,-7.49064678511,-2.9893711376,-1.6124728531,-0.0102884651476,7.02091973568,10.5379915238,11.3908658355	poly	0.2	176000
217561	0,1,2,3,4,5,6,7,8,9,10,11,12,13,14,15,16,17,18,19	33.6930848983,28.6096828134,25.5590499259,24.8865034779,21.1015693976,21.2618230855,21.3494496646,21.7442114031,22.0135349727,17.5473843014,19.5549553305,21.38890006,23.1610952769,25.8684764995,23.2620614188,29.1152876114,31.3622923821,32.7201537852,39.1180188958,42.0285505658	poly	0.2	176000
217037	0,1,2,3,4,5,6,7,8,9,10,11,12,13,14,15,16,17,18,19	6.57145937931,5.37690314567,3.02826846217,-1.31675558968,-0.340572021918,-5.28527921728,-2.10111340689,-5.74389169399,-8.21753629853,-5.07449672867,-5.65685808353,-4.49863027405,-5.89601125926,-1.69379789023,1.40117339988,1.61465226542,5.0504837566,10.233643539,14.3197352855,18.2231936438	poly	0.2	176000
219162	0,1,2,3,4,5,6,7,8,9,10,11,12,13,14,15,16,17,18,19	25.9023832912,23.2907236574,24.0849837577,17.7179567946,18.462908591,14.6219981925,12.6354805311,15.2193019255,13.0062812122,14.270379896,14.2755722847,13.6353010178,15.9201103047,16.1199520894,21.6226951528,19.3399453013,22.6014557791,30.2249912827,30.2180446628,35.0224255324	poly	0.2	176000
217751	0,1,2,3,4,5,6,7,8,9,10,11,12,13,14,15,16,17,18,19	14.6883173663,7.70705014999,7.50474127816,2.76529705643,2.20026971137,0.726335710211,1.01855873998,-0.893290610434,-0.35242580088,-1.03371993124,1.20908813869,-2.39833510699,0.0748278551535,0.699487521067,3.01865639452,7.58768244612,10.3906120224,15.3485387918,15.7426914554,19.7172165872	poly	0.2	176000
217342	0,1,2,3,4,5,6,7,8,9,10,11,12,13,14,15,16,17,18,19	0.241805137376,-5.11837420199,-8.31854407616,-9.24131802608,-9.23511342556,-13.1971970236,-15.5877596191,-12.4057816822,-15.2765149005,-16.3811778369,-13.1434327834,-14.9436883501,-13.8526100587,-13.4779092581,-10.8272962396,-7.1854591833,-2.25994250191,-0.800260427572,2.82301635544,6.44011700547	poly	0.2	176000
219094	0,1,2,3,4,5,6,7,8,9,10,11,12,13,14,15,16,17,18,19	20.4037496002,17.3316634789,14.1756773544,10.3023544159,10.3440309754,10.8064407775,7.82877593278,7.97959645064,6.457142523,6.35500327911,6.31674630317,8.27507254164,7.22164592218,8.93970247435,10.2408336311,16.1413550836,15.6412638436,22.7427396053,25.8372942729,29.9460746352	poly	0.2	176000
216314	0,1,2,3,4,5,6,7,8,9,10,11,12,13,14,15,16,17,18,19	22.258718715,18.9854659732,15.4003937211,13.0075340414,14.0729033442,12.6466357119,12.3902735511,9.62146794753,10.4217536455,7.50005532725,6.90665884199,10.8243078592,8.85899381102,14.2955170512,16.8061168847,16.723958576,21.2443740819,22.4973128863,24.2691028101,31.6145851584	poly	0.2	176000
219311	0,1,2,3,4,5,6,7,8,9,10,11,12,13,14,15,16,17,18,19	24.8722960384,21.3507906773,17.3584611346,12.9615176823,12.3801665793,10.8110727557,11.4131781258,7.80762231084,6.73633279579,9.6986471696,8.35391916499,12.7374328208,13.7646197455,11.9074206079,14.5843834119,16.7308154497,18.5606473647,23.1028799166,26.9365509722,30.9024927917	poly	0.2	176000
217583	0,1,2,3,4,5,6,7,8,9,10,11,12,13,14,15,16,17,18,19	38.0437973814,33.807618403,31.6489826482,26.0733505031,25.1840671863,22.5316886023,20.3920581107,22.3815404284,19.4816739813,21.9487746502,19.6113307042,20.1079470199,26.0667339569,26.4643786261,24.9563752544,29.813389522,32.1652515691,37.3060960136,40.3128306431,41.5846462516	poly	0.2	176000
218526	0,1,2,3,4,5,6,7,8,9,10,11,12,13,14,15,16,17,18,19	-3.74242030013,-4.30345392941,-9.75832162833,-11.1006983817,-12.6113217664,-12.6546619446,-15.5685455303,-15.8311283439,-16.3598669059,-19.5374317482,-16.0713005365,-14.3190120305,-17.1326335105,-15.767360793,-11.6333608484,-11.0958125253,-5.58015807904,-1.63952879023,-0.842403351461,4.83320350409	poly	0.2	176000
217145	0,1,2,3,4,5,6,7,8,9,10,11,12,13,14,15,16,17,18,19	33.4075247366,28.6217131043,24.9029200798,22.658413762,22.6125166768,20.5765619314,19.2242196938,21.0979829381,20.449920215,18.9373088464,18.3713437989,18.836132598,19.2856684575,22.2411452569,21.9315002694,24.4892848303,28.218524701,33.0474774217,33.9164997815,42.6111850223	poly	0.2	176000
216702	0,1,2,3,4,5,6,7,8,9,10,11,12,13,14,15,16,17,18,19	-5.96524680347,-10.6304665845,-9.70944148642,-15.9523019286,-16.8262744815,-15.735507109,-18.9004987303,-17.6757382794,-20.8126504193,-19.9223672653,-19.3546341228,-17.0189420949,-19.6159225894,-16.604655878,-12.0618567377,-13.8896299996,-7.04558423827,-5.87303435338,-3.33332043918,3.47651636776	poly	0.2	176000
216602	0,1,2,3,4,5,6,7,8,9,10,11,12,13,14,15,16,17,18,19	-8.59360364128,-12.2046491525,-13.9312962502,-16.0223691458,-18.6593345758,-19.4265234442,-21.015992398,-19.7942111985,-21.2938305521,-22.3203336371,-20.4754202921,-19.4390179193,-17.6571299124,-15.5982403287,-14.0974491906,-10.4463393737,-8.33578453354,-7.93217377044,-3.84904912453,-0.748761437642	poly	0.2	176000
218898	0,1,2,3,4,5,6,7,8,9,10,11,12,13,14,15,16,17,18,19	24.8448817004,24.4295717534,22.6794808557,18.9757359073,14.041543213,14.5429267728,12.087039199,13.3367917452,13.602913769,11.1322074878,10.5103035078,12.6306425439,14.2365602763,13.7034967076,19.7202986003,20.0324545353,23.7175112453,26.5681734799,29.6357288021,32.7602548289	poly	0.2	176000
218003	0,1,2,3,4,5,6,7,8,9,10,11,12,13,14,15,16,17,18,19	6.92715558156,4.9543581435,3.14529024066,1.96919431308,-1.87132567964,-5.75206333135,-3.86116993344,-5.5553157355,-4.23380961625,-6.19356622943,-3.8931429628,-4.48253917989,-2.16137804113,-2.80044310625,0.145290970317,2.18272539837,6.4218628688,7.53596188171,12.4523988729,17.2922681764	poly	0.2	176000
217529	0,1,2,3,4,5,6,7,8,9,10,11,12,13,14,15,16,17,18,19	11.6323672006,6.34049794348,1.28499320906,1.40305949384,-1.89470861009,-3.45438508137,-4.55251553766,-5.83917296968,-3.02962450402,-2.26134654384,-3.32161111392,-3.18256091198,-0.29046734593,0.901740049746,2.36482976857,2.05928896325,4.81494419381,10.0197815052,14.1908537199,18.3538914234	poly	0.2	176000
218272	0,1,2,3,4,5,6,7,8,9,10,11,12,13,14,15,16,17,18,19	23.9855089983,21.3573607945,19.1321714466,17.6396390539,14.8747588595,11.5697871204,12.9387951455,10.0595185212,11.4010964192,12.5892197414,12.0285726029,11.224961945,13.2900237636,12.6542067759,17.4033209592,19.3794749917,21.9849592052,24.0841161504,30.479518463,30.3715668374	poly	0.2	176000
218554	0,1,2,3,4,5,6,7,8,9,10,11,12,13,14,15,16,17,18,19	30.9791074685,26.4377113355,20.763820515,20.6737993893,16.8463661838,16.235031103,16.4986465988,15.9808724584,13.9254921463,13.596435654,16.2975155315,16.0506822116,16.4886030155,20.5208038178,20.4621154794,25.7038777416,26.6438096647,28.0146718495,33.1923855274,35.8139277084	poly	0.2	176000
219450	0,1,2,3,4,5,6,7,8,9,10,11,12,13,14,15,16,17,18,19	19.8502310008,12.3344294907,11.6155496777,10.7961519822,5.08072975626,4.60653678914,4.49378645948,5.22949445608,3.46696548525,2.50474839671,4.78849509586,6.85918663887,4.93629148664,6.50120888765,7.42498274001,13.2383509756,15.9589579201,15.3351236349,23.8011274407,27.661070396	poly	0.2	176000
218459	0,1,2,3,4,5,6,7,8,9,10,11,12,13,14,15,16,17,18,19	33.0396315061,28.6689702884,25.9753004463,23.4735596705,24.217263683,20.2042174127,21.1282387075,17.733305545,18.4954786168,17.9702914905,17.9743665624,20.6376862711,18.7104804461,21.830405503,25.6261186349,26.6010023435,30.18194299,30.7830188974,37.3660752146,40.4063672641	poly	0.2	176000
219873	0,1,2,3,4,5,6,7,8,9,10,11,12,13,14,15,16,17,18,19	16.6292139819,18.3100378284,15.3229239543,8.20765687198,8.66276016563,5.50067335922,6.83528903906,6.92393436024,5.87505987142,4.97503984189,3.27665456855,7.66893015327,8.21306816315,7.9846985209,12.3722832696,15.0329865706,17.2479333477,16.9131999273,22.9045570888,25.37428447	poly	0.2	176000
216694	0,1,2,3,4,5,6,7,8,9,10,11,12,13,14,15,16,17,18,19	16.5765554691,13.8215721497,10.4314589739,9.27151645126,6.50645945105,6.97328047824,2.53639659793,3.08505351677,2.83296421314,5.14977144999,5.55536206953,6.04702361888,5.96844765161,10.0246240387,11.5071291002,12.782553715,16.5621869119,16.0865915052,22.4158657629,25.5699233806	poly	0.2	176000
219178	0,1,2,3,4,5,6,7,8,9,10,11,12,13,14,15,16,17,18,19	7.67909339851,6.80298712825,4.46402989421,0.145097037069,-3.53955597098,-2.68162820897,-2.37021977911,-7.09376383173,-6.64428170274,-3.55378490015,-5.64092238725,-6.67452125552,-5.45961198914,-2.97678706658,0.524454904335,1.56654815863,5.5841437125,7.95176979228,13.8620368009,15.7899180231	poly	0.2	176000
219230	0,1,2,3,4,5,6,7,8,9,10,11,12,13,14,15,16,17,18,19	8.51490285038,6.78631697664,5.77200777649,3.39379231288,-2.40833425158,-1.66675389963,-4.00854960355,-4.4692349836,-5.6126587817,-3.02850711813,-4.39912773823,-3.89231733132,-4.46855353082,-0.952303998322,0.565965355926,3.93481414677,3.99127998576,10.8534566625,14.6866606964,16.2496707327	poly	0.2	176000
217516	0,1,2,3,4,5,6,7,8,9,10,11,12,13,14,15,16,17,18,19	22.4164150125,20.0432032336,17.0098237653,12.2473319557,11.2525218221,11.353410787,10.1194855867,9.53523011888,7.2498093741,4.43665744084,8.68766008666,7.60743537455,10.4083918276,12.8213039535,12.7365857323,16.4757059238,19.5614407348,22.8020214222,23.3215306201,27.9853423305	poly	0.2	176000
217971	0,1,2,3,4,5,6,7,8,9,10,11,12,13,14,15,16,17,18,19	1.44197842961,2.05001619367,-0.85702058629,-2.7317646472,-7.17265738573,-6.33101849309,-11.2117626999,-8.98216163722,-8.59986132955,-9.73757923095,-13.1473091278,-10.3551499321,-8.7265787676,-6.0365602265,-6.33177371558,-0.162378962775,-2.06039015878,0.962445380909,6.74070021983,10.3658155258	poly	0.2	176000
219169	0,1,2,3,4,5,6,7,8,9,10,11,12,13,14,15,16,17,18,19	-5.2756415057,-8.65165733511,-13.312965994,-15.5131287311,-17.1244130043,-16.8562561584,-20.2020034268,-22.2386422888,-19.2548672737,-19.167538411,-19.1629001331,-19.8984811544,-17.3488744668,-15.083131406,-16.5155852932,-11.919937094,-9.20961453089,-7.82804926899,-0.906529802536,3.93804412428	poly	0.2	176000
218175	0,1,2,3,4,5,6,7,8,9,10,11,12,13,14,15,16,17,18,19	15.0468254082,8.99468672378,8.61330194972,3.30215019437,4.08216679105,3.5154875927,-0.512487953422,0.518193196698,-2.59387084686,-2.47247310982,1.42105744072,0.978507543343,3.7582270823,1.98040132947,6.79803735801,6.86423208512,8.63128406139,13.4820048666,16.8439926265,19.6220676416	poly	0.2	176000
217531	0,1,2,3,4,5,6,7,8,9,10,11,12,13,14,15,16,17,18,19	1.10812776054,2.26171556258,-4.94633213395,-7.45634239348,-5.20907145733,-10.9857329523,-10.0045874577,-9.80794824177,-11.375009659,-8.84588975221,-10.745755089,-11.6025895161,-7.92176012513,-7.63913672595,-4.08501433718,-2.08571224914,-1.9026579325,1.50676878742,8.04620020558,11.4037717271	poly	0.2	176000
217693	0,1,2,3,4,5,6,7,8,9,10,11,12,13,14,15,16,17,18,19	20.9833498728,19.5500896917,15.287465982,16.6300129236,14.2205303598,8.84321427082,10.9359203667,9.8086482217,9.40193063823,5.83021550876,10.6299806975,10.1275752128,11.0527947174,12.5646244837,15.732076981,14.7631267594,17.7579651945,24.0030542849,25.9738721646,30.0809747732	poly	0.2	176000
218816	0,1,2,3,4,5,6,7,8,9,10,11,12,13,14,15,16,17,18,19	8.77482395375,2.12629343247,0.684368610329,-1.22872804589,-0.56259819937,-4.19395303788,-6.38164098364,-4.326202152,-7.71268135504,-8.74500657368,-7.21625635572,-7.7856252243,-6.94132023451,-2.82271350919,0.409457654663,1.61844282435,6.66211632363,4.89644942414,10.2748608612,13.5284538814	poly	0.2	176000
216688	0,1,2,3,4,5,6,7,8,9,10,11,12,13,14,15,16,17,18,19	6.48728595113,4.10548679886,3.52855452737,1.70816020742,-0.224185684108,-3.97888827441,-7.18414363345,-4.51966817312,-6.91264295841,-6.23283559649,-5.97537592933,-5.41195738544,-2.45384007971,0.0320072308633,1.92526046771,4.6262783865,5.12335756818,6.58127225867,10.3945893769,16.0599945031	poly	0.2	176000
216133	0,1,2,3,4,5,6,7,8,9,10,11,12,13,14,15,16,17,18,19	-8.13373221471,-9.66834336867,-14.7026526285,-15.483696048,-20.4675549888,-20.4030817499,-20.3432302017,-24.4289690429,-24.3593365434,-23.6175376398,-20.4547956413,-23.6025369289,-19.2498058525,-18.4225961693,-15.77870976,-14.7231793743,-11.3589167062,-7.532370702,-2.89720040126,-2.15766725993	poly	0.2	176000
219755	0,1,2,3,4,5,6,7,8,9,10,11,12,13,14,15,16,17,18,19	19.501347739,21.0394848809,13.6142116943,15.9373083198,13.9279671484,11.0558006852,9.67588589036,9.41639244697,6.07214425194,5.81949712554,9.07307343976,10.9637986123,11.6643752091,13.0779877517,14.9433330427,15.6094004689,20.3684964459,20.1865921545,25.4276259741,29.1416985247	poly	0.2	176000
218290	0,1,2,3,4,5,6,7,8,9,10,11,12,13,14,15,16,17,18,19	22.7194070229,19.0872190078,15.4435358656,16.0086297812,12.4827235742,8.72314488268,7.72970814891,11.6064323422,7.55366578426,7.92082049981,10.8994936437,9.62463771058,13.3587814542,12.3555919278,15.0331145096,19.199039479,19.4566315738,21.2538496753,25.506106643,29.0340267437	poly	0.2	176000
218842	0,1,2,3,4,5,6,7,8,9,10,11,12,13,14,15,16,17,18,19	18.0756206392,13.7768562443,14.817061802,10.3942119516,8.83427160424,7.31500964312,7.0178648059,2.42046260087,1.78922196191,6.38853817858,6.825018761,5.73546517593,7.67361023891,7.25646738524,9.91970206471,10.0701074113,13.2096055617,16.5742163531,19.7235567374,23.8212065913	poly	0.2	176000
219770	0,1,2,3,4,5,6,7,8,9,10,11,12,13,14,15,16,17,18,19	-5.1213195799,-9.97560118056,-12.5903947906,-12.6719184217,-14.5469218332,-18.5679967129,-19.1052395975,-21.0879586329,-21.8492954816,-20.4640236825,-21.6747031711,-19.0915876045,-20.8081335159,-16.8860862134,-15.5337521227,-13.6325411572,-9.09780884663,-8.01203556496,-1.11678031784,-1.24583963161	poly	0.2	176000
216521	0,1,2,3,4,5,6,7,8,9,10,11,12,13,14,15,16,17,18,19	14.1054429261,11.8030469124,7.3802392588,4.57801334692,6.35230831458,3.23593471481,2.85206476427,-1.59654599168,0.840183279147,2.00966761996,1.6418066255,0.138688114152,5.36681907633,5.84648963323,3.95874276885,9.51940488653,11.6454852318,13.0296020894,16.4664284392,21.9867614977	poly	0.2	176000
218780	0,1,2,3,4,5,6,7,8,9,10,11,12,13,14,15,16,17,18,19	21.1237069315,21.2949872076,14.3730928941,12.213014876,12.8789463525,11.5091244987,8.64526433011,6.66658951645,8.79065184747,6.97172492701,7.54401804613,6.57329367382,8.55681056169,9.75837098526,14.7298954625,17.2329930496,17.7090014719,23.5645829411,27.396271914,29.7445630658	poly	0.2	176000
217499	0,1,2,3,4,5,6,7,8,9,10,11,12,13,14,15,16,17,18,19	26.8755283997,26.257605468,23.2471465379,22.5452280209,18.2696851096,16.7809072152,16.0085200683,13.9938921643,14.3097646168,16.6789208139,17.0387798125,15.2601230646,16.7539369024,17.3543346326,19.6688402073,23.7760869363,25.4669601912,29.2497049003,33.8513905902,36.7487068011	poly	0.2	176000
219979	0,1,2,3,4,5,6,7,8,9,10,11,12,13,14,15,16,17,18,19	32.3597863329,27.8533330887,24.8598408602,23.547307696,23.8925551433,20.5113750033,18.5959301019,17.6997348801,19.7849499121,19.1910469018,18.5757425271,18.8607199451,22.7300705862,20.8717687268,25.3954637958,28.2706996365,29.1024816459,33.6665214193,33.5297841674,39.3117244321	poly	0.2	176000
219983	0,1,2,3,4,5,6,7,8,9,10,11,12,13,14,15,16,17,18,19	7.92642901045,2.40270006833,1.74623059675,-3.4709263196,-3.65247303016,-5.33041066022,-7.36357199648,-5.9003380703,-7.70697466199,-4.97241807609,-5.60751160136,-6.58964914751,-2.68567767356,-5.42708186892,0.877879961696,-1.0796648986,5.8219344813,5.16609822693,8.89797806695,16.497469143	poly	0.2	176000
217626	0,1,2,3,4,5,6,7,8,9,10,11,12,13,14,15,16,17,18,19	19.4724383745,16.0647269298,11.4399138049,9.84200005384,6.99918598045,6.85549212582,3.95571072137,0.93118601131,3.01873860458,3.04491166992,3.38528076507,5.93716777817,5.91543010156,6.61045663506,10.8844908033,9.03565900821,11.9853504739,19.3961216362,18.272857655,23.5723292764	poly	0.2	176000
217803	0,1,2,3,4,5,6,7,8,9,10,11,12,13,14,15,16,17,18,19	4.59257497373,-0.34097830803,-2.47658475663,-2.10071601453,-4.22090641708,-5.02310257795,-9.80269139442,-10.7577833023,-10.625838943,-9.16278845805,-9.9852447001,-8.55653363654,-7.66670923939,-5.69098967565,-1.49311578345,0.728188120921,-0.745384925602,5.38130625522,10.5534148356,11.6781068379	poly	0.2	176000
218888	0,1,2,3,4,5,6,7,8,9,10,11,12,13,14,15,16,17,18,19	34.6662061224,31.4921449045,25.5675465842,24.056827037,23.708931217,21.5464951776,17.3117167099,16.9625256237,19.4611778875,17.0354681041,16.4043636646,17.389528034,22.1952609171,23.1892172868,26.7663785224,25.5718552595,31.456402439,33.4093279616,34.7885702606,39.8681841616	poly	0.2	176000
217092	0,1,2,3,4,5,6,7,8,9,10,11,12,13,14,15,16,17,18,19	27.353281625,24.2898210483,18.436038058,20.6234585949,17.060101065,12.9669584736,11.0137295381,10.5509446843,12.9170392169,13.2660768953,11.7024258933,11.70328139,17.1372304611,18.6449543893,16.6715220378,20.6700894021,21.3509407195,25.0379506928,29.2129901994,34.4998586627	poly	0.2	176000
216105	0,1,2,3,4,5,6,7,8,9,10,11,12,13,14,15,16,17,18,19	8.28746121936,2.17423282992,0.808555837525,-3.40404315621,-3.28618539866,-2.0892771653,-6.60202800026,-8.55396142152,-7.69720097515,-5.41716140591,-8.75347518416,-5.27233339166,-3.82626857556,-1.4394508492,-0.300255417224,2.88874411797,1.72809112339,8.71956111883,10.4289552623,16.5092378158	poly	0.2	176000
217110	0,1,2,3,4,5,6,7,8,9,10,11,12,13,14,15,16,17,18,19	23.0485295948,21.206472652,19.8288917161,15.2804559518,13.286889581,11.7045142978,12.2683564807,9.56530428395,12.0191144972,10.9353880468,12.2296465225,12.5146365539,12.7930340763,12.9498090557,17.6407791123,17.4724871274,18.6119921426,22.8635606831,27.619640909,30.7293218311	poly	0.2	176000
218178	0,1,2,3,4,5,6,7,8,9,10,11,12,13,14,15,16,17,18,19	5.05946054209,2.3410733797,-1.96333644809,-5.75039636446,-7.90753111533,-8.60224216212,-10.8239587451,-7.41833706132,-8.28071920629,-12.228753253,-11.9424641395,-9.14241473354,-7.50351460254,-4.99791259449,-5.1532249446,0.853112765982,3.00777975058,3.84209095523,10.3386322907,10.1279640459	poly	0.2	176000
219759	0,1,2,3,4,5,6,7,8,9,10,11,12,13,14,15,16,17,18,19	9.25139986255,6.0915511139,-0.381702711518,-0.0990245870523,-1.43414666607,-6.39381603489,-7.37115573774,-4.72356377158,-6.43996281005,-4.67047230218,-8.93743189305,-8.19348714789,-4.93743506417,-5.11920245877,0.188134048228,0.182829356833,5.54356441131,9.78479721651,10.1820306045,17.0947364189	poly	0.2	176000
219644	0,1,2,3,4,5,6,7,8,9,10,11,12,13,14,15,16,17,18,19	18.440420956,13.5596069505,10.7306224705,8.66924118487,7.56171514378,6.42391365061,7.62682041601,6.11771152261,1.9542300279,4.75435025672,5.02352952086,5.57643715973,8.1938330856,6.7023009952,10.6381458568,12.0803214002,15.6208391599,17.5843926646,20.7550013321,26.1527633142	poly	0.2	176000
219318	0,1,2,3,4,5,6,7,8,9,10,11,12,13,14,15,16,17,18,19	19.6153423638,11.8395288466,13.4596695281,7.26527338254,8.495383861,5.9782108537,2.99913386868,5.76663945009,3.26796382961,0.836250335374,2.54819224747,6.67379254339,4.46950542924,8.45305922256,9.6898926073,11.1806500697,14.657644862,19.736249242,21.7884295592,24.3063133612	poly	0.2	176000
217039	0,1,2,3,4,5,6,7,8,9,10,11,12,13,14,15,16,17,18,19	30.5268416144,29.5962965539,22.5876099441,22.6377450059,19.2553637415,19.6406575441,19.4881609264,14.1092521055,13.7754352763,16.1673162322,18.3281857312,15.6787719286,20.0471617125,22.2271894049,24.2285279293,22.1388060097,28.3916038842,32.5537511349,35.0265735507,39.3913010508	poly	0.2	176000
218795	0,1,2,3,4,5,6,7,8,9,10,11,12,13,14,15,16,17,18,19	23.004749126,21.7221450276,18.0861917873,14.5483376094,13.8773830846,9.50336310661,8.94211195362,7.97787294654,11.4678167431,10.4233361597,10.8864806885,13.0053757926,12.4709177457,13.0261161753,16.7324969282,18.6682265901,19.7634499026,22.9201492428,28.2097721234,31.9955185473	poly	0.2	176000
219114	0,1,2,3,4,5,6,7,8,9,10,11,12,13,14,15,16,17,18,19	4.85644037053,-0.237978960099,-2.76282813251,-5.81717147452,-5.49910218761,-11.2282322062,-10.7753496451,-12.5545374296,-14.1516042594,-13.0820332159,-11.5906919872,-9.64180729742,-10.964936388,-8.58384870423,-5.64902563963,-4.42494231606,-0.958520912213,0.342131047887,3.91736342418,11.030762317	poly	0.2	176000
217928	0,1,2,3,4,5,6,7,8,9,10,11,12,13,14,15,16,17,18,19	3.43920800851,1.39206830446,-2.37984995131,-4.26392432734,-5.06495324178,-6.17398066227,-9.60853816982,-10.3719758401,-9.12440092993,-9.44927214233,-8.88580902652,-9.52200297189,-8.59440547659,-5.52181217885,-4.16275944357,-2.01844902945,-1.19506705236,5.64484396952,6.75983662284,9.852087467	poly	0.2	176000
216854	0,1,2,3,4,5,6,7,8,9,10,11,12,13,14,15,16,17,18,19	7.05157999262,3.76089971985,4.69929149917,0.985514671975,-3.57017954192,-4.95449425986,-6.18630643629,-3.92767493203,-4.4201680237,-8.33270070021,-6.06594520025,-3.74959515631,-4.84293781573,-3.16508576473,2.29340658399,3.23976567088,5.91778739635,8.75413869079,13.2657592231,17.848531162	poly	0.2	176000
219585	0,1,2,3,4,5,6,7,8,9,10,11,12,13,14,15,16,17,18,19	33.4797480922,29.6407177032,28.6108874781,26.1486850438,25.0018144373,23.5144796067,17.8023071754,17.9337417091,17.1301055277,19.9816638945,19.173611668,21.1831746076,21.0730866136,25.3909852265,23.0628981058,28.0710710695,31.6767197798,30.9626565697,36.8606218438,39.7304039384	poly	0.2	176000
216160	0,1,2,3,4,5,6,7,8,9,10,11,12,13,14,15,16,17,18,19	-4.10313867112,-5.00995818181,-9.24826600905,-11.7101183224,-15.7614808184,-13.4380422668,-18.0647800875,-15.7094623607,-19.2256914739,-15.2480270018,-18.0689531208,-14.4866312604,-15.9361262259,-12.6905447164,-11.8500097558,-10.6375490937,-6.70178641425,-4.16773525276,0.175776383356,5.87748057899	poly	0.2	176000
216862	0,1,2,3,4,5,6,7,8,9,10,11,12,13,14,15,16,17,18,19	14.0172877155,11.2310443007,8.64386847249,7.39893433982,8.32252896177,2.81400060036,3.8703164666,1.53701209949,0.847386495398,1.65883427663,0.60231152657,3.7670143501,4.97816236557,4.87504188947,10.2862283197,9.2209524847,10.6042753186,17.7983421712,21.5838237204,21.8894411834	poly	0.2	176000
216295	0,1,2,3,4,5,6,7,8,9,10,11,12,13,14,15,16,17,18,19	8.14375161842,5.22120769402,-1.41204930844,-0.411678629647,-4.73317646484,-6.4130010203,-4.62054590205,-7.9243077942,-7.14756938998,-6.2252796819,-8.94062261202,-4.9584082397,-5.61018783482,-2.30745311035,-0.14457976131,1.05810232919,1.85183206101,5.36702229382,10.142646307,15.7988556092	poly	0.2	176000
216173	0,1,2,3,4,5,6,7,8,9,10,11,12,13,14,15,16,17,18,19	1.03532241471,-3.82317372872,-5.27362588777,-5.93901422084,-11.6795260468,-12.2024511683,-13.1335450061,-13.2865923857,-12.5216050053,-12.1139470587,-13.9873203639,-14.6218856924,-8.61636026951,-8.1257664954,-7.11014736288,-5.34180659971,-0.296986686237,1.80146567469,4.52725571126,10.2800151999	poly	0.2	176000
216986	0,1,2,3,4,5,6,7,8,9,10,11,12,13,14,15,16,17,18,19	33.8442123654,30.2525524379,23.7672940002,21.9771364164,18.8568807857,20.2822867959,18.9928227783,15.5762962658,17.0864948571,16.5052534168,19.3129930327,18.262438593,21.3255170034,23.0875425534,21.0637481076,25.2932688817,28.4224391896,32.7689263193,34.5997417664,40.0079740381	poly	0.2	176000
216958	0,1,2,3,4,5,6,7,8,9,10,11,12,13,14,15,16,17,18,19	16.1360208226,14.3905428567,10.5707286059,10.3000860788,8.50883166649,7.13819754729,1.53413553168,2.84294286358,3.65463191903,0.368513805595,0.321552985048,3.26933220157,5.4227542968,5.66768418534,7.96199022371,11.9593491536,14.6568552111,15.074072477,17.9800393696,26.3044446986	poly	0.2	176000
216686	0,1,2,3,4,5,6,7,8,9,10,11,12,13,14,15,16,17,18,19	-5.50413566578,-5.74852159927,-9.6992563348,-12.4041588714,-13.8977482963,-17.4821011212,-17.5711224791,-16.1482277176,-17.584556057,-16.3977441317,-16.9894202404,-18.3762272948,-14.9286156016,-14.1143931534,-11.6651345677,-8.35514334584,-9.90328797465,-2.686187278,-1.94605643338,5.67608834417	poly	0.2	176000
217598	0,1,2,3,4,5,6,7,8,9,10,11,12,13,14,15,16,17,18,19	33.5488613528,27.3824211431,27.8658990067,26.0969881563,23.0892322365,21.4060193052,17.0099147657,17.4684406732,19.1126198455,17.0869161995,15.8709570631,17.0278227478,22.0271707079,20.7246945469,25.0155425241,26.7766494947,27.0758077056,30.5627700744,34.6523515026,40.2998613443	poly	0.2	176000
216717	0,1,2,3,4,5,6,7,8,9,10,11,12,13,14,15,16,17,18,19	23.0056329783,19.406592914,16.0917661573,15.0225190015,11.7783653822,11.2581006513,12.3970985597,10.5117522997,8.5577634411,9.29276470843,8.05736875728,12.8205788435,11.4415767851,14.5331705549,12.8894342387,17.7525825548,22.1466895296,23.9965273389,25.5976841132,32.9216148029	poly	0.2	176000
217184	0,1,2,3,4,5,6,7,8,9,10,11,12,13,14,15,16,17,18,19	12.7513623373,8.49350129341,7.5282253634,3.46803114292,0.222250716601,1.51864176665,-3.90529003373,-1.87279806571,-1.02654702026,-4.16893543533,-4.37547030592,-0.810522826055,-2.20108297693,-0.189228569839,1.61513922701,6.59205849178,9.93908375865,11.1070160819,14.6231987151,20.5912404269	poly	0.2	176000
217378	0,1,2,3,4,5,6,7,8,9,10,11,12,13,14,15,16,17,18,19	20.5580024475,21.1457967742,15.7091958808,14.4072864835,12.69566373,9.97123488217,10.0328181825,7.16308260154,5.74894116073,8.33037313422,9.27016677001,10.1149555579,12.4608257991,12.4134731118,15.4368803735,14.9577861304,20.9005496854,20.4763585322,26.4105584781,28.0129346387	poly	0.2	176000
217913	0,1,2,3,4,5,6,7,8,9,10,11,12,13,14,15,16,17,18,19	29.7620511274,24.8729526729,21.0892842138,21.446967047,20.0895103844,16.4392684736,14.5209283322,13.6919639114,15.0366069754,15.8070348975,13.7862187557,15.2049819781,15.2165623188,16.0459970845,20.4094147178,22.0036324482,24.9552385303,28.0115223884,29.8280638857,33.8940311849	poly	0.2	176000
216469	0,1,2,3,4,5,6,7,8,9,10,11,12,13,14,15,16,17,18,19	24.5091015759,20.9464829085,16.9609748711,17.8976627695,15.2600859416,13.2119556956,13.0444627792,10.3592539119,7.4013378068,8.4379704352,9.18529036896,9.20333057741,9.70131816574,13.7743748867,14.0465995354,19.0229377566,21.7845465136,21.6540067824,25.4289311204,29.5653424093	poly	0.2	176000
218169	0,1,2,3,4,5,6,7,8,9,10,11,12,13,14,15,16,17,18,19	25.400377296,21.3213756215,20.3121903959,18.5713756487,16.5510939053,11.4929274209,12.3646355764,11.3359769141,9.40423357174,11.4596363429,11.2765091885,14.1618103929,15.4535972328,17.7876693928,16.7593844598,21.1347816617,20.930472974,25.2853688617,27.1009783884,34.0701927529	poly	0.2	176000
216641	0,1,2,3,4,5,6,7,8,9,10,11,12,13,14,15,16,17,18,19	4.76071629459,0.543897146569,-0.608018310161,-1.98014005145,-4.10217130064,-7.03657275117,-10.9152645172,-9.95625543245,-8.10424550141,-11.3788838151,-9.30317502698,-7.71351922241,-5.25868691132,-7.90925936887,-2.20678575975,-1.50615161072,3.35788846817,6.50894568092,7.08125142928,10.5947728146	poly	0.2	176000
218507	0,1,2,3,4,5,6,7,8,9,10,11,12,13,14,15,16,17,18,19	8.71575036981,7.90958151327,0.336653485759,-1.54277099746,-2.36728640829,-5.4497427665,-4.80724325981,-6.99257710208,-7.9579441912,-6.36160144017,-5.09967961342,-3.87562159914,-4.96708406518,-1.02400728305,-1.30482502062,2.80540625668,3.72391651499,10.9414183293,11.3081368592,14.5608391062	poly	0.2	176000
217989	0,1,2,3,4,5,6,7,8,9,10,11,12,13,14,15,16,17,18,19	3.26465479494,-1.87553593506,-1.41345733789,-7.64147024613,-9.66993664599,-9.03412801566,-12.1545111257,-13.3217987057,-12.4623723995,-11.3758968779,-11.1784773855,-9.37768729651,-7.59678775749,-9.05446286514,-6.56821087388,-1.59313180898,0.828506900629,2.68807459212,8.18212494575,10.1189984391	poly	0.2	176000
216175	0,1,2,3,4,5,6,7,8,9,10,11,12,13,14,15,16,17,18,19	13.7144672461,12.5699516169,6.86309213614,6.55581245109,7.09498120939,3.15365887671,0.646467735161,-1.14132204034,2.31622680005,0.638221635381,1.09497552299,2.46874400513,4.30596499893,2.9221141946,5.76164063682,11.523043271,12.387109024,17.0545965843,20.7889380393,21.1025356892	poly	0.2	176000
219078	0,1,2,3,4,5,6,7,8,9,10,11,12,13,14,15,16,17,18,19	21.8384860078,22.310355195,14.9383540883,15.7170187281,13.3461526378,9.7033251928,7.59598654281,7.45943493172,10.6636106763,10.8112712571,9.67298543187,11.981205752,13.5737140947,11.2590229318,12.7168822374,18.2131410016,21.4468046092,23.4476513704,24.9311000203,32.6578501489	poly	0.2	176000
216219	0,1,2,3,4,5,6,7,8,9,10,11,12,13,14,15,16,17,18,19	31.7630387154,29.1983982399,26.3644106423,25.2107500905,20.3867659689,23.1381959761,21.5766175643,20.8642168277,18.0344137028,20.8845860354,21.6795145095,17.9550341956,23.3630083441,23.5194186679,26.9538200467,26.7949414104,30.9438236191,31.9352871218,38.9066871298,42.2886202005	poly	0.2	176000
218391	0,1,2,3,4,5,6,7,8,9,10,11,12,13,14,15,16,17,18,19	23.5220369869,19.5959424014,19.7009522088,14.407611661,13.3543440596,15.0676786401,12.2294548766,9.42936436657,9.92158457566,8.63254983847,10.5053635674,14.2691318674,15.6996631164,16.8016729632,19.2014524996,21.181417739,21.2296497246,25.5050212618,27.922977211,34.5229106854	poly	0.2	176000
218321	0,1,2,3,4,5,6,7,8,9,10,11,12,13,14,15,16,17,18,19	4.86975279284,-0.493863641623,-1.20116515149,-6.58356334056,-7.27545865029,-8.75315291486,-8.1510655328,-9.24864508071,-13.3186442971,-9.09479461346,-9.44133643587,-11.2805853116,-6.69343309709,-7.82687934347,-5.67474682696,-4.51394631355,2.12050243912,1.82661192565,6.23502982921,10.0539028535	poly	0.2	176000
216138	0,1,2,3,4,5,6,7,8,9,10,11,12,13,14,15,16,17,18,19	27.2752201889,27.124138078,23.5906638351,20.8628725979,15.7243133351,16.7966448958,14.3570856054,15.7665290788,16.2693546959,13.5347576414,15.7153380757,14.2770010156,16.4925220972,16.7828762432,18.1820571272,23.5164427001,24.3953912002,28.4087068344,34.1983038295,34.3310206074	poly	0.2	176000
216400	0,1,2,3,4,5,6,7,8,9,10,11,12,13,14,15,16,17,18,19	20.9531689613,17.2714440284,16.9717228683,12.3909545742,11.5211288342,10.5641988661,10.630883988,9.6028587082,8.81813365895,7.22119172862,8.36894048415,10.3165567924,11.961814376,11.6345049409,13.0758108749,17.737748791,18.8200993621,23.7847986958,24.0695329172,29.3279933813	poly	0.2	176000
217901	0,1,2,3,4,5,6,7,8,9,10,11,12,13,14,15,16,17,18,19	17.3330585974,14.0453806934,11.1690951532,11.6847284929,10.092666911,6.28690132599,3.39553543779,3.64847146663,3.55653494424,5.337554838,6.7141122854,5.51827952646,5.87072160698,6.52769227948,10.8701836523,12.6057120921,17.1073859304,20.8771620589,22.7418464366,27.8575577803	poly	0.2	176000
217094	0,1,2,3,4,5,6,7,8,9,10,11,12,13,14,15,16,17,18,19	31.9048063553,25.4178261312,24.5353545697,23.3377101377,18.9434082973,19.9779284277,14.9797690955,17.32502703,16.9901659662,17.2415062983,14.9221464362,17.2325843779,19.4624104807,22.6011203551,21.299851342,23.9231490424,26.9538640349,30.7057283561,36.3999042283,36.1836193799	poly	0.2	176000
217523	0,1,2,3,4,5,6,7,8,9,10,11,12,13,14,15,16,17,18,19	11.9017186582,11.3121318191,6.75846125418,2.90213288239,0.656338402961,-0.825225444461,-1.19903808014,-2.77957651476,-0.721364276262,-2.74400275691,-0.216438203147,-1.65996339572,0.0201452744542,5.01878886728,5.30048217578,9.59227247946,9.18056444245,13.8037467832,17.1652692094,20.5263982025	poly	0.2	176000
218567	0,1,2,3,4,5,6,7,8,9,10,11,12,13,14,15,16,17,18,19	23.463463522,24.0705862775,20.2275505352,18.3217656192,13.4114150465,15.1988824628,11.8697629964,13.5736900419,10.8228815023,13.3598916048,10.3469154131,11.7785036712,16.2286011964,13.0050166841,19.3315365688,17.7238697177,20.351950855,23.4829097259,30.7319959256,32.9556201304	poly	0.2	176000
216923	0,1,2,3,4,5,6,7,8,9,10,11,12,13,14,15,16,17,18,19	8.8178348371,2.80633700536,0.24268680877,-1.49870490573,-3.76202041059,-5.09215648266,-5.27327751509,-9.3893270496,-5.82460438001,-8.56173595487,-7.06147562115,-6.93350335262,-3.19734876388,-1.20662064067,-0.467636027097,0.459526123194,2.99046732637,7.29960042851,8.46646676378,15.8067448282	poly	0.2	176000
217409	0,1,2,3,4,5,6,7,8,9,10,11,12,13,14,15,16,17,18,19	18.2734355905,14.5074028687,8.0255188635,10.0384766647,4.96146191272,6.47014714856,2.88817352617,4.56156026548,3.24139590652,3.35316984357,2.64289110523,5.20532448251,4.68108021742,5.57843211795,8.36191487843,8.95266857757,11.5570606992,17.9782681781,21.7057389128,25.7762063711	poly	0.2	176000
219794	0,1,2,3,4,5,6,7,8,9,10,11,12,13,14,15,16,17,18,19	2.92314805568,-0.992998736313,-7.36529246961,-6.52022022993,-7.15399752621,-9.0602146047,-10.4920531919,-15.33380661,-12.4666823421,-14.7038597995,-12.5648197683,-10.2027138468,-12.7681519966,-10.0132177409,-6.00787059383,-3.57982121378,-4.18171205629,0.463773709215,5.74188133095,8.32433426038	poly	0.2	176000
216795	0,1,2,3,4,5,6,7,8,9,10,11,12,13,14,15,16,17,18,19	-6.25354003919,-9.38739066263,-10.116523088,-15.4753004822,-18.4264672647,-16.7227703917,-20.7236233953,-19.0369183045,-19.2453107871,-22.5241392609,-18.9359816526,-19.9651416047,-17.565862084,-16.9961902347,-14.3368762382,-10.9230001382,-9.06714239762,-4.64938491764,-3.80716260075,3.78598080851	poly	0.2	176000
216857	0,1,2,3,4,5,6,7,8,9,10,11,12,13,14,15,16,17,18,19	22.4103531827,20.2936296756,15.6090779813,11.7195683133,9.81371518145,6.81559426093,9.50903290611,5.26153588592,7.57600484108,8.67802036112,5.56067710725,10.3159689038,9.19065884599,8.45266539831,10.9037859661,13.4979437474,16.2950510697,22.1143080743,26.8969494936,26.894327075	poly	0.2	176000
216998	0,1,2,3,4,5,6,7,8,9,10,11,12,13,14,15,16,17,18,19	21.1456904271,18.0028714592,16.5380376131,13.0806660496,14.8726816083,12.7830501939,8.83613658791,9.33302538267,7.89935587713,10.9828190659,8.62504123493,9.25249244306,11.9089890631,14.8568279,14.9334819514,18.0252962338,19.7464958653,21.2719110554,24.8619193683,28.4644282765	poly	0.2	176000
219826	0,1,2,3,4,5,6,7,8,9,10,11,12,13,14,15,16,17,18,19	6.71839347503,4.50647763086,1.9912488015,-2.80584731452,-6.18712984825,-6.51825680839,-6.01383924103,-7.55214276581,-9.2583503869,-6.42107076684,-9.74929666356,-6.61809404903,-4.51555648734,-6.35640405451,-2.31914798237,1.19463105519,0.766572321757,6.94198820262,8.86883797634,11.7761686852	poly	0.2	176000
217109	0,1,2,3,4,5,6,7,8,9,10,11,12,13,14,15,16,17,18,19	3.94796990448,-0.572870584916,-5.16575750315,-5.58777149025,-6.94364968059,-10.484129565,-12.0210301564,-10.3177268487,-11.9762126411,-10.4087050474,-9.40832622563,-7.9067702853,-6.55735160878,-7.08637047375,-5.3876611492,-3.589876715,0.176445248534,1.89122416372,5.91592740713,10.8223031012	poly	0.2	176000
218658	0,1,2,3,4,5,6,7,8,9,10,11,12,13,14,15,16,17,18,19	-7.10806049193,-7.70356470961,-10.62656188,-16.4350690271,-17.3760009358,-20.9506729896,-20.4473277003,-18.581925553,-21.1872611343,-20.4715033036,-21.9793189824,-19.9996433753,-18.1627037008,-17.9994555503,-16.8657793759,-11.9751763835,-8.98543208812,-6.15000033353,-1.8149880411,3.04790543596	poly	0.2	176000
218936	0,1,2,3,4,5,6,7,8,9,10,11,12,13,14,15,16,17,18,19	-5.29728711266,-7.72949297442,-10.1529812859,-15.2665742273,-17.4655334482,-17.649281637,-19.9737268878,-17.8015063827,-19.1413974856,-19.1757104023,-20.4315886935,-17.7336772745,-17.9005060673,-14.3801700352,-14.600878111,-11.741160342,-7.32770309822,-5.79962051058,0.0962967677547,2.3066425603	poly	0.2	176000
218846	0,1,2,3,4,5,6,7,8,9,10,11,12,13,14,15,16,17,18,19	18.6404737334,14.5895526693,12.2646431573,9.3555847822,8.49860389953,5.16806129148,4.99213806157,1.55892776139,1.662256386,5.10896077532,5.89081189578,2.07561979008,4.40095066762,7.06814298627,11.319250613,11.8496105336,12.9215186157,19.3320870012,19.3801428189,24.5814872249	poly	0.2	176000
216874	0,1,2,3,4,5,6,7,8,9,10,11,12,13,14,15,16,17,18,19	-4.135528564,-2.72264242185,-5.84484255901,-10.7260721858,-10.3210270605,-14.0515235481,-12.610810541,-14.9840723513,-13.9861873662,-14.8408671665,-17.6565936822,-14.6712571533,-14.6954549519,-12.8142718518,-12.0432468184,-7.34202265775,-3.85021864249,-0.396449975159,3.61322416071,6.49300538936	poly	0.2	176000
216331	0,1,2,3,4,5,6,7,8,9,10,11,12,13,14,15,16,17,18,19	11.0620611989,5.19587456075,2.66048561309,2.43073500428,0.894563454652,-1.90776462802,-1.44071682408,-3.90668958294,-3.23583197577,-6.53592904427,-3.38807944669,-4.21729579431,-3.38697320393,1.37385744523,-1.1014703791,4.40939512377,4.42832689203,11.096072168,11.1903491877,19.6343682707	poly	0.2	176000
217325	0,1,2,3,4,5,6,7,8,9,10,11,12,13,14,15,16,17,18,19	25.8349096898,20.9262420375,20.4260004002,20.2804614513,14.8494228147,14.801457794,13.8198679179,14.2259141096,12.62123146,10.0406554984,9.83586634889,14.3789305143,14.5060005141,15.1051469173,19.6291708358,19.0658616859,22.8622022517,25.8963394898,32.1806874655,34.6041774147	poly	0.2	176000
217694	0,1,2,3,4,5,6,7,8,9,10,11,12,13,14,15,16,17,18,19	11.4350584317,3.44023906484,4.88278004646,0.022985587224,-3.24173718147,-4.40407771487,-6.24046694587,-2.6234725894,-4.52939411398,-5.75601363105,-3.44417974193,-2.98718571456,-5.27388374087,0.336751748584,0.424236485149,5.17320410474,7.81657993571,11.0168232493,11.0641133779,15.6092881831	poly	0.2	176000
218883	0,1,2,3,4,5,6,7,8,9,10,11,12,13,14,15,16,17,18,19	22.7232902024,19.8406148014,17.0928132156,16.4373651087,13.9811348846,13.5067338019,12.8770103059,9.82409272606,9.42223346881,9.79372770231,11.8634361786,11.5319524486,11.1640573683,11.6922826922,17.0856448457,16.6233636972,20.4802307966,23.6886942201,28.7718329181,29.1777678934	poly	0.2	176000
218648	0,1,2,3,4,5,6,7,8,9,10,11,12,13,14,15,16,17,18,19	-1.73113257121,-3.43317551021,-6.30138337227,-9.54075014225,-10.5527513359,-13.8923152629,-15.8247817221,-16.0357201733,-16.1471474738,-15.9488133244,-16.9127066879,-16.5362897651,-13.193428245,-11.0932000323,-12.6264813032,-8.94580201,-5.97671660793,-1.31888679547,3.64876629307,5.51479596219	poly	0.2	176000
217486	0,1,2,3,4,5,6,7,8,9,10,11,12,13,14,15,16,17,18,19	9.37696070012,7.84932975914,4.59930329604,2.72555017683,-0.253203578169,-0.997905718595,-5.45892470207,-1.67195389297,-4.8759767504,-2.30984973772,-3.8084507236,-2.70259874233,-0.330862556122,1.12876067051,0.0570550461894,6.20934705637,9.17362234063,8.19986695069,13.7401229992,19.6025633246	poly	0.2	176000
219052	0,1,2,3,4,5,6,7,8,9,10,11,12,13,14,15,16,17,18,19	19.3358857151,13.2521712384,10.0180167771,9.92462699972,8.88194691087,7.45757469065,6.64485385258,5.24893004892,2.54363294056,4.97034444911,5.7610781917,6.73670459802,4.51695152179,7.89299722252,8.82999286235,10.3194470067,13.9915434722,19.4933942166,20.2012590973,28.339077995	poly	0.2	176000
218807	0,1,2,3,4,5,6,7,8,9,10,11,12,13,14,15,16,17,18,19	3.07356577134,-0.432074580393,-5.22688116019,-7.85675133276,-6.45626472031,-12.7002465205,-9.91842066885,-10.7914351973,-14.9146959926,-11.7802911679,-9.92609465981,-13.3521295715,-10.5275622412,-8.41790081557,-5.30978851502,-4.93672613411,-0.640587515513,2.28258382996,5.46346275272,10.4840125404	poly	0.2	176000
216527	0,1,2,3,4,5,6,7,8,9,10,11,12,13,14,15,16,17,18,19	10.4831436744,9.86129399234,5.1566614605,4.83135476462,2.57448468317,-0.937039402119,2.16078169157,-1.33928442093,-3.65474016707,0.00295343268379,-0.568889929715,0.0850034344016,-1.26093154492,3.83735497337,6.41287498215,5.66533566446,8.65647561612,12.9947869777,14.3640351705,22.4406337845	poly	0.2	176000
219529	0,1,2,3,4,5,6,7,8,9,10,11,12,13,14,15,16,17,18,19	1.90761890187,-2.60783512679,-4.18855250087,-7.42553758319,-9.16526434181,-9.08078598492,-8.06638531155,-12.2044500852,-10.3563605169,-11.6313381174,-12.6980391366,-8.167975534,-11.3706560231,-5.47194172521,-4.17871000201,-3.0564797134,-1.71659963735,1.02306466739,7.12901836355,12.7722970353	poly	0.2	176000
218333	0,1,2,3,4,5,6,7,8,9,10,11,12,13,14,15,16,17,18,19	27.5006252347,23.5834482779,23.7132022387,21.0582570282,19.3450226459,19.1520949744,17.8386545008,13.2253648264,15.009489114,15.0605297156,16.3029483419,15.3574485157,18.6752297539,20.5456933738,18.8901372108,21.7048253945,26.0917126678,28.6347475165,30.6107129342,35.7645167175	poly	0.2	176000
217528	0,1,2,3,4,5,6,7,8,9,10,11,12,13,14,15,16,17,18,19	18.0774994068,13.0826951244,12.8774635779,7.85657178271,8.82933245174,6.67617743427,6.95962761999,3.62426694262,4.36127867845,1.65304720751,3.4716485003,5.62050760117,5.20686165112,7.04538599388,7.47012236556,13.0184421108,13.3612472025,19.9486761825,22.8581182545,28.1321440923	poly	0.2	176000
219686	0,1,2,3,4,5,6,7,8,9,10,11,12,13,14,15,16,17,18,19	-6.17151114151,-11.2013471254,-12.9175181642,-16.2106149471,-19.4814905881,-19.3628803987,-18.3101187879,-23.0540794543,-20.0678422473,-22.3157942977,-22.3881737533,-20.7181967967,-18.3204744747,-15.9886430107,-16.6705668162,-14.9242257223,-12.5934038416,-8.69064552498,-5.67136185545,0.807109777451	poly	0.2	176000
219507	0,1,2,3,4,5,6,7,8,9,10,11,12,13,14,15,16,17,18,19	8.98251029155,3.22076776869,1.93228192507,-1.64198541313,-1.26850556138,-4.44053842181,-6.39760087745,-5.73410090107,-5.14612258347,-6.42763579043,-3.65593395474,-2.57321286966,-6.03479725633,0.242116792536,-0.233143986416,3.09111341874,7.41395671851,8.84904387161,13.2237301042,15.6203782197	poly	0.2	176000
219277	0,1,2,3,4,5,6,7,8,9,10,11,12,13,14,15,16,17,18,19	22.0513558308,18.5767149151,15.1480075985,13.2861458855,7.90555526114,7.86008285661,8.62549601891,4.07114034957,2.96272337375,6.3747765721,4.29761426474,8.51051231007,7.30818240294,6.74719009175,9.2523226588,16.0244229578,17.5756669994,17.927560696,24.1790485178,24.8236060834	poly	0.2	176000
216274	0,1,2,3,4,5,6,7,8,9,10,11,12,13,14,15,16,17,18,19	-4.26728049786,-3.9417618846,-10.1639655863,-13.2420975747,-11.9093442794,-14.8188322184,-17.3883554672,-14.7881708851,-18.5994521843,-15.2485448153,-16.1397898198,-14.0027498529,-13.4333635293,-14.2120447197,-10.9360991888,-10.7933233997,-4.96378459062,-4.94026333501,0.70325182647,6.28926695246	poly	0.2	176000
218089	0,1,2,3,4,5,6,7,8,9,10,11,12,13,14,15,16,17,18,19	2.15835446278,-0.160613045816,-6.40117142767,-9.21847281344,-10.0399885544,-9.14976196368,-10.1263829851,-10.4256552157,-14.4614018413,-13.4602093005,-10.4421160874,-13.2528174705,-10.6278622759,-8.96085722204,-4.64336835681,-5.89902075152,-0.161899882573,0.899603353693,4.21212425504,6.78025177983	poly	0.2	176000
216132	0,1,2,3,4,5,6,7,8,9,10,11,12,13,14,15,16,17,18,19	34.6738604761,28.7668057043,30.007983584,24.5284205605,22.3937457631,21.3818170205,21.7067882901,21.012240575,19.9386977028,19.2552047663,21.1899408099,20.8155331717,20.0577247459,26.1916227097,23.4741599487,29.2959732852,33.183476695,31.7782688472,39.3047949581,39.3876697295	poly	0.2	176000
216103	0,1,2,3,4,5,6,7,8,9,10,11,12,13,14,15,16,17,18,19	9.11854160935,6.94928264566,0.787837024267,1.04236866143,-4.37358413499,-4.45937452332,-7.3513310288,-6.53135467689,-6.40514298234,-5.90740881447,-3.91487405482,-6.64132404465,-3.71201791785,-0.226236590236,-2.17005250303,1.10657434491,2.47271077729,9.70579146811,10.7796878339,17.9681207806	poly	0.2	176000
219539	0,1,2,3,4,5,6,7,8,9,10,11,12,13,14,15,16,17,18,19	8.17407943977,7.22030633377,3.74984390356,1.94942621226,-2.32363227864,-0.768779094864,-3.51868538306,-3.73301635858,-6.12688707918,-3.79537477505,-6.37480165459,-4.69476706579,-3.77250806978,0.883303373749,-0.272755323998,5.23735944115,5.73493422831,8.47602827788,12.3546800635,16.5392913852	poly	0.2	176000
218642	0,1,2,3,4,5,6,7,8,9,10,11,12,13,14,15,16,17,18,19	-0.584776574729,-2.71608006239,-7.18714842204,-10.4850216736,-9.2180521659,-12.761631224,-13.2175922381,-16.677412751,-16.1028368488,-15.3175020723,-15.6257162607,-15.1434526937,-10.3515714027,-12.7986840817,-7.40214996489,-7.73048848003,-5.92706780721,0.931531488461,4.87003999191,8.3965182165	poly	0.2	176000
218379	0,1,2,3,4,5,6,7,8,9,10,11,12,13,14,15,16,17,18,19	34.3280438505,29.1270300814,30.1068266268,24.2222340963,26.7597985937,22.9093756127,22.7000994875,20.9555527362,19.582885399,19.6849830306,19.4397395279,21.3968028382,25.0687919589,22.5290656998,27.6317915281,29.9237333335,33.0758996046,34.0044620388,36.7241184591,40.454715558	poly	0.2	176000
219416	0,1,2,3,4,5,6,7,8,9,10,11,12,13,14,15,16,17,18,19	16.0995690902,9.92650026351,8.96146165019,6.69616047877,3.08087426014,3.22173131197,2.13489384973,3.35056655812,0.0519236983818,-1.00256939964,1.48299471162,1.75844617267,2.22452981131,6.46396344156,7.41091478214,7.57324458519,9.73862439542,16.2464505768,21.060868862,23.6550263682	poly	0.2	176000
219356	0,1,2,3,4,5,6,7,8,9,10,11,12,13,14,15,16,17,18,19	31.4447700919,27.0518813889,24.6741128104,24.5878228566,19.7061993947,18.1732691784,18.193990503,19.878139017,17.1526509085,20.131665044,20.8096670933,18.4324741264,20.9817999383,20.0684932227,23.3860312132,27.5545824086,27.8288339444,30.0145353125,36.8582360493,42.3274229577	poly	0.2	176000
218755	0,1,2,3,4,5,6,7,8,9,10,11,12,13,14,15,16,17,18,19	24.1287315522,21.2612151793,20.5212232925,19.6219837728,14.0569013131,11.6207047541,10.4450796756,10.1769053879,13.2923433825,9.88325287432,13.3792051245,13.8542443281,14.8387247315,17.8198030202,19.0150601017,20.9199749229,21.1656058165,27.5080520838,29.964372577,30.9912779302	poly	0.2	176000
218937	0,1,2,3,4,5,6,7,8,9,10,11,12,13,14,15,16,17,18,19	10.2786271001,6.09096919934,6.82808234925,1.72681816518,-0.558155313316,-0.884314496096,-0.675148708047,-3.26016531051,-5.10358315338,-3.1146211467,-4.93374170938,-1.24905252784,0.775958128977,0.66161368772,4.14562393938,6.65113407354,6.15616810245,12.3174729936,14.8102873126,16.8416762283	poly	0.2	176000
219385	0,1,2,3,4,5,6,7,8,9,10,11,12,13,14,15,16,17,18,19	-9.2583930801,-9.47620547851,-12.1247667959,-13.5581378865,-19.0310196103,-19.2944750963,-20.7212402111,-20.8116545984,-21.8045188001,-19.3972368705,-20.2312281424,-21.4802270869,-18.1904819956,-17.0666505502,-14.6327017657,-14.375848148,-8.17630558218,-7.33724145815,-2.97239085911,-1.73230648172	poly	0.2	176000
217112	0,1,2,3,4,5,6,7,8,9,10,11,12,13,14,15,16,17,18,19	-2.79928333571,-5.93878462052,-9.02883837403,-11.3695445446,-15.091781142,-14.8311391095,-18.333475692,-18.7802311946,-16.549317197,-19.9671033467,-17.7641277526,-17.6240088112,-15.487724212,-15.8172002152,-12.4036213402,-8.90463472182,-8.28524072637,-5.96105907934,-0.474276202018,1.92440322268	poly	0.2	176000
217972	0,1,2,3,4,5,6,7,8,9,10,11,12,13,14,15,16,17,18,19	33.8683295691,27.3335670716,24.091908647,24.2281280394,23.1370840841,20.3038599357,19.8060609471,18.7573093542,18.4481085827,18.5355032296,16.5275029588,20.6926336843,21.5183097823,22.638724582,21.8219048058,24.5713386358,30.1951759264,33.6917528492,37.2229797518,41.0172851974	poly	0.2	176000
217018	0,1,2,3,4,5,6,7,8,9,10,11,12,13,14,15,16,17,18,19	5.41792661943,0.170050749771,0.25111187025,-4.74542806785,-3.02775055754,-8.44632815781,-8.53892924774,-6.19088211964,-8.85599362563,-8.31925559583,-10.8270504662,-9.68111924498,-4.24642681642,-3.11675817924,-5.26479661254,-0.177233916614,2.7937625087,5.60538262374,8.52611145603,11.3513814445	poly	0.2	176000
216708	0,1,2,3,4,5,6,7,8,9,10,11,12,13,14,15,16,17,18,19	-8.62572343762,-6.92765058571,-13.0098679777,-12.8903047487,-17.808377101,-19.4914776143,-18.8980503137,-21.2815887667,-18.664623685,-18.7068223398,-20.3823525559,-20.1092843563,-16.8615465731,-17.9805891047,-13.4043983742,-11.7572354131,-11.8740763815,-8.55427459419,-1.1358354789,1.74816472161	poly	0.2	176000
217526	0,1,2,3,4,5,6,7,8,9,10,11,12,13,14,15,16,17,18,19	-5.28235761791,-10.5492525175,-12.3404973245,-16.8635288802,-18.5973736178,-16.9949653619,-21.590977215,-17.9609230852,-21.229995021,-19.8618584406,-22.2368437436,-19.8473901068,-20.6037134805,-14.4171894309,-16.5413248464,-10.7874818629,-11.6342194625,-5.74239552084,-1.41505529198,1.32678642031	poly	0.2	176000
216634	0,1,2,3,4,5,6,7,8,9,10,11,12,13,14,15,16,17,18,19	33.4471357481,31.5293465907,27.8909476551,25.9263471852,22.1527185626,24.6330877441,19.0101930732,19.443594972,18.5015401498,20.1728230557,18.3985697585,23.4331724445,23.5789826949,24.1299635478,26.3361055654,30.5914979485,33.1717249721,32.814356895,40.4233470343,40.137050796	poly	0.2	176000
218068	0,1,2,3,4,5,6,7,8,9,10,11,12,13,14,15,16,17,18,19	32.270111706,30.6284505338,24.0737811673,25.1332554052,22.1114385352,17.9744345221,16.4632946743,20.3392796177,18.382488028,18.7009438846,19.0025545704,16.6373694904,21.7779842853,22.2522927034,22.7350322929,24.7295986211,30.1024506707,31.4904920848,33.9608883172,41.5323786389	poly	0.2	176000
218716	0,1,2,3,4,5,6,7,8,9,10,11,12,13,14,15,16,17,18,19	4.45460949235,2.22822796081,-1.98631918992,-1.67690987343,-6.1352396451,-3.35053995607,-5.29189443629,-9.96417542789,-7.29821099787,-8.4031961489,-7.71198104445,-4.7980787067,-6.97508440966,-3.22760598066,-4.12110775649,0.19821213189,4.30603121631,8.00618859157,10.7572072677,13.6068241559	poly	0.2	176000
219847	0,1,2,3,4,5,6,7,8,9,10,11,12,13,14,15,16,17,18,19	23.8750127612,20.3407499387,18.3780830335,19.2555074208,13.153842805,13.1638133984,10.1392555564,12.74518191,12.2879207334,13.7680814056,13.0897886855,13.1483643373,11.4336321574,14.968245342,17.1204278026,17.2928365032,20.6795392033,24.4337012666,26.9537711958,32.1521817641	poly	0.2	176000
217883	0,1,2,3,4,5,6,7,8,9,10,11,12,13,14,15,16,17,18,19	15.8173218591,11.8167737933,11.6668976912,5.18991033809,5.04936001594,3.8587607056,4.7267132328,3.38901385605,3.53965705539,2.9719348861,4.00187752396,2.20567498821,5.07777195534,6.00995719457,6.50041688602,11.3513193267,14.7276211346,15.4595487279,19.721502146,22.0366744734	poly	0.2	176000
218735	0,1,2,3,4,5,6,7,8,9,10,11,12,13,14,15,16,17,18,19	-4.07278206081,-3.47677315554,-8.07557252808,-11.5651986315,-10.9336954649,-16.2247102462,-16.3039135918,-16.7137402641,-18.2687513583,-18.3828629758,-17.5903915338,-16.0669524651,-13.6436383752,-12.4536595676,-13.1581840113,-7.32419826024,-5.79051119751,-0.459448449982,1.65141868314,5.17034370349	poly	0.2	176000
216966	0,1,2,3,4,5,6,7,8,9,10,11,12,13,14,15,16,17,18,19	-2.52477156773,-3.27189082643,-6.9890338389,-10.2831532368,-10.3494641556,-15.4304596944,-13.3738376193,-15.4046761724,-16.1437151058,-16.9177336677,-14.1385887665,-15.2519178846,-14.7789989523,-14.68415163,-7.8641268084,-9.84769896777,-7.1695680709,0.134803998509,0.120082820763,6.13879715531	poly	0.2	176000
217580	0,1,2,3,4,5,6,7,8,9,10,11,12,13,14,15,16,17,18,19	0.316419611249,-2.05576275724,-6.28546953602,-9.87573091706,-10.2976999779,-10.8462153019,-15.9788380033,-15.9494013936,-14.1863816556,-13.9005375993,-14.4607040768,-15.0937825639,-14.172023933,-8.52528653183,-8.1802832174,-8.8643717674,-4.61081561222,-0.698211692344,4.28475865808,8.40541928869	poly	0.2	176000
216846	0,1,2,3,4,5,6,7,8,9,10,11,12,13,14,15,16,17,18,19	26.3530835572,27.6429635952,22.648242261,22.4347203954,17.9840359546,14.5557620123,17.9211808025,12.2517387965,12.3229280715,15.0847728568,16.4716747159,14.4197697506,15.846434426,16.1974693897,19.4144094272,24.4566863674,23.3659977974,26.4249319229,31.8869581552,35.6482002275	poly	0.2	176000
218892	0,1,2,3,4,5,6,7,8,9,10,11,12,13,14,15,16,17,18,19	-3.10513448523,-6.24775984019,-11.3116364105,-10.5218542235,-12.53360509,-12.9429934403,-15.1407580858,-17.4944794587,-17.4350670165,-15.1350536014,-17.8364057449,-15.0492064956,-15.976215385,-13.7420894722,-9.8708389291,-8.21720834267,-8.28811219711,-4.38366149706,2.62390080015,6.12101240376	poly	0.2	176000
216312	0,1,2,3,4,5,6,7,8,9,10,11,12,13,14,15,16,17,18,19	-2.08702684087,-1.61635992523,-9.22688506106,-8.20318490278,-13.6761416613,-11.7820988188,-11.6979533597,-17.2918691265,-16.1960836934,-16.8631916933,-15.5786734915,-11.7428614698,-14.2573468222,-13.6317014428,-11.0690718582,-5.17140054816,-4.8017488192,-3.24115889955,0.444775370646,8.9670456348	poly	0.2	176000
217633	0,1,2,3,4,5,6,7,8,9,10,11,12,13,14,15,16,17,18,19	27.378538451,22.7795628024,20.8534782606,16.7091619582,19.5465700535,14.4552871725,13.3373669346,13.9698950658,14.7272654839,12.3717594525,13.5522020558,15.3182945565,17.6612147336,17.7580560658,18.8984183861,19.2980268866,26.7267621166,27.0772122319,31.8673966057,34.2015092006	poly	0.2	176000
217589	0,1,2,3,4,5,6,7,8,9,10,11,12,13,14,15,16,17,18,19	21.0740913675,18.4843945243,14.3836127387,10.5326197377,10.9301362224,8.21383179637,3.51960077683,5.67092808532,6.27447558345,5.41241690474,5.87822688945,3.953418822,7.29765254348,10.5315759729,12.289738073,12.4172719372,14.5371344786,20.0921013698,21.6850257846,28.0807133588	poly	0.2	176000
217716	0,1,2,3,4,5,6,7,8,9,10,11,12,13,14,15,16,17,18,19	-5.37420286152,-5.33291627047,-11.8175895627,-14.9399338133,-11.9532720927,-18.5241455965,-16.5658933085,-17.0484066416,-16.6300357581,-18.3992616359,-19.5356208064,-16.1389901736,-13.5767216022,-12.0163386323,-11.2893923848,-9.08078449957,-6.41708371006,-5.16789061977,2.04270875217,5.4241388836	poly	0.2	176000
262070	0,1,2,3,4,5,6,7,8,9,10,11,12,13,14,15,16,17,18,19	-113.968600283,-118.83657258,-131.538915528,-127.849565625,-132.619525032,-123.09050506,-88.6592014866,-68.5072685202,-32.1383877535,-19.5002170015,-8.99271842984,-1.50070722827,13.20668969,-3.78952423415,15.4904542762,7.29550284072,12.0374448761,7.60840178523,-2.20411864046,-6.30426098941	growth	0.2	220000
262290	0,1,2,3,4,5,6,7,8,9,10,11,12,13,14,15,16,17,18,19	79.0885248411,89.2972787113,94.29458502,90.9892972882,75.1863855393,88.9660737809,113.716631559,151.636114017,168.449192675,185.775724657,192.778783272,207.037423303,202.49075132,217.620749768,208.549843871,209.06662753,212.788866446,220.213815182,212.635829047,199.687594767	growth	0.2	220000
261280	0,1,2,3,4,5,6,7,8,9,10,11,12,13,14,15,16,17,18,19	-21.3507937528,-2.30224306376,-19.0861861957,-21.9671488623,-13.512630074,-8.46265956866,2.3643287462,39.4835273864,58.2501208125,93.490537651,107.094488341,105.634911713,110.47066439,101.422230662,104.475087465,104.714914836,97.2548413689,119.489459451,122.435548165,103.850886151	growth	0.2	220000
262914	0,1,2,3,4,5,6,7,8,9,10,11,12,13,14,15,16,17,18,19	65.9500303903,54.4547933044,58.1692971573,56.7258806852,56.3341167167,63.9338626007,103.225159132,114.372943663,151.998157506,173.274757053,168.724391494,173.113053854,175.768034605,186.905066665,183.084348365,176.049473664,199.233645804,174.156216727,199.710036471,182.225284289	growth	0.2	220000
260542	0,1,2,3,4,5,6,7,8,9,10,11,12,13,14,15,16,17,18,19	19.1687362079,35.213110912,9.6137409228,19.5739781153,22.7337372917,33.9647020194,56.6907969157,84.5650436626,98.3337961395,132.272959276,139.337477672,137.756050628,156.14689793,137.549514414,149.00588005,136.652407218,156.021106092,154.489136825,145.559622117,156.735568256	growth	0.2	220000
260970	0,1,2,3,4,5,6,7,8,9,10,11,12,13,14,15,16,17,18,19	30.63111886,32.6943008239,33.3362931543,20.5509120715,22.3351987623,42.6863129782,49.5589551575,92.2062928277,122.557118074,129.793094737,154.860357798,149.439059663,154.558702455,160.047882491,143.066521827,166.123330185,155.624908955,149.835320409,153.313209205,162.020483675	growth	0.2	220000
261631	0,1,2,3,4,5,6,7,8,9,10,11,12,13,14,15,16,17,18,19	49.2354701845,67.2280899649,59.5200682954,74.8230673752,61.1197168299,73.9707640486,94.44632856,114.650757041,159.303200847,153.605988339,172.992974658,168.723254751,189.653027262,190.851898319,193.696327605,178.178302671,182.805648448,189.752396626,184.007353337,200.957512708	growth	0.2	220000
262773	0,1,2,3,4,5,6,7,8,9,10,11,12,13,14,15,16,17,18,19	-39.8589756214,-40.2775912007,-62.8293458925,-44.0899867885,-41.4906795396,-42.0388020478,-19.7575503087,2.66856115715,34.2102777903,61.2873433355,69.5246945374,65.8491204431,67.0317383735,62.4987272695,71.2352740963,86.9156592386,66.0772864091,74.3973351257,84.5002778264,87.007374718	growth	0.2	220000
262527	0,1,2,3,4,5,6,7,8,9,10,11,12,13,14,15,16,17,18,19	9.30119045938,30.2735097633,9.80385481946,10.1512720762,21.6327360705,17.903936563,49.3072641397,95.4944738878,118.237657699,130.297858921,138.218487755,130.687642033,141.879486673,142.812924983,139.073212639,136.501784478,154.522304371,157.58625236,154.560626633,159.041813602	growth	0.2	220000
260651	0,1,2,3,4,5,6,7,8,9,10,11,12,13,14,15,16,17,18,19	-111.681621366,-101.688224929,-99.9608361327,-112.745956673,-110.844450077,-104.341377618,-89.2664342904,-45.7339307791,-34.455875942,-18.3086635599,3.00292624511,19.2610635879,16.4519629816,28.1604624034,26.736702999,21.4680570028,28.9836663207,11.3224859556,23.8172803393,14.3834745752	growth	0.2	220000
261991	0,1,2,3,4,5,6,7,8,9,10,11,12,13,14,15,16,17,18,19	18.8715894148,16.3399358845,8.02083436839,30.7195498142,14.2705669939,34.9823172772,56.7306718853,81.9493616925,104.262655977,133.256669347,139.331783852,128.194185239,138.801290175,133.367306978,148.622941099,141.549017285,142.268849722,142.835611275,150.10899899,136.337050025	growth	0.2	220000
260428	0,1,2,3,4,5,6,7,8,9,10,11,12,13,14,15,16,17,18,19	-0.161563867156,1.44029976338,-1.20205412142,10.8483527386,4.39425955964,9.58787372981,33.8304697813,65.5520514872,94.2399057708,93.6224940305,111.462514207,125.801615955,111.719458791,109.448804323,127.860276521,123.865788262,113.484453145,132.212153554,127.80726043,123.437633792	growth	0.2	220000
260594	0,1,2,3,4,5,6,7,8,9,10,11,12,13,14,15,16,17,18,19	51.1222175745,64.395025981,47.3200349963,44.8958019665,54.5900089633,76.6163217324,95.08569251,103.492870078,134.42511308,150.67559739,156.261988461,188.083871701,169.775722701,191.313905401,181.360249197,193.952912219,189.605737857,171.389695511,194.465486064,192.713260297	growth	0.2	220000
262192	0,1,2,3,4,5,6,7,8,9,10,11,12,13,14,15,16,17,18,19	-44.7764494021,-28.5040151185,-39.3677414452,-26.8676400349,-45.2834232656,-34.0983007115,3.9782373028,19.0240846119,58.2503688212,55.5320272892,68.9956880314,72.3063758565,90.2789107537,85.7991580905,79.1142697547,75.9367444055,79.2748789944,85.6536433111,77.1736990787,95.7156344969	growth	0.2	220000
261902	0,1,2,3,4,5,6,7,8,9,10,11,12,13,14,15,16,17,18,19	-55.4642537296,-74.6030507363,-54.9249313574,-66.8044821759,-60.9769805909,-60.0482814741,-36.9451164788,-4.3552076807,27.8695961293,26.6198802043,41.3059180528,36.8714796353,62.6265783893,55.5052675589,63.062656248,53.9433881861,62.3448073931,70.7179223295,44.2156750808,55.5444627538	growth	0.2	220000
263681	0,1,2,3,4,5,6,7,8,9,10,11,12,13,14,15,16,17,18,19	-100.485697342,-96.2682073218,-104.313178003,-106.384139235,-119.5393251,-85.5659814645,-87.9680455916,-54.0866681027,-19.7524616779,2.21815570307,12.179388154,19.0399391041,2.6695534642,29.2905160922,12.738129004,26.1998140223,15.1480898383,12.7609751367,4.87119823681,30.1020829509	growth	0.2	220000
261927	0,1,2,3,4,5,6,7,8,9,10,11,12,13,14,15,16,17,18,19	118.590093814,130.008508249,114.310713621,114.464250456,110.916592957,132.961188512,149.530152047,170.556007707,215.583674014,209.606881985,241.296312277,234.609546202,248.415800343,248.543013457,246.631894784,249.388995113,242.581842884,253.645033663,232.970012954,234.473688485	growth	0.2	220000
261123	0,1,2,3,4,5,6,7,8,9,10,11,12,13,14,15,16,17,18,19	29.3085024148,48.2034381334,35.9607558672,47.3737937737,31.2203868741,40.9404807172,60.3266344817,97.130790626,124.171011759,150.534899772,143.189815988,169.363410729,166.421052373,155.039030317,168.054466443,161.366873348,173.14262872,170.0080118,158.970669989,177.299773636	growth	0.2	220000
260391	0,1,2,3,4,5,6,7,8,9,10,11,12,13,14,15,16,17,18,19	-10.0060651039,-13.4310845483,-11.5121995999,-15.6851191206,-7.70430292394,1.5495699284,31.6502461741,41.51291508,85.7771500592,97.6704297781,94.2127609814,115.630335313,112.396205407,115.353331316,116.109995807,123.908611763,130.895455059,123.146894344,122.027035028,106.686092359	growth	0.2	220000
260560	0,1,2,3,4,5,6,7,8,9,10,11,12,13,14,15,16,17,18,19	76.9727703612,87.9278095445,93.3083914296,72.8302555193,74.4561875256,102.503838964,106.377508599,135.486758798,162.695254256,189.305015055,186.340517509,211.603664262,200.934314514,195.09748411,216.428435076,211.718410151,219.842553916,201.903960048,216.415856446,208.677096919	growth	0.2	220000
262566	0,1,2,3,4,5,6,7,8,9,10,11,12,13,14,15,16,17,18,19	22.4132977889,7.81780420094,23.4847341202,29.6659988355,9.83596583752,36.3770534839,56.3897868976,76.1770402793,104.847350074,122.18719083,117.963758493,138.658452687,148.538253437,141.55549462,141.859710299,152.360835259,135.283881324,131.861140215,140.79331665,143.730831672	growth	0.2	220000
262776	0,1,2,3,4,5,6,7,8,9,10,11,12,13,14,15,16,17,18,19	-42.3041169747,-34.0892820482,-29.7484480043,-46.4572899061,-39.5622643036,-28.0668955078,4.85220088109,33.5314563208,60.4700534032,64.2909873219,72.6538589918,90.6581795524,87.1474904325,82.7970752056,74.7188331824,94.8907632638,90.8395495994,98.2341358587,79.5905749909,85.9243432538	growth	0.2	220000
260768	0,1,2,3,4,5,6,7,8,9,10,11,12,13,14,15,16,17,18,19	-5.15578816365,-18.8573337236,3.56026383997,0.47619850771,-14.661188041,-0.863709756046,30.0977530261,58.503774463,86.2265629962,92.0844389721,106.836042986,102.206982703,104.831068666,106.716940676,131.939169678,110.274624936,118.433855913,118.210798783,106.531231579,126.025324505	growth	0.2	220000
262855	0,1,2,3,4,5,6,7,8,9,10,11,12,13,14,15,16,17,18,19	-48.5684659572,-51.9018134912,-59.0034711359,-61.3715345286,-52.5610174696,-54.0351906374,-10.3856600284,10.8595714888,32.3077672922,58.6941686236,50.9610590224,58.2641199475,83.910711859,75.4263856649,70.5986695694,80.9114691396,63.2677329482,84.0317614605,82.8651603723,78.3629392819	growth	0.2	220000
262248	0,1,2,3,4,5,6,7,8,9,10,11,12,13,14,15,16,17,18,19	-85.58806639,-68.9954862126,-80.6293548325,-81.2837552709,-89.2461776092,-71.8477034101,-45.7384630824,-29.8912406668,19.1024302359,25.7922117992,22.1885897465,35.36650434,45.9278320345,50.7957470147,35.314311973,40.3509669004,58.0039494046,32.0731327765,49.2673901911,46.8051220362	growth	0.2	220000
261188	0,1,2,3,4,5,6,7,8,9,10,11,12,13,14,15,16,17,18,19	-45.8784286503,-67.8143719036,-54.6142608316,-54.7362603617,-39.635466667,-36.5137675458,-11.7801677912,13.6536213371,25.1051923564,38.7157462319,54.6665388149,78.2253085541,70.9693769461,72.171868917,63.0152381126,75.5041197029,74.8473012439,75.2277104432,84.597738888,72.3179001723	growth	0.2	220000
262812	0,1,2,3,4,5,6,7,8,9,10,11,12,13,14,15,16,17,18,19	33.9319617979,34.5978316278,42.3319464881,38.0350287474,46.9281772986,57.7723180979,62.2033967412,114.700239222,117.069261722,144.583951503,147.565981996,176.41361549,166.973566909,170.389316082,169.616499569,164.869971445,162.07898349,160.515198158,159.060078349,166.425892702	growth	0.2	220000
263766	0,1,2,3,4,5,6,7,8,9,10,11,12,13,14,15,16,17,18,19	-84.302659047,-80.4554177302,-84.2170114825,-82.313757843,-78.0272613171,-81.2920575637,-46.4599583869,-20.7962354145,4.6100327131,22.2586388184,23.0428432967,49.3104798511,41.0659216511,48.8805287312,54.2491355423,44.8777806639,50.1238612203,52.0642906452,57.5780385436,55.7509853192	growth	0.2	220000
263583	0,1,2,3,4,5,6,7,8,9,10,11,12,13,14,15,16,17,18,19	77.4905333201,85.3675567342,69.9448569896,78.4044452322,82.3667132224,78.6431111314,100.686764944,130.754758752,147.224221857,172.904245156,188.819972532,203.429157795,186.138754913,191.215488405,186.10444781,210.459190745,207.319024608,189.275859346,188.400501042,196.14717645	growth	0.2	220000
261042	0,1,2,3,4,5,6,7,8,9,10,11,12,13,14,15,16,17,18,19	-42.5927612508,-44.7068453461,-49.9865315752,-66.1690955581,-48.8111540024,-36.9074617916,-32.6548690246,17.6996609214,21.9086166416,47.371020937,69.8888197946,55.5895017156,78.7423867311,58.4043417299,60.3257045719,83.9721834064,57.900973025,76.1896609192,81.2697289938,64.6041475904	growth	0.2	220000
262366	0,1,2,3,4,5,6,7,8,9,10,11,12,13,14,15,16,17,18,19	85.0566224559,82.5709259577,71.2558883118,75.3380004059,60.2391923409,67.7095336013,112.771977776,119.795557878,146.966452567,171.316717382,180.032089723,181.157292594,191.444997846,200.897603099,191.468054898,194.409319576,192.915672304,203.603221142,204.426156523,201.773654981	growth	0.2	220000
262449	0,1,2,3,4,5,6,7,8,9,10,11,12,13,14,15,16,17,18,19	9.65836731785,5.01163761593,2.93867166366,5.22450567239,7.81928985483,24.7227242842,45.0540836041,70.1674964003,100.439701342,125.217848365,116.079332658,123.521746679,144.421236481,123.450168744,127.83218985,128.532000777,134.101678984,134.084371645,129.294579418,122.87973769	growth	0.2	220000
262920	0,1,2,3,4,5,6,7,8,9,10,11,12,13,14,15,16,17,18,19	26.6373612703,25.4814912996,30.5523170877,37.3132413856,28.6668651292,38.5426912878,57.801121793,89.0246216386,119.058574176,137.611711314,147.040514957,162.223102022,166.752475903,166.938339394,174.364328729,164.115471354,167.960409704,154.643105685,164.144830517,167.982612439	growth	0.2	220000
262453	0,1,2,3,4,5,6,7,8,9,10,11,12,13,14,15,16,17,18,19	-95.9334313977,-114.568748667,-89.3271853251,-94.5489377413,-106.164111933,-89.2776909546,-82.9739401952,-39.0648131757,-6.07891091314,10.5012677983,18.8904356281,20.3887893659,30.46288749,28.773777825,28.5271487228,27.6771715096,26.5999047328,27.6688244503,23.03231045,12.3490786755	growth	0.2	220000
262222	0,1,2,3,4,5,6,7,8,9,10,11,12,13,14,15,16,17,18,19	-25.7851532435,-30.8819425815,-35.2175330359,-36.1853627679,-13.9841109868,-10.4618856665,4.00712748149,40.824458806,46.3053677399,76.3391483178,94.411982811,99.6723679641,91.0115303241,89.4803902641,107.19133786,103.043395514,112.784746334,86.8575277012,110.106687869,97.1688080672	growth	0.2	220000
263832	0,1,2,3,4,5,6,7,8,9,10,11,12,13,14,15,16,17,18,19	-67.195063739,-65.9456930586,-52.2477665268,-68.920926806,-53.5438319999,-55.3131306298,-35.7813774888,13.4590783147,37.1826429367,42.3528513074,67.2130722638,59.7428816588,60.1640051463,63.2245527919,79.4698730995,75.298172969,56.9932066944,57.1623469519,58.219311597,65.8471891798	growth	0.2	220000
262356	0,1,2,3,4,5,6,7,8,9,10,11,12,13,14,15,16,17,18,19	-0.0569681591977,-17.2276649114,10.2035922828,4.16895396221,-11.0403435948,17.792869206,29.461356507,60.1267310146,75.224513795,109.251182139,96.424493289,114.193796001,106.477764354,123.680257097,133.150769708,134.683938644,121.84840917,110.929757179,131.278803749,111.298901979	growth	0.2	220000
262133	0,1,2,3,4,5,6,7,8,9,10,11,12,13,14,15,16,17,18,19	-58.134212145,-51.6116963093,-64.625103712,-57.1661330701,-40.6595563476,-49.8582021558,-12.6117618463,10.7652894778,36.9013749426,60.2402274269,54.9013695799,67.8894706612,74.4800302726,65.8834908121,78.5371250489,73.5335573106,66.1081034336,58.6840792972,63.3853432351,86.2094236527	growth	0.2	220000
262853	0,1,2,3,4,5,6,7,8,9,10,11,12,13,14,15,16,17,18,19	-63.5375768124,-57.7330290469,-61.2506089265,-69.2720593693,-68.94445156,-50.7002493383,-29.4313758549,5.10889166305,30.8098549206,36.3397509833,54.7542570146,48.2837919584,74.9247130482,62.5145788174,75.2864513766,65.7033171656,56.3853920792,71.5344126396,76.8712906962,72.2949684947	growth	0.2	220000
260626	0,1,2,3,4,5,6,7,8,9,10,11,12,13,14,15,16,17,18,19	14.2190095739,16.7247091184,23.5723936068,31.8990175573,27.8936535017,26.272947353,55.9203602393,75.937464222,119.756509741,120.990637554,122.72609589,141.326914704,132.601211086,141.706290515,142.100043628,149.783015482,139.887518636,143.264734794,139.138915358,156.482002343	growth	0.2	220000
263228	0,1,2,3,4,5,6,7,8,9,10,11,12,13,14,15,16,17,18,19	85.8495959082,84.7642574629,84.0338548535,91.7014505642,92.1553704816,94.1562727134,113.246455187,139.829736722,180.967852096,181.060515139,205.558626075,215.182730036,198.812311862,211.187242483,203.615097227,217.981559444,207.534479894,221.467404225,216.497572328,215.196208826	growth	0.2	220000
260479	0,1,2,3,4,5,6,7,8,9,10,11,12,13,14,15,16,17,18,19	-23.0515510693,-22.2402718231,-5.97350883292,-24.9164484344,0.538105080802,-13.3607021811,29.5037193019,50.9126969321,73.2377002763,96.0898511133,103.15589286,119.162246351,112.030135845,105.851046709,121.423729969,116.080606447,120.441919629,119.762635374,109.980798888,117.071764689	growth	0.2	220000
262890	0,1,2,3,4,5,6,7,8,9,10,11,12,13,14,15,16,17,18,19	36.0833193981,32.6077733467,39.1811379945,27.5609022184,45.8387278943,34.7080114433,70.3483023789,92.9859486538,124.461716893,142.596283455,155.048765893,151.275206242,166.339187878,156.122190351,164.250167465,166.390276335,161.742464783,147.027453579,149.146678243,160.851383963	growth	0.2	220000
263882	0,1,2,3,4,5,6,7,8,9,10,11,12,13,14,15,16,17,18,19	86.5924016325,75.5499697659,62.1541675354,62.8978235851,62.0227980778,80.8985564265,94.2741690082,120.246980124,156.329934991,178.643306155,196.699288292,201.709250488,186.171336617,186.605706688,201.946860921,186.261215652,212.686582448,189.202587495,201.314832695,195.931653363	growth	0.2	220000
260835	0,1,2,3,4,5,6,7,8,9,10,11,12,13,14,15,16,17,18,19	-37.2483817492,-30.9449697775,-56.5006575664,-46.7526342833,-36.5285793724,-47.8169998119,-2.77362023422,23.4127382744,42.592195323,48.9572143867,80.2420436378,86.2038265336,70.2517457884,80.1516137014,77.4835103759,90.4232488668,94.3143582957,84.2684945374,89.3930926816,71.9387762349	growth	0.2	220000
262618	0,1,2,3,4,5,6,7,8,9,10,11,12,13,14,15,16,17,18,19	96.5738789624,90.242709817,101.52778156,98.8007181369,110.42201344,116.360580177,141.433647966,169.427477976,174.272949054,191.888181212,225.652665463,218.892012664,208.724271781,220.139466023,212.03111163,219.35373381,229.690848037,216.09865147,233.31980403,215.916814037	growth	0.2	220000
261205	0,1,2,3,4,5,6,7,8,9,10,11,12,13,14,15,16,17,18,19	-87.9138561741,-96.3008869013,-100.41591432,-79.3698757061,-97.4315668205,-76.5128221712,-66.9279792835,-25.7067498396,9.12718293788,25.8821741302,21.6055950165,22.3913221707,27.7817020652,48.0326705968,47.3696490436,33.6292588617,42.7777781683,30.5134889751,35.4605893924,34.1763805311	growth	0.2	220000
263440	0,1,2,3,4,5,6,7,8,9,10,11,12,13,14,15,16,17,18,19	78.9691626694,87.8567622546,79.5752776839,91.4868583584,90.1154044579,88.9555896039,111.518486187,153.207096554,175.610551406,182.457717054,210.650557367,199.208818262,204.058706976,200.820225601,201.268357941,212.46548514,218.066178505,218.776221075,212.516343473,212.923671216	growth	0.2	220000
262716	0,1,2,3,4,5,6,7,8,9,10,11,12,13,14,15,16,17,18,19	-28.932845627,-41.1161971033,-37.7275509042,-33.5534827362,-21.6152186605,-24.000435034,-8.34387177509,23.0288989792,54.852750413,80.6810487204,79.3899371238,82.3003681609,89.6593479713,106.305789212,109.257496938,97.55074248,95.3278243688,87.2005480034,106.225008526,83.7109534012	growth	0.2	220000
263430	0,1,2,3,4,5,6,7,8,9,10,11,12,13,14,15,16,17,18,19	-3.82829421952,-24.2926302083,-13.4840432466,-3.229354581,-3.98420548289,-13.0041077281,29.0500143852,45.8346621145,79.9126636639,76.1717124701,107.568629861,97.1021024251,94.5819666892,118.745557289,109.250994356,109.048330191,98.6294116909,109.170786002,123.244450685,111.897209053	growth	0.2	220000
261762	0,1,2,3,4,5,6,7,8,9,10,11,12,13,14,15,16,17,18,19	25.8963213657,30.2338395676,19.621265221,32.0283691543,11.7898114826,24.8803590553,63.5310006936,87.7494885625,97.0804359439,138.888123133,137.336529129,139.449230895,135.465329085,153.088195532,140.083524415,139.755269853,155.263454232,151.977108072,137.394333163,140.931269036	growth	0.2	220000
262200	0,1,2,3,4,5,6,7,8,9,10,11,12,13,14,15,16,17,18,19	97.9607379033,109.286772173,115.29278062,97.326201951,115.678764507,114.817852643,144.946050722,162.791342209,184.589973637,214.499467841,218.033097066,223.452333005,217.407066925,237.389616571,216.180082485,217.419180383,239.664039492,240.689591187,236.194550516,218.470888444	growth	0.2	220000
262935	0,1,2,3,4,5,6,7,8,9,10,11,12,13,14,15,16,17,18,19	-81.5376895711,-69.9884138762,-66.5585200715,-63.4888653132,-84.4972216988,-74.2440716159,-41.610982474,-11.7365689259,20.7977901393,35.8107486488,32.1344207569,42.4980412262,57.192730175,36.7320290876,42.688467789,47.7266428455,57.7470472351,38.1993892905,46.8028227074,55.8333169601	growth	0.2	220000
261283	0,1,2,3,4,5,6,7,8,9,10,11,12,13,14,15,16,17,18,19	130.285610707,124.648067851,117.56434578,118.933190593,116.531208184,128.724796795,162.820600811,183.087636426,222.765288792,218.081943556,249.103337434,253.746406338,250.950497743,238.169115099,258.736719081,239.035272734,253.259490313,262.907333607,239.03268872,253.89944964	growth	0.2	220000
263446	0,1,2,3,4,5,6,7,8,9,10,11,12,13,14,15,16,17,18,19	92.5923108102,97.3358115202,97.9600766432,80.9954356755,86.5821832001,100.529657839,135.291675291,161.901132166,185.803107114,195.734497156,203.288251594,200.458656824,212.526027437,209.994142396,210.428419673,229.624610303,218.440084907,219.674223547,229.937660871,217.630836877	growth	0.2	220000
262067	0,1,2,3,4,5,6,7,8,9,10,11,12,13,14,15,16,17,18,19	-79.153042329,-85.2009271566,-93.2130582021,-101.581666837,-82.3733093376,-76.7564151303,-61.7897944878,-45.2594756418,4.95808300103,24.5238404879,11.623227171,25.9120572936,21.2508440564,21.5062357887,39.7836910539,22.0863683357,32.1190932652,27.6030131362,29.2283391995,31.5071300579	growth	0.2	220000
262945	0,1,2,3,4,5,6,7,8,9,10,11,12,13,14,15,16,17,18,19	34.7291861883,41.9575468632,45.1704572139,30.669166795,43.7807866247,55.9574735501,80.9187766234,102.92928139,132.879640217,135.67999906,143.665635127,158.798226475,167.538963831,154.055648662,159.852368559,164.667913203,181.880646862,177.205987494,160.261924483,173.416404813	growth	0.2	220000
260732	0,1,2,3,4,5,6,7,8,9,10,11,12,13,14,15,16,17,18,19	-83.5707400866,-96.4156399808,-82.3251001805,-87.8111816042,-80.2742527436,-81.6910380457,-69.752409555,-36.0410343923,-18.9283373758,11.8035246489,33.8475850114,38.0475703342,31.2879309831,24.7689967074,31.9376945369,25.0898825769,20.3062724279,45.4061681863,35.1985012059,33.1481162588	growth	0.2	220000
263769	0,1,2,3,4,5,6,7,8,9,10,11,12,13,14,15,16,17,18,19	27.7268358516,30.6476019904,28.9294423807,32.8181156004,45.5998468768,34.4473354223,67.2659731302,84.3858209384,108.77724657,149.743830251,150.996989448,165.952068539,162.352136249,145.76022364,151.448461989,147.474996319,160.013128473,164.658816828,150.891641713,160.953284106	growth	0.2	220000
260115	0,1,2,3,4,5,6,7,8,9,10,11,12,13,14,15,16,17,18,19	94.1712705632,76.491174492,75.8543553784,90.5811539424,82.0526009019,83.3728421033,115.757179392,151.581047361,168.972419764,193.398153907,205.440145796,211.733046386,206.740742122,206.7673785,210.883990972,210.309069408,217.097374313,212.291368254,222.773158262,202.174347725	growth	0.2	220000
263906	0,1,2,3,4,5,6,7,8,9,10,11,12,13,14,15,16,17,18,19	-127.477144179,-113.27602101,-118.207703377,-115.848103478,-105.9219179,-113.304088279,-80.6509721745,-57.336821916,-41.2097760445,-20.8927225367,-9.60522014292,9.71247198177,13.0256745324,-5.4225383388,12.4051288389,2.86046489825,18.3277088657,2.97574249633,22.8552258882,5.17977209167	growth	0.2	220000
262145	0,1,2,3,4,5,6,7,8,9,10,11,12,13,14,15,16,17,18,19	-2.86873291489,-4.96667861436,3.18000589466,10.9254075904,10.2647064165,16.4469870946,38.9258337745,78.6210600979,95.7355091992,100.968102258,128.070862066,117.481776451,132.367192927,136.105814946,128.753598717,122.549931159,124.587917945,128.634959369,130.251572365,122.086136758	growth	0.2	220000
263788	0,1,2,3,4,5,6,7,8,9,10,11,12,13,14,15,16,17,18,19	-59.0727485148,-67.5437929038,-74.2503904593,-65.8225363688,-65.6670777867,-64.7207955672,-46.9651080201,-22.0114421545,26.4008627411,20.8855139228,51.7884899497,47.3103436103,60.2293782658,49.9147369635,66.457321366,57.7912812664,66.0279848341,64.1292726916,64.7999336378,49.3828747774	growth	0.2	220000
262053	0,1,2,3,4,5,6,7,8,9,10,11,12,13,14,15,16,17,18,19	-109.152860469,-87.7742168982,-104.178098487,-107.070944955,-86.2213431294,-93.9094804067,-65.2617959719,-30.1799179519,-24.1339796797,6.82615823653,20.5138431677,11.9040207259,11.1290505296,21.9937174394,16.7334063037,38.2933777167,31.5717566047,29.647171783,39.9293672349,36.3517307031	growth	0.2	220000
260743	0,1,2,3,4,5,6,7,8,9,10,11,12,13,14,15,16,17,18,19	71.5643623741,85.8539604347,67.2281468319,79.3397244613,63.4664468984,84.1117502585,102.961637555,141.654843353,158.703064993,176.931737274,190.431782103,203.593042594,186.721086372,206.871695129,208.925870311,188.8773898,210.924000398,205.942661158,202.475979205,204.556794741	growth	0.2	220000
262897	0,1,2,3,4,5,6,7,8,9,10,11,12,13,14,15,16,17,18,19	-50.8257832181,-73.6793798265,-65.7335253063,-69.0523829069,-70.7383679173,-44.8059782514,-37.5387335272,7.56467922969,20.8952228029,51.7746918643,36.4381783413,53.9925225819,59.4389496521,63.0186448548,73.7503461313,67.2613933298,49.3185454667,57.9439589915,74.0392819071,56.0728142697	growth	0.2	220000
262345	0,1,2,3,4,5,6,7,8,9,10,11,12,13,14,15,16,17,18,19	-1.43701970878,-14.0321651596,-12.0522869182,-1.75938457205,-1.71856360568,0.856642413948,26.2619601957,37.3220736423,65.7552179176,78.2350484335,99.9238991014,104.867444982,95.3039163534,112.230468573,104.112929841,121.213169027,98.0819860502,104.048754894,113.925192904,98.7559159994	growth	0.2	220000
263352	0,1,2,3,4,5,6,7,8,9,10,11,12,13,14,15,16,17,18,19	20.8593999213,21.3222920514,-3.31360924888,13.738400874,11.4401183632,7.59824193817,50.1740030234,79.3836462341,96.7533935075,106.71470743,124.496218493,133.840047411,144.446609301,146.720544819,138.951348667,148.317409636,148.562138002,133.634957427,122.45692541,125.630439024	growth	0.2	220000
262895	0,1,2,3,4,5,6,7,8,9,10,11,12,13,14,15,16,17,18,19	3.7220025156,18.6019456767,3.22852408785,5.62028380991,13.6705617461,22.8606564381,43.8847738637,63.8083910217,87.2135136527,125.97106095,114.371787349,144.986893115,127.196590056,132.011126378,138.698367729,141.123641237,141.532042872,141.653379686,151.834671036,136.238559304	growth	0.2	220000
261389	0,1,2,3,4,5,6,7,8,9,10,11,12,13,14,15,16,17,18,19	-73.9968765755,-76.218583195,-64.6098309084,-75.2052107871,-63.5217579286,-61.0550432728,-23.2406508004,-15.6049849447,15.5910021224,30.8620746938,58.9939625448,63.7585478457,40.6408716921,63.0438132736,51.6869735489,66.0354949448,71.4010580961,63.5914574984,65.9741026461,52.9457618252	growth	0.2	220000
263592	0,1,2,3,4,5,6,7,8,9,10,11,12,13,14,15,16,17,18,19	-19.3599136888,-32.9024769951,-42.1835823342,-21.3309118789,-40.3022508413,-36.3476321187,-4.60566352998,32.719792452,47.1772294861,77.5482770842,81.8776120124,98.2767333269,78.9573386517,96.4993806602,79.3141622386,104.249705234,106.496318199,81.9631091979,99.2162709982,102.841794545	growth	0.2	220000
263286	0,1,2,3,4,5,6,7,8,9,10,11,12,13,14,15,16,17,18,19	40.3383441963,53.848194196,58.4823409032,40.9792406456,59.9382362154,58.1535593117,76.6182439019,120.327948642,135.946297244,167.130677053,168.855814804,182.149847672,160.869658523,168.775498286,188.897954087,179.647975008,185.576122417,181.55094283,175.095223462,184.660000132	growth	0.2	220000
261034	0,1,2,3,4,5,6,7,8,9,10,11,12,13,14,15,16,17,18,19	-44.1131910168,-51.8988140134,-47.4487829065,-53.1655382257,-50.1390778434,-36.8476092164,-1.18974192433,20.2927873071,36.4584591955,66.3079914831,83.3341705231,67.8719273162,83.6708101855,70.7641799312,79.4220432294,91.3558713992,86.4031337551,92.6322688812,76.9594077736,89.5580779239	growth	0.2	220000
262508	0,1,2,3,4,5,6,7,8,9,10,11,12,13,14,15,16,17,18,19	-41.5921735557,-56.3117349254,-53.0075829981,-50.7219308409,-48.8325520505,-46.9734649083,-17.2693552273,15.4613866393,32.122323448,42.7998438717,56.0855537802,70.3736476257,58.2083036178,74.1068187567,73.6172070221,81.1091520498,63.3641468899,59.4551007324,70.2194910816,64.8433771577	growth	0.2	220000
261883	0,1,2,3,4,5,6,7,8,9,10,11,12,13,14,15,16,17,18,19	-53.8567957506,-41.9478017569,-48.784811146,-42.371650578,-49.1993961489,-47.7280517382,-21.7058368061,6.8054234085,31.5388901459,64.717372686,75.0602569263,89.9633135049,66.2041626356,82.6656625478,81.0652519936,91.8473391538,80.0877038282,83.5552255057,74.5041237142,76.2296846881	growth	0.2	220000
263696	0,1,2,3,4,5,6,7,8,9,10,11,12,13,14,15,16,17,18,19	-12.4564797358,-29.2163201676,-12.9479775927,-21.2551450894,-19.0161987764,-11.8309163763,5.64591788334,37.9341900073,52.0384803397,79.0609192601,85.5573654105,105.711294549,97.9639437282,92.8930161126,86.9557288385,112.745494628,111.310026499,94.6153125633,112.381010526,96.1591992494	growth	0.2	220000
263187	0,1,2,3,4,5,6,7,8,9,10,11,12,13,14,15,16,17,18,19	59.9595454161,75.7225175647,74.6514201688,55.7741388746,56.778543023,81.7374510007,103.376984904,129.858454812,140.570321754,157.627726746,164.36847801,174.010014479,185.60651306,178.047664878,186.22542192,185.382668355,185.605058867,181.142220826,195.157308773,198.304848046	growth	0.2	220000
263905	0,1,2,3,4,5,6,7,8,9,10,11,12,13,14,15,16,17,18,19	66.0664979521,56.1624246583,56.4409367669,49.2241558199,61.8470934552,65.1029454077,83.7995337161,106.497661073,137.306099295,148.812355681,174.455957178,171.247702772,165.946828005,184.109104308,179.885748125,177.584149609,190.61841996,167.992878236,173.691693957,167.259991665	growth	0.2	220000
260058	0,1,2,3,4,5,6,7,8,9,10,11,12,13,14,15,16,17,18,19	-19.5540908856,-9.13304294896,-16.9530482929,-3.44894827512,5.07748135344,1.43874065013,18.1437923969,64.739303149,68.8448713715,85.685616495,105.202818602,118.630449651,122.400569,105.512763544,119.509776869,121.195547279,118.166781285,129.140176185,110.398832896,115.500548016	growth	0.2	220000
260812	0,1,2,3,4,5,6,7,8,9,10,11,12,13,14,15,16,17,18,19	-38.697644669,-46.2482937407,-62.258516203,-60.3930526519,-54.5716583283,-29.7503782858,-24.2732172101,-5.56828097457,30.6515853599,37.6851102043,52.2585036472,69.8196069025,75.933731583,65.4993348948,83.1583878352,76.9708785209,61.4175711225,73.8140594243,78.1479426728,71.4871206616	growth	0.2	220000
260126	0,1,2,3,4,5,6,7,8,9,10,11,12,13,14,15,16,17,18,19	-19.7088037481,-19.0902093279,-43.9157932453,-23.5258931916,-17.9576331946,-33.8540869781,7.31423807712,36.1589322786,55.671905021,76.8741447793,72.1999321152,84.8641699057,83.9232084247,77.7514544366,90.7421460007,103.434727566,91.4567450454,81.1634390405,102.80714358,92.1261381898	growth	0.2	220000
261307	0,1,2,3,4,5,6,7,8,9,10,11,12,13,14,15,16,17,18,19	-77.5328101986,-92.3065496724,-75.8283717746,-74.2649778455,-79.0459266258,-76.0771444062,-46.6471082821,-15.0457416178,17.7814205521,15.049471016,32.5177638033,46.7331889251,31.5348734574,47.6599421873,49.3223595982,37.1278509618,37.1756869834,50.1813623905,41.473946459,39.4540231927	growth	0.2	220000
262735	0,1,2,3,4,5,6,7,8,9,10,11,12,13,14,15,16,17,18,19	103.510319123,103.345784136,125.924300222,107.323740218,124.452683243,109.214884939,147.405953,176.819662145,185.460903667,205.663111214,233.863342832,236.252243778,246.137948202,242.440785158,228.448242368,231.595439365,232.087082229,247.785006622,243.337451632,247.480644283	growth	0.2	220000
262813	0,1,2,3,4,5,6,7,8,9,10,11,12,13,14,15,16,17,18,19	65.7502127363,87.9773436878,75.2299580155,73.6352186486,92.4810791772,82.89965067,95.5930196642,144.967027629,166.067288283,171.159337443,196.736316787,203.436828865,200.306478473,199.30952569,195.753277137,209.420402663,206.011139522,192.737104152,191.997243317,207.831419862	growth	0.2	220000
260480	0,1,2,3,4,5,6,7,8,9,10,11,12,13,14,15,16,17,18,19	59.0319611106,69.5689551437,74.3858931323,71.0925014746,67.1709641891,73.7284345996,88.9000028348,132.190024499,144.578205777,166.610874913,177.145285899,171.608523371,191.739464881,202.065316583,184.116188155,198.148180741,200.833073101,187.481242949,192.545683644,183.061118429	growth	0.2	220000
262610	0,1,2,3,4,5,6,7,8,9,10,11,12,13,14,15,16,17,18,19	-30.1867143771,-38.745736487,-18.5952115471,-18.0734729103,-19.1652575625,-22.6376150741,-9.09757957841,39.5097834498,51.8514435672,72.4927947685,95.6390009562,80.8949990019,83.7782405304,101.670087178,87.0398834749,105.931317719,91.3547393303,90.7208312503,110.039950636,100.228240922	growth	0.2	220000
260345	0,1,2,3,4,5,6,7,8,9,10,11,12,13,14,15,16,17,18,19	-14.9271880092,1.92669602108,2.56429994923,-9.52315552199,-4.26646577857,0.0639411474969,27.7531345455,56.5695942387,85.2681061131,100.11350516,104.562781819,106.307047789,112.252413867,120.820088738,129.493268746,119.046198102,123.298647662,130.353929793,112.297467672,125.616964393	growth	0.2	220000
260112	0,1,2,3,4,5,6,7,8,9,10,11,12,13,14,15,16,17,18,19	-106.156475303,-103.313910874,-116.924892328,-108.982927749,-112.944159802,-104.935946218,-86.7463828181,-49.8808887936,-37.9304621346,0.0489563578985,-6.72134907475,15.723519261,22.575494338,3.48903746732,4.99513583798,13.1274006826,5.30467898349,9.75849478589,3.82359612774,5.13156747478	growth	0.2	220000
262854	0,1,2,3,4,5,6,7,8,9,10,11,12,13,14,15,16,17,18,19	14.4413498818,29.2843758507,33.9328160252,18.0539227195,18.4937998627,45.3857848484,47.7382705023,92.3955455701,121.88950116,114.709843012,138.186343746,147.27121414,143.868006392,136.766340098,152.771446721,151.055831125,149.501473254,147.970422437,163.537529414,155.437302318	growth	0.2	220000
261022	0,1,2,3,4,5,6,7,8,9,10,11,12,13,14,15,16,17,18,19	1.27902783753,-6.63263949636,-15.2446659665,-18.0729306564,-19.2574202353,3.28556567002,27.7654293188,54.2866456192,65.2701856093,95.2127361777,100.885376939,94.2538956533,118.050408035,105.688127153,110.700625455,104.839937044,111.077187205,123.578670736,113.445067417,109.190872244	growth	0.2	220000
261780	0,1,2,3,4,5,6,7,8,9,10,11,12,13,14,15,16,17,18,19	57.4081816118,52.9356314116,36.4383448181,43.3192598499,38.3596921236,46.090752624,88.3416995895,107.501263152,130.633239677,141.052611289,159.186435653,172.403705084,182.126642396,170.914710914,167.92337028,185.565165273,176.429635187,172.851381052,179.740491381,177.060081783	growth	0.2	220000
261297	0,1,2,3,4,5,6,7,8,9,10,11,12,13,14,15,16,17,18,19	-76.7285742676,-66.9589391035,-70.9871117762,-50.7090264746,-70.0250568521,-48.9578701357,-32.4984399819,3.4824785272,11.5852751357,48.9244148673,52.2686549628,46.1998553882,51.3082009431,71.863459033,54.9615545939,57.573557368,49.1715530899,53.5447373387,62.1786475864,64.4014431245	growth	0.2	220000
261159	0,1,2,3,4,5,6,7,8,9,10,11,12,13,14,15,16,17,18,19	85.5674266044,88.2448304327,97.8843462781,90.8508907398,105.572620544,96.4912258063,134.701638426,165.680370897,170.634164665,201.518358122,211.118627631,220.275804879,226.106231269,218.265699524,227.657417931,221.951325644,228.457205472,227.656536524,232.753244141,235.26375002	growth	0.2	220000
262836	0,1,2,3,4,5,6,7,8,9,10,11,12,13,14,15,16,17,18,19	49.4623927181,70.532903484,58.2449517512,62.9407329583,61.9648088644,83.7344939024,102.237186431,132.753205907,151.281917747,175.829072848,173.579192018,187.105981027,190.722714896,192.702412169,192.106063937,190.472130993,186.185627483,178.139187585,194.419954749,194.478324831	growth	0.2	220000
263251	0,1,2,3,4,5,6,7,8,9,10,11,12,13,14,15,16,17,18,19	52.3094293131,71.4844591872,50.4344808704,48.7624972635,53.6369831022,71.3926727725,76.604809077,125.582594617,136.168652772,163.191581518,159.492269546,186.899464961,169.805081675,191.812140662,190.344694686,189.390712967,176.572722376,177.355734526,173.711391299,198.427203876	growth	0.2	220000
263423	0,1,2,3,4,5,6,7,8,9,10,11,12,13,14,15,16,17,18,19	-1.94038836059,-17.8388772772,-7.46839995816,-19.1785870618,4.20745344256,-0.123615909336,27.5488642682,42.2482856994,73.7356436792,84.2866963142,112.110010498,105.01886131,99.2384856441,117.665569697,117.709258856,109.735834596,106.752815124,113.947393005,104.97848469,108.528809454	growth	0.2	220000
263179	0,1,2,3,4,5,6,7,8,9,10,11,12,13,14,15,16,17,18,19	71.652851073,66.4912933949,72.7208214349,81.0229553794,81.2560015808,96.602866902,95.7697790416,134.715063862,158.609773562,172.761876322,202.369661324,204.934180025,202.041104048,194.457390073,191.585168729,194.940007937,191.26459326,204.424859163,204.515507281,203.711848315	growth	0.2	220000
263236	0,1,2,3,4,5,6,7,8,9,10,11,12,13,14,15,16,17,18,19	104.285151479,128.613269734,109.407215691,104.118367114,120.686149268,135.131893591,147.783362093,166.026912402,190.755512102,208.182692811,235.198723333,242.014800716,234.476936274,249.358054026,247.682693319,254.477473181,243.349574197,239.71514875,242.745734041,250.323007955	growth	0.2	220000
263229	0,1,2,3,4,5,6,7,8,9,10,11,12,13,14,15,16,17,18,19	115.171085033,119.11795504,104.196256079,104.446562506,103.540437377,123.670328814,144.92147012,180.79510179,194.80606659,202.037663878,222.677561904,234.489953373,234.879577164,231.806223045,240.570727245,245.056051482,244.421537258,227.031993314,222.747038723,238.669683098	growth	0.2	220000
261298	0,1,2,3,4,5,6,7,8,9,10,11,12,13,14,15,16,17,18,19	46.5346002395,58.1793858016,64.5064988092,58.9095874066,55.684446188,68.6689716248,87.4844423946,119.904153936,136.889737189,161.715847017,163.98499228,176.458155035,180.360953162,170.782928292,186.584851402,170.739693731,196.370172751,193.281342674,186.25384297,188.406977399	growth	0.2	220000
263586	0,1,2,3,4,5,6,7,8,9,10,11,12,13,14,15,16,17,18,19	104.43126548,103.584666018,94.2116544988,78.623615898,83.5899478349,89.0561651134,109.539764549,149.650081119,172.623350837,202.375183801,209.365952038,206.085355161,212.810359722,217.447103286,229.934120908,203.090286562,225.764759439,204.033263175,229.33310427,226.110233216	growth	0.2	220000
263156	0,1,2,3,4,5,6,7,8,9,10,11,12,13,14,15,16,17,18,19	6.91172553508,-16.5558383896,-18.3037752312,-18.811771884,-9.94461548235,-10.4009326495,16.3845874035,50.1705108149,77.2960894716,102.899270111,109.522444385,104.141434633,124.315083454,126.574594337,120.745003882,115.147798728,115.221749561,125.465837316,125.635831089,121.446541068	growth	0.2	220000
263755	0,1,2,3,4,5,6,7,8,9,10,11,12,13,14,15,16,17,18,19	62.6444402622,86.5330253368,81.7811781162,73.9249684566,88.8673290209,87.8108290661,111.690959054,127.762161186,165.641424622,179.243684205,197.421994091,188.757651724,195.883994219,208.972200143,189.391809755,191.02966118,207.862583821,205.615507746,202.762180794,211.392545024	growth	0.2	220000
260554	0,1,2,3,4,5,6,7,8,9,10,11,12,13,14,15,16,17,18,19	-133.798598131,-128.68890107,-134.026684638,-128.362618484,-127.186939495,-108.615302126,-96.8697354106,-65.6899968503,-41.4761711834,-11.6868645519,-4.70155364017,-2.58073072558,-16.7648765367,0.517867070473,-3.43358640995,12.4489551073,-0.89202822025,0.881656885894,-3.32418506288,-4.1813610126	growth	0.2	220000
263255	0,1,2,3,4,5,6,7,8,9,10,11,12,13,14,15,16,17,18,19	107.493422521,131.819559874,117.197980592,119.942497957,113.482484846,117.251335243,145.478983835,176.579931992,195.827359195,233.286047938,242.165282785,226.55770052,237.315821278,250.892119323,251.01855944,244.647404722,237.003752418,240.287939492,247.01658746,245.985761376	growth	0.2	220000
262541	0,1,2,3,4,5,6,7,8,9,10,11,12,13,14,15,16,17,18,19	115.836067746,127.807254648,116.433111045,121.923303895,102.327628474,114.652624633,134.783260727,173.15850086,203.808998284,218.134183267,238.374010392,244.347204483,250.130001688,234.036431597,246.507161207,235.2014017,250.466185941,229.520075221,230.774338171,239.49006961	growth	0.2	220000
262493	0,1,2,3,4,5,6,7,8,9,10,11,12,13,14,15,16,17,18,19	23.6468090561,42.6320504108,22.1041426657,40.4303410705,23.4861864154,50.7683951247,49.9222662668,78.9222418078,115.150341417,126.813476392,145.872437549,156.562971097,162.586746678,157.516530189,160.806047352,165.780002275,146.963764103,158.309094573,166.337758793,154.352027734	growth	0.2	220000
262516	0,1,2,3,4,5,6,7,8,9,10,11,12,13,14,15,16,17,18,19	14.8111158832,2.39194235176,-10.0989969551,-9.84176723145,-7.11694628961,21.4244256002,22.9870079611,72.6456438509,96.4617862769,112.562609298,126.982245351,106.700896404,122.74955627,110.447335684,116.900737602,113.425589368,139.162397947,138.270529371,112.298480884,116.146680526	growth	0.2	220000
260450	0,1,2,3,4,5,6,7,8,9,10,11,12,13,14,15,16,17,18,19	38.8981790943,45.8353806928,50.3512531547,37.5004800545,50.6305107407,37.7930086993,69.3448857029,91.3453359234,122.199225285,142.213663885,145.719396837,153.057418005,169.316033403,175.123154334,169.141035426,168.702433972,170.156295702,175.811356097,161.766283298,166.213334928	growth	0.2	220000
261112	0,1,2,3,4,5,6,7,8,9,10,11,12,13,14,15,16,17,18,19	40.3246988527,24.4072649759,32.9429193701,33.8542482005,32.6541047741,49.7663137197,51.662471606,90.2316036279,128.559744785,140.340278861,156.804562861,148.508825552,154.264878542,147.061022762,143.986580839,149.005833244,144.504882332,167.723282725,154.444045252,160.418354382	growth	0.2	220000
260474	0,1,2,3,4,5,6,7,8,9,10,11,12,13,14,15,16,17,18,19	-36.096858064,-24.0204757858,-42.7151628101,-36.7112659348,-24.7020954146,-28.9221329844,-12.6369340445,29.9399056517,49.6475451826,73.4455781845,92.6940922118,93.6900886503,80.4146244897,89.0010213726,103.536261054,91.0439538736,103.274909413,90.8167181385,89.6737454611,96.7816017835	growth	0.2	220000
260580	0,1,2,3,4,5,6,7,8,9,10,11,12,13,14,15,16,17,18,19	-12.3921890879,-11.4049356868,-19.5590806208,-27.2054668425,-27.059557,-5.4638496312,15.4210812702,54.1902384495,68.8513402535,69.6687875478,86.7145006371,97.0225731529,113.429127211,110.994983572,90.5458708084,107.291784734,118.794240215,98.4852463436,110.558727947,111.505381133	growth	0.2	220000
261709	0,1,2,3,4,5,6,7,8,9,10,11,12,13,14,15,16,17,18,19	-3.03630645856,-3.28989996746,-2.4765298,-13.1131964018,-2.63394285755,-11.6963863316,22.4341544857,60.1456516282,81.5829789908,80.5579695094,99.974006237,118.990714388,123.526570416,106.026784084,114.453385415,109.94389518,114.620434299,122.872436456,120.922629648,119.205076657	growth	0.2	220000
261601	0,1,2,3,4,5,6,7,8,9,10,11,12,13,14,15,16,17,18,19	-67.1718978805,-62.9015555619,-83.8041357292,-70.6138919673,-77.3475332364,-60.1669438371,-29.5346642905,1.51418598254,8.62648826905,38.6693816783,31.5579338795,38.0412521666,45.5449750604,53.3934353313,48.8006746541,61.3514750003,50.360741079,51.1783954855,49.2774689145,63.8377306164	growth	0.2	220000
261714	0,1,2,3,4,5,6,7,8,9,10,11,12,13,14,15,16,17,18,19	-51.6808419621,-68.8920122326,-58.0730569478,-50.8786190438,-48.8255468529,-54.566249529,-17.5775841724,7.66545821951,37.1126058401,46.7859893274,64.86285619,60.879371476,56.5403723447,76.3536165635,53.2733686328,69.6276400999,57.3822646388,74.1946392539,68.7086680345,78.9840940784	growth	0.2	220000
261512	0,1,2,3,4,5,6,7,8,9,10,11,12,13,14,15,16,17,18,19	33.154421932,39.3612391476,29.3499466476,49.1969926792,52.3129912556,41.4106753793,74.3599605238,91.8076268815,137.510348595,154.855423645,151.924752133,156.50874876,162.130682098,152.834125846,157.186670324,155.89617792,175.224133808,169.187024429,158.267518251,163.57929081	growth	0.2	220000
261267	0,1,2,3,4,5,6,7,8,9,10,11,12,13,14,15,16,17,18,19	9.8310170503,-12.9096493832,-14.3461171428,-14.0436919006,8.43815453732,0.287760309559,35.9328233259,69.2996573047,82.2216315079,101.518788563,107.719142156,109.298338842,112.329913428,113.743936572,107.681514277,124.310885942,130.505621029,114.059267073,114.476594336,133.132223553	growth	0.2	220000
260929	0,1,2,3,4,5,6,7,8,9,10,11,12,13,14,15,16,17,18,19	1.82693885973,-4.46434273374,-4.24566613667,-3.858488798,17.5003422284,15.0443511166,24.7446817046,63.2568695075,83.3265898316,99.898555972,109.636147108,139.743067786,125.080913881,135.068279997,145.222716983,140.687953029,137.172410713,142.802803477,137.122860136,126.431676411	growth	0.2	220000
260818	0,1,2,3,4,5,6,7,8,9,10,11,12,13,14,15,16,17,18,19	-23.4034106536,-23.6572482977,-10.5522286981,-9.16871390554,-12.9151110713,-7.47336566247,2.19066026696,50.0893462518,70.5675614541,79.6980504985,103.413582003,92.8640446387,94.9095696101,109.938271777,112.788524375,114.897799799,115.594693702,107.807902089,115.356283394,104.682877136	growth	0.2	220000
260629	0,1,2,3,4,5,6,7,8,9,10,11,12,13,14,15,16,17,18,19	-110.883362774,-86.2505255826,-100.22308003,-103.37054143,-86.0417450232,-87.0428073556,-60.9432902787,-46.5700787222,-14.0472939851,-10.6056631601,5.33162195218,14.373871933,15.9830802099,24.9537957417,30.8750746074,36.1668703404,24.451034773,24.2983640541,29.9009905253,30.4723280332	growth	0.2	220000
263556	0,1,2,3,4,5,6,7,8,9,10,11,12,13,14,15,16,17,18,19	-13.9036045442,-15.3285745315,-12.2473309035,-1.4426714496,-14.4760305183,3.39384522958,3.62591168916,54.9080325286,65.4340470081,84.7497853227,85.9505204196,109.280993908,102.477263316,115.790706692,101.038415153,101.453961106,118.32026253,104.209051957,107.968347494,102.361890456	growth	0.2	220000
260829	0,1,2,3,4,5,6,7,8,9,10,11,12,13,14,15,16,17,18,19	-94.8797486967,-102.98006518,-96.9655001665,-109.767731028,-106.754505818,-103.132409746,-74.8184965453,-57.0033177701,-17.51907646,0.190388125766,-4.65410685689,19.6850493265,29.6675273693,6.41048979841,7.64701755202,18.8356181811,30.8914437993,14.8071016245,28.0571877899,26.883230091	growth	0.2	220000
262185	0,1,2,3,4,5,6,7,8,9,10,11,12,13,14,15,16,17,18,19	82.0770590623,100.146272557,86.0321192043,88.0542444998,94.1233958157,93.122072786,123.235615678,141.125432666,178.630859062,193.27281492,199.683939854,203.262755732,202.820678264,200.896516554,222.133231141,224.294499912,199.822641368,222.315719452,214.478625228,207.417426383	growth	0.2	220000
263851	0,1,2,3,4,5,6,7,8,9,10,11,12,13,14,15,16,17,18,19	46.7525537423,24.3519075193,31.3383510809,23.3317640606,37.7827215892,41.7296304962,71.2355010056,92.0234376398,115.773660831,141.90843447,152.130836685,158.865328347,158.130002487,160.838383257,160.717817397,155.876925582,160.906441098,163.004197586,158.512801593,151.225632874	growth	0.2	220000
263582	0,1,2,3,4,5,6,7,8,9,10,11,12,13,14,15,16,17,18,19	-110.686598282,-110.092061789,-102.378726034,-99.3548641258,-102.801550017,-102.670335054,-58.7037127187,-45.1869271284,-21.0776989566,6.91348276043,23.664865835,26.4687913866,35.8208491307,35.7512708085,31.3054495721,17.9739183006,20.2741214837,15.9877393058,24.4041530934,24.6248709867	growth	0.2	220000
260798	0,1,2,3,4,5,6,7,8,9,10,11,12,13,14,15,16,17,18,19	34.0841992443,36.3959737016,12.7084191814,34.3273245651,14.159152775,42.3203847984,64.6105708562,91.2844881706,112.363192308,121.413928607,141.832750876,152.844054928,147.10892181,149.170619983,138.073044378,155.82777116,148.076307385,159.128168595,148.886761397,140.887361008	growth	0.2	220000
263522	0,1,2,3,4,5,6,7,8,9,10,11,12,13,14,15,16,17,18,19	61.6954608801,66.1825859645,66.9666743622,77.2243720697,73.1365525971,81.9465548362,92.8693762415,129.708183028,145.957543575,153.616387198,174.46878989,183.515331604,180.785327284,197.143000728,192.023200873,192.896418687,174.987263975,192.410426477,201.898982891,180.519761906	growth	0.2	220000
263481	0,1,2,3,4,5,6,7,8,9,10,11,12,13,14,15,16,17,18,19	-25.8699751171,-24.5388908957,-28.6037575115,-33.6749326726,-25.1695458206,-28.3370305408,14.8517362423,24.0583561314,64.0120512939,86.0581171163,78.2088662811,93.606176393,87.3069419643,81.3005740667,85.5219248552,101.593406884,109.67427601,106.128019582,89.9655050199,99.485841615	growth	0.2	220000
261378	0,1,2,3,4,5,6,7,8,9,10,11,12,13,14,15,16,17,18,19	-93.5198767843,-68.2015860324,-76.3582641886,-79.9694684148,-73.7670893468,-71.625002704,-42.6975542874,-17.5949126107,16.972448682,19.3315062564,27.4043455356,43.7848600098,39.9523807806,49.3264937788,30.7852729175,55.5787103555,52.0714442594,36.0145856653,33.8910176527,36.2127333123	growth	0.2	220000
261519	0,1,2,3,4,5,6,7,8,9,10,11,12,13,14,15,16,17,18,19	103.736882436,85.6094320597,98.4622938177,90.2169647252,97.0172638305,116.085416937,121.392516457,160.839824366,193.993020764,201.242990483,202.100754115,217.697472799,218.520817532,221.547067395,214.319704323,212.987310747,229.358235716,210.94086927,214.747648147,230.702582734	growth	0.2	220000
262817	0,1,2,3,4,5,6,7,8,9,10,11,12,13,14,15,16,17,18,19	55.3805636683,39.7981962008,43.3046295538,37.7461239506,50.8018027578,61.0698716984,73.9328452187,107.223515418,125.798541925,150.888298539,175.602690374,173.607402314,183.833213389,170.770735784,171.520059229,184.123285174,184.559704833,176.908791208,168.903588742,175.834509416	growth	0.2	220000
263528	0,1,2,3,4,5,6,7,8,9,10,11,12,13,14,15,16,17,18,19	-112.382710607,-117.307483057,-112.671543289,-116.465434723,-122.389227891,-103.457335354,-77.582684107,-57.6670441318,-18.8338513392,-4.78525938003,3.27000559366,11.2448751381,0.718283522538,11.628856828,23.6630611828,2.32368778035,2.19778516305,20.3021132042,8.00134696652,6.67110396256	growth	0.2	220000
261749	0,1,2,3,4,5,6,7,8,9,10,11,12,13,14,15,16,17,18,19	-124.506813618,-109.330274127,-114.885598018,-119.299291966,-112.256321991,-110.113982562,-82.2330856228,-53.3542597567,-34.0267285161,-8.90735677572,2.86729340661,7.67984423171,11.8552733314,5.31268230556,11.4503076178,19.1035902749,-3.74208049825,9.86998518702,21.0364732161,-2.93587036698	growth	0.2	220000
261207	0,1,2,3,4,5,6,7,8,9,10,11,12,13,14,15,16,17,18,19	13.2774626267,28.3038887732,33.4948029317,10.2460842928,25.3236665679,40.5915751393,51.4195692748,84.4156930056,104.317249438,134.627630353,139.453725944,130.8269234,134.755474407,136.185181809,150.859244347,155.049712515,139.023667819,141.792428589,155.397552023,158.600156218	growth	0.2	220000
263956	0,1,2,3,4,5,6,7,8,9,10,11,12,13,14,15,16,17,18,19	25.5326707668,13.6798777449,21.2275995495,4.70783117755,16.8127892835,18.9572454959,37.3461138498,87.0343577815,91.7768871956,126.533381584,127.691473207,126.163354621,133.627726783,146.031497361,153.452075611,136.553276623,138.811836882,148.564971405,127.902565731,148.878369524	growth	0.2	220000
261608	0,1,2,3,4,5,6,7,8,9,10,11,12,13,14,15,16,17,18,19	-38.3653889236,-14.2863053245,-27.5287094307,-37.0126265008,-29.6932979238,-23.6945100968,-9.75384644963,27.905839841,50.9011189612,86.5415841382,76.9446829226,89.7155657961,85.1299922249,100.555631492,105.161930391,95.190998201,97.7803618583,111.627536727,107.218843228,111.932625102	growth	0.2	220000
260673	0,1,2,3,4,5,6,7,8,9,10,11,12,13,14,15,16,17,18,19	39.130278768,14.7548463443,32.2044185058,21.1658648328,30.250391449,40.8065191268,63.404688427,90.2991758381,107.133710545,138.457322567,143.010910399,136.696382754,143.702357432,134.977691806,148.309645974,152.230128764,140.929854255,140.439648536,156.362332578,141.20038216	growth	0.2	220000
263642	0,1,2,3,4,5,6,7,8,9,10,11,12,13,14,15,16,17,18,19	-113.065839913,-115.124205815,-101.088028633,-118.495605851,-105.830645443,-97.5746706956,-66.8082520251,-54.4270152026,-16.1835796923,-8.46268777601,-3.94065727812,18.0895904749,11.6045662342,22.420827472,19.5171582708,24.3262642636,28.5470504555,13.5417773011,10.9309405477,19.0214758515	growth	0.2	220000
260451	0,1,2,3,4,5,6,7,8,9,10,11,12,13,14,15,16,17,18,19	130.540032267,109.73794905,113.773632856,129.935773627,120.883689082,126.506001364,153.474522175,173.725729993,208.333788515,219.635409994,229.030603333,228.182189824,246.488583265,229.872755445,244.226791084,248.346548706,238.312355891,256.454143564,240.2561232,251.595893958	growth	0.2	220000
263168	0,1,2,3,4,5,6,7,8,9,10,11,12,13,14,15,16,17,18,19	-41.6488825891,-28.3655992725,-22.8237688895,-25.7647840607,-28.1228166389,-30.609775279,-4.531940513,31.670186962,40.01644237,62.2688498308,72.7837769965,89.1074034269,97.487802794,83.0645265406,82.0652927319,87.2908423586,89.2521140718,90.5155512896,81.1239030255,96.4958927901	growth	0.2	220000
260815	0,1,2,3,4,5,6,7,8,9,10,11,12,13,14,15,16,17,18,19	114.7934968,96.5637741821,105.554745692,114.207062148,100.898375837,116.635383024,146.016006476,173.55760218,179.86678657,205.824699137,209.153064904,233.144308232,229.261376253,231.419920869,239.153650661,216.432815656,232.518248139,223.764055987,234.166721446,235.382937765	growth	0.2	220000
261077	0,1,2,3,4,5,6,7,8,9,10,11,12,13,14,15,16,17,18,19	56.546210944,58.1178863558,55.0070487676,68.4586755745,59.1597494718,60.2712337865,74.9063635582,122.879490568,131.108936109,155.356346955,173.872386892,161.665774589,176.824348089,183.813267447,179.693965372,173.061319376,174.955962023,188.70585609,181.543817799,181.076475919	growth	0.2	220000
260191	0,1,2,3,4,5,6,7,8,9,10,11,12,13,14,15,16,17,18,19	66.7243036873,48.4634237201,58.6039730386,53.052363457,67.9363911898,66.4357189387,76.9196890358,104.770824638,129.999244742,152.540086962,157.128291864,186.237966306,167.015400211,184.702926542,172.674780877,172.965315464,180.639999123,185.30825299,173.488944891,176.716056316	growth	0.2	220000
260528	0,1,2,3,4,5,6,7,8,9,10,11,12,13,14,15,16,17,18,19	-109.934808157,-92.4247338608,-93.0081094061,-98.0598192867,-94.4677756404,-81.3787782821,-65.1547867396,-45.7796803122,-1.44415051533,13.5856079071,0.36458429167,10.9589680024,34.4992371675,18.0003512625,24.0096088381,34.3078733555,16.6799931343,31.3601103839,17.6545147067,23.4731848023	growth	0.2	220000
261357	0,1,2,3,4,5,6,7,8,9,10,11,12,13,14,15,16,17,18,19	-112.107502065,-106.4023706,-125.547150854,-123.537832523,-127.868584749,-104.914680867,-97.2251583656,-66.8178394439,-21.2186073156,-23.829780951,-0.832973258935,-3.00956938546,-3.40255571613,10.9949860239,-4.43544280588,-4.30535581833,-0.336849092946,-1.2420317573,-3.82763359758,1.6581361988	growth	0.2	220000
262501	0,1,2,3,4,5,6,7,8,9,10,11,12,13,14,15,16,17,18,19	79.2085411834,65.5233119124,65.8268142042,59.7260710376,73.7196282606,67.5196512242,107.082501437,139.722483407,144.142067507,185.371909691,197.077302461,187.199049898,200.47372365,206.219000044,204.945927926,187.14702987,186.076386807,186.026995207,198.142662015,209.409525308	growth	0.2	220000
262390	0,1,2,3,4,5,6,7,8,9,10,11,12,13,14,15,16,17,18,19	44.5842596614,51.3928078277,43.9293335257,27.5471845874,26.8754201689,50.1400748829,66.6833429201,108.835592422,129.723254661,142.052942658,138.158695571,151.932685957,160.738339947,168.746943836,148.173526861,154.338312569,163.797477804,164.821547912,173.673148422,163.967525896	growth	0.2	220000
260405	0,1,2,3,4,5,6,7,8,9,10,11,12,13,14,15,16,17,18,19	-65.8517251607,-77.8680908254,-68.0815109678,-78.9050750987,-83.7806027108,-71.4504991889,-35.4411485329,-20.4815277281,1.504141906,38.458605274,31.7325715818,50.5333964728,43.2233327743,61.5308416157,49.0603827747,53.3254961082,62.6123024265,42.0175765453,39.9599343618,44.5390227288	growth	0.2	220000
261286	0,1,2,3,4,5,6,7,8,9,10,11,12,13,14,15,16,17,18,19	-0.42872594317,6.28408359099,2.50204548251,-13.6506504409,7.05097480591,12.7144924029,38.4086489197,67.9541180769,80.2621280329,110.512821217,122.05773503,126.621677122,122.668537482,109.481623043,128.350471126,111.898378704,126.406268504,130.078193754,134.758483728,113.045191139	growth	0.2	220000
262026	0,1,2,3,4,5,6,7,8,9,10,11,12,13,14,15,16,17,18,19	87.7345812155,61.6334097626,61.5730447048,86.1029055431,70.1097322501,76.9598281652,92.8041526471,126.694062312,170.831156982,186.300635138,173.151445405,199.728855882,197.859028864,186.024457524,196.480196831,188.285994384,187.333255616,193.438287428,210.044627961,192.600995706	growth	0.2	220000
263483	0,1,2,3,4,5,6,7,8,9,10,11,12,13,14,15,16,17,18,19	-12.758060857,-8.05108312657,0.294351400152,-16.5800249524,-0.79815412178,9.62294837959,35.1275523336,45.726344485,84.6223906019,94.6267483301,110.1359351,125.279712848,128.372807227,111.254472945,130.391320611,130.340089175,108.772884853,126.587553747,118.233320367,126.082001574	growth	0.2	220000
263101	0,1,2,3,4,5,6,7,8,9,10,11,12,13,14,15,16,17,18,19	26.4009716724,20.2284899691,24.1245112256,40.187004849,45.5693423757,33.7918651772,57.4433290704,88.9649406244,108.170763021,131.566079028,148.954387215,152.916635684,151.965634597,168.434190623,153.775617557,170.100834739,165.364126188,158.467690714,161.945878381,170.939673755	growth	0.2	220000
263375	0,1,2,3,4,5,6,7,8,9,10,11,12,13,14,15,16,17,18,19	-122.058441108,-125.126887684,-132.421498144,-125.085398886,-110.716349038,-109.71521845,-82.4777836835,-53.3935559874,-35.5825012682,-15.0612132049,1.58475659735,-12.3097621332,-1.79171965851,-4.81263405906,-3.36032712796,-7.8767193043,-2.94945903598,19.3249118974,-2.83579054018,10.4347029318	growth	0.2	220000
260687	0,1,2,3,4,5,6,7,8,9,10,11,12,13,14,15,16,17,18,19	-64.349142826,-82.4027065734,-72.6381748094,-56.3754352574,-58.4389768074,-70.008479328,-46.4153235888,-17.9846232171,16.7155153305,20.1204933116,34.0784234441,58.6520383798,45.7643435946,54.6564498699,58.5541733611,51.1063747422,52.3166411372,43.1072171096,45.2764119881,58.5173289041	growth	0.2	220000
261805	0,1,2,3,4,5,6,7,8,9,10,11,12,13,14,15,16,17,18,19	52.2255246988,70.388029359,75.2547254848,69.787436853,65.373214806,74.956733943,82.0532287121,126.465024606,160.850466142,152.8844247,188.10851878,171.166346048,185.594293467,178.615401252,175.533377996,185.727942177,177.739549627,180.635559049,178.980272644,184.457737494	growth	0.2	220000
260889	0,1,2,3,4,5,6,7,8,9,10,11,12,13,14,15,16,17,18,19	45.6883817034,43.3699513272,57.7897992263,46.8881090743,40.8036868576,61.0323831043,70.0845810603,117.344312534,150.472452155,169.175556652,162.882526378,160.849815036,175.371611172,171.185238185,185.126310683,185.925286023,169.231511429,168.125574467,178.341809295,186.883090184	growth	0.2	220000
263056	0,1,2,3,4,5,6,7,8,9,10,11,12,13,14,15,16,17,18,19	93.7952554103,95.2951066774,81.4939484192,82.492418711,105.349608571,98.7627862478,125.140757275,142.732955167,190.591996522,199.039363253,202.583044792,210.372985212,218.204309155,202.616225148,228.310188649,210.292350474,210.008299525,205.218461282,222.955185114,223.323950558	growth	0.2	220000
262614	0,1,2,3,4,5,6,7,8,9,10,11,12,13,14,15,16,17,18,19	-88.9959021606,-93.955747028,-98.0399211221,-74.4318776096,-75.6154643012,-91.182987146,-63.0053485063,-36.8323755933,-12.2211093902,16.1443733815,36.6518988077,35.2226746941,25.2066831059,23.603435082,27.8332813837,24.005150245,37.2008109531,25.8293936955,39.0590133537,31.0732043094	growth	0.2	220000
263763	0,1,2,3,4,5,6,7,8,9,10,11,12,13,14,15,16,17,18,19	-42.5717202413,-51.594564168,-42.8165111504,-37.7852716291,-51.0987402544,-38.7617728015,-29.9532087897,22.232502042,36.5244238818,57.453980133,62.6672365621,67.515389748,65.1270316975,60.2742251241,75.9195620637,64.8467707683,85.0273993615,75.4120392145,67.5529581039,61.2369221478	growth	0.2	220000
260558	0,1,2,3,4,5,6,7,8,9,10,11,12,13,14,15,16,17,18,19	-27.7322851919,-30.1430186451,-28.6620135163,-16.200853355,-20.2258388023,-13.802310994,1.2887036115,31.5420869139,70.4973578535,93.8389321876,109.995788828,99.7745758969,93.653057636,95.672341211,113.33488129,94.7594900519,98.3904233022,114.09809499,109.355247034,110.353753627	growth	0.2	220000
263109	0,1,2,3,4,5,6,7,8,9,10,11,12,13,14,15,16,17,18,19	118.813720541,101.490522486,119.853295323,118.94555061,122.102749769,132.553406337,130.765977946,166.731503426,202.942963075,218.854000628,238.532620262,222.204067221,245.964330547,243.768294072,237.934477681,238.895706766,246.583965578,236.848258687,243.368859391,224.827125496	growth	0.2	220000
260052	0,1,2,3,4,5,6,7,8,9,10,11,12,13,14,15,16,17,18,19	-29.132652475,-39.6296906893,-47.2118703337,-26.6890492494,-30.1646136696,-43.2951377171,-8.39207301475,8.20048337122,43.1240704922,58.471668057,66.4856996714,85.6321559254,83.607129675,84.8652839551,74.5314461706,72.385431748,96.429708091,71.1339139304,93.6043207502,98.1730236875	growth	0.2	220000
262540	0,1,2,3,4,5,6,7,8,9,10,11,12,13,14,15,16,17,18,19	94.4992262455,75.5032643094,77.1820203139,88.3589271467,82.3550335081,91.7648167137,105.04575936,135.617200748,183.238978449,181.547165755,190.628371613,201.910891426,211.770825156,214.2967547,196.343433943,195.895853811,215.988379872,212.738980538,215.712945641,200.482031899	growth	0.2	220000
261814	0,1,2,3,4,5,6,7,8,9,10,11,12,13,14,15,16,17,18,19	84.3152762712,82.2127241831,82.9886834342,60.0812071671,68.7055349279,88.6421617545,103.566111986,141.53202379,165.68583045,163.394981665,179.991607513,196.875885165,188.175104421,201.830442778,193.50937046,185.698533079,198.84733157,186.693206349,192.550940146,207.180697365	growth	0.2	220000
262454	0,1,2,3,4,5,6,7,8,9,10,11,12,13,14,15,16,17,18,19	56.0144089353,67.8658794926,55.0096948365,65.0708970708,79.7183284476,68.4060494879,109.08424156,114.919623608,165.053055944,162.950431576,193.214910676,181.098221155,202.277578418,182.493946862,192.847441871,190.400695519,195.913671405,180.068186752,205.944464721,201.452736813	growth	0.2	220000
261457	0,1,2,3,4,5,6,7,8,9,10,11,12,13,14,15,16,17,18,19	-86.560293462,-109.358041189,-98.3293839758,-97.4701214477,-105.042705635,-78.7365676583,-58.607699911,-28.4533666166,-2.4649836338,-3.11731687392,20.0476721982,11.4805349127,32.4539182839,30.9777526808,36.9471944712,39.4582263621,36.9639395205,36.6219779986,19.5446900831,18.888367073	growth	0.2	220000
263585	0,1,2,3,4,5,6,7,8,9,10,11,12,13,14,15,16,17,18,19	87.3061369025,91.70277354,82.9320775934,80.0532887899,84.5797200807,104.930996044,116.215200154,145.530710216,174.54767958,182.779709122,212.375478736,200.26129337,218.133743046,214.513520383,208.770500734,215.752097987,214.89124977,210.388626609,214.429902724,226.319768668	growth	0.2	220000
263277	0,1,2,3,4,5,6,7,8,9,10,11,12,13,14,15,16,17,18,19	72.1950566983,54.3009179031,66.8813508445,71.5444738106,61.3293332146,83.8861071285,86.6300033778,124.019078455,143.16739662,171.252771211,165.730670782,168.808774327,187.852463135,199.884262445,174.417275673,183.496095027,188.7407441,186.263943592,197.392501466,197.969248774	growth	0.2	220000
262383	0,1,2,3,4,5,6,7,8,9,10,11,12,13,14,15,16,17,18,19	32.9699311388,30.0100826517,17.4023580206,19.9855516656,17.1519022816,24.9349955055,58.5966819385,75.0345291682,113.643506985,131.553978937,126.495512521,141.868905395,136.545209268,136.201409725,150.883768299,144.51809236,150.381592505,139.332012332,137.955491653,151.065543746	growth	0.2	220000
262357	0,1,2,3,4,5,6,7,8,9,10,11,12,13,14,15,16,17,18,19	-15.7608970314,-13.3425816866,-18.1877174909,-32.7046588476,-26.917090588,-21.5117343911,-3.86801848376,44.0000447252,75.6925362283,68.5414061465,101.41080506,102.213631641,86.9715949908,107.71054996,90.4609311289,106.118686097,114.557731684,111.760197214,96.9769206486,107.389234928	growth	0.2	220000
263783	0,1,2,3,4,5,6,7,8,9,10,11,12,13,14,15,16,17,18,19	120.237734851,115.806860595,127.538665807,112.266321657,133.846274633,137.061299642,162.035190198,184.946586295,208.284012894,233.95290809,248.630880725,239.836402664,238.171784965,255.019472462,259.076467426,236.651764315,262.250715076,251.601353941,251.78554916,243.469227558	growth	0.2	220000
263638	0,1,2,3,4,5,6,7,8,9,10,11,12,13,14,15,16,17,18,19	76.7253294342,95.0686700146,88.7750530049,93.020984565,85.2299196735,91.3904741992,108.639798874,135.101956704,177.30060991,198.832898026,194.049522395,207.115906346,212.132136439,197.10003032,216.791425162,215.737474129,203.373099494,197.712231512,214.196437633,203.987323121	growth	0.2	220000
260729	0,1,2,3,4,5,6,7,8,9,10,11,12,13,14,15,16,17,18,19	35.5853881196,22.697544021,27.96886507,42.4048536055,34.4368553949,29.1647545423,51.2404366114,93.9737273713,112.818131694,135.364543512,156.633372959,145.969216411,147.138601308,159.5309399,154.849929858,168.470439941,169.935564433,159.607544111,147.098657773,160.470732538	growth	0.2	220000
261398	0,1,2,3,4,5,6,7,8,9,10,11,12,13,14,15,16,17,18,19	-22.2676971133,0.847352541744,-3.15543678029,-7.24037494341,-23.6018014852,-2.64371170846,24.8313567998,55.5327226667,75.4369890247,78.5160319367,106.057423657,106.016127565,98.8379938456,114.840077317,124.214698697,123.937721179,119.165051698,102.563485994,127.774230899,107.791142873	growth	0.2	220000
263811	0,1,2,3,4,5,6,7,8,9,10,11,12,13,14,15,16,17,18,19	53.4376405698,72.5690592653,74.9945101923,61.128527018,62.8941057117,83.6311239276,79.648318449,134.751374759,143.510234813,166.707698367,164.523833478,181.879288045,183.221948294,197.56809364,198.421848013,195.821253643,183.372391532,174.181181964,198.538480501,200.872626612	growth	0.2	220000
260537	0,1,2,3,4,5,6,7,8,9,10,11,12,13,14,15,16,17,18,19	-51.9419683797,-66.2170126467,-65.647088578,-55.7991937391,-56.2328015386,-41.7732702107,-26.7871892593,-6.20024711405,39.1600961744,51.6272552244,50.8565471443,64.3607897922,58.4199379052,59.0486927714,62.183047673,82.7521979448,69.6312025361,71.0428742672,66.2667756485,66.1770441984	growth	0.2	220000
260353	0,1,2,3,4,5,6,7,8,9,10,11,12,13,14,15,16,17,18,19	111.643430067,108.175428235,127.200075127,130.040729967,130.233406906,121.104973117,153.467467569,176.944515946,207.886193233,216.989625396,221.398044903,223.612132746,242.577154157,231.053081348,238.385131511,243.395038824,243.753604588,256.293103586,250.622891184,250.87975832	growth	0.2	220000
260255	0,1,2,3,4,5,6,7,8,9,10,11,12,13,14,15,16,17,18,19	-58.1384435429,-59.4307166217,-46.9856635962,-54.9880731414,-40.8295888808,-37.3886111376,-24.5451293812,14.8428497496,28.4526827607,64.6774018667,63.9377280817,57.2193494883,82.0411918534,77.4956924957,84.9498084393,81.6764439649,64.8531153994,66.786003813,87.1634453553,85.7513234584	growth	0.2	220000
263530	0,1,2,3,4,5,6,7,8,9,10,11,12,13,14,15,16,17,18,19	-124.992152401,-108.671505823,-110.539519594,-117.66979613,-101.348072655,-97.0415265575,-91.882831563,-67.332541513,-34.3230476545,-12.6447395304,-2.18732160663,-10.1368683254,4.20717987892,11.2347426971,2.434922238,16.7818471735,12.9918686679,-2.61381428269,9.08236603566,3.35613468181	growth	0.2	220000
263634	0,1,2,3,4,5,6,7,8,9,10,11,12,13,14,15,16,17,18,19	-66.8475267448,-73.2648985648,-73.6842731689,-78.9633197067,-64.4136200046,-48.1356149148,-31.6497027802,-11.2984597524,27.8667017958,43.1730879561,46.2072724848,57.4467416924,62.7944610468,48.5221210262,64.388528281,49.9076145162,56.57093947,52.0310182216,52.322439787,54.3036961808	growth	0.2	220000
261965	0,1,2,3,4,5,6,7,8,9,10,11,12,13,14,15,16,17,18,19	-50.3046158989,-29.5996920146,-38.2920418214,-47.3903799879,-24.8075026871,-19.9083032526,-16.5662077628,27.1329876504,42.9871380849,66.5490805665,66.7572619849,83.2794721059,72.0533807746,84.7739170538,96.9391852827,74.7714814136,85.6795654322,75.1805243294,88.2200845398,74.1296629835	growth	0.2	220000
261328	0,1,2,3,4,5,6,7,8,9,10,11,12,13,14,15,16,17,18,19	128.510265855,115.806905196,107.061577321,132.085104891,118.102996956,123.386649381,139.989450524,169.001094796,195.813306245,228.660483167,238.243990864,245.241436997,237.220419035,238.424623334,253.060022457,251.638848942,233.546846225,255.811341256,231.03168496,238.797735639	growth	0.2	220000
262668	0,1,2,3,4,5,6,7,8,9,10,11,12,13,14,15,16,17,18,19	-103.027151216,-116.64190392,-105.760688965,-105.040034203,-111.316361484,-102.706789642,-81.2580687397,-58.0888609942,-28.0181751187,-12.9401702045,2.02198328276,8.50118062416,3.18351102249,8.67327561878,22.7203507966,15.2970354399,2.23430033113,15.4865890651,8.26163966698,25.915809857	growth	0.2	220000
260669	0,1,2,3,4,5,6,7,8,9,10,11,12,13,14,15,16,17,18,19	-14.5473997587,-10.1906253261,-8.60575517583,-3.39745344851,-13.284427063,4.53553588281,11.8721873193,39.848330903,62.8948818815,96.7139423242,91.7710488754,120.008296069,115.261349337,104.885958997,121.117082195,125.056595657,109.495460396,99.6585447896,119.457351622,119.84405521	growth	0.2	220000
263245	0,1,2,3,4,5,6,7,8,9,10,11,12,13,14,15,16,17,18,19	49.3849364393,32.6731671574,39.6180257215,25.2369150397,36.7322938765,54.209375186,57.0481807161,105.138682677,130.603937931,126.281302678,157.801943799,158.204026946,160.911281579,169.768339424,159.962428342,161.743249533,171.029383087,151.835890787,170.904444769,149.671073843	growth	0.2	220000
260725	0,1,2,3,4,5,6,7,8,9,10,11,12,13,14,15,16,17,18,19	-61.4789885744,-51.4161025293,-58.041102627,-57.455155676,-39.5692699614,-45.1154176175,-10.0466636721,-3.59341275291,26.346161141,52.313297081,66.3901451086,52.2839658261,78.7837609127,79.9527763899,74.340660544,79.4816864593,71.279238859,85.5337630097,69.3355930047,77.5924223137	growth	0.2	220000
261847	0,1,2,3,4,5,6,7,8,9,10,11,12,13,14,15,16,17,18,19	29.4166896694,40.3200577557,49.3738952117,31.5314753477,45.9748234058,56.0131942381,66.3148456283,106.794527823,141.85446296,151.821037707,145.558054381,156.521253852,169.045787754,154.113160125,159.86028539,172.401455251,172.498429802,166.12808886,166.746170428,170.040212208	growth	0.2	220000
262391	0,1,2,3,4,5,6,7,8,9,10,11,12,13,14,15,16,17,18,19	52.6458562397,71.8463047445,50.1337973817,53.3171055612,74.1759124996,61.6815659647,86.1500368243,107.884108892,140.490340029,154.714332254,175.919702373,167.833816399,178.058270762,175.540316704,197.71169185,181.549119071,195.946469895,177.772221356,178.835351538,183.619694178	growth	0.2	220000
260745	0,1,2,3,4,5,6,7,8,9,10,11,12,13,14,15,16,17,18,19	35.1872256313,31.8938046501,20.4908895181,18.2740764985,42.3697679597,29.6778123645,59.9702013688,96.8871286268,115.70736483,141.428824151,133.926833827,149.21592562,143.015417317,146.616680129,148.400359443,159.702763065,147.039675544,145.293378409,150.216277946,145.898147976	growth	0.2	220000
262125	0,1,2,3,4,5,6,7,8,9,10,11,12,13,14,15,16,17,18,19	15.3206039666,41.651147125,40.9818385357,20.0228466305,23.8222072287,27.9288265425,60.0972008636,102.565856082,121.663785267,140.56554649,138.013699817,148.678180422,164.459506937,140.396448623,163.810448784,144.722274556,139.886607936,158.552280159,144.353137905,146.567914729	growth	0.2	220000
262221	0,1,2,3,4,5,6,7,8,9,10,11,12,13,14,15,16,17,18,19	17.9799644619,31.784564451,34.192359177,15.1647016738,31.6731670572,15.7532827652,42.5091760883,67.0255838363,104.730475631,135.328411252,128.044787931,142.992403893,133.736924249,130.814940446,144.616424477,138.736425594,156.1170244,145.995790284,143.395102606,150.041598682	growth	0.2	220000
262310	0,1,2,3,4,5,6,7,8,9,10,11,12,13,14,15,16,17,18,19	3.59495294689,7.07925667128,-14.5815525879,4.46587682894,-8.15023869104,-4.24492946338,33.4099252541,53.6237975278,67.4961143336,84.8821437204,107.679133377,112.659198565,122.076141425,128.173988095,109.854337302,125.624922894,129.71373072,126.4406206,120.625133347,121.58201712	growth	0.2	220000
263982	0,1,2,3,4,5,6,7,8,9,10,11,12,13,14,15,16,17,18,19	56.8656901713,51.0524113766,56.3057009543,49.2346939345,51.0582840662,66.2046892122,97.4203628808,128.273612951,131.384876885,160.319139438,160.049147427,187.232012836,191.816975814,186.547313363,171.079990553,175.149086265,172.315087663,173.249987144,175.31667531,187.557201073	growth	0.2	220000
260573	0,1,2,3,4,5,6,7,8,9,10,11,12,13,14,15,16,17,18,19	90.0449866476,80.8659098382,75.0429046835,65.4387300692,77.3201234381,92.8821331588,115.162707637,148.072805095,163.47304881,173.945681837,176.59438843,194.614611107,195.938975785,212.14078964,208.835416004,194.025869319,189.004116391,194.221322256,204.803521198,193.004150725	growth	0.2	220000
262473	0,1,2,3,4,5,6,7,8,9,10,11,12,13,14,15,16,17,18,19	-13.2368401629,-6.21050627863,-7.17387279283,-18.8088426231,-4.92359607459,-2.74831961899,17.6695999776,48.0417196976,76.9073475544,75.8447374398,94.7581450688,94.9952581933,118.504940167,110.399032614,120.931204835,107.437146223,122.838362954,109.821426569,109.267136719,121.407402018	growth	0.2	220000
261493	0,1,2,3,4,5,6,7,8,9,10,11,12,13,14,15,16,17,18,19	49.3971288066,66.1528221713,55.1841247825,45.8384320684,53.2595402834,67.4662065198,90.8395901809,106.483630134,137.507104504,165.578408423,169.068171893,187.454374692,187.965347327,185.822886727,186.728380924,184.051027477,183.566684236,196.040925838,187.871740515,177.426255462	growth	0.2	220000
263983	0,1,2,3,4,5,6,7,8,9,10,11,12,13,14,15,16,17,18,19	59.4223645538,66.5831386612,69.7526440386,59.0329154865,50.309595204,69.0565675985,77.652541609,130.35263189,150.158788385,168.747443214,162.207208766,193.28274488,190.08089807,184.882367839,175.97729415,174.691959295,184.442014422,178.486643361,195.035595725,178.400324978	growth	0.2	220000
260825	0,1,2,3,4,5,6,7,8,9,10,11,12,13,14,15,16,17,18,19	-25.0288312188,-29.2130766299,-26.073318007,-42.8081277179,-42.8726711437,-29.2326423888,2.54437272144,21.218580744,62.1935801381,72.9554677218,73.6184722659,96.7395580063,89.9641548409,94.9450987932,104.74114842,91.2667349699,105.14975917,97.0067949048,96.7161052154,88.1597282252	growth	0.2	220000
262009	0,1,2,3,4,5,6,7,8,9,10,11,12,13,14,15,16,17,18,19	-72.1127338764,-47.7864556751,-70.4480463801,-55.7587926517,-45.0867728436,-61.0803025482,-43.0542390794,0.252479370212,33.4596145026,31.3155481046,40.5096255897,64.6074081683,55.0702461711,76.9320872612,64.3336648912,78.6196651468,73.9667295979,61.0310938209,73.6258021957,67.0051879757	growth	0.2	220000
261155	0,1,2,3,4,5,6,7,8,9,10,11,12,13,14,15,16,17,18,19	-114.558146056,-97.8053734577,-97.2351632215,-97.4908219195,-92.3845593154,-110.376939793,-71.8192639185,-44.0324477799,-30.4658069154,7.45698944296,20.9144958715,14.8085444437,10.5528538721,25.5458609094,27.0987436864,17.1916530339,10.7620490747,14.9966378593,27.3156575264,19.205463943	growth	0.2	220000
437032	0,1,2,3,4,5,6,7,8,9,10,11,12,13,14,15,16,17,18,19	-34.5278158185,-24.7764298913,-33.1646540218,-27.6832440009,-40.4722984099,-10.6829072834,-28.0286159886,-12.3176310433,2.04450924875,33.0162709287,37.7674823933,71.3949031314,98.3301228536,94.4195254096,96.4900580823,115.24795575,117.757557809,130.135428845,126.210016295,117.576772347	scurve	0.2	396000
436978	0,1,2,3,4,5,6,7,8,9,10,11,12,13,14,15,16,17,18,19	-141.940678085,-127.775756034,-132.535838859,-112.591268667,-120.759947433,-113.945805767,-107.285462573,-96.8223304961,-107.576317562,-83.0582111284,-50.9661658852,-27.5084510864,-8.07863024073,21.6304517448,27.0190915506,22.9854470702,11.4267440602,12.6853928413,38.6117049293,15.8150661906	scurve	0.2	396000
439436	0,1,2,3,4,5,6,7,8,9,10,11,12,13,14,15,16,17,18,19	121.929260512,120.757267789,101.098986615,107.604531806,119.995142834,114.306294489,100.291390294,115.786517602,137.235855029,148.329411526,166.014731168,196.359200886,224.226242952,248.12024176,233.877844493,266.355764337,254.185104219,239.89458521,248.539470167,246.113279449	scurve	0.2	396000
439689	0,1,2,3,4,5,6,7,8,9,10,11,12,13,14,15,16,17,18,19	-78.107681054,-96.3759482409,-90.7170868611,-85.4687159103,-79.197526226,-101.511361126,-88.9054362174,-68.5941993919,-52.3146424995,-33.893155669,-10.2782331268,12.5019865686,36.2187105648,36.718837306,52.9725215382,59.0020883146,55.1376315427,49.7133754206,65.7890746286,46.9121817848	scurve	0.2	396000
436633	0,1,2,3,4,5,6,7,8,9,10,11,12,13,14,15,16,17,18,19	-122.343426245,-113.246127376,-114.352956514,-110.198685073,-113.494775741,-118.837685776,-100.93690168,-90.4067113737,-91.5074228707,-78.8477191393,-30.9572624117,-32.1856995788,14.0605223801,21.6893338862,23.7779327048,7.83924943019,9.49328730737,30.7603586919,38.0486528867,33.0038467365	scurve	0.2	396000
439712	0,1,2,3,4,5,6,7,8,9,10,11,12,13,14,15,16,17,18,19	-42.7264256431,-27.5428410417,-47.2386572444,-35.5949766892,-49.67274054,-40.0805493108,-11.0905862293,-14.6150409877,9.92225406561,22.3425627828,32.9306495531,63.2762435083,97.0519544352,112.893358027,108.242019077,124.675821621,121.027147708,126.3298836,124.158790174,123.750126628	scurve	0.2	396000
437727	0,1,2,3,4,5,6,7,8,9,10,11,12,13,14,15,16,17,18,19	-51.9371185283,-61.044565251,-53.4510079599,-52.2329771838,-62.028264728,-50.293997616,-58.7029065562,-48.204221614,-45.1146625081,-17.8758472682,25.5271799482,41.3036261991,69.5687397881,78.9522733849,79.9995447151,84.1487275466,74.5755454355,97.1998805546,83.7516562542,96.7451709586	scurve	0.2	396000
439690	0,1,2,3,4,5,6,7,8,9,10,11,12,13,14,15,16,17,18,19	-120.329786544,-109.679879649,-106.729751033,-113.044535241,-105.935531317,-110.54723742,-85.5365578898,-94.9163687296,-81.9431319884,-67.5053629939,-30.1111257369,2.47850657117,12.0740199045,36.0981870336,51.7209338268,35.2781411612,27.3636324797,60.7148421987,57.4760092491,48.5434059977	scurve	0.2	396000
436490	0,1,2,3,4,5,6,7,8,9,10,11,12,13,14,15,16,17,18,19	121.599028968,117.591647479,117.959540314,139.662673649,133.324249796,122.439262631,142.618495595,133.731518142,170.158620588,169.542752941,220.977482622,232.723627513,246.286517432,272.579587855,285.319023833,270.134956893,267.024689663,291.924293727,270.518973796,280.384545097	scurve	0.2	396000
437082	0,1,2,3,4,5,6,7,8,9,10,11,12,13,14,15,16,17,18,19	-58.4704187568,-58.2805674561,-83.9051914591,-55.994662316,-58.5429372576,-57.7250632061,-78.5194253919,-67.253884155,-35.7198180498,-17.0320580428,-4.47017879211,13.7511889256,60.2829736543,52.329740475,64.0873426692,62.6552934871,83.1879327992,71.6428204822,84.8290491381,80.1554681064	scurve	0.2	396000
439205	0,1,2,3,4,5,6,7,8,9,10,11,12,13,14,15,16,17,18,19	-98.4304378809,-72.5030706436,-94.83188686,-76.4595254115,-87.1060989871,-77.6980955238,-91.3566080743,-64.0454098022,-51.8386792197,-41.717980785,-13.8864153644,6.83830488161,48.5440969811,34.6770454713,70.7228786852,46.2778370812,46.9911978242,53.6837070925,70.9571789573,60.3597084691	scurve	0.2	396000
438137	0,1,2,3,4,5,6,7,8,9,10,11,12,13,14,15,16,17,18,19	-140.641909694,-141.709591445,-147.690404845,-141.935868027,-136.804267183,-142.289042848,-123.803922493,-120.029579099,-121.835440244,-83.6841770388,-68.0182110805,-41.204587742,-29.0581249835,-30.0364229918,2.51635163315,-0.897079502928,-12.6743369765,-5.04741164661,2.44660573899,-7.12674066969	scurve	0.2	396000
437566	0,1,2,3,4,5,6,7,8,9,10,11,12,13,14,15,16,17,18,19	7.75699743804,-2.20209410756,-4.21468747358,14.4839244108,-7.43371969813,-0.87719031091,-3.27096161745,20.7541153093,41.8842083184,43.8869907987,89.4599696657,83.5001358923,123.407631199,125.123691092,125.682441814,157.991707204,136.177621633,156.136001682,144.399721284,157.589365599	scurve	0.2	396000
438637	0,1,2,3,4,5,6,7,8,9,10,11,12,13,14,15,16,17,18,19	0.0135659222045,2.55223093905,18.601757562,10.7843947392,2.34246860629,-4.19426603579,26.3646376189,19.1920337707,35.5066819761,59.8817645364,87.2317322477,113.200558017,113.13139957,139.809488391,150.080989063,134.865852995,148.102578863,152.823940321,151.967302077,158.182556994	scurve	0.2	396000
438708	0,1,2,3,4,5,6,7,8,9,10,11,12,13,14,15,16,17,18,19	-114.842304819,-116.061260618,-115.83567446,-93.1649592192,-113.387984912,-109.00002962,-108.035253348,-104.32109297,-84.3219281559,-49.2421660393,-25.2857992075,-21.1526170427,1.53824652734,23.0650333747,26.5882734698,48.3654737802,41.3981136604,24.8423462383,43.2659793429,41.6216919353	scurve	0.2	396000
439657	0,1,2,3,4,5,6,7,8,9,10,11,12,13,14,15,16,17,18,19	32.1688552253,28.959737731,11.2703001444,27.0794630946,18.020447043,30.4942638419,35.7219680199,32.1975870836,59.2960978532,76.6030581954,113.52387495,139.532265442,141.884307766,142.987654111,148.571958404,173.902627595,174.512789639,161.008166495,182.933475749,187.789673642	scurve	0.2	396000
437586	0,1,2,3,4,5,6,7,8,9,10,11,12,13,14,15,16,17,18,19	-128.212929656,-144.505810618,-157.090797911,-156.690794927,-125.95339007,-124.637621087,-127.776691553,-130.918722269,-114.926395264,-103.870669644,-66.1689701195,-44.792592106,-19.8787274335,6.42085116068,-3.90732013413,6.1791000011,0.0463879421166,1.09128078805,12.8944018094,11.6614640926	scurve	0.2	396000
436416	0,1,2,3,4,5,6,7,8,9,10,11,12,13,14,15,16,17,18,19	85.8830772467,83.6061111158,77.9033554139,79.7526552259,74.987603783,105.771499815,80.2710143215,110.503247926,102.46399196,122.299804229,150.950512666,194.078850733,207.577720444,228.331146056,241.257817294,245.48275514,237.743414882,247.161989518,243.368350717,235.263585946	scurve	0.2	396000
437952	0,1,2,3,4,5,6,7,8,9,10,11,12,13,14,15,16,17,18,19	-123.768191859,-129.653594117,-127.492737447,-122.094585997,-142.519505248,-110.79439521,-120.222942831,-111.409344376,-94.5598983678,-80.0779498639,-44.9135266339,-41.6611375718,6.4787522693,8.3210294507,13.3992620463,25.3305789456,33.8290619474,14.0058137068,11.8144745188,20.8264780187	scurve	0.2	396000
439998	0,1,2,3,4,5,6,7,8,9,10,11,12,13,14,15,16,17,18,19	-13.8975551886,-28.5613678599,-11.5541324605,-9.90156615129,-6.82896131096,5.64932923956,6.54279606475,-4.19361666007,15.506763635,27.1502939141,75.2997453582,95.2580153233,95.1848010005,108.421209616,136.63697574,117.177468543,150.446331499,132.521759238,138.034736194,146.705331883	scurve	0.2	396000
439079	0,1,2,3,4,5,6,7,8,9,10,11,12,13,14,15,16,17,18,19	18.7322706529,19.3353376288,11.5825985718,4.05262819565,-3.28583208309,18.2589662011,5.14658826172,20.5457879921,29.1893658715,60.7590336405,66.1308124346,102.240711156,118.502867958,130.123747451,159.843851231,167.882298591,149.139106059,164.156220089,154.667285727,164.835395427	scurve	0.2	396000
438376	0,1,2,3,4,5,6,7,8,9,10,11,12,13,14,15,16,17,18,19	150.582237663,130.11586052,151.622327491,153.033089573,128.992604329,133.110011863,130.017495599,162.061836661,168.062953347,178.389417131,195.589418645,240.129209039,252.277595241,258.115382877,262.856469271,281.386748108,291.082630246,279.630072129,293.485579029,270.700512267	scurve	0.2	396000
439143	0,1,2,3,4,5,6,7,8,9,10,11,12,13,14,15,16,17,18,19	71.3434005163,85.2800916198,77.8042001917,79.0616237868,78.4347958987,83.5072471301,101.783531245,94.712578139,109.405512014,127.420197214,147.615483649,189.400073734,211.481876024,203.0610655,226.968594616,242.258653814,224.411421926,221.648582262,218.974134155,222.230140703	scurve	0.2	396000
438887	0,1,2,3,4,5,6,7,8,9,10,11,12,13,14,15,16,17,18,19	-120.005762581,-119.148832856,-96.2760522225,-115.412781404,-116.263657493,-102.367103708,-116.574243775,-104.51103471,-69.2577378265,-53.5549403382,-41.0928761673,-23.5487902534,24.9800824205,28.3387084839,31.3447418496,40.1119049224,34.187441955,37.1823875144,33.5299739209,45.324673591	scurve	0.2	396000
438436	0,1,2,3,4,5,6,7,8,9,10,11,12,13,14,15,16,17,18,19	119.852459546,107.870274764,112.918483369,116.385594219,111.495270167,124.94054875,121.872226215,144.052445658,146.536525118,168.264242336,194.865272521,224.624839722,255.658748028,253.14637089,261.011377992,253.101688984,261.093014054,281.792958616,278.780725529,273.123306305	scurve	0.2	396000
438743	0,1,2,3,4,5,6,7,8,9,10,11,12,13,14,15,16,17,18,19	-141.454395123,-150.850182307,-142.773320258,-150.528788157,-132.72856822,-129.003198924,-133.452619799,-114.436598715,-118.101649204,-95.91355679,-70.8220750631,-45.3184469554,-27.8959630457,7.39818469812,8.2489019633,-5.37189767794,18.6944143568,21.323587554,23.1695061143,-1.49896242345	scurve	0.2	396000
437372	0,1,2,3,4,5,6,7,8,9,10,11,12,13,14,15,16,17,18,19	80.3013739296,90.3762273411,91.738496868,79.8763246755,88.0650263137,84.9174701805,95.2202528507,107.379863237,98.747487439,119.445656871,151.456077004,185.059450723,185.394066996,199.553981712,221.749934424,214.113218237,223.526507786,210.761941348,233.08308288,218.906121021	scurve	0.2	396000
438804	0,1,2,3,4,5,6,7,8,9,10,11,12,13,14,15,16,17,18,19	-94.1410779574,-110.207675693,-92.3129722979,-108.037834027,-89.0533940588,-82.8960961972,-96.2601878064,-68.7312870156,-77.1169993537,-43.0401877043,-33.5019426546,8.91911936687,35.7731945675,25.131860628,31.3329526566,62.8980571007,44.074754483,59.5045131873,61.4010374797,64.9732353109	scurve	0.2	396000
438709	0,1,2,3,4,5,6,7,8,9,10,11,12,13,14,15,16,17,18,19	103.589571942,96.159694166,79.5032367163,99.686077676,94.6069210291,87.6006467371,105.694263723,101.004663082,131.652617034,138.808481968,180.231514379,201.892990416,220.521435552,223.970711779,231.588898304,227.487623935,249.263645464,227.036931902,242.120112788,232.344187777	scurve	0.2	396000
439478	0,1,2,3,4,5,6,7,8,9,10,11,12,13,14,15,16,17,18,19	-85.5560222194,-67.8095262278,-73.7366045369,-69.6606989209,-76.0480997057,-52.9945150505,-74.851628308,-52.6332512078,-45.0300005889,-7.8026878751,-3.71023230834,11.3727766638,45.5955447242,53.1457492654,71.3381550727,68.277914282,74.5291817164,88.8344844342,59.608286665,65.2588070398	scurve	0.2	396000
437445	0,1,2,3,4,5,6,7,8,9,10,11,12,13,14,15,16,17,18,19	-122.952035251,-115.253215618,-119.020343557,-128.703679126,-108.027036101,-108.424783321,-115.678819669,-99.192861345,-69.9230339561,-58.7485201352,-26.3248763419,-2.49631470809,3.12172796671,31.082717674,8.69203749643,17.4432358113,44.0973315498,35.5396980606,32.8977319797,21.370877194	scurve	0.2	396000
438720	0,1,2,3,4,5,6,7,8,9,10,11,12,13,14,15,16,17,18,19	-17.6817246319,-17.0853389595,-11.6989658447,-28.3079980929,-39.4472693973,-10.3711618841,-18.3047142948,-13.5117648827,-7.44115063646,8.51860055887,35.8976388231,59.3581964797,95.3318491033,112.051506434,117.655091517,116.165218182,137.771875787,106.743631376,138.027327706,116.365004429	scurve	0.2	396000
436194	0,1,2,3,4,5,6,7,8,9,10,11,12,13,14,15,16,17,18,19	-49.7200972202,-23.4381410534,-23.1249302614,-50.3018440667,-45.3841251157,-20.9141494327,-37.4948649941,-25.2990961089,-7.45834965799,24.9574741002,40.4684956569,55.4059085145,92.7023878693,111.220208258,89.2739152961,114.838576787,98.3670692136,126.741573681,100.106875878,115.752932591	scurve	0.2	396000
436327	0,1,2,3,4,5,6,7,8,9,10,11,12,13,14,15,16,17,18,19	-61.8251073172,-64.135093345,-46.3115207039,-65.8352424944,-65.9397835435,-47.8127972695,-53.0314609338,-28.2738148077,-20.8566975465,8.35090732493,11.3625384162,39.0808434013,65.1254061073,70.6001305693,73.9936421125,79.7563550876,78.9495877785,90.2149729445,92.0232444966,90.8304117742	scurve	0.2	396000
438717	0,1,2,3,4,5,6,7,8,9,10,11,12,13,14,15,16,17,18,19	-108.585277418,-114.836324624,-120.378456543,-103.236746095,-115.120977333,-106.99368778,-108.739578023,-79.2703291108,-63.237457525,-41.8969815757,-26.2252871411,-17.6073766326,15.328260067,21.475387841,24.6531716204,29.1251088023,31.7605230055,40.0721397568,39.2478231475,34.1511145784	scurve	0.2	396000
439661	0,1,2,3,4,5,6,7,8,9,10,11,12,13,14,15,16,17,18,19	12.0881981808,1.37370922672,1.47709084017,0.292778685837,9.06103141556,7.31579653291,13.8133882987,13.8681911509,46.3477885696,52.3620329522,75.3804989132,106.512378105,138.511586705,123.393871149,143.695678821,148.890562379,158.791037082,165.215621611,156.220202343,147.992200287	scurve	0.2	396000
437945	0,1,2,3,4,5,6,7,8,9,10,11,12,13,14,15,16,17,18,19	3.89141441059,8.94769141346,1.58498589857,3.82891007776,0.847231801629,-12.7437310322,16.1516858752,21.8587296156,29.6777353361,46.8591226765,84.6829222312,107.855420197,127.796262235,131.928263091,135.443091236,146.542569355,131.831021404,146.933872377,136.83136628,156.336404684	scurve	0.2	396000
436546	0,1,2,3,4,5,6,7,8,9,10,11,12,13,14,15,16,17,18,19	-17.5149060042,-3.59437099371,-4.5610387763,-1.70320788722,-27.6388052975,-5.44713757798,-9.94663049819,3.90365639342,20.890656479,26.9304640443,67.8987609157,74.0042830857,104.280842982,108.001702666,126.691495834,142.185588528,119.778791292,149.231000517,121.976140446,137.982560487	scurve	0.2	396000
438801	0,1,2,3,4,5,6,7,8,9,10,11,12,13,14,15,16,17,18,19	18.5672827135,20.0528453344,-5.61372893754,-6.99473263145,21.7598597604,-3.377359637,15.8272722761,31.2541451481,31.2250072887,65.5038480374,72.5901324877,103.840537117,116.664455234,149.697902369,156.212547551,135.959460054,143.398788565,149.554517647,160.501048288,164.885460064	scurve	0.2	396000
436937	0,1,2,3,4,5,6,7,8,9,10,11,12,13,14,15,16,17,18,19	-10.9045118901,-15.0237705703,-34.7728349823,-21.9226510077,-39.1958049567,-17.437434745,-1.7603588885,-12.5448657041,2.04869286787,9.38916034748,33.3951107808,64.2273518646,89.7088910773,115.534264944,119.178641155,130.856896641,126.865730311,111.503200397,115.844067128,109.280908347	scurve	0.2	396000
437467	0,1,2,3,4,5,6,7,8,9,10,11,12,13,14,15,16,17,18,19	-135.275978161,-140.398122022,-137.397903254,-136.90693686,-134.055548591,-129.906042952,-115.279753893,-107.120147287,-82.9256372604,-73.6212864851,-62.5236861685,-22.2277441211,-1.95277118669,11.9735931553,8.6334822656,4.59399516142,20.9673339042,18.8580588886,31.1889803511,23.8554833325	scurve	0.2	396000
439663	0,1,2,3,4,5,6,7,8,9,10,11,12,13,14,15,16,17,18,19	-97.5563287724,-122.040778906,-101.481472919,-107.797864103,-110.869131944,-96.2001324506,-96.8341887767,-103.211713914,-82.8625814677,-76.9242659909,-31.4950300893,1.409185956,9.05827407866,29.734834877,39.9571802416,23.8546859698,49.3410982395,19.9235605241,29.6449064303,26.1228601964	scurve	0.2	396000
439573	0,1,2,3,4,5,6,7,8,9,10,11,12,13,14,15,16,17,18,19	-57.1650306734,-43.031955538,-59.1111320164,-56.6345681564,-37.2194886294,-47.9414484486,-52.7786269495,-43.0142965235,-22.7781144236,-16.202070749,27.1006425856,35.8694254845,79.524280923,76.0867537186,93.6838060764,106.373265414,105.170539005,85.0082529761,101.403675117,85.3928855342	scurve	0.2	396000
439188	0,1,2,3,4,5,6,7,8,9,10,11,12,13,14,15,16,17,18,19	-110.584440338,-126.173124112,-113.508434492,-97.6047832605,-117.403766932,-114.267389945,-109.382818465,-111.03700793,-95.6462738438,-50.8788112662,-24.6004664794,-4.87180027677,10.6785253609,4.0840575925,42.9326468518,39.8110149775,37.7732545247,34.4995646643,38.3246792671,20.9899573897	scurve	0.2	396000
438679	0,1,2,3,4,5,6,7,8,9,10,11,12,13,14,15,16,17,18,19	-153.39712615,-143.12173691,-144.251828628,-133.965360899,-148.636556714,-136.840651182,-129.38023487,-130.998725021,-115.944550263,-73.2103848887,-61.6759437076,-47.3978582575,-26.1072725902,-6.08740388675,7.14212725893,21.5208474092,13.3681662726,16.6675723879,0.778697415852,4.438567682	scurve	0.2	396000
436691	0,1,2,3,4,5,6,7,8,9,10,11,12,13,14,15,16,17,18,19	-47.6691381144,-40.7515350635,-32.644865034,-54.0493440904,-39.8352151891,-42.5742020875,-30.0073759335,-45.2543502105,-4.03524260034,-4.49738057495,13.763205293,46.5485911589,85.7000865316,75.0296608751,84.7018557025,113.192797877,103.516535073,96.844876297,116.245500485,90.561184412	scurve	0.2	396000
436735	0,1,2,3,4,5,6,7,8,9,10,11,12,13,14,15,16,17,18,19	119.946172137,127.277136768,142.484694858,144.966460805,134.031568794,128.148824119,130.979988162,153.487256982,170.958889802,187.212767205,211.886838067,232.797723307,241.41596334,265.340758984,283.413906909,275.492974979,291.685795782,266.301310401,274.215598244,276.81499962	scurve	0.2	396000
438688	0,1,2,3,4,5,6,7,8,9,10,11,12,13,14,15,16,17,18,19	37.715216826,51.7226627382,50.1076552864,60.9913971113,63.1800882652,57.8446125257,48.2305628156,78.9050653148,65.0233211602,82.1313488534,110.320717917,147.977072973,176.373864901,185.292994053,188.680772825,188.959471665,203.475641014,209.281054569,212.729702115,188.450202069	scurve	0.2	396000
438294	0,1,2,3,4,5,6,7,8,9,10,11,12,13,14,15,16,17,18,19	82.1576247795,52.5415869278,75.1548176399,73.6717074922,79.0605204994,68.0054599712,88.6519127189,84.5708290205,105.659114072,134.639670219,143.710678931,171.477985324,188.427591554,207.479153275,222.342120653,204.746355222,201.795829563,206.386007854,232.982219994,209.600481782	scurve	0.2	396000
437528	0,1,2,3,4,5,6,7,8,9,10,11,12,13,14,15,16,17,18,19	-40.8633979638,-56.3618466124,-66.8382693145,-61.2161380817,-50.2196651342,-61.4915757913,-49.0024124552,-51.9426976753,-23.6931092464,-1.94026036251,23.1630173564,62.1473875115,62.7646883742,93.9995183674,73.5723342623,100.877886245,103.379942334,80.625987084,108.512615406,85.1405473464	scurve	0.2	396000
436356	0,1,2,3,4,5,6,7,8,9,10,11,12,13,14,15,16,17,18,19	-38.1726218268,-55.7347791399,-40.0481315554,-50.1072844169,-42.9317364135,-40.7340195692,-44.2555247818,-17.9815201992,-35.5452791165,2.07156262569,33.771377802,40.7378688639,66.4951167554,82.9147217816,85.6763998351,82.0824094401,83.3251001044,96.0610493635,93.3089194372,96.5398184933	scurve	0.2	396000
436931	0,1,2,3,4,5,6,7,8,9,10,11,12,13,14,15,16,17,18,19	43.2530986328,41.9191953104,37.0929686339,50.0956020403,65.9673574651,66.2434032706,43.7287109638,58.9751456238,78.2049661778,109.679934098,134.103878712,152.806405898,161.46068154,171.975356527,180.380812215,188.781280342,202.092361432,194.276503918,198.631464303,197.406156489	scurve	0.2	396000
437209	0,1,2,3,4,5,6,7,8,9,10,11,12,13,14,15,16,17,18,19	70.5133240904,75.8716359127,94.5600317382,71.4575582233,83.2149354507,80.8017679368,95.7283265551,99.045661699,127.955911257,119.607521161,147.085398776,183.554611445,193.286540886,204.560794772,218.510981637,211.43597689,219.521089023,222.179589075,220.488743129,221.69069186	scurve	0.2	396000
436038	0,1,2,3,4,5,6,7,8,9,10,11,12,13,14,15,16,17,18,19	86.8383832242,112.782226644,94.8811599279,112.998375674,94.3249462624,100.524430444,119.838108029,128.050941213,136.493316284,143.750258724,174.253360178,202.563675581,216.958726604,239.264156662,236.145916607,247.339313615,242.550180698,254.788937798,244.063941901,252.152361728	scurve	0.2	396000
438921	0,1,2,3,4,5,6,7,8,9,10,11,12,13,14,15,16,17,18,19	75.1771164772,73.2242324281,87.8232631659,90.5959362458,79.370905011,89.966067228,103.793662918,96.6636152431,117.46914321,130.518832889,163.624171386,200.088963489,208.638299856,231.339630332,234.380884922,239.837290034,225.717334132,247.024391304,228.958375662,242.347941598	scurve	0.2	396000
438326	0,1,2,3,4,5,6,7,8,9,10,11,12,13,14,15,16,17,18,19	-41.3436512587,-64.0943522529,-33.9170705164,-53.7652270456,-64.4480136836,-60.6970078525,-39.2807087018,-42.8006099007,-16.2041734938,9.47467233761,11.4990073181,57.2625001557,66.2703419312,91.4524645162,90.181780776,80.2088965932,87.5096428542,113.036136097,111.805553189,84.8712533067	scurve	0.2	396000
438771	0,1,2,3,4,5,6,7,8,9,10,11,12,13,14,15,16,17,18,19	52.0469385285,51.1972095239,46.5416700491,45.2536988853,54.6006340955,47.7897204393,56.1955899151,42.4362793754,76.0733775502,99.5688807298,96.1203765548,132.893764595,157.510777,161.991507716,181.399958133,189.47265074,182.294098476,197.312562653,188.027614925,189.786210916	scurve	0.2	396000
436751	0,1,2,3,4,5,6,7,8,9,10,11,12,13,14,15,16,17,18,19	126.05991996,119.609033135,114.564987106,105.708224537,107.06246847,125.976097794,126.306633145,130.886343683,156.139764315,183.977242384,193.790468791,228.975771897,254.937059706,258.604659975,269.405860963,260.557649852,263.333799615,280.0095498,272.722091516,258.528353265	scurve	0.2	396000
438064	0,1,2,3,4,5,6,7,8,9,10,11,12,13,14,15,16,17,18,19	-41.8702480037,-38.2119187843,-24.4371084469,-27.9175045045,-38.3615631562,-28.9131058089,-28.5716676088,-32.4445270757,7.73263291939,16.2988426,25.5835714669,78.1513666918,92.6204367042,105.170697652,94.2283599258,123.467106479,125.569197043,127.61359094,127.737522793,112.634491387	scurve	0.2	396000
436437	0,1,2,3,4,5,6,7,8,9,10,11,12,13,14,15,16,17,18,19	-8.90333886174,-36.3131152058,-32.4242971462,-7.09416227512,-11.9173624902,-8.2382809562,0.166791841277,-16.1129143927,-3.70822347076,27.2107604297,51.771365314,88.8888352037,81.583064515,123.166211838,102.472083609,127.22014444,128.168199119,116.172548557,120.338458577,132.198610659	scurve	0.2	396000
437305	0,1,2,3,4,5,6,7,8,9,10,11,12,13,14,15,16,17,18,19	60.3459085809,46.3195831052,33.9372189705,36.7283890539,36.2566989662,53.9466716067,63.1947058607,73.6411241985,77.2666182412,88.9988803127,113.203432322,142.00065439,180.590859655,168.987490685,200.648882173,183.605974404,194.194193654,212.498733526,187.792412974,183.008187123	scurve	0.2	396000
437291	0,1,2,3,4,5,6,7,8,9,10,11,12,13,14,15,16,17,18,19	58.1178699431,57.2991935008,69.31285787,59.302056142,54.0654386414,82.1609481848,63.02208977,69.11581894,109.52141587,124.166945153,140.670208471,153.957915069,181.888389345,194.963653741,208.262219311,201.698043784,212.375070301,200.00149449,199.456802716,211.416026775	scurve	0.2	396000
436787	0,1,2,3,4,5,6,7,8,9,10,11,12,13,14,15,16,17,18,19	-60.5047729759,-68.4628504568,-74.7918355399,-77.1363575228,-65.7247843658,-58.3155441545,-43.0195571198,-38.9800326656,-39.4783024679,-4.32759496278,0.51004482497,48.6390532093,68.878029009,56.2512680472,81.3885554133,92.4620304471,81.7621840265,84.8475855214,90.9898233842,91.7516281682	scurve	0.2	396000
436037	0,1,2,3,4,5,6,7,8,9,10,11,12,13,14,15,16,17,18,19	91.7734279268,97.565407506,94.6238504949,97.2448716892,101.499088679,120.280000955,114.938532451,123.498618969,131.496064451,142.141757406,184.255809249,191.792532016,209.702069471,227.885625599,241.338042977,262.845790313,259.709401329,246.22697331,247.827914494,265.51949947	scurve	0.2	396000
436032	0,1,2,3,4,5,6,7,8,9,10,11,12,13,14,15,16,17,18,19	-86.9577939078,-100.696796774,-82.5087520621,-91.0816742745,-101.303696741,-94.4313356434,-83.8019520332,-84.2002949238,-77.4218610644,-49.5588988263,-20.1396052635,-10.3967717818,12.0962091084,24.2033166163,60.4965229479,39.5789185298,39.4880564465,60.0948700406,65.8824437627,58.2838554458	scurve	0.2	396000
437014	0,1,2,3,4,5,6,7,8,9,10,11,12,13,14,15,16,17,18,19	125.649735273,129.057090803,138.099563449,117.204708206,136.374079975,124.735339146,132.235612814,142.699749018,139.945175413,180.965085226,192.471010148,236.636296681,249.746374503,242.983228407,246.838634229,256.14101318,266.521696873,261.468624997,266.082763292,279.165387844	scurve	0.2	396000
436055	0,1,2,3,4,5,6,7,8,9,10,11,12,13,14,15,16,17,18,19	9.47200315734,25.9494797668,22.8383769788,18.6273652264,29.8756556364,27.6426331216,36.5994077593,48.9543418175,66.2086310574,66.7965715705,101.121863674,112.2693712,130.636435972,148.70382877,170.070485699,156.801039745,158.711066625,162.889746119,165.08884296,175.754422784	scurve	0.2	396000
438653	0,1,2,3,4,5,6,7,8,9,10,11,12,13,14,15,16,17,18,19	-123.50177338,-120.747948696,-120.100503088,-114.304220851,-127.159295069,-127.84805905,-105.797389662,-115.286598265,-77.495984442,-77.0387657328,-57.2687827565,-5.05301277899,15.417023049,-1.55970080734,25.1828715239,28.2549022967,29.8902674706,35.1625920467,20.1425494648,19.8291104412	scurve	0.2	396000
437988	0,1,2,3,4,5,6,7,8,9,10,11,12,13,14,15,16,17,18,19	-76.2862560094,-101.563477507,-87.8891135829,-85.7172423465,-91.1087230381,-76.056760761,-69.934089167,-75.2274317515,-59.4975311541,-45.2327644771,-16.8700142422,16.1399100798,39.6508972626,33.2487632792,50.7373165545,47.655779465,48.8992645711,65.845573287,50.7715917015,72.3504434734	scurve	0.2	396000
436260	0,1,2,3,4,5,6,7,8,9,10,11,12,13,14,15,16,17,18,19	151.343628017,145.202604964,150.63070353,148.314675617,152.749322736,141.72956172,148.026174635,141.63111642,164.852127684,190.853521243,220.04405325,249.202411317,246.405540809,253.440891153,272.195444383,282.333599676,289.909471663,281.810582648,284.069716603,294.76871628	scurve	0.2	396000
436768	0,1,2,3,4,5,6,7,8,9,10,11,12,13,14,15,16,17,18,19	16.7871541007,-0.993165504098,2.82173508339,26.3894470147,2.10408754061,2.93581272003,14.6617518309,16.4489720999,37.5144607541,51.964359905,92.1064308789,118.783192563,125.05559696,132.530456009,169.955477395,159.326830345,148.939561973,153.655997951,152.202382668,150.225098052	scurve	0.2	396000
436784	0,1,2,3,4,5,6,7,8,9,10,11,12,13,14,15,16,17,18,19	54.2907202579,65.4615852915,55.6993217318,83.1752976554,76.6996001538,57.7887640192,71.9374834137,76.1776560537,103.569966589,103.987535638,131.481566754,163.786093143,205.479123698,191.410840364,208.103468741,215.009197023,213.507962667,208.155472841,227.982755565,223.043894919	scurve	0.2	396000
438049	0,1,2,3,4,5,6,7,8,9,10,11,12,13,14,15,16,17,18,19	20.7070963596,24.3337890304,21.0971148285,22.7554580751,41.5476702618,20.2087151684,45.1353608631,46.2006260331,56.4015428208,86.8154992796,92.5962464612,126.616167861,133.265954188,158.324024152,179.079265181,158.031622547,166.920699642,185.330222297,182.154272869,186.538707091	scurve	0.2	396000
437976	0,1,2,3,4,5,6,7,8,9,10,11,12,13,14,15,16,17,18,19	-30.0691901235,-18.908670191,-25.1833157362,-32.5561482395,-35.3596463855,-33.4563785738,-16.3196362538,-4.51753107254,-18.8939293635,15.2529549764,26.5442478047,60.0036973732,78.724402362,86.2363492314,115.221225052,96.3631715615,125.926174186,103.651021214,108.735756427,122.85892255	scurve	0.2	396000
439874	0,1,2,3,4,5,6,7,8,9,10,11,12,13,14,15,16,17,18,19	-90.7638338522,-90.6249288985,-91.992913244,-107.311054665,-108.783072006,-100.24316481,-92.2311348694,-83.1138258281,-51.9237408574,-60.4560096701,-25.5577981828,12.5398615072,29.4385217111,29.2552182776,43.796627848,33.2894044455,43.0386965436,47.1028612233,60.6113160767,43.1526319561	scurve	0.2	396000
437888	0,1,2,3,4,5,6,7,8,9,10,11,12,13,14,15,16,17,18,19	-33.0936880123,-63.8454012437,-38.9796473131,-58.1725078011,-35.5732785975,-52.7288734936,-45.3811513353,-42.7958073696,-22.6779574461,2.32222242877,18.6348189333,40.1865762642,59.5935201974,99.6055272566,101.341059948,98.092613726,110.56417622,101.550716523,113.752853764,104.895604359	scurve	0.2	396000
437094	0,1,2,3,4,5,6,7,8,9,10,11,12,13,14,15,16,17,18,19	-26.7316518597,-38.5556059176,-38.269176883,-32.7425308663,-24.2085530565,-44.0361072367,-32.715549219,-19.2385825034,-8.09554755191,3.70737760236,37.1671965454,76.8148683296,82.5308340237,114.025308923,98.8053264642,110.812295852,107.777320886,104.653544121,129.976025399,119.580906116	scurve	0.2	396000
439050	0,1,2,3,4,5,6,7,8,9,10,11,12,13,14,15,16,17,18,19	-91.5424267264,-99.2068474465,-106.829948728,-92.8106422875,-86.6696855603,-100.060594835,-103.623739225,-84.0947854272,-66.7815138619,-44.2141122693,-31.7113943098,-14.7642736763,26.8009293331,44.1348407927,38.0799638998,31.5626718012,49.4060779032,45.2954375368,46.8871678716,48.0899394071	scurve	0.2	396000
436782	0,1,2,3,4,5,6,7,8,9,10,11,12,13,14,15,16,17,18,19	-91.6884013809,-88.2864572914,-82.024886437,-79.1554715827,-72.884269342,-60.8703667114,-62.1288395201,-75.7822347323,-47.6128291374,-23.5075524387,6.9482740824,8.32234549559,33.8522888694,71.8703583893,70.4872743355,70.8705735846,59.9898895984,73.5699940519,55.498844951,57.7956823086	scurve	0.2	396000
439935	0,1,2,3,4,5,6,7,8,9,10,11,12,13,14,15,16,17,18,19	69.0883584769,73.0590618901,54.3022410986,71.864152055,77.2240618984,85.8777152091,79.9532385896,84.0788648864,91.3081850853,122.016952141,131.107989679,174.669201088,199.464448816,206.952117386,197.995087202,207.285902657,203.356154089,206.330058327,214.404471485,223.604516072	scurve	0.2	396000
439485	0,1,2,3,4,5,6,7,8,9,10,11,12,13,14,15,16,17,18,19	58.2639087542,56.3823449491,45.2576245593,50.9447670766,68.1455178485,76.0436842015,73.3058784692,73.2639000546,97.6547305195,119.306568565,131.755380766,144.823609067,167.175621824,203.926447292,189.443374907,207.815975099,199.231505009,221.652897127,218.359307798,222.848917388	scurve	0.2	396000
439570	0,1,2,3,4,5,6,7,8,9,10,11,12,13,14,15,16,17,18,19	-13.3750446994,-30.2712856585,-27.2974293561,-29.8294833832,-12.3286930858,-33.8909661131,-26.8697407739,-3.58097546534,11.4270882215,39.9988134645,44.8239780197,80.9835626816,107.045296387,108.721079784,106.911546722,125.552627293,123.780339336,132.976472223,111.127230918,132.210979338	scurve	0.2	396000
439015	0,1,2,3,4,5,6,7,8,9,10,11,12,13,14,15,16,17,18,19	-140.523658935,-139.632070599,-131.873025659,-122.564668949,-111.528756703,-120.401879545,-126.303932164,-122.45026532,-98.0845303451,-66.1465133793,-47.7694994334,-24.9820917406,-7.59017226329,0.512577795287,28.8759430133,26.8707514415,35.1470704895,31.0847944456,21.5475307947,29.7542375952	scurve	0.2	396000
439208	0,1,2,3,4,5,6,7,8,9,10,11,12,13,14,15,16,17,18,19	-35.6422514195,-48.2802640457,-39.480608075,-53.8765983051,-61.9700629808,-59.1247184099,-32.279011898,-17.6907497857,-26.6561696738,-10.3003433296,11.0466560198,45.1161302197,68.8395615155,97.4024484866,98.0216250114,102.74021091,109.673310532,93.9252930115,112.099781854,102.371375615	scurve	0.2	396000
438532	0,1,2,3,4,5,6,7,8,9,10,11,12,13,14,15,16,17,18,19	-160.745716094,-157.288744361,-152.950871166,-128.872053493,-133.389701277,-145.229845346,-137.826139108,-142.07286666,-110.600124041,-81.8508316002,-63.4438107892,-60.8987930151,-41.8838874673,-27.5448867253,-17.0656668878,0.615497730938,17.1760373761,6.34604295946,-12.1672378847,2.98812021916	scurve	0.2	396000
436136	0,1,2,3,4,5,6,7,8,9,10,11,12,13,14,15,16,17,18,19	47.662514275,40.9245043373,60.0466820189,67.0598253786,63.764883014,73.3749313201,53.4997217807,82.1384562773,90.4987590978,117.555017645,115.418106185,144.614364389,184.922439924,194.352689449,195.846084935,207.42994306,207.717228976,196.207703525,199.865456953,204.350289539	scurve	0.2	396000
437770	0,1,2,3,4,5,6,7,8,9,10,11,12,13,14,15,16,17,18,19	119.728044097,89.0923958386,107.221379014,115.872058486,100.030944317,92.4947404952,108.62760471,108.65225407,137.824649092,162.236235795,183.613384052,204.841741704,232.938642262,233.895893877,230.017893277,233.924953919,243.277726304,254.177646768,258.997593322,237.987333426	scurve	0.2	396000
437458	0,1,2,3,4,5,6,7,8,9,10,11,12,13,14,15,16,17,18,19	42.0059091548,47.062626268,49.3796734141,45.9699742411,30.6080755724,41.7034293181,38.2536707339,47.0601251424,80.9959108144,94.5777690366,125.979717749,148.027978588,171.506950549,184.821901356,189.850684207,180.993587344,182.648843279,188.987357149,196.28901321,195.234007455	scurve	0.2	396000
436427	0,1,2,3,4,5,6,7,8,9,10,11,12,13,14,15,16,17,18,19	90.9654459111,110.352417478,103.571717961,112.803063023,117.96196117,102.723654271,106.008279557,129.643471258,125.0809759,149.996373343,160.567176982,196.074143325,212.837545408,230.42852529,246.445813281,253.029781642,239.36923851,260.112468803,238.21066975,247.91667884	scurve	0.2	396000
437229	0,1,2,3,4,5,6,7,8,9,10,11,12,13,14,15,16,17,18,19	38.7783958049,57.7491710156,39.8270340484,55.7921213429,56.5914671119,51.2247345697,45.6911738695,64.2974419279,76.6950950644,104.831673091,114.804133223,133.412954402,175.000910898,160.061739852,184.157849297,200.474367439,188.279640703,188.045868404,192.943439042,202.289511358	scurve	0.2	396000
436908	0,1,2,3,4,5,6,7,8,9,10,11,12,13,14,15,16,17,18,19	-15.7540788832,7.02414431173,-14.0656263015,-14.5676902352,-0.884182779679,-2.37003155449,-4.28439229407,25.7228010547,36.6924153647,55.4338626888,67.8679219493,95.9446505776,108.73751585,139.875436947,144.715739872,139.299818415,156.453062047,134.231611101,162.607865915,148.929428146	scurve	0.2	396000
439412	0,1,2,3,4,5,6,7,8,9,10,11,12,13,14,15,16,17,18,19	50.9383042908,30.5051033612,46.5371937034,35.2999525712,48.7578167059,46.4203476821,60.7871716252,48.2204376566,60.9051698473,90.4252271718,128.787206443,138.755111447,164.711184058,169.224406188,165.685973713,197.087252693,185.041792501,197.380040876,189.191730441,185.305999239	scurve	0.2	396000
437955	0,1,2,3,4,5,6,7,8,9,10,11,12,13,14,15,16,17,18,19	124.48029379,116.665963962,137.344165337,125.38621444,117.255015433,129.210292611,142.545091319,156.032944213,156.002032922,168.185452366,195.313482606,234.23800742,259.434043405,253.623996406,249.747111163,269.057277666,262.596933042,265.923422997,271.145286484,264.459218757	scurve	0.2	396000
436689	0,1,2,3,4,5,6,7,8,9,10,11,12,13,14,15,16,17,18,19	-150.013927057,-129.066332168,-158.887439921,-132.795482677,-152.027797826,-131.459474462,-144.669253646,-125.682716142,-131.804725559,-89.8755756196,-78.3259314721,-49.5498618685,-10.0490646815,-16.7688119507,-6.45632899137,-1.45458393209,1.75709198864,18.2615573379,2.34860085767,4.60961194937	scurve	0.2	396000
438023	0,1,2,3,4,5,6,7,8,9,10,11,12,13,14,15,16,17,18,19	9.39375116734,6.24667120543,-2.402135738,6.39177107487,2.85841972888,11.341900008,0.954865043906,33.7323797617,46.4102465585,61.6438921397,61.9932899833,113.564625863,128.288596609,138.75884555,127.38379462,163.466963809,164.835908101,165.558420717,135.954951918,165.101829164	scurve	0.2	396000
439291	0,1,2,3,4,5,6,7,8,9,10,11,12,13,14,15,16,17,18,19	-84.0953488979,-97.4396055705,-70.9032420821,-81.2463123717,-69.3832578912,-77.8627757878,-65.0426260384,-69.6288941816,-40.8608612741,-20.9713639553,-19.7466474136,25.7975762227,39.1757434415,51.3626189018,52.3894094242,49.5282400776,60.5384138877,49.6944597933,51.8574682045,74.052788476	scurve	0.2	396000
439096	0,1,2,3,4,5,6,7,8,9,10,11,12,13,14,15,16,17,18,19	-94.1503365944,-106.256637024,-88.9887424261,-91.5487152411,-85.6747999927,-83.8851973088,-82.1489954001,-65.931456222,-69.654556709,-48.4303245487,-23.3960789416,15.6014478321,26.9374010405,20.1028514923,49.9372170811,52.9490520057,62.3713330303,39.5216807196,65.0345998296,63.2997274767	scurve	0.2	396000
437591	0,1,2,3,4,5,6,7,8,9,10,11,12,13,14,15,16,17,18,19	71.4396382493,81.8076309483,68.9199309787,65.4180281634,80.9902811242,74.2239256884,93.6315953672,85.9761976269,98.0711952773,127.299087359,141.424851641,169.846499446,182.279310327,200.490276745,218.72160284,202.541984239,218.32041167,212.361296107,223.747744308,221.858896437	scurve	0.2	396000
438759	0,1,2,3,4,5,6,7,8,9,10,11,12,13,14,15,16,17,18,19	-47.8828870204,-54.845392417,-44.1346801494,-56.6903249095,-51.3191303037,-40.7484753606,-39.5917883165,-51.5393896387,-29.6608585367,-11.9029762277,8.06908581489,44.6854899524,70.3213567549,74.2203564699,81.4364192068,81.0181188466,98.4823955013,96.4292079436,103.516753955,83.7529099938	scurve	0.2	396000
437354	0,1,2,3,4,5,6,7,8,9,10,11,12,13,14,15,16,17,18,19	125.427072819,123.611407046,139.540784868,143.761621131,143.331045077,128.841595909,155.466622768,147.928174629,156.522680521,182.581925031,198.047982577,244.257659182,255.917680346,282.033664078,266.423406806,293.73403897,277.36921793,292.919547487,294.174328388,273.258873531	scurve	0.2	396000
436199	0,1,2,3,4,5,6,7,8,9,10,11,12,13,14,15,16,17,18,19	1.61252705611,16.5037641003,34.006259551,34.0798349783,18.6411175395,7.707151626,11.4280412217,46.1025017914,47.8962083031,73.9847641432,85.2123644869,105.452693075,121.986782627,137.07237453,149.284866652,172.964415157,164.071064728,171.833976068,152.469279474,157.740169221	scurve	0.2	396000
437472	0,1,2,3,4,5,6,7,8,9,10,11,12,13,14,15,16,17,18,19	35.5891518351,41.493363165,37.2222773182,25.4431820285,46.1612324979,48.5186976094,36.0399345099,53.2806430162,66.7329176393,96.9888678431,115.254290218,123.685246345,146.315878826,164.43936807,169.066251823,183.59477887,189.255549016,190.154860422,163.983968938,171.665572307	scurve	0.2	396000
436944	0,1,2,3,4,5,6,7,8,9,10,11,12,13,14,15,16,17,18,19	-78.722172261,-77.4721221161,-62.9575536316,-71.4454445532,-74.1828744734,-59.7358399931,-82.789348843,-65.1631557782,-60.2856569084,-9.83280462986,-3.58994035634,19.3607303122,48.2928103415,59.721126628,60.4257883611,70.0355069226,84.5007160703,67.9580996514,66.8630100233,68.1956728257	scurve	0.2	396000
439011	0,1,2,3,4,5,6,7,8,9,10,11,12,13,14,15,16,17,18,19	-20.1126222063,-18.0911001213,2.91059647071,-13.0880204282,-18.1015648588,-4.65413851087,-0.0458300291183,-2.32618121116,36.5489028792,46.1600251622,65.6423755641,91.1059863766,107.970924229,118.225979741,133.255157922,131.498016801,136.639197862,143.531838823,134.711554286,157.990728858	scurve	0.2	396000
437767	0,1,2,3,4,5,6,7,8,9,10,11,12,13,14,15,16,17,18,19	95.3513650083,80.1982313041,73.3390641106,77.241606018,98.2495259951,103.83288867,90.7695940908,106.651001702,109.29523461,145.079335955,175.92898723,192.363662258,207.169722696,232.684168847,232.957932439,226.183744654,217.005262375,227.628765589,225.990557161,238.818196133	scurve	0.2	396000
439041	0,1,2,3,4,5,6,7,8,9,10,11,12,13,14,15,16,17,18,19	96.5670630693,92.7751443508,92.1211407751,102.224529312,101.357181583,109.411379766,97.1176151228,101.599813648,123.829053566,143.369012474,161.725597129,214.359614171,205.276632642,243.677000886,233.510652047,252.306882651,259.072283335,262.00530722,244.401435697,237.154247548	scurve	0.2	396000
437913	0,1,2,3,4,5,6,7,8,9,10,11,12,13,14,15,16,17,18,19	-49.3651563407,-50.1012864363,-56.7752120519,-58.568915152,-62.9528937956,-61.3406346016,-57.006405872,-49.1681789501,-11.5445950673,10.2301244115,23.6655312463,49.6055454025,57.3733334294,92.4858151193,82.0030869605,90.9072462394,97.9819107353,91.1805286129,98.6482208424,92.6730491871	scurve	0.2	396000
436550	0,1,2,3,4,5,6,7,8,9,10,11,12,13,14,15,16,17,18,19	-8.4711478557,-13.1441471317,-25.9420693541,-5.21252613732,-11.3865980284,-9.3681389707,-21.6806668895,2.78708868075,-0.1666753222,25.6558019553,56.0187036307,84.4834134337,99.5564865461,127.380359167,115.258774515,128.458220857,112.079048142,120.416609433,139.31277577,131.679054707	scurve	0.2	396000
437826	0,1,2,3,4,5,6,7,8,9,10,11,12,13,14,15,16,17,18,19	-90.0800405751,-82.9041159446,-84.1591460427,-83.5728278974,-107.80564057,-98.513517212,-97.3790833894,-75.312770988,-65.1459087237,-44.1195684565,-27.4386046924,9.04632074065,9.34364047002,55.3076625356,34.7551014128,47.7493766652,45.0790285833,66.1248810148,52.7302345724,48.6117121849	scurve	0.2	396000
436975	0,1,2,3,4,5,6,7,8,9,10,11,12,13,14,15,16,17,18,19	-29.6701898423,-15.6594657266,-19.1956818598,-14.7756006546,-16.9760827704,-26.8038566689,-24.0963682008,0.207584999393,-13.0352990269,3.7892574433,44.5450961248,63.7240357626,74.1613254185,86.9443187957,105.156344911,116.179760289,113.078063599,108.35561286,106.188197352,126.705995153	scurve	0.2	396000
439755	0,1,2,3,4,5,6,7,8,9,10,11,12,13,14,15,16,17,18,19	-55.4999441985,-35.2316889171,-32.3115208755,-25.4743770176,-43.0545056115,-45.6274513524,-26.3602309392,-25.6688530002,-24.8310923224,14.5337602508,28.085322289,51.763450659,68.1459628737,104.813139643,102.824683473,118.408525411,96.3896475744,117.117780874,123.311198562,106.485850739	scurve	0.2	396000
438481	0,1,2,3,4,5,6,7,8,9,10,11,12,13,14,15,16,17,18,19	-39.2292089817,-36.1878705121,-41.6756623,-25.6320260943,-47.5920766743,-44.0579104293,-24.9105753808,-16.7068467666,3.01981893617,10.6263129572,35.8876438692,76.4119328524,73.5263068339,86.3467949192,101.40610957,106.257088787,123.827422506,124.464923785,116.999518633,109.413724147	scurve	0.2	396000
439295	0,1,2,3,4,5,6,7,8,9,10,11,12,13,14,15,16,17,18,19	144.614222239,130.024219773,125.726234652,132.709589713,133.899827633,127.027406431,154.444028519,161.278733276,156.108110184,167.952787445,202.321541063,219.191255523,244.524227029,280.237528509,275.029770603,277.527504932,280.726613594,290.327989445,275.489212977,273.215314265	scurve	0.2	396000
438929	0,1,2,3,4,5,6,7,8,9,10,11,12,13,14,15,16,17,18,19	124.0489567,136.068235577,129.347790251,125.022943894,139.763968024,118.291081966,124.454052297,129.24525308,142.377781552,178.198308931,214.825320877,234.525438538,259.28888891,268.139502442,265.728233009,265.259724565,271.764600776,272.363995436,284.891870778,284.878840467	scurve	0.2	396000
438601	0,1,2,3,4,5,6,7,8,9,10,11,12,13,14,15,16,17,18,19	130.699887676,143.348294201,133.268294331,135.772769618,118.286211446,131.316258834,155.410976988,146.972808525,168.909499776,192.605006807,221.211523173,245.701943589,255.671274311,269.424620428,284.174428771,280.833545051,294.129124,288.45368276,285.57802664,270.150493048	scurve	0.2	396000
437729	0,1,2,3,4,5,6,7,8,9,10,11,12,13,14,15,16,17,18,19	-37.0158521504,-16.7152990415,-25.24740508,-22.23910351,-42.6284231881,-19.622481444,-10.3397951691,-27.3874774988,-1.95631895972,9.50870986559,47.9155208045,64.532197247,98.0744717362,102.665634671,116.867853046,124.902008297,109.435830326,116.409231113,119.312740932,110.414717008	scurve	0.2	396000
438693	0,1,2,3,4,5,6,7,8,9,10,11,12,13,14,15,16,17,18,19	-79.9521261589,-69.3590296539,-98.3589755378,-75.9258600887,-88.0641657614,-79.4749258353,-87.4418799351,-66.5763762433,-36.5768555339,-45.3244406509,0.805919596009,13.9552040036,33.9444249134,40.529744737,61.8830341948,56.2994236624,62.108255773,75.2680369579,60.5279142565,57.0062733788	scurve	0.2	396000
438099	0,1,2,3,4,5,6,7,8,9,10,11,12,13,14,15,16,17,18,19	155.866032971,150.350213422,149.136596394,134.856522528,136.96431069,152.684002779,157.403539478,141.182323916,161.103830163,203.819371439,204.359227842,243.951494361,276.045833748,285.448145047,270.983742805,283.453890037,279.015383567,273.182795761,302.609196067,282.969727061	scurve	0.2	396000
438254	0,1,2,3,4,5,6,7,8,9,10,11,12,13,14,15,16,17,18,19	63.0444500713,35.3642732505,46.8890923073,60.8114542245,56.0529390383,46.6434707852,63.5829298108,78.0537091111,87.9714839349,115.283278531,134.910215385,144.691986439,164.27896376,193.61405927,203.741508762,181.889603739,200.884917266,183.251619203,186.599246309,190.6883967	scurve	0.2	396000
439846	0,1,2,3,4,5,6,7,8,9,10,11,12,13,14,15,16,17,18,19	131.162848333,140.83254158,115.306197085,115.242502842,122.826976002,139.876152336,131.674391807,133.987760511,173.633624076,184.475009051,217.606726389,228.936851751,255.594044405,247.996295665,257.345102357,280.327693748,290.487354788,293.515318962,276.977130659,273.57624695	scurve	0.2	396000
436534	0,1,2,3,4,5,6,7,8,9,10,11,12,13,14,15,16,17,18,19	17.8821344279,38.5026410076,17.5043588091,14.6519959008,14.5792216344,37.6894889539,18.0999872764,56.5809303222,48.7576536186,91.4880516054,107.566319106,128.954088799,147.022991089,144.591353232,174.289693071,159.1966619,178.806816544,171.189739711,160.474048814,167.11324236	scurve	0.2	396000
439555	0,1,2,3,4,5,6,7,8,9,10,11,12,13,14,15,16,17,18,19	99.6262633203,93.5576265311,112.410771017,111.433302661,101.041976851,94.107741032,110.63176001,101.543946879,133.565945029,140.377907019,160.502582832,211.20456585,231.961847261,235.23642319,247.966779549,245.022671197,235.468933143,261.826025194,257.561240028,252.32374179	scurve	0.2	396000
436233	0,1,2,3,4,5,6,7,8,9,10,11,12,13,14,15,16,17,18,19	-118.93302073,-150.621975212,-143.852032643,-137.725802926,-143.868172722,-117.820295316,-120.079088807,-124.163696369,-99.3554110899,-100.247454968,-71.1055529806,-38.1249484327,-3.53909793592,-10.6599710079,18.967129598,8.02919583593,16.0029153535,16.4799630475,13.1445099325,2.23990151397	scurve	0.2	396000
436839	0,1,2,3,4,5,6,7,8,9,10,11,12,13,14,15,16,17,18,19	-38.9338084646,-28.6810251176,-27.7774652746,-32.7466796638,-36.4301962641,-20.1075291375,1.03110097402,-12.5436831663,11.2277915459,21.7563198396,58.4749282621,64.2671781657,86.2843570158,95.0978512052,132.01394902,111.229573095,132.122363376,118.519020953,123.349557664,140.341452596	scurve	0.2	396000
439830	0,1,2,3,4,5,6,7,8,9,10,11,12,13,14,15,16,17,18,19	8.41532947791,25.0879906094,10.6805457462,24.6915195228,14.6402567523,11.919217959,33.6922898669,44.3827248311,48.3196110791,72.9007799678,88.5228223462,104.814103792,124.775962862,154.170092066,140.338305046,173.291041295,168.213894554,165.159500741,160.085801435,170.544299578	scurve	0.2	396000
438686	0,1,2,3,4,5,6,7,8,9,10,11,12,13,14,15,16,17,18,19	1.01304181436,9.36411319846,18.4275883761,18.2112891517,6.24762005448,19.3408518168,24.0209576925,17.2981429581,54.9098233157,60.7871390626,95.1602504358,105.318771906,138.249709393,159.077931333,147.081307011,151.675711779,159.428409797,182.133309641,171.783655058,165.768629789	scurve	0.2	396000
436349	0,1,2,3,4,5,6,7,8,9,10,11,12,13,14,15,16,17,18,19	35.633280364,37.8475628861,53.9944158223,34.0017623108,50.6056028335,66.5118503206,55.5012992194,70.2035858908,85.6046414117,113.453250147,108.123743017,138.231951692,161.973940008,184.022369306,177.497216266,182.307741222,206.031950514,188.256139606,182.754155566,207.910748616	scurve	0.2	396000
436607	0,1,2,3,4,5,6,7,8,9,10,11,12,13,14,15,16,17,18,19	-0.997925657184,-6.23969978025,-15.0633060309,-2.55826112561,-23.3234428163,8.25170522222,13.5298578775,7.93443588824,32.7106789179,35.3774582956,61.441327425,79.3797015841,110.038381353,131.863833345,121.967820324,147.513277263,153.377656505,133.771482079,143.9737843,141.934627364	scurve	0.2	396000
438654	0,1,2,3,4,5,6,7,8,9,10,11,12,13,14,15,16,17,18,19	-48.4342324625,-53.1151693571,-48.9356782765,-48.7797508834,-49.7666225978,-33.4130401468,-28.2078214088,-23.7371839846,-11.8240023582,0.259194694974,27.9156015174,52.927975579,68.1391360781,78.7015981734,100.258415147,92.7547296054,106.823930088,109.780706193,98.5728802883,101.643788247	scurve	0.2	396000
436790	0,1,2,3,4,5,6,7,8,9,10,11,12,13,14,15,16,17,18,19	-121.818773023,-126.346460216,-102.655804267,-110.904354216,-104.396614041,-106.330061694,-99.1395139596,-103.531147479,-86.632203279,-63.7172764843,-28.2153247923,-14.1202702987,24.6678778598,24.395066754,29.614169409,20.3955547433,32.0900066213,36.794746685,51.7105173362,43.7619449862	scurve	0.2	396000
438404	0,1,2,3,4,5,6,7,8,9,10,11,12,13,14,15,16,17,18,19	-130.930308619,-143.835321228,-137.81594392,-151.652121274,-127.003550081,-117.207096927,-138.635729376,-119.429791684,-108.536713684,-78.6302529971,-72.6133377414,-37.7467199249,-2.64500004749,12.2742884507,-2.60407865703,14.3799275618,14.8770275745,11.4760451715,4.60997207328,10.1901495759	scurve	0.2	396000
437379	0,1,2,3,4,5,6,7,8,9,10,11,12,13,14,15,16,17,18,19	18.9489582812,-6.83278929958,9.25043188475,1.3360280856,21.9445944059,4.14532517398,12.5551350741,18.3068957956,39.5390179985,50.3131721393,79.4373496407,92.3936838278,130.290573215,149.121231111,141.953974578,161.385593875,156.399908331,158.587870039,152.241664676,161.240769524	scurve	0.2	396000
436506	0,1,2,3,4,5,6,7,8,9,10,11,12,13,14,15,16,17,18,19	151.679364707,139.099043859,139.537619078,139.282621141,135.307360059,136.664933776,144.394326641,147.807517434,157.937272657,174.878862972,203.7374459,247.750709551,262.581961786,279.577219482,288.861279304,275.643033814,283.844001054,282.293016315,278.134274005,278.405242327	scurve	0.2	396000
438526	0,1,2,3,4,5,6,7,8,9,10,11,12,13,14,15,16,17,18,19	141.804210576,138.286739867,136.472538613,132.73977249,134.035946057,124.019123554,141.801086112,137.650367329,162.918673669,194.828986409,207.176007027,242.368551059,248.132883277,277.718816008,287.097399161,269.172367486,285.93020875,269.79309835,282.739257854,299.207669321	scurve	0.2	396000
438418	0,1,2,3,4,5,6,7,8,9,10,11,12,13,14,15,16,17,18,19	153.291856674,142.527597648,131.82631228,151.765559022,145.489103693,136.393915427,158.304509681,169.279936455,167.988152963,192.16179163,214.208557466,251.316204092,274.267639494,278.816743571,295.70526235,306.063641529,284.35419664,296.434745657,283.310459734,285.047868385	scurve	0.2	396000
436277	0,1,2,3,4,5,6,7,8,9,10,11,12,13,14,15,16,17,18,19	-117.659669794,-97.7170703693,-94.4491516085,-114.408299938,-109.856343195,-108.650549066,-89.9128277798,-100.163006958,-89.8863840711,-72.7370006211,-30.6876759246,5.24876004941,26.0405362273,14.5743083562,27.7152914236,29.9987717257,42.4504307395,40.1845120898,35.1297695391,55.3585122449	scurve	0.2	396000
436281	0,1,2,3,4,5,6,7,8,9,10,11,12,13,14,15,16,17,18,19	2.57807823414,-3.00109195144,3.70572304569,-3.29106638388,0.800475758169,25.7115872416,12.93526785,35.9333916251,49.7645076173,66.2268045612,71.0534126901,111.226807259,129.491147269,157.759215406,153.477924439,143.986529835,155.950344883,154.059285263,171.323604406,169.936773007	scurve	0.2	396000
439197	0,1,2,3,4,5,6,7,8,9,10,11,12,13,14,15,16,17,18,19	-9.10172408592,-5.00816385092,-2.77638355422,-2.83475680855,-8.18408214515,18.3301636095,2.00731655503,34.0979992164,41.2019178133,57.1853465434,90.854623937,114.694206049,135.916878883,123.274793934,143.664134235,136.838186425,142.125531379,146.32839731,143.387181803,157.395587612	scurve	0.2	396000
436523	0,1,2,3,4,5,6,7,8,9,10,11,12,13,14,15,16,17,18,19	-9.48818523582,-19.2923481903,-6.00662160254,-14.6357260831,2.43390235176,-5.99599504116,5.61436972025,11.179736627,16.6819511744,24.2714895155,70.9116617938,75.0670620673,101.567381982,124.145152646,114.999615137,123.380802006,122.292837945,130.762033791,133.589448302,148.707904466	scurve	0.2	396000
438269	0,1,2,3,4,5,6,7,8,9,10,11,12,13,14,15,16,17,18,19	-67.8187936649,-84.3095820938,-60.889836174,-59.7811320369,-58.4252637656,-81.4089424271,-78.4322019522,-50.4847545555,-30.5657083707,-14.8843290742,14.5332163683,30.7673831369,57.9772984659,49.6673891036,51.6209160208,58.4438702213,87.557523809,76.293762605,85.4743276487,83.1063865455	scurve	0.2	396000
439953	0,1,2,3,4,5,6,7,8,9,10,11,12,13,14,15,16,17,18,19	80.1858969284,68.1631428129,92.7120470482,73.7159495592,96.0734021075,87.3920215543,78.3511770734,88.7255779286,104.208702784,115.631661378,152.331724179,182.809616058,187.647868702,203.746609106,209.46617825,212.014158094,223.276580057,235.859644137,222.756248194,212.819243323	scurve	0.2	396000
439606	0,1,2,3,4,5,6,7,8,9,10,11,12,13,14,15,16,17,18,19	110.555979838,109.055169133,88.8758763042,89.9989662417,92.5863002956,119.932087947,100.572905982,123.545511801,140.031053347,149.337729426,175.384184382,203.253282998,223.864127087,223.696214167,244.812146298,251.104487928,250.551660699,257.423683306,267.350715334,243.467679302	scurve	0.2	396000
438554	0,1,2,3,4,5,6,7,8,9,10,11,12,13,14,15,16,17,18,19	58.2583594741,65.1893546262,61.2603713561,60.6071773369,86.2844091838,89.0140893564,95.1707990693,77.0738717102,88.4585808807,128.213985398,163.856254619,186.568250517,191.971300482,215.865210062,214.296408674,226.457377217,235.995868668,214.210756799,209.960882949,214.531802907	scurve	0.2	396000
437825	0,1,2,3,4,5,6,7,8,9,10,11,12,13,14,15,16,17,18,19	-73.6687682785,-79.3480803035,-89.5019978882,-81.9869976741,-62.2874501003,-68.0965261748,-69.2752353301,-65.6530880504,-47.2053650314,-34.1883920348,10.5512834853,22.093889042,31.3846999107,44.1448908282,60.8147327075,52.399226963,72.0503921627,57.064058695,86.7457931839,62.6591861515	scurve	0.2	396000
437475	0,1,2,3,4,5,6,7,8,9,10,11,12,13,14,15,16,17,18,19	-54.0976896992,-49.3050769376,-46.0670119978,-45.0225865648,-45.6429854023,-55.9495218818,-49.7240802891,-16.685914598,-27.1185982263,10.3615154709,35.2706602588,63.0227169614,77.869258172,91.0728346392,105.875988158,107.335989362,119.732641279,110.278657158,106.602631979,119.160685994	scurve	0.2	396000
439988	0,1,2,3,4,5,6,7,8,9,10,11,12,13,14,15,16,17,18,19	43.7718437907,49.1858072172,36.9374654344,43.3486117494,44.030851679,32.6035023999,38.9987232076,63.4541381625,84.5672112602,78.4777892759,122.658691118,137.427671996,172.421247259,160.762596849,174.923958489,170.701964276,181.973534964,191.543918478,183.451897861,199.867388991	scurve	0.2	396000
439215	0,1,2,3,4,5,6,7,8,9,10,11,12,13,14,15,16,17,18,19	104.442525292,96.0695197248,116.055265228,116.297968928,118.221272315,98.5242829607,123.251561782,117.00494931,124.551982605,161.822251188,193.498597351,189.631607041,234.809768699,233.715986108,247.930128613,249.575857355,255.717114502,246.531129477,244.422421433,250.639751561	scurve	0.2	396000
437651	0,1,2,3,4,5,6,7,8,9,10,11,12,13,14,15,16,17,18,19	64.1779824939,72.0360566682,65.5723839505,73.4540527293,56.931410151,80.8418579959,76.4992837936,94.9080156246,100.156259272,129.439551368,126.874800088,160.472935691,182.536241484,194.620029103,212.32577813,200.385760735,206.429303103,204.054014559,200.264460633,203.483555947	scurve	0.2	396000
439398	0,1,2,3,4,5,6,7,8,9,10,11,12,13,14,15,16,17,18,19	-29.1508298572,-28.5654682468,-22.6612326223,-35.6817814213,-43.5267665291,-45.3423231075,-16.1730020794,-30.0274695931,-21.6507745985,11.9228362195,33.4268567993,70.5740753971,80.4903609225,85.2423464365,93.9792989123,102.842896682,114.870604949,104.892059226,95.9509304325,97.8593261547	scurve	0.2	396000
439691	0,1,2,3,4,5,6,7,8,9,10,11,12,13,14,15,16,17,18,19	20.6465243677,13.8259763445,23.443254203,35.0691872282,45.2417642894,20.3512139325,23.0507221898,28.314024726,41.8131615425,83.6939568088,108.727294564,132.919880625,154.871031928,155.183473404,184.732825911,184.887813974,168.272641128,168.831448347,173.570647399,190.381834901	scurve	0.2	396000
437274	0,1,2,3,4,5,6,7,8,9,10,11,12,13,14,15,16,17,18,19	-127.944362633,-129.33079474,-133.470992355,-137.889234948,-117.026014504,-125.699135059,-114.170301641,-91.1851588936,-87.6036086838,-57.8984783113,-48.1812254494,-35.3843984503,0.0244915424773,-1.75187109836,3.79316450762,34.8745985762,23.8546735864,8.78867144899,27.0640194153,28.1326392937	scurve	0.2	396000
439416	0,1,2,3,4,5,6,7,8,9,10,11,12,13,14,15,16,17,18,19	9.41981362812,-0.484958070512,1.59503214571,-20.4439839423,-1.070062634,6.40222782298,-10.8687386762,3.99287326539,9.92236356454,50.4686614052,74.652940191,78.5640425334,120.22711488,140.470666089,129.863302086,141.709829436,154.229795536,147.085381645,151.512639681,151.858661202	scurve	0.2	396000
436590	0,1,2,3,4,5,6,7,8,9,10,11,12,13,14,15,16,17,18,19	-16.4421387365,-16.7335563187,-29.2576541639,-33.598355594,-2.8099233864,-12.9640800824,-18.507792463,11.3603089234,13.1932808206,31.378627677,65.0431652721,70.0994298721,117.125227335,119.874171178,128.943161426,125.174959718,114.54964262,121.138311286,139.09932268,116.334707085	scurve	0.2	396000
437617	0,1,2,3,4,5,6,7,8,9,10,11,12,13,14,15,16,17,18,19	-19.2277780202,-32.7407433958,-40.9938005152,-14.7960883956,-36.2826343152,-32.1584249358,-16.4424372285,-3.16123942833,-4.16107652744,14.5478351479,40.9800797007,57.7497236826,78.8127427461,89.7430009111,105.401434583,125.141225622,126.562245931,111.717325803,110.747179822,131.295731896	scurve	0.2	396000
439502	0,1,2,3,4,5,6,7,8,9,10,11,12,13,14,15,16,17,18,19	0.0487533576653,-3.46273206559,1.94453863029,0.0522648247673,-1.20650758343,-4.76360805134,-19.1531615701,-10.2750817623,6.89595390705,49.1230734141,50.4326127359,86.7836052393,115.625546573,127.369943047,137.302818011,137.942245757,126.86030264,141.041482166,132.887212749,128.140057247	scurve	0.2	396000
436822	0,1,2,3,4,5,6,7,8,9,10,11,12,13,14,15,16,17,18,19	-86.7368787117,-81.934794787,-67.9194079309,-80.525450938,-72.1663935122,-62.2457818689,-58.9974700075,-62.9218060001,-56.7259967771,-41.3656560016,6.21085615982,6.97189291003,28.3089124306,43.9632739243,66.8457970269,49.9509592967,67.4687850566,53.6324597985,58.5861198449,82.775329194	scurve	0.2	396000
438182	0,1,2,3,4,5,6,7,8,9,10,11,12,13,14,15,16,17,18,19	72.6604960946,70.4680767231,76.7806994934,98.6720413972,95.2119330948,80.4744407755,78.8564779165,91.40091612,115.093191704,117.98557171,172.958414514,192.612188304,212.758561681,201.093106877,216.96962646,237.323779601,227.347584638,233.354129227,225.880107553,220.245283687	scurve	0.2	396000
439635	0,1,2,3,4,5,6,7,8,9,10,11,12,13,14,15,16,17,18,19	-68.0735763673,-64.868502142,-82.672613992,-74.3419303267,-56.0749482636,-65.9680801304,-45.352393401,-35.6690143118,-50.9862077531,-26.1191534714,-5.04275698452,18.3408706265,36.6182480004,56.9846530589,72.4712335184,82.6141853137,78.3928582017,70.3640352815,68.8224942303,75.7404897805	scurve	0.2	396000
437076	0,1,2,3,4,5,6,7,8,9,10,11,12,13,14,15,16,17,18,19	-79.5252874901,-99.1897990615,-95.1304107551,-96.6204709225,-81.3267465152,-83.1840454782,-87.4997152668,-82.0805833421,-57.877190961,-50.3318293885,-19.0233101858,23.2713712915,28.541701424,32.2586651961,56.7813974838,58.1122701498,65.7420011367,71.3936324796,71.4509555403,64.0801080689	scurve	0.2	396000
437502	0,1,2,3,4,5,6,7,8,9,10,11,12,13,14,15,16,17,18,19	-37.7003322482,-40.8029288488,-63.9744330855,-40.9732412508,-45.3587514193,-32.8294594451,-28.6259237861,-19.6693213265,-18.4963997346,-0.878911664006,7.31009941483,61.5544520204,76.8985424983,95.1148979178,95.9433589572,100.73092501,89.3698810747,81.8102162896,94.3823494822,97.8607769865	scurve	0.2	396000
439938	0,1,2,3,4,5,6,7,8,9,10,11,12,13,14,15,16,17,18,19	-140.309166211,-133.080788532,-153.18418405,-154.033245208,-127.021969782,-131.75281693,-144.799884041,-118.061507516,-104.186949281,-88.4423578911,-81.152632477,-46.8440491038,-37.4732759594,-1.46253394864,-6.64383455093,-3.31865714441,4.34483544788,-8.54609667211,6.86343608398,-3.87941444848	scurve	0.2	396000
436537	0,1,2,3,4,5,6,7,8,9,10,11,12,13,14,15,16,17,18,19	-66.7129429899,-78.9585984841,-81.7512246264,-70.8812551314,-66.7935858588,-66.1738353552,-79.2160180107,-54.5864298187,-54.1773282867,-12.5367121503,1.78837424002,18.6230848729,43.3616498389,55.6305422096,77.2273813809,65.361253901,78.2759710179,72.136423984,86.441503487,67.0867670291	scurve	0.2	396000
437716	0,1,2,3,4,5,6,7,8,9,10,11,12,13,14,15,16,17,18,19	82.8387792756,86.5224742419,73.4505376549,73.2470062993,77.8772857627,61.0070776684,94.108391162,84.0525273796,116.447857119,130.105985489,131.293814486,186.923706003,177.260177717,194.218188834,229.208442932,209.179191482,211.437956332,234.720284571,216.428002981,211.84830332	scurve	0.2	396000
439085	0,1,2,3,4,5,6,7,8,9,10,11,12,13,14,15,16,17,18,19	-80.8836539353,-105.062430482,-97.0838847775,-98.0566645353,-100.686916502,-105.931845518,-75.336762251,-85.4871866376,-73.2243344857,-60.3661273816,-8.32452517213,12.0401554935,27.6394715937,34.706403024,60.5249104002,35.9826084505,52.2343826496,60.3206743436,54.366127509,69.1117996848	scurve	0.2	396000
439983	0,1,2,3,4,5,6,7,8,9,10,11,12,13,14,15,16,17,18,19	69.3879744995,67.0056409508,54.249208035,68.9415471195,52.9953837402,58.3093945994,73.379885043,85.086356271,92.9707265865,108.929249564,136.188601837,160.941653236,184.445552138,197.096036456,207.834056191,217.139337914,211.235250179,201.331040263,206.769335765,219.548325782	scurve	0.2	396000
437447	0,1,2,3,4,5,6,7,8,9,10,11,12,13,14,15,16,17,18,19	-96.8629547582,-83.1826734133,-113.772102527,-84.0647052858,-106.108032155,-84.5354329233,-77.1718196304,-95.887336592,-53.243595747,-35.239522852,-15.3954671934,16.6983187476,24.8133697906,44.9445883713,35.115936564,31.0659266691,63.376656478,56.1142263018,60.1398354841,56.5040476081	scurve	0.2	396000
438178	0,1,2,3,4,5,6,7,8,9,10,11,12,13,14,15,16,17,18,19	58.3991470828,60.2324219556,66.4447982874,69.7234437792,55.7656677954,69.9480762412,77.9552577336,83.7398698739,106.81219585,123.236430469,128.711740005,173.79093506,190.04749737,206.611931363,214.783985532,222.026943443,224.247311156,227.46334867,225.103124187,221.062510097	scurve	0.2	396000
436043	0,1,2,3,4,5,6,7,8,9,10,11,12,13,14,15,16,17,18,19	-83.4649298061,-82.4334395977,-87.3109173532,-55.5420673466,-55.8671336209,-60.1143619262,-76.1684267103,-54.8686536903,-30.7440612794,-12.3846750362,15.8149982377,19.8955119056,54.9294364424,59.9726808873,74.6847061206,82.010918873,73.3966333422,77.898016977,76.3589752741,74.8923109711	scurve	0.2	396000
436729	0,1,2,3,4,5,6,7,8,9,10,11,12,13,14,15,16,17,18,19	130.70820694,134.719473411,122.770857242,112.397444613,126.828058589,126.405394859,122.40122677,146.152416975,162.688821061,180.617684589,193.658606829,241.505905849,260.260445877,273.339676353,252.160605122,270.228245101,269.7221912,275.35565313,277.056997178,272.379542713	scurve	0.2	396000
439363	0,1,2,3,4,5,6,7,8,9,10,11,12,13,14,15,16,17,18,19	34.9367513752,55.2678771044,40.6652110378,38.6066563158,33.466793146,43.5377454132,52.0355559987,57.8441253898,61.9646948493,106.001997541,125.477049599,158.365931541,160.714249884,174.862322085,188.95189631,190.355763757,177.898101959,204.055004813,187.476952796,184.322133171	scurve	0.2	396000
436121	0,1,2,3,4,5,6,7,8,9,10,11,12,13,14,15,16,17,18,19	59.8606187735,57.0967563407,46.7512021538,47.1609667269,60.1288616462,64.1058531838,66.5664593858,87.24834439,80.8555607409,99.9129095726,143.111254002,168.728775557,179.667626356,182.34024846,182.905476836,217.436699292,203.770733575,189.496872671,214.853349544,218.115421872	scurve	0.2	396000
436104	0,1,2,3,4,5,6,7,8,9,10,11,12,13,14,15,16,17,18,19	72.4026052798,70.4067104791,65.4231963891,87.1765425258,85.4214326671,67.6439578121,74.9852075092,83.5776287484,109.593212761,143.28201249,155.800281791,180.718987401,204.65905395,206.871698786,225.274875186,227.846680705,234.437870445,241.415491695,214.816399092,227.114968413	scurve	0.2	396000
439942	0,1,2,3,4,5,6,7,8,9,10,11,12,13,14,15,16,17,18,19	-69.0431351127,-78.1395596617,-58.6340780366,-71.27675174,-83.7212648525,-84.9294240063,-70.2497396705,-44.0033048409,-39.0837288408,-25.1669443017,17.4533005277,11.6949340802,33.8438374363,62.2448787723,54.0652368064,71.6824712033,82.5237711819,73.805187095,61.8984638362,67.5748012518	scurve	0.2	396000
436611	0,1,2,3,4,5,6,7,8,9,10,11,12,13,14,15,16,17,18,19	-58.7438017177,-65.9332087442,-65.1423698808,-75.3701898007,-56.7363748847,-61.3339617519,-48.7120126123,-59.6500215533,-21.8465805505,-16.2374305722,20.3735809132,34.3681238607,50.1604597559,77.1335634849,62.5633196363,70.3587317177,93.0355956448,86.5390962498,89.0493088403,77.2886399659	scurve	0.2	396000
438289	0,1,2,3,4,5,6,7,8,9,10,11,12,13,14,15,16,17,18,19	120.763872186,136.459209657,126.296181874,138.131430175,113.415410016,117.13854658,149.576631521,154.916118928,151.505111212,181.193742859,199.551903094,224.509149039,232.053601564,254.683830368,276.720351898,276.826884376,274.247449876,272.66709332,272.501626291,272.526972199	scurve	0.2	396000
436613	0,1,2,3,4,5,6,7,8,9,10,11,12,13,14,15,16,17,18,19	7.18009269492,3.61571692177,-3.563434769,5.84924757183,3.04066312914,16.3698595622,-9.45015621862,30.7604059135,17.1213428082,54.2595386994,79.2870258322,99.0007221389,129.308899562,117.894589094,147.199172776,139.198963604,151.679679679,154.622636426,146.39406119,152.165548244	scurve	0.2	396000
438087	0,1,2,3,4,5,6,7,8,9,10,11,12,13,14,15,16,17,18,19	26.0085020673,26.8211776699,16.529953022,17.6632438723,19.2084786774,25.7962689118,16.2716646766,35.2359366622,49.2017734836,52.1521411532,93.6657196058,125.637558774,121.771308375,142.832384423,146.374799397,170.522328514,169.918358625,152.908618838,176.462177392,154.205755067	scurve	0.2	396000
437371	0,1,2,3,4,5,6,7,8,9,10,11,12,13,14,15,16,17,18,19	-75.0582804774,-91.7075616996,-81.1837109089,-85.8476014323,-66.9561359832,-77.3719796787,-75.1604539592,-77.897466031,-34.0068470907,-40.2858425741,-4.92077614019,5.98326457065,41.1639569373,39.8290654446,71.8642708519,58.3945032944,59.7890116182,57.2475426344,70.8164331488,55.0540419203	scurve	0.2	396000
437898	0,1,2,3,4,5,6,7,8,9,10,11,12,13,14,15,16,17,18,19	88.1896947157,79.178728932,76.5680534707,89.1813811476,87.9180343651,75.5743462953,96.6641688432,94.2893946451,115.276626964,124.674985116,172.195945449,184.69756821,199.759054546,234.435681705,231.565182813,216.339155336,240.382436308,231.691788519,232.854118556,240.852839387	scurve	0.2	396000
439550	0,1,2,3,4,5,6,7,8,9,10,11,12,13,14,15,16,17,18,19	71.5002362143,79.2039082341,77.8609061581,95.4333708896,74.4754956407,104.206762649,81.4662406767,112.758174307,117.915138864,150.075192105,149.294616584,180.953022881,204.500489259,217.353145122,221.15031695,243.394509313,223.455790702,235.889932393,244.173590922,230.714085876	scurve	0.2	396000
437899	0,1,2,3,4,5,6,7,8,9,10,11,12,13,14,15,16,17,18,19	-40.7101880846,-21.5232647117,-32.6381099224,-43.2782170351,-14.6102323917,-40.0625930909,-19.1981673068,3.45151299152,17.201767549,10.3587062763,50.1148533021,60.086849963,106.5107219,104.206690241,123.529251296,120.794185173,123.05562934,115.338593922,129.49514776,129.938175619	scurve	0.2	396000
438383	0,1,2,3,4,5,6,7,8,9,10,11,12,13,14,15,16,17,18,19	-24.0838813864,-21.4071868234,-44.6628848733,-49.7060890232,-42.637050833,-36.6896970003,-35.3981685928,-27.9357883723,6.45773707561,-1.33326685495,45.2918306396,68.1209512364,89.5891696395,109.239899157,106.70594391,121.862828653,98.4353488452,108.663654042,102.670800279,122.708066778	scurve	0.2	396000
438766	0,1,2,3,4,5,6,7,8,9,10,11,12,13,14,15,16,17,18,19	-102.143635575,-117.148929182,-105.823879179,-114.750220977,-111.011814699,-112.695057731,-118.384898489,-85.8012677767,-87.9039877798,-72.6274495935,-27.0259377845,-21.6376460644,1.74992867049,21.5368889534,10.3596922731,39.9006687614,19.0406791141,43.39554567,21.3976556845,39.4376233635	scurve	0.2	396000
437511	0,1,2,3,4,5,6,7,8,9,10,11,12,13,14,15,16,17,18,19	-1.30067919794,-4.07908605406,14.9992607833,10.5651242326,2.25502369893,2.98860059865,19.7760636802,39.5663206701,44.3579218664,64.0278474469,87.2391608493,104.439918669,137.193006298,144.207858671,146.552621564,172.36724988,162.34117146,160.014979261,169.677418691,145.221801695	scurve	0.2	396000
436387	0,1,2,3,4,5,6,7,8,9,10,11,12,13,14,15,16,17,18,19	61.3512637727,49.2696979333,72.0692462156,48.2775867249,52.9559140816,55.8309675713,85.1573137098,78.2150914451,105.456586272,115.980951825,132.877569499,167.06331969,192.038832198,205.846159695,199.243676457,199.662706725,206.352034251,213.235289545,211.757643605,218.652136897	scurve	0.2	396000
436374	0,1,2,3,4,5,6,7,8,9,10,11,12,13,14,15,16,17,18,19	-132.074090148,-104.556968956,-123.830618357,-115.691122162,-109.366199193,-127.560703744,-102.917747116,-113.88699262,-95.7941453952,-53.176587815,-28.6454124144,-32.9687033408,15.1475497771,23.6022149525,35.4820824363,22.0843288237,13.345731002,25.5619089899,37.481526913,32.5438426823	scurve	0.2	396000
437630	0,1,2,3,4,5,6,7,8,9,10,11,12,13,14,15,16,17,18,19	-58.4172462201,-67.7389578935,-80.7128121537,-87.2978410827,-65.2824522834,-54.3307277093,-68.7837337038,-65.4895557452,-27.7084585601,-25.4884490131,-14.4458325811,10.414221211,53.28918868,52.5842596724,52.7281171807,80.1636522844,74.367189581,82.1938444687,60.8411349421,62.2306104171	scurve	0.2	396000
437100	0,1,2,3,4,5,6,7,8,9,10,11,12,13,14,15,16,17,18,19	-47.8911051589,-43.5700641233,-44.3502424238,-25.8239917806,-38.1793285961,-40.1462871023,-26.4543369939,-23.4370091882,7.48717630423,2.23247862781,53.6485127824,54.5461235627,77.0493421352,86.3568854841,104.65478607,113.528514727,116.46870308,124.240876217,118.235918188,124.50304616	scurve	0.2	396000
437443	0,1,2,3,4,5,6,7,8,9,10,11,12,13,14,15,16,17,18,19	-46.7155398048,-42.7567959948,-62.6648565668,-50.1166152837,-54.9873695372,-36.0871585039,-42.4658978223,-52.2751919348,-16.527353147,5.94588755592,9.19070785284,40.2879955377,71.6602369489,82.4615670726,98.4863572929,102.722073633,92.5097927893,90.4843468717,101.804653051,94.1408143667	scurve	0.2	396000
439850	0,1,2,3,4,5,6,7,8,9,10,11,12,13,14,15,16,17,18,19	113.433293565,114.882751172,121.031586284,112.559874184,101.518909048,128.305778832,126.323394648,138.162475991,155.209740415,158.433304731,184.558657847,213.53605332,236.672986426,239.455807921,251.423579743,256.00635227,250.719206375,243.290214907,265.051550383,257.982314414	scurve	0.2	396000
437818	0,1,2,3,4,5,6,7,8,9,10,11,12,13,14,15,16,17,18,19	-139.1072873,-132.456355362,-137.843132554,-142.182284061,-153.240015343,-122.823989267,-132.610266121,-140.933858635,-101.060072475,-90.103135481,-51.9412970428,-44.9566458037,-16.2928312578,4.95694091883,2.12632160553,13.2150037297,-5.1928956508,12.9137403361,1.68940955149,21.2769238425	scurve	0.2	396000
436470	0,1,2,3,4,5,6,7,8,9,10,11,12,13,14,15,16,17,18,19	84.799786288,103.399471399,103.931748256,94.5336251911,105.48060565,111.353388994,87.8609559719,114.083468057,127.089669967,130.682135079,184.487913903,206.112709391,227.864565872,212.354602339,230.364810782,234.650487478,241.658491705,236.697754198,244.127230534,240.088713999	scurve	0.2	396000
436333	0,1,2,3,4,5,6,7,8,9,10,11,12,13,14,15,16,17,18,19	-126.127781069,-136.078803402,-121.74488364,-132.532370913,-138.128599895,-136.540182584,-116.057078041,-98.7648498786,-101.522877266,-76.4843132163,-44.35064181,-43.8793057352,-16.3604992284,16.6090275258,17.1756051652,24.2048521829,22.4975695276,22.1600964658,15.9457207389,9.71414507967	scurve	0.2	396000
436170	0,1,2,3,4,5,6,7,8,9,10,11,12,13,14,15,16,17,18,19	-125.513761591,-131.809226218,-126.467681788,-106.668116134,-120.671179539,-104.680916851,-124.168848207,-100.480261339,-106.73823555,-85.2026366687,-55.6870870641,-4.87963648293,-6.56502015094,5.77978186092,33.048061949,20.7694918171,13.687262872,24.7855851417,30.0315276534,34.8109700781	scurve	0.2	396000
438039	0,1,2,3,4,5,6,7,8,9,10,11,12,13,14,15,16,17,18,19	76.3754543393,65.7016872943,77.4967419314,58.7076784732,71.38118148,71.9067174664,86.4021174283,92.6307341383,96.4496021917,104.082193168,140.568524316,159.424626868,205.582536933,210.029030179,218.700232032,210.887310549,214.455244934,226.579121688,230.337552759,218.097185277	scurve	0.2	396000
436602	0,1,2,3,4,5,6,7,8,9,10,11,12,13,14,15,16,17,18,19	-87.7605935049,-78.3410196378,-102.706171372,-103.234831615,-76.5455299966,-74.2391343534,-77.5615947648,-65.5190152762,-77.6386686456,-31.984592058,-24.9984333181,10.3784188837,23.3621785455,29.2500150108,55.4448974809,48.006069213,42.0226043856,47.3541905988,43.0710997132,54.3768116976	scurve	0.2	396000
438560	0,1,2,3,4,5,6,7,8,9,10,11,12,13,14,15,16,17,18,19	-11.7892345637,-5.09953977235,1.81169673737,-14.7822201559,0.0371907323073,1.77077075992,0.486475702446,7.62204282955,12.6223558989,33.2434570345,66.1476490219,73.4958547017,106.613697353,122.566911268,131.555564033,148.4541731,138.848400798,151.054345825,140.402192525,153.116598942	scurve	0.2	396000
436067	0,1,2,3,4,5,6,7,8,9,10,11,12,13,14,15,16,17,18,19	22.2114299577,22.7432148558,20.08146452,7.12442566817,29.7938335449,0.477866971979,24.7141580454,40.16797714,29.0181806278,66.86199141,73.0518199593,100.05921798,144.963345457,138.24470616,150.877226211,148.080222314,150.530054721,147.428992602,171.696088608,170.638997588	scurve	0.2	396000
437687	0,1,2,3,4,5,6,7,8,9,10,11,12,13,14,15,16,17,18,19	-37.3827110187,-46.3070765377,-39.0027221087,-29.3787259306,-31.3693339477,-25.1792305952,-22.0227755622,-28.1883135851,-24.1154149667,20.6586077657,19.6924910853,50.5900884002,75.7811635705,89.1531058808,90.9277858071,96.0556426029,115.168617464,118.139899922,120.70759491,125.095092766	scurve	0.2	396000
438059	0,1,2,3,4,5,6,7,8,9,10,11,12,13,14,15,16,17,18,19	113.902680706,105.17305854,95.8694987444,109.775773342,89.0856694168,112.090985696,121.913631575,121.302555063,131.76084466,146.838097943,176.337110653,198.278020971,219.481781195,218.985554336,248.819028874,255.516109507,254.474500822,261.496932716,249.136324493,242.443904908	scurve	0.2	396000
307459	0,1,2,3,4,5,6,7,8,9,10,11,12,13,14,15,16,17,18,19	-1.02339898394,2.35649271898,-0.0961262472458,2.46392065432,4.74946916393,6.25783708737,9.79425844349,9.72248904961,14.7098739342,18.7170455013,22.2672676032,20.0824898272,15.2820139448,12.5255608746,7.48162896346,4.77252626229,1.88340348367,3.04915855372,-0.225035444251,2.37522423628	norm	0.2	264000
307131	0,1,2,3,4,5,6,7,8,9,10,11,12,13,14,15,16,17,18,19	21.4401450945,19.9149424632,20.7365145354,19.5715178795,21.2793082246,24.2065928219,25.4470655785,31.3600896634,33.8453516313,37.8270764111,37.5377043069,38.5544794945,34.8253810397,31.319956827,27.9606954155,21.9972705559,22.4435836897,19.3869507447,19.9302673375,18.1162581811	norm	0.2	264000
305267	0,1,2,3,4,5,6,7,8,9,10,11,12,13,14,15,16,17,18,19	4.25931743931,2.25325675599,4.07447741893,2.98108193653,4.30613394054,7.952522896,8.24060754616,12.8186073482,19.5617308991,18.7004964959,23.6646645687,18.7461448992,20.3711140385,12.5783806691,12.1361803486,8.85798723094,3.60586494404,2.97074857059,2.13894802675,3.5147786357	norm	0.2	264000
307677	0,1,2,3,4,5,6,7,8,9,10,11,12,13,14,15,16,17,18,19	-21.8089347846,-16.9409854945,-19.5281211206,-18.835168403,-17.8929559224,-12.004380642,-10.3768773298,-8.40620319397,-2.69460485929,-0.493489856272,2.39709870058,-2.38128154645,-3.60062845868,-7.95549575195,-13.4434884431,-14.2853032821,-18.7585162841,-17.240239622,-18.384546272,-18.6865488798	norm	0.2	264000
304632	0,1,2,3,4,5,6,7,8,9,10,11,12,13,14,15,16,17,18,19	-5.64726042629,-10.1900144105,-7.58489904115,-8.96646886225,-7.15208771476,-1.86417297908,2.60074917875,5.53286390091,5.71773606093,8.77939309804,9.58196084894,9.21808094048,9.32127502048,4.2966384654,2.17993001289,-5.01446540848,-4.08128399374,-5.51661660371,-7.38086814033,-5.23428385478	norm	0.2	264000
307487	0,1,2,3,4,5,6,7,8,9,10,11,12,13,14,15,16,17,18,19	-16.4082440712,-16.6473119868,-17.9246281494,-18.6073277761,-16.6063944302,-15.0253036648,-7.97015949714,-4.15160736403,-2.54318318495,3.64025105196,2.48668926325,0.646512047844,-1.80616119316,-5.47159181362,-10.856414911,-10.4771866642,-14.4488744869,-13.9069465767,-15.8333613503,-18.4115695935	norm	0.2	264000
307199	0,1,2,3,4,5,6,7,8,9,10,11,12,13,14,15,16,17,18,19	-12.6678729173,-9.76236560461,-9.64247876565,-11.1721828635,-6.65845661971,-4.79178808161,-0.701310725827,2.18707681813,3.09218550828,10.1361153457,7.34810950719,6.91400296266,2.73880210841,-0.0147348802667,-2.91179781174,-4.83039950659,-9.16431037292,-11.3689797606,-12.0096902237,-9.57767540962	norm	0.2	264000
307804	0,1,2,3,4,5,6,7,8,9,10,11,12,13,14,15,16,17,18,19	17.2229922756,16.9342413148,15.4620439553,18.6479214565,20.4167759461,19.25958533,26.0156018504,25.7379871713,33.0381492999,32.0905339834,35.956619858,35.7050821224,32.8753394362,29.4959111681,21.3136872692,22.9146906339,20.4972186273,17.3883274,17.9227216288,14.2594813416	norm	0.2	264000
306515	0,1,2,3,4,5,6,7,8,9,10,11,12,13,14,15,16,17,18,19	-3.81249714983,-1.9212346646,-5.67649161777,-1.7513843718,-1.21130050107,0.392973931026,2.259551878,6.85334455452,14.1116572729,15.6932426685,16.0558774827,15.614837074,9.50844878375,5.43045943584,2.93920588131,-0.655809851705,-3.37816347229,-1.52930190374,-5.58712135569,-3.16963319361	norm	0.2	264000
305408	0,1,2,3,4,5,6,7,8,9,10,11,12,13,14,15,16,17,18,19	9.60318700003,8.03973743526,7.9613348573,9.61028746371,12.9830635026,16.9015703981,16.8744150457,24.1677238551,26.350512207,30.2542473517,29.5812926735,30.3098302914,23.5090325698,20.9536401707,18.3187560813,13.8965528873,13.2229278673,9.29773103253,10.4617375811,11.5872617675	norm	0.2	264000
305296	0,1,2,3,4,5,6,7,8,9,10,11,12,13,14,15,16,17,18,19	13.5189544817,17.5316300512,16.1905536522,18.385281498,17.5788277443,21.7398490832,24.5723788079,25.4846411653,30.7801741405,35.7742976695,37.6927044701,35.2869029676,33.8204024528,26.707047358,25.3280848058,18.4531631423,18.5169374488,16.3531291915,15.1067936213,15.4087968337	norm	0.2	264000
305040	0,1,2,3,4,5,6,7,8,9,10,11,12,13,14,15,16,17,18,19	-3.66713571841,-5.27830670102,-6.49596962286,-5.20280768111,-1.73354129841,0.224045656498,2.14972975696,3.61538509808,11.2329841683,10.446577038,14.2942890495,11.8538896471,8.26758516167,4.83782945204,1.50414755223,-3.42215369452,-1.75340108622,-2.9731361812,-7.75195151767,-5.91262947778	norm	0.2	264000
306694	0,1,2,3,4,5,6,7,8,9,10,11,12,13,14,15,16,17,18,19	5.23258946765,1.51444440597,5.19510862901,4.72055233675,6.49605616148,6.96270762095,12.5362203517,16.1310473841,18.045256236,21.6375822496,24.7137567926,20.6806332243,19.5410903458,16.0273570321,13.9361184001,8.34529054335,3.50904766914,3.03727461112,4.65519675308,5.13693384742	norm	0.2	264000
307591	0,1,2,3,4,5,6,7,8,9,10,11,12,13,14,15,16,17,18,19	-12.858796998,-15.2385331295,-15.0916321904,-11.7141096646,-11.4950311444,-8.31286906546,-4.85766670346,-3.5612012749,2.07674640596,6.75041866774,8.697186982,5.26065356168,1.55144474324,-1.06438689081,-5.08621968705,-9.79238401344,-8.46329578681,-13.6375332398,-11.4527582238,-15.7220295802	norm	0.2	264000
304519	0,1,2,3,4,5,6,7,8,9,10,11,12,13,14,15,16,17,18,19	7.48298274013,11.6320605767,8.31154764686,7.91047676363,11.3732232976,12.6215979681,15.9149952163,20.9398689329,22.5019001921,27.9771929207,28.211738774,30.0636224481,23.9974200309,18.6668048765,14.764122636,14.7561404542,10.4718046064,12.3337474474,10.4073725417,7.32245338874	norm	0.2	264000
305190	0,1,2,3,4,5,6,7,8,9,10,11,12,13,14,15,16,17,18,19	12.4807445328,13.7347452487,13.8039142788,12.8349472989,16.0471491215,17.376500808,19.9705213937,25.7284930978,26.4495064655,31.8035720676,31.0678306938,30.0619754651,29.1978480629,23.2388144718,19.2141866176,18.435221981,13.9994451367,15.7070875188,13.5674862281,14.03383028	norm	0.2	264000
306018	0,1,2,3,4,5,6,7,8,9,10,11,12,13,14,15,16,17,18,19	4.5343513941,4.81560834665,8.07598301079,6.52567995835,10.4871584854,11.4229918252,12.7423615842,19.937356726,23.4313527439,27.1165313804,28.6792217494,27.4427129483,24.2693891515,16.3337395862,16.863733105,12.8854397163,8.87545580919,9.63082296269,7.44576755106,6.38449530731	norm	0.2	264000
306808	0,1,2,3,4,5,6,7,8,9,10,11,12,13,14,15,16,17,18,19	0.594532656336,-2.61357890851,-2.72582956751,-1.69088046243,3.30153710112,5.6161532532,7.23261861388,9.4850576518,15.5147574353,18.1657277618,20.8370647725,16.6016359816,14.7380077544,11.5094033507,5.41260573817,4.68500331721,2.95672917067,-0.388340386736,-2.84339358055,-3.43942504467	norm	0.2	264000
307417	0,1,2,3,4,5,6,7,8,9,10,11,12,13,14,15,16,17,18,19	-5.82573409349,-7.7710749512,-7.63006337396,-7.72419381145,-6.07324413986,-0.0806305702169,1.19113742053,6.98423418336,11.3829911067,11.2811926377,12.7365778106,12.0970443612,6.80258182126,6.56111570914,1.4879207278,-3.01199897326,-6.22429594503,-5.15810993495,-6.08857275796,-8.66651542305	norm	0.2	264000
305791	0,1,2,3,4,5,6,7,8,9,10,11,12,13,14,15,16,17,18,19	-16.6170251522,-16.4121919164,-17.0996205376,-11.9901589069,-12.999707427,-9.40439683808,-9.6105220339,-5.73613417275,2.21305069625,3.72083704854,3.98359172288,1.78777068609,-0.305048029875,-3.99155916545,-6.27829158368,-8.93073844092,-14.6036028295,-13.2317457762,-13.8277350251,-15.6339009205	norm	0.2	264000
306013	0,1,2,3,4,5,6,7,8,9,10,11,12,13,14,15,16,17,18,19	-9.12668729373,-7.65014822163,-11.0527486895,-10.5476457321,-5.87588422224,-4.97125278109,0.431733651281,1.57374266985,6.01219754077,7.21306374693,7.63266665055,7.85560555507,8.50918675287,3.68473951907,-3.34012956057,-5.35576855505,-7.74175717473,-7.92382635822,-10.4149597487,-10.3409878956	norm	0.2	264000
306993	0,1,2,3,4,5,6,7,8,9,10,11,12,13,14,15,16,17,18,19	5.79049906435,5.0566811793,2.53295886894,2.60434651501,7.96411296946,11.2050528872,9.99343210552,13.9888580743,21.6117063171,24.009622705,22.7478878826,22.9808769975,19.259608251,13.4222606131,10.9576956004,8.08094533553,4.27497857745,5.07157022095,2.14674536212,3.90087671295	norm	0.2	264000
307091	0,1,2,3,4,5,6,7,8,9,10,11,12,13,14,15,16,17,18,19	1.60329465344,1.01756995894,-0.709550125215,1.95896715035,2.75068491389,7.01827942719,10.5555238137,12.6143544545,18.8836062699,21.3059351175,22.2266520414,18.730990896,16.3530043505,11.9249206122,10.2168531485,4.87626354257,3.0979095138,-0.17272447639,2.457277567,1.62451065619	norm	0.2	264000
305287	0,1,2,3,4,5,6,7,8,9,10,11,12,13,14,15,16,17,18,19	3.75222791453,1.47672479548,5.09380768572,4.96327813026,6.60348860944,7.01182994921,13.414434656,13.8110062268,18.755431889,21.6934606674,25.083008485,22.7062681838,17.2424151758,16.5909991174,10.0131157933,7.71291085463,3.82987697358,3.44845089738,2.05768187793,1.57245510918	norm	0.2	264000
306979	0,1,2,3,4,5,6,7,8,9,10,11,12,13,14,15,16,17,18,19	-14.1767126779,-11.1188276919,-11.8772120004,-12.6278549533,-9.51664340684,-7.61687679998,-2.49221837585,-2.14265487132,1.77766590618,8.4395512616,7.08293949822,5.84365359928,0.967386724907,-1.26640752728,-6.32474004273,-7.85960586753,-9.67041267044,-9.78487594645,-11.9238030029,-14.6524956408	norm	0.2	264000
305907	0,1,2,3,4,5,6,7,8,9,10,11,12,13,14,15,16,17,18,19	0.0997735444057,-2.31948411666,2.53608126901,-0.909767623781,0.527810069413,4.535348654,9.30926316276,11.1110081911,14.7579741245,19.3630498985,17.4559439784,18.3645618359,16.2700430226,13.361091671,7.57200045927,4.15881568028,0.995875766052,0.334876679766,-0.47789753379,-0.183257556904	norm	0.2	264000
304282	0,1,2,3,4,5,6,7,8,9,10,11,12,13,14,15,16,17,18,19	20.784124653,18.058787537,20.3963322102,21.088662498,23.2875440467,25.0827825495,26.5792494246,29.5318208214,33.0416204725,35.9578028695,37.5159406807,38.9133225985,32.1927337576,32.9983653249,29.1391539528,22.0808331233,23.6852994098,18.5952347832,20.7198099539,18.7987104425	norm	0.2	264000
304220	0,1,2,3,4,5,6,7,8,9,10,11,12,13,14,15,16,17,18,19	-19.598327513,-18.8958539979,-17.3954031328,-18.7635947287,-17.6623398411,-15.9706829462,-13.1430756193,-6.06740199643,-3.4679467798,-2.33567842304,-0.658198751453,1.02670309217,-2.41049535615,-5.68463902421,-13.8491991238,-16.1404113648,-19.2478177727,-20.6677155449,-20.4614786039,-20.8863238952	norm	0.2	264000
307507	0,1,2,3,4,5,6,7,8,9,10,11,12,13,14,15,16,17,18,19	-10.9830162316,-9.69481357338,-10.3691367825,-8.63627783498,-7.13383687781,-7.70022769218,-5.24298135572,2.31115572227,6.15607856863,4.78688168761,6.57314937284,5.84808517737,2.77838761641,0.63667292294,-6.41419727301,-6.41558228336,-7.63390144973,-11.2336395584,-9.1712092534,-12.9384126275	norm	0.2	264000
306004	0,1,2,3,4,5,6,7,8,9,10,11,12,13,14,15,16,17,18,19	11.3469943,13.2386818023,14.1333853149,16.0841270813,15.4013926011,18.2591017212,20.3066055123,23.9994379383,27.8067941046,30.4484766309,33.6265604608,32.9679530795,26.9906895336,24.6760911638,22.714636082,16.2098858778,14.5778184878,15.9694166527,12.8333815998,13.4054101513	norm	0.2	264000
305006	0,1,2,3,4,5,6,7,8,9,10,11,12,13,14,15,16,17,18,19	5.27588545549,0.822258372652,5.99725763816,6.32394699018,3.65173955074,10.3132653364,13.8357122815,13.4896534029,18.0618728651,20.3285980896,24.8813745629,20.3732906503,17.7999264943,13.9246675489,9.14313355755,9.42911886524,6.3578483193,3.80988047395,2.54498984367,2.88013269328	norm	0.2	264000
305609	0,1,2,3,4,5,6,7,8,9,10,11,12,13,14,15,16,17,18,19	20.6391573377,16.2604338779,20.6219248316,17.2398231467,19.130600402,24.6257550933,24.3954748228,29.3201610905,33.1547558034,37.1904142589,40.5592359687,38.1611556999,32.8084790575,32.9192647195,29.0267217622,23.9958820589,20.8074274163,20.79433462,20.7649309386,17.873658725	norm	0.2	264000
304599	0,1,2,3,4,5,6,7,8,9,10,11,12,13,14,15,16,17,18,19	15.0033846252,14.6670420288,17.2255962331,18.7802026217,16.8495920099,20.7924878348,21.1267922287,28.2429368371,29.6372589187,36.1506527921,35.17229445,31.5578422552,30.3158841899,28.7858726327,21.2030714452,20.6437389201,18.3229101167,14.0220412519,13.5217182355,13.7625447878	norm	0.2	264000
304808	0,1,2,3,4,5,6,7,8,9,10,11,12,13,14,15,16,17,18,19	-7.55358269976,-11.7225367037,-9.09302241861,-9.19397524864,-9.42384118959,-6.07209758267,-1.43597508094,0.034801418178,3.66131908666,6.89899692932,12.234930368,7.77419230508,7.80142939657,1.41481770623,-0.39757735682,-3.31218592392,-9.49588569968,-10.1762965941,-10.7120432479,-8.23973987477	norm	0.2	264000
304336	0,1,2,3,4,5,6,7,8,9,10,11,12,13,14,15,16,17,18,19	16.779641873,17.4685126302,16.6548345664,19.4827240484,20.0060396836,22.0037760219,26.0048373777,28.5074588722,30.0808604043,36.9493509207,34.826676702,35.2903277797,32.7714794142,30.0482312453,24.4306923452,23.3111347605,17.2067556655,17.1651483789,16.1869368883,14.3024440705	norm	0.2	264000
304725	0,1,2,3,4,5,6,7,8,9,10,11,12,13,14,15,16,17,18,19	-5.35793788571,-0.883279265595,-4.64125379887,-0.842292545056,-1.56261224312,2.86241510099,4.74401262004,6.16765333857,14.2837345959,17.3235750567,14.6696023998,17.3780802804,14.8033658856,7.00427252151,5.61447584663,2.70686819331,-1.8871162193,-4.22233479851,-4.05663912541,-3.03355662636	norm	0.2	264000
304981	0,1,2,3,4,5,6,7,8,9,10,11,12,13,14,15,16,17,18,19	2.05808992694,2.88084061542,4.81912382912,5.3772532405,4.04411064024,9.76897957098,11.7911562985,15.042188172,18.5005233811,21.0346580719,22.9839379375,21.1805677783,19.116382671,16.4222105525,12.2019745224,7.2054555896,3.62027392007,2.66247935042,2.3563693333,2.63475816626	norm	0.2	264000
305199	0,1,2,3,4,5,6,7,8,9,10,11,12,13,14,15,16,17,18,19	2.89550915019,4.14530066836,5.59261335384,3.28842619848,6.73581352934,8.93685206946,11.8505645014,14.9587713063,19.0850024345,20.3013302683,22.3465805952,22.6065491915,19.6121284499,14.4425696926,11.8226595207,6.81197734823,5.94802526148,1.65811239349,5.52270515563,2.65949930659	norm	0.2	264000
307071	0,1,2,3,4,5,6,7,8,9,10,11,12,13,14,15,16,17,18,19	-21.324149101,-19.1581362645,-16.639500758,-16.9822577204,-18.1351137964,-14.7388684645,-13.533589648,-6.8234277919,-4.39325254129,-1.13900572379,-0.882444127724,0.673199686948,-5.44046204442,-5.77484462801,-10.5981816863,-12.4296376644,-18.8564080959,-19.0441716187,-19.9970839845,-18.075593114	norm	0.2	264000
304755	0,1,2,3,4,5,6,7,8,9,10,11,12,13,14,15,16,17,18,19	-8.50624270468,-11.75051999,-11.1460524127,-6.71404329693,-8.64931770807,-3.20915831561,-4.33277846063,0.0964424326086,5.670400115,10.0783788926,7.77582570781,10.717024202,3.52230143416,1.00961040419,-0.174165303064,-4.31852803225,-6.85760241252,-7.62585729454,-9.63204115211,-7.43038947214	norm	0.2	264000
306206	0,1,2,3,4,5,6,7,8,9,10,11,12,13,14,15,16,17,18,19	-8.12300372587,-5.08435454693,-6.02641115734,-6.90848701513,-1.59141084982,-0.466695302414,0.305334216062,3.77318927237,9.87501112614,12.9109997657,16.3337722573,13.1109261856,11.5699033169,6.21229125063,4.01716547888,-0.605482501153,-3.39283759107,-4.842965706,-4.0215025387,-5.03711690437	norm	0.2	264000
304043	0,1,2,3,4,5,6,7,8,9,10,11,12,13,14,15,16,17,18,19	13.985362359,10.7554608013,10.7489780161,15.5626614967,15.071930519,18.1619212233,20.4263516141,24.1136783667,29.8222238999,28.1855688328,29.9719598706,29.891194309,27.2320649151,21.4490248682,22.4509924161,17.4564952838,16.669463956,13.7055346272,13.7549348785,11.5930612138	norm	0.2	264000
305953	0,1,2,3,4,5,6,7,8,9,10,11,12,13,14,15,16,17,18,19	8.78293613048,6.87487913863,6.90523285051,6.6117133847,11.8711279339,11.6322415602,15.0371182999,17.3251856904,22.8613370739,25.6186720074,26.7479106057,23.4993460368,22.0815921548,17.1673446244,15.4600433837,14.348733296,11.392634167,5.81785542758,8.40201681183,7.69293096179	norm	0.2	264000
306395	0,1,2,3,4,5,6,7,8,9,10,11,12,13,14,15,16,17,18,19	-5.39085295959,-4.17377861831,-0.765317059905,-3.58274568386,-2.37852024568,2.16268857209,4.30622404803,9.67108742465,11.5532177344,17.2943822267,16.7618830934,13.9528701384,9.91134717948,7.2902122991,2.26143930027,-0.269975968831,-2.62285305155,-4.12460457368,-2.37951418098,-3.55544831289	norm	0.2	264000
305460	0,1,2,3,4,5,6,7,8,9,10,11,12,13,14,15,16,17,18,19	9.48974905284,11.9717746249,10.9056652071,11.1695606449,13.3972927708,15.1834398717,18.5648854952,23.448780359,27.1056297629,31.2731058968,30.3448576429,32.2840216847,29.3424033616,23.5380334097,21.3453493877,17.2659218585,11.7956416533,11.6857294382,12.5633722898,9.30136818405	norm	0.2	264000
305606	0,1,2,3,4,5,6,7,8,9,10,11,12,13,14,15,16,17,18,19	9.42272757137,10.673989932,13.2472344382,12.316484711,15.6413399491,15.0294522167,20.2788530251,21.6360657681,27.2164248232,29.1938531581,29.5226158008,29.3290341862,24.8910084282,22.5261893657,17.9808496908,17.1138837379,13.6109386805,11.8179966791,11.2337044928,12.3244861979	norm	0.2	264000
305626	0,1,2,3,4,5,6,7,8,9,10,11,12,13,14,15,16,17,18,19	16.5037534706,14.9536275793,18.3003251885,19.0731587762,20.7878504292,22.7710244636,25.009736799,29.0594337323,34.6909961108,36.5604723382,35.6157859029,36.8049132717,30.1055658616,26.9729839167,26.5774033425,22.4901051343,20.4673046737,15.5100165683,14.7502426753,14.1605937391	norm	0.2	264000
305433	0,1,2,3,4,5,6,7,8,9,10,11,12,13,14,15,16,17,18,19	-1.14676358023,-2.59344252977,2.56969871243,3.00733554001,2.42318514546,5.89072318302,9.18920558582,12.7392543886,17.6550425333,18.1398226197,21.7018872467,20.6609592685,16.7790388626,11.7789046063,8.55837946245,6.49223235701,0.354860845993,0.832042477933,-1.22092969625,-0.046016859191	norm	0.2	264000
305680	0,1,2,3,4,5,6,7,8,9,10,11,12,13,14,15,16,17,18,19	-9.66541437734,-9.84038922563,-7.80071649743,-6.59810397063,-5.82584875565,-1.3870011336,0.41452675053,0.983084647957,5.67101246275,10.2926530612,11.6587169217,10.3092772345,9.72746989716,1.7329758575,1.34074978945,-4.81120261692,-3.66099172556,-9.03114078646,-7.8546763311,-8.56049393431	norm	0.2	264000
305401	0,1,2,3,4,5,6,7,8,9,10,11,12,13,14,15,16,17,18,19	1.22467317265,-1.2541675643,-0.868242364101,2.64462654588,1.07338356973,5.29561546761,9.87749064128,10.6588516178,16.7098013385,18.191200072,19.9901850907,20.9481816801,17.2603955575,10.124855135,7.25318850218,4.1656192643,-0.225369767429,1.09501224883,-2.20041528424,-0.595718331134	norm	0.2	264000
307160	0,1,2,3,4,5,6,7,8,9,10,11,12,13,14,15,16,17,18,19	12.4818514274,9.84420735407,10.0327860441,10.6539720041,14.9419361242,17.4460725588,19.4613331517,22.9990303491,26.1480161411,32.6850569573,30.9403250369,31.6219308674,24.9906373997,21.9735309549,19.5237211527,17.4346249588,15.7180935615,14.0047984108,13.5794810297,13.2460643681	norm	0.2	264000
306611	0,1,2,3,4,5,6,7,8,9,10,11,12,13,14,15,16,17,18,19	-14.4701185676,-14.5518957743,-14.9282505433,-13.9814530633,-10.712633063,-6.80868940706,-2.62593410647,0.195242843867,1.25470930046,6.62713916022,4.72614355332,7.92061159317,5.20414525975,-1.47997094374,-6.2978627025,-9.5368451195,-10.6817094579,-10.1688410931,-12.315797262,-10.9078685474	norm	0.2	264000
306359	0,1,2,3,4,5,6,7,8,9,10,11,12,13,14,15,16,17,18,19	-4.61115313936,-5.12586336175,-4.43165073176,-2.4760654339,-3.3274611119,2.06676669405,0.805668784208,7.32550563497,9.13633668199,13.2534402611,15.4702142496,11.7570350939,9.58784119673,6.79418300518,2.77990452011,-2.29467201754,-1.88297638762,-1.68203232426,-6.7411951381,-6.79387961035	norm	0.2	264000
304010	0,1,2,3,4,5,6,7,8,9,10,11,12,13,14,15,16,17,18,19	16.3589554771,20.2124356547,16.8372939917,17.4620804699,18.1192568652,24.6286283892,24.2994092069,29.6407704307,36.2460542386,37.1787172136,39.9344244366,36.9360161492,36.1408606157,31.1598027601,23.8083883235,23.9224532373,21.9258714854,20.3878576803,19.3215542912,19.1487224197	norm	0.2	264000
305600	0,1,2,3,4,5,6,7,8,9,10,11,12,13,14,15,16,17,18,19	-9.62027560358,-6.73953254423,-9.25661433367,-7.10868578678,-5.52998272815,-2.70356099963,-0.698041919395,5.47145714843,9.45438374749,12.1602219397,10.8684995001,11.6869959646,7.71378558513,5.17430728996,-0.153195535892,-2.6628093571,-6.6968179988,-8.69890038196,-6.53202836551,-5.18691899876	norm	0.2	264000
304409	0,1,2,3,4,5,6,7,8,9,10,11,12,13,14,15,16,17,18,19	14.3022612953,18.5726074622,14.6997790133,17.2723661667,18.6141757795,20.433591744,23.6061351675,26.9535488017,30.3566803085,36.4479851569,35.7277743504,34.8671873361,34.3758622073,26.7143115057,26.7436243086,19.4739513266,20.6647822212,19.058023721,15.4641404811,17.0715452621	norm	0.2	264000
307963	0,1,2,3,4,5,6,7,8,9,10,11,12,13,14,15,16,17,18,19	4.82691785675,1.70082224727,2.18185589155,5.14120452172,8.31811107082,8.96251095004,9.43938224794,16.3505078903,20.4107132423,24.4136423562,25.6518592947,20.272332633,17.9027279122,15.4558252948,13.5335577455,9.96892351776,7.20510466603,4.7611553468,6.35505545268,1.48717976857	norm	0.2	264000
305523	0,1,2,3,4,5,6,7,8,9,10,11,12,13,14,15,16,17,18,19	-0.0804126627851,-3.15840175124,-0.749958945315,-2.77829837498,2.13352994398,4.70286681249,3.5365800308,8.58750596684,15.2492085883,15.8143012608,17.211400198,17.3405051146,14.7338481725,7.99315064152,4.76960253502,1.72332370828,0.566256232342,-0.468093507548,0.300840750965,-0.0801126215465	norm	0.2	264000
304035	0,1,2,3,4,5,6,7,8,9,10,11,12,13,14,15,16,17,18,19	-8.97326268994,-5.33952402655,-6.42703609166,-7.7885999483,-3.68286617069,-0.499084933896,1.70219782092,5.54516263944,9.58794109082,12.0099412697,12.9523522756,10.2660536491,8.74373582109,3.60161383852,-0.342297488132,-0.975647473715,-7.14026370878,-8.76326503769,-6.01228773025,-5.88369034227	norm	0.2	264000
306989	0,1,2,3,4,5,6,7,8,9,10,11,12,13,14,15,16,17,18,19	3.70853573357,4.62164517783,1.70433648917,5.79094495216,8.48067379663,9.60929670298,10.3091772385,17.3477240651,21.7498691145,22.7940422501,25.1188110274,21.0870775518,19.6730590731,13.6250562432,10.4316695603,7.246237177,5.52952486025,3.11663835025,3.69172615986,3.95048825056	norm	0.2	264000
305795	0,1,2,3,4,5,6,7,8,9,10,11,12,13,14,15,16,17,18,19	19.3797025878,22.351637053,21.739256537,20.8706503485,23.3565104298,26.8476748163,30.377532443,33.7558073807,33.4278729522,36.7373430318,38.4079293664,38.9367091193,36.2266017208,32.9013278819,25.8044942992,26.726426837,21.0351425554,20.0230836855,17.8751277927,19.1514368057	norm	0.2	264000
307882	0,1,2,3,4,5,6,7,8,9,10,11,12,13,14,15,16,17,18,19	-12.5048445624,-9.04882297857,-10.0107574413,-8.78527655085,-10.4271849875,-6.96631461158,-2.75855990487,2.75198764257,6.58133402696,6.72082426303,10.5870968815,8.06092469139,2.68135498368,2.24189850767,-3.62446396609,-6.22111767332,-6.40738816436,-8.35477578324,-11.2302731578,-12.0430922979	norm	0.2	264000
306058	0,1,2,3,4,5,6,7,8,9,10,11,12,13,14,15,16,17,18,19	8.3639122956,5.56234853755,5.59691011443,6.2239527424,6.90006301787,10.3767985338,14.7349430921,18.8594943725,23.6211583315,22.993728227,24.7891554597,23.3540991578,24.1776750803,16.7692974661,16.4500778469,10.4795008629,8.75360856032,7.10024096726,8.14311046625,6.85314582896	norm	0.2	264000
307999	0,1,2,3,4,5,6,7,8,9,10,11,12,13,14,15,16,17,18,19	-16.2652502998,-17.8991124768,-17.982545572,-13.451149715,-11.2385427581,-12.0097023101,-6.07942854198,-2.68924906176,-0.0240954862883,3.87900983701,3.7024104206,2.69806793444,1.70437364478,-2.34160415619,-8.52737748108,-12.4851769432,-11.0924353383,-16.752758079,-15.4756876398,-17.2546853534	norm	0.2	264000
304781	0,1,2,3,4,5,6,7,8,9,10,11,12,13,14,15,16,17,18,19	1.28859942113,-1.67753561195,1.79291665142,-0.0171158353419,1.81476039284,6.01871574272,8.58798097834,10.2336280925,16.7742228408,17.6423685817,18.8470053746,17.6890694716,17.3279398788,14.0554367796,9.69471227576,4.26810962148,2.69400481873,-1.17105480679,0.397702171543,-0.813806478211	norm	0.2	264000
306450	0,1,2,3,4,5,6,7,8,9,10,11,12,13,14,15,16,17,18,19	-6.96694747997,-5.45071670086,-6.05769266813,-4.37154473303,-5.43362468393,-0.577849391049,0.977723811368,7.36046502339,9.43167854708,11.5945157203,11.6310514597,12.4024455485,11.6960777848,5.59210748568,1.89867884447,-0.582349336731,-1.63753440807,-4.31338897004,-7.34832446191,-4.61474097669	norm	0.2	264000
306766	0,1,2,3,4,5,6,7,8,9,10,11,12,13,14,15,16,17,18,19	7.33572919935,7.70068480674,3.56906478238,8.14308460846,7.47476718908,12.2198342657,13.653403765,17.1637696574,20.0569082124,23.4902726766,23.0526238656,25.800738535,21.1295494923,16.4486595402,14.8220341902,10.6823115918,10.0420861712,7.18117232252,7.16426225164,5.75921424981	norm	0.2	264000
305257	0,1,2,3,4,5,6,7,8,9,10,11,12,13,14,15,16,17,18,19	14.7441989504,16.6603343087,15.9291976364,17.1277462102,15.6885051973,21.4111482258,23.9310015839,25.6095328192,30.1584398218,35.3452718118,35.6341162281,33.2516883122,31.222924338,29.355432003,22.6682035454,22.008695824,17.6165463789,14.8676656711,15.923417082,12.9570484698	norm	0.2	264000
305324	0,1,2,3,4,5,6,7,8,9,10,11,12,13,14,15,16,17,18,19	0.558759562656,0.189060891318,-1.63717926059,2.27033895505,1.93068339733,3.58800676418,9.81343015119,12.5957165564,15.1378284,17.9479165347,19.7200387309,19.5920323862,16.2230794923,14.0290780572,5.9872311367,7.32157902736,0.279790974985,2.70788714,0.49429122566,0.294448576833	norm	0.2	264000
306937	0,1,2,3,4,5,6,7,8,9,10,11,12,13,14,15,16,17,18,19	-13.6315177696,-15.0130803798,-13.4179394356,-12.2142900749,-11.3853511053,-8.99774048692,-2.40669387978,1.72622775812,5.49412983774,6.60062514587,7.52390155529,5.27498787113,4.86991426685,-3.1214412484,-2.73830481595,-7.59978126529,-10.1565007567,-11.2437185366,-11.4260534018,-13.52975217	norm	0.2	264000
306172	0,1,2,3,4,5,6,7,8,9,10,11,12,13,14,15,16,17,18,19	7.71290304668,4.70121491034,6.08921693525,5.19393749305,9.42902068711,10.3354684809,17.0297389079,20.7250870373,21.8546595252,23.015464065,26.9091357137,26.6667077011,23.6755585402,18.2186205913,16.0812070965,13.4269787462,9.72020363894,7.076434062,7.2726177398,4.21747462532	norm	0.2	264000
306419	0,1,2,3,4,5,6,7,8,9,10,11,12,13,14,15,16,17,18,19	11.6012855721,10.1438966628,11.3828718497,8.199558242,12.2072410825,14.6687620847,17.2260603629,23.7064326461,25.0128454405,25.7210838842,26.9240613306,30.4276661907,22.9766733723,21.4766786189,19.6993358404,14.1263999912,12.1837348189,8.6639981998,8.46795855086,11.6716145135	norm	0.2	264000
307013	0,1,2,3,4,5,6,7,8,9,10,11,12,13,14,15,16,17,18,19	-11.9210752927,-11.8573581891,-11.4659734812,-10.6623815739,-7.74573145837,-9.19524214547,-2.72001161374,-0.262246033001,6.03571990097,8.54581807729,8.23038639177,4.38498028101,6.08073914491,1.47053387456,-3.94567109897,-7.68261565236,-9.59127137901,-12.6994664996,-10.3569215221,-14.1245453553	norm	0.2	264000
306557	0,1,2,3,4,5,6,7,8,9,10,11,12,13,14,15,16,17,18,19	-13.9582659286,-12.9063177935,-15.8405766918,-13.5041313436,-10.0124058107,-8.74057670536,-4.52856535851,-3.03733575217,0.029501201522,4.64838888902,7.24141148708,3.94429223937,-0.380391091912,-1.08691783429,-8.46005408081,-11.158780992,-12.8085586213,-10.8117240056,-15.4364357721,-16.094729371	norm	0.2	264000
306229	0,1,2,3,4,5,6,7,8,9,10,11,12,13,14,15,16,17,18,19	-9.88893568261,-12.8549633439,-11.227396697,-10.0334762859,-9.03293677122,-6.60348327033,-4.76382356351,2.68584582111,4.49129182397,6.84680498156,10.5770396513,6.44511953615,2.59852993713,3.424933167,-5.29839554316,-5.53680763719,-8.06944209728,-11.4658612532,-12.0353988016,-12.8309887769	norm	0.2	264000
305210	0,1,2,3,4,5,6,7,8,9,10,11,12,13,14,15,16,17,18,19	11.5699557897,10.6867707447,13.178019476,10.874748878,14.3799694328,14.51720324,20.9499064037,22.4992135796,28.7576539733,31.1727475799,31.6116180048,30.1653053552,28.7355455506,24.3627047131,21.5766515014,16.1487205888,16.011875293,15.0838379766,10.8736533307,11.8856697221	norm	0.2	264000
305364	0,1,2,3,4,5,6,7,8,9,10,11,12,13,14,15,16,17,18,19	13.8783520636,12.5741257249,17.0773595884,14.1121308129,15.441273471,17.9413618149,21.4014005847,25.1971969344,31.2451502788,31.3991436137,34.1256985959,30.843991555,30.0167795621,28.069891175,22.9914428301,16.9750546005,18.0981533365,15.9913735193,14.2657134022,14.3106597724	norm	0.2	264000
307551	0,1,2,3,4,5,6,7,8,9,10,11,12,13,14,15,16,17,18,19	0.635518795937,2.77995282211,3.28850161178,4.04846436661,5.78193456231,5.42538692967,8.91634989543,13.935369374,16.2653509533,23.3375335828,22.1876465852,19.1178643262,16.9867130258,16.7950181916,12.7563886196,6.1042103698,4.35782850836,2.19413643356,3.65670386842,0.757002830197	norm	0.2	264000
304398	0,1,2,3,4,5,6,7,8,9,10,11,12,13,14,15,16,17,18,19	-9.46310154139,-11.4065063253,-9.48883348005,-10.5977187878,-8.13027724376,-5.74621632734,-1.35507871547,1.99891154192,1.95152118948,7.18947411975,9.93439299293,8.16205964068,5.63629320815,1.55747801198,-2.85508453338,-7.56743299257,-11.236657297,-9.18821128931,-12.4128917927,-11.4235170716	norm	0.2	264000
306913	0,1,2,3,4,5,6,7,8,9,10,11,12,13,14,15,16,17,18,19	5.37115176991,2.92978227779,2.17511344748,4.5270967221,6.11557295358,6.07745755759,11.3380538916,15.6329015826,18.05245289,21.7164731736,23.6198100493,23.2671040051,18.0687959784,13.87312873,14.1240849844,7.20968629081,5.43281440486,6.0754257406,4.46157934153,2.85382785809	norm	0.2	264000
307680	0,1,2,3,4,5,6,7,8,9,10,11,12,13,14,15,16,17,18,19	15.4999980731,18.3078744847,19.1141558041,18.448129939,17.8504731991,23.6316732885,27.8219795244,28.5257667886,30.9569383953,38.1257143941,36.1355200302,37.2123220103,33.4807089291,27.9880742771,24.935730945,20.0569182933,21.6158408974,20.815455334,18.3204382363,15.8616448582	norm	0.2	264000
306344	0,1,2,3,4,5,6,7,8,9,10,11,12,13,14,15,16,17,18,19	6.10951494895,4.39365740466,5.21187103628,4.16520710201,5.32838625471,11.5473494002,14.6010355593,16.3745801845,18.8893687045,25.4050523037,24.4814414421,25.4466547636,19.9304451518,16.2078508406,12.42878914,11.74479008,5.49572778026,7.57661962458,2.66957161856,2.92126772195	norm	0.2	264000
305089	0,1,2,3,4,5,6,7,8,9,10,11,12,13,14,15,16,17,18,19	15.2156525375,13.6218279958,14.3013176045,16.4500531162,18.5798074481,20.3213091179,21.4679112227,26.1177169976,29.6521204251,32.364999604,36.343853601,35.141566766,32.0817348267,25.2104509824,21.2533390392,22.4509917561,17.07128117,18.8140519792,18.1834650724,13.1576969716	norm	0.2	264000
305096	0,1,2,3,4,5,6,7,8,9,10,11,12,13,14,15,16,17,18,19	-4.5596101229,-5.98644570854,-4.73691646868,-1.77914187483,-2.11059156855,0.0484613194677,6.26866462528,5.51795915886,13.8546717891,13.9807956895,16.3860679299,12.0192836197,10.6813680981,6.73371912436,3.96230891361,0.0300399006907,-2.02976860488,-2.99492174576,-3.88564477334,-6.61164761838	norm	0.2	264000
305995	0,1,2,3,4,5,6,7,8,9,10,11,12,13,14,15,16,17,18,19	-21.3539872185,-20.9801911192,-16.5218121614,-18.3052319993,-15.0958068356,-14.9787670918,-11.0206137775,-9.61902937576,-3.25414008706,-0.782591947685,1.88541355655,-1.99749650854,-5.79547422316,-6.72256611949,-11.7189080621,-13.018113471,-19.211447052,-18.1450082237,-20.3210545499,-18.9565223324	norm	0.2	264000
307234	0,1,2,3,4,5,6,7,8,9,10,11,12,13,14,15,16,17,18,19	-0.89597011531,2.91155074074,-1.11748229553,0.949764085501,1.48896644065,3.64092486747,10.9543664692,11.8823801687,18.6246123284,20.8740978363,21.9146686768,21.1934784922,15.0696397912,11.5743256431,7.04072844997,7.68872509384,4.11391394321,0.0610971100656,0.807189630258,-0.553063029367	norm	0.2	264000
306016	0,1,2,3,4,5,6,7,8,9,10,11,12,13,14,15,16,17,18,19	8.98201807163,9.31693339557,8.40332160185,11.8908625131,13.774345542,15.7919776795,15.6083497154,18.6158157672,23.0026129186,29.8065781696,31.0463297506,27.3832337367,23.9395461121,20.9135845983,17.2274560721,14.7963438373,10.8856832468,11.2307483488,8.99968127107,9.94167673656	norm	0.2	264000
307326	0,1,2,3,4,5,6,7,8,9,10,11,12,13,14,15,16,17,18,19	-3.56587643717,-7.45150850141,-4.30530837266,-6.08013898665,-4.54480809852,-1.93215617239,1.44033987538,4.80152979204,9.24378941849,14.1179485804,13.6186391858,11.6644765783,12.1584326349,9.15685054087,0.716198471796,-0.0854493856279,-3.31403602399,-3.14959145526,-3.48976522678,-3.54753090812	norm	0.2	264000
305604	0,1,2,3,4,5,6,7,8,9,10,11,12,13,14,15,16,17,18,19	-8.47139682893,-4.920807364,-7.83510491152,-5.83315337244,-2.36927580608,-2.09906527351,-0.0780138514237,4.85288975886,7.4319053819,12.8655445922,14.2601894467,13.8784668165,12.3349277679,8.3863106648,4.50665211188,-1.97399737103,-3.17148140474,-6.43757952561,-7.51164420673,-8.16712494772	norm	0.2	264000
306436	0,1,2,3,4,5,6,7,8,9,10,11,12,13,14,15,16,17,18,19	0.755636627564,-2.40577723734,-3.30769029447,-2.3357331318,3.33017630862,4.1464247237,5.20148741704,12.5040562269,16.6439263314,14.8826740793,17.5535424128,18.0404975545,14.9448168982,9.82695904963,6.62073910928,4.14056930343,0.980487298899,1.53221219544,-0.0269172521447,-3.00163658475	norm	0.2	264000
307467	0,1,2,3,4,5,6,7,8,9,10,11,12,13,14,15,16,17,18,19	1.86784485696,2.60948660037,5.72126107385,3.23883199928,5.08951298657,6.3275105716,10.8190559985,14.8970059441,19.2899957489,22.7671424458,24.3095584059,21.2351912895,18.9450161082,13.8614850079,11.8435272884,9.80432685545,7.73619474638,5.34710623837,5.19327280649,4.6082668768	norm	0.2	264000
306627	0,1,2,3,4,5,6,7,8,9,10,11,12,13,14,15,16,17,18,19	-2.57018386103,-0.63279656644,-3.09151874268,-2.41946576509,-1.7387302832,3.24444645549,4.40346564678,9.66251004675,13.9333669002,16.5897368896,18.7208977242,14.2075750559,14.6738335576,9.07100606998,7.37118123432,2.34335460208,1.96190566329,0.782891509761,-0.974931041673,-0.914038951601	norm	0.2	264000
305541	0,1,2,3,4,5,6,7,8,9,10,11,12,13,14,15,16,17,18,19	8.72845238625,10.6728276095,11.5836200447,10.960672269,10.3033572173,14.0569106655,15.3752928804,20.2812496133,22.5181277774,28.4095035509,29.2200766627,29.4080890504,27.26753396,19.8078506912,16.5538610479,12.4738296748,13.9632234839,10.0190464635,6.95029592602,7.70603104997	norm	0.2	264000
305070	0,1,2,3,4,5,6,7,8,9,10,11,12,13,14,15,16,17,18,19	-6.67475198512,-6.96598824468,-9.80101468719,-5.91183968088,-7.47227140809,-1.71398712414,-1.91779148236,4.26623787664,7.33446551838,9.42289340764,13.6653110585,10.1690275605,10.2497065567,5.56061345607,0.606042387309,-4.64836958228,-3.49789392493,-5.53443363488,-9.41502246911,-8.24105276038	norm	0.2	264000
304911	0,1,2,3,4,5,6,7,8,9,10,11,12,13,14,15,16,17,18,19	15.7769351804,16.6521754589,17.6433359702,18.0856895267,17.1588445278,21.232883167,24.6287681056,24.5871814487,28.7317248326,33.6050154553,33.3246472555,34.9192483019,31.1314327029,29.4271579944,23.2693368565,18.2013538095,17.3133780556,17.7808076873,17.4615537713,15.2505414903	norm	0.2	264000
304410	0,1,2,3,4,5,6,7,8,9,10,11,12,13,14,15,16,17,18,19	-10.0985995,-10.8775694006,-7.80242869563,-6.29407840573,-7.85136776606,-4.40402901437,-1.24675123633,3.36870928665,7.04175579092,7.1669994893,8.08197783607,8.45168734897,7.47476627546,3.9417638386,-2.2171183761,-4.89566996233,-8.17212265048,-10.3273036491,-11.0518315342,-9.72564471648	norm	0.2	264000
307240	0,1,2,3,4,5,6,7,8,9,10,11,12,13,14,15,16,17,18,19	14.5036944185,18.5422853721,15.846186982,16.5275045,17.4646037261,24.0356651451,22.3931384822,26.6187473829,34.3292228418,33.1218926924,38.9835153902,36.5438147067,34.4960688169,28.1523474049,24.2814756555,22.5218871207,17.8452570588,17.2717259869,16.8199150289,17.8358199162	norm	0.2	264000
304206	0,1,2,3,4,5,6,7,8,9,10,11,12,13,14,15,16,17,18,19	2.62022132145,0.40077086852,2.30286817277,-0.706249231805,2.49914199446,3.01794814367,6.04584498198,14.3364123814,17.3038732749,20.2414778529,20.0618345157,19.0926169796,15.66985503,14.1999376283,6.13975613095,5.56418857568,3.84317286087,4.02739074261,2.48228295587,-1.09918677846	norm	0.2	264000
305712	0,1,2,3,4,5,6,7,8,9,10,11,12,13,14,15,16,17,18,19	-7.43724171549,-7.97215295262,-11.530406611,-11.0554006312,-7.22278100337,-6.67999942152,-1.72568005187,1.74009561539,4.48491568502,10.9617239144,11.1023938755,10.6096774205,7.0475984868,1.83595637844,-2.29496086345,-2.70353379787,-8.9911868963,-9.40873238721,-7.34287268526,-7.4063888906	norm	0.2	264000
304440	0,1,2,3,4,5,6,7,8,9,10,11,12,13,14,15,16,17,18,19	-7.90428829321,-4.99220997661,-3.42068721539,-2.35141520074,-4.93900662419,0.564873395545,3.98775038237,8.19613492692,10.92512654,11.9172145698,12.936910581,12.1314437288,12.3045103145,5.35235164598,-0.0540962333978,-3.49659970918,-3.26561582584,-4.54022385086,-6.32672082152,-5.70755349818	norm	0.2	264000
304271	0,1,2,3,4,5,6,7,8,9,10,11,12,13,14,15,16,17,18,19	-13.4451838854,-10.6363628851,-11.7203592466,-9.49850312032,-7.95203828946,-6.68678444776,-3.84838978959,0.974221348111,1.21859241362,3.66489022863,7.68616554773,5.04293899923,3.85076003282,1.54445373948,-2.95477271527,-9.41031580815,-7.4970206661,-8.91315573089,-11.2052268578,-11.9328327957	norm	0.2	264000
306257	0,1,2,3,4,5,6,7,8,9,10,11,12,13,14,15,16,17,18,19	20.7769591304,22.0885476166,20.649615904,19.8184019473,24.3419511566,25.4407148014,25.8748233439,30.156902349,34.4603225779,39.9626488203,41.670421597,40.4294085458,33.8672707588,29.4103784677,26.0553746523,24.8945705361,24.3488383177,21.2674820406,18.0779819619,21.3812486936	norm	0.2	264000
305397	0,1,2,3,4,5,6,7,8,9,10,11,12,13,14,15,16,17,18,19	0.229138480281,4.15328702807,4.39041068379,4.74272742088,4.68736964696,6.58819055074,10.8569663008,14.878804426,19.5824242305,20.3596606004,21.4962837157,18.4376495771,20.2168061412,12.4972427508,9.30960080137,5.72704958883,4.70419310277,5.49571558954,3.99799344089,4.42178692447	norm	0.2	264000
306467	0,1,2,3,4,5,6,7,8,9,10,11,12,13,14,15,16,17,18,19	5.88093976396,5.98949891751,1.81966103824,3.21584660152,4.27756689199,8.01273013786,13.1112700893,17.8384596477,17.0621832125,21.0266290249,22.4046564427,24.2289914546,19.7355103255,13.959700249,13.9500190842,10.1708006676,6.89627902243,2.32278825622,2.53015911387,5.25254032763	norm	0.2	264000
304702	0,1,2,3,4,5,6,7,8,9,10,11,12,13,14,15,16,17,18,19	-19.8307446356,-17.6551109629,-19.8000890216,-17.1324037988,-16.1350157249,-12.8215559851,-8.65350092364,-5.3107859089,-2.73065536428,-1.1927050259,3.83367093117,-0.524765354677,-3.29541469731,-8.5134612904,-8.01222601115,-14.6404980874,-13.7587528972,-15.1801012359,-16.0060565931,-18.8108606594	norm	0.2	264000
307259	0,1,2,3,4,5,6,7,8,9,10,11,12,13,14,15,16,17,18,19	10.6997007997,6.98366939035,11.014612357,9.58022921703,12.9795565738,14.0427509303,19.5235660406,19.17455236,23.3010395965,27.9203780764,29.5488221056,26.9038151583,23.0954302149,21.8804742595,17.9851956121,16.228635136,13.351684754,8.02902031447,8.72721392056,9.74795257188	norm	0.2	264000
304063	0,1,2,3,4,5,6,7,8,9,10,11,12,13,14,15,16,17,18,19	15.3511879682,19.4298694855,17.4082940069,18.5864005503,18.7307488243,22.8753761556,26.444041451,28.3631386084,34.1262184179,34.8873497925,37.0920851659,37.2220550341,32.727876428,30.6609041669,24.7172032863,23.2157781244,19.4099098737,16.542603313,17.2444407449,19.4720833759	norm	0.2	264000
306472	0,1,2,3,4,5,6,7,8,9,10,11,12,13,14,15,16,17,18,19	-2.43245993948,-5.06825601656,-1.46046043009,-3.31126021618,-2.43829989351,3.72159867199,4.28422143751,8.27621896666,13.8738583116,18.0117106462,18.4835101935,17.0722380684,13.040842311,6.50093169848,3.60144596195,2.02346929703,0.839623097982,-1.2050760571,-1.13247915711,-1.65695429928	norm	0.2	264000
306050	0,1,2,3,4,5,6,7,8,9,10,11,12,13,14,15,16,17,18,19	2.29304191463,3.01309156144,4.34319927363,6.13115841824,7.2708096637,6.06806185105,12.7687831414,13.256544756,18.6844349993,20.6323485319,22.8242963045,23.6184168765,18.4525921593,14.7849673443,9.0987205691,8.54723131296,4.06079672793,4.42554546146,1.0314738505,5.24190851217	norm	0.2	264000
304069	0,1,2,3,4,5,6,7,8,9,10,11,12,13,14,15,16,17,18,19	-14.8962180435,-13.1249244837,-16.3205265669,-14.3816721489,-12.1313915635,-8.88319565641,-7.77465575654,-3.28351590399,1.76265786812,4.26828426714,3.70803644742,5.32080553823,1.5489092726,-3.48233979208,-5.83933071085,-11.9895766329,-14.1007945534,-12.0611477756,-14.5078221904,-14.9438942237	norm	0.2	264000
304658	0,1,2,3,4,5,6,7,8,9,10,11,12,13,14,15,16,17,18,19	-14.1378272605,-16.2715981959,-14.9324968171,-11.4059069368,-12.4266787999,-10.5500156335,-4.25989237678,-2.21106483737,-1.13459849806,3.97644354821,6.6934565309,2.83878002472,2.84017148438,-1.80709678299,-7.33586611928,-8.74704165484,-9.8952320137,-13.6280761488,-16.6081022689,-13.8304487051	norm	0.2	264000
305955	0,1,2,3,4,5,6,7,8,9,10,11,12,13,14,15,16,17,18,19	-11.7907130677,-13.2174867116,-12.1824648215,-11.1700478851,-11.5521597382,-11.2794681418,-4.25504787938,-1.90360393116,3.51452604698,4.48988485105,5.92914407708,4.05040070271,0.557386507597,-3.76534104925,-8.15869331809,-6.9380000401,-11.8688482452,-14.4253269265,-14.8827178866,-13.1207235852	norm	0.2	264000
305516	0,1,2,3,4,5,6,7,8,9,10,11,12,13,14,15,16,17,18,19	3.25038416455,3.48018132411,4.92869450459,7.53384595259,8.46083477763,11.5647362623,11.8219571797,17.7422056188,19.7158158587,22.1976152348,22.9185176978,24.5398053552,19.2792761708,15.5285852725,13.4506448234,10.8007425692,6.74573701123,7.83639401623,3.02144031485,6.02067194689	norm	0.2	264000
304421	0,1,2,3,4,5,6,7,8,9,10,11,12,13,14,15,16,17,18,19	7.43581052718,2.91740430002,6.26254831471,8.65711907998,5.43569254558,8.07321513636,15.0565870806,14.9431206031,22.3637296908,25.7784713642,24.710484525,21.8346684148,19.4880570248,15.9098276154,14.7016797207,8.98914591315,8.66284610585,8.55351002624,7.51283662674,4.73758460539	norm	0.2	264000
304924	0,1,2,3,4,5,6,7,8,9,10,11,12,13,14,15,16,17,18,19	14.8059865719,17.7384402942,17.252184012,15.99397131,18.2082363497,23.4498050572,22.9708109371,29.837694422,30.6267007121,34.0835309997,38.4167300634,36.4032784015,35.36795642,30.20576272,27.5399459105,22.421183811,19.5350079452,17.6522864865,15.5907772083,18.8540618048	norm	0.2	264000
305358	0,1,2,3,4,5,6,7,8,9,10,11,12,13,14,15,16,17,18,19	11.6954452997,10.8606140885,12.3526335652,12.1208043462,12.3672992612,13.05333183,18.4460520479,21.112503164,26.6983240219,31.1876931631,30.3112707579,29.302820298,28.7292156747,21.2463727789,18.1482934143,15.2616563627,14.4358763257,10.9162682188,13.1161383023,8.47418398167	norm	0.2	264000
306197	0,1,2,3,4,5,6,7,8,9,10,11,12,13,14,15,16,17,18,19	-19.0196835754,-15.1390894885,-16.7040470814,-14.3608168672,-14.545301098,-12.4701288437,-10.5005156002,-2.75812736202,0.603878283354,3.8242113065,3.28867008775,2.2286537146,-1.90841010179,-5.60698029317,-9.27045724488,-11.0899130398,-12.8541408403,-17.6005673587,-15.7586420271,-14.928296742	norm	0.2	264000
305187	0,1,2,3,4,5,6,7,8,9,10,11,12,13,14,15,16,17,18,19	19.1539670172,14.8140919977,19.8685271081,18.1070834253,22.1950768303,22.498232991,27.4191648679,29.4410590423,32.1158342696,34.1160583159,38.3332802671,37.0545407051,32.1928818111,27.6976390379,23.665303634,20.9048240246,22.1964794169,20.0773532665,18.5422814549,16.6712153414	norm	0.2	264000
305107	0,1,2,3,4,5,6,7,8,9,10,11,12,13,14,15,16,17,18,19	-4.82421105477,-3.93547741375,-2.48523297559,-5.94483212406,-1.68119602797,1.75798101433,3.30486995508,6.512513934,10.1660386943,12.1344867715,12.8826830427,16.2447611606,10.1012594601,6.4367952216,1.88081424278,-1.5406089629,-3.62887429405,-2.90401533115,-2.51369201666,-4.3634875227	norm	0.2	264000
307392	0,1,2,3,4,5,6,7,8,9,10,11,12,13,14,15,16,17,18,19	-3.27718476823,-4.52421672365,-2.41595247291,-3.41053491649,0.88270126218,0.558398010998,4.3476861077,8.41338815561,14.5129956078,16.6825191999,18.5366859514,14.7515788188,13.8256071313,8.02091288899,3.63456409036,0.0151803413367,-2.44125378637,0.63124014669,-4.04488340001,-3.99160944388	norm	0.2	264000
306848	0,1,2,3,4,5,6,7,8,9,10,11,12,13,14,15,16,17,18,19	2.90960589673,1.94138986315,1.86744130572,4.6517636332,8.69114074116,6.37233501791,14.0777741415,18.4286649311,21.038368834,21.5699530677,21.4101168135,21.7364835605,18.6410093751,14.3088962683,11.2921826032,6.99669330039,8.70241099517,2.71268741493,1.93925294981,5.55488537917	norm	0.2	264000
306613	0,1,2,3,4,5,6,7,8,9,10,11,12,13,14,15,16,17,18,19	-8.29422357862,-9.84084099548,-10.04186252,-8.4411346828,-6.93816222107,-4.06952698201,-2.24030956659,4.2424525956,7.63933399497,11.2877529611,8.69242638945,11.3643473765,5.23877333514,1.89734171023,-2.78333312775,-2.51690839909,-5.51193242797,-9.36942723724,-8.48205817278,-8.40515171687	norm	0.2	264000
304310	0,1,2,3,4,5,6,7,8,9,10,11,12,13,14,15,16,17,18,19	-7.93409520672,-6.87555566721,-4.67442488183,-6.00201824221,-3.97787501831,-1.06185925017,4.46698898209,4.83235353302,11.4196193878,13.7651720306,16.1254771178,12.0460665012,8.83916447255,6.16301492231,2.83175736213,1.02126761372,-0.943066271957,-5.20543966976,-7.45594686515,-4.25145459169	norm	0.2	264000
306923	0,1,2,3,4,5,6,7,8,9,10,11,12,13,14,15,16,17,18,19	-5.52990986979,-3.7535643189,-4.74757595331,-6.25331063561,0.115372916406,1.90668625789,2.95119500528,9.33243465584,11.8632886714,14.1001292648,12.5078875497,11.6797561377,12.3510137394,5.5519266654,3.19730936379,1.6475175725,-1.4154877935,-3.7055191691,-6.25033471504,-4.02750616832	norm	0.2	264000
304650	0,1,2,3,4,5,6,7,8,9,10,11,12,13,14,15,16,17,18,19	5.28207998663,3.64214487675,7.83072124053,5.2613064557,6.96763580214,12.5773178062,13.5167594176,19.8171304465,19.4241888165,24.3174930571,23.446612353,24.0451714256,19.4129931158,18.3075581319,15.1261651263,9.42793935733,8.88705930744,9.20706690563,3.88589427928,3.57497899467	norm	0.2	264000
306846	0,1,2,3,4,5,6,7,8,9,10,11,12,13,14,15,16,17,18,19	1.3351923888,1.05493178455,4.66324062308,3.87142068283,3.95738876362,7.5807466613,9.23891725277,13.6835420668,17.9878877193,22.8866450903,23.8644161069,18.3860226543,16.7466794832,14.966072118,8.26982673307,8.17820914358,4.85055065131,4.02295432252,4.76311279874,3.74798432046	norm	0.2	264000
307146	0,1,2,3,4,5,6,7,8,9,10,11,12,13,14,15,16,17,18,19	8.04557991964,4.29935595831,6.45830434906,5.51171328476,9.91605967817,13.3691624773,11.8344072562,20.340767322,20.1111892564,25.5563965473,28.2270280275,26.5611842939,21.4254494806,16.0941881585,16.4351195832,11.6879623952,9.81115894955,8.0382468428,6.84708547018,6.35713956102	norm	0.2	264000
304734	0,1,2,3,4,5,6,7,8,9,10,11,12,13,14,15,16,17,18,19	3.13627171085,3.47408904126,1.60948639258,2.33778268447,6.42287484882,8.82113413268,10.3543619011,11.3673580245,15.5539268182,20.5059741219,21.4367287659,22.1819687713,16.2856365009,13.830316343,10.7734844693,6.30288954014,3.82030964258,3.30202425294,2.79056795778,1.42538381921	norm	0.2	264000
305033	0,1,2,3,4,5,6,7,8,9,10,11,12,13,14,15,16,17,18,19	-10.5951125205,-6.49533184746,-9.96594834781,-7.3737619282,-7.60631309426,-2.47970092245,-1.75856661622,3.98202213205,9.06649660232,8.2964161025,12.6189265907,11.6894665748,7.32445793234,3.19641601233,-1.94669121156,-3.23172853495,-6.58692787063,-6.30846164296,-5.67536933392,-6.78297067025	norm	0.2	264000
304105	0,1,2,3,4,5,6,7,8,9,10,11,12,13,14,15,16,17,18,19	-6.22944413274,-7.12266538343,-5.27882406562,-5.36321867064,-2.94122044261,-1.95419262247,1.19807293943,7.15964288832,9.51543483375,13.1761906081,13.6344960083,11.4683024657,9.93569158908,9.01307361346,4.82949598098,0.366888544371,-0.229728818218,-4.04975198585,-6.28489290729,-3.60609631496	norm	0.2	264000
305824	0,1,2,3,4,5,6,7,8,9,10,11,12,13,14,15,16,17,18,19	-19.203536226,-16.5901159747,-20.4095333954,-15.5399994879,-15.3248009783,-12.436121931,-12.2174696467,-6.09910853589,-2.24787029012,0.872698316011,-1.54729692164,1.01023619803,-0.784050619419,-6.91779883484,-12.9508434487,-13.1731162234,-16.883037093,-16.6344505962,-18.2692641679,-18.3597139073	norm	0.2	264000
307076	0,1,2,3,4,5,6,7,8,9,10,11,12,13,14,15,16,17,18,19	-7.92247580766,-4.52491284475,-4.74496077731,-3.52712135715,-1.61719075933,-2.03276204498,3.37695096766,7.564771841,9.42834748651,9.83156292727,14.4176271704,10.1315646831,7.71442140524,7.33970484547,0.427715758471,-1.37916616518,-4.49961867609,-6.18160777309,-5.24254188216,-6.5179659173	norm	0.2	264000
306534	0,1,2,3,4,5,6,7,8,9,10,11,12,13,14,15,16,17,18,19	-5.18069576237,-6.66423082815,-7.79554638392,-5.08903092002,-4.03808811322,-0.773651040252,2.9230048003,4.75936512311,9.95761257554,14.4462538516,11.5548030396,10.917193576,8.06803688911,3.50724861867,3.1706112754,-1.7163938485,-2.71163877872,-7.30289056304,-3.50763493716,-3.58774364311	norm	0.2	264000
307015	0,1,2,3,4,5,6,7,8,9,10,11,12,13,14,15,16,17,18,19	3.28294653793,6.58225619293,6.34526798432,5.78646901305,8.58357676157,8.4902589021,11.188263316,19.4056694229,19.9009912857,21.5234356729,23.0651048775,21.985572122,22.3943596981,15.7170383627,15.0860099585,10.8171220984,8.91229807603,7.53689490698,5.52893171878,3.21454071826	norm	0.2	264000
305044	0,1,2,3,4,5,6,7,8,9,10,11,12,13,14,15,16,17,18,19	-0.541126257483,0.353272381021,3.00272545873,0.860109676133,2.62224635323,7.7893946598,8.01976200203,15.0683563269,16.0368963409,22.0313410048,23.2102502978,19.7636198455,19.1569449874,13.5886753102,7.62733406733,5.09737425988,4.42644423002,0.999669707328,2.01482170402,1.61900898155	norm	0.2	264000
307457	0,1,2,3,4,5,6,7,8,9,10,11,12,13,14,15,16,17,18,19	-6.80617339279,-9.50897612361,-5.65175855819,-6.87445963042,-4.82257281267,-0.0542467099923,1.92585994189,7.2633119804,10.40855814,11.4680968053,14.802874713,10.0640250641,7.76981747702,3.88109292089,2.28926607963,0.146670848401,-2.71643756352,-7.85090798557,-7.84619732621,-8.10888074455	norm	0.2	264000
306177	0,1,2,3,4,5,6,7,8,9,10,11,12,13,14,15,16,17,18,19	5.9633701784,6.36235668943,4.21935088525,3.68968501247,7.12391555468,10.812270079,12.2234724374,17.7704063974,21.9018142787,25.0679993833,22.7049457068,22.9001255122,19.3418470277,18.4828635179,10.9898648276,11.1695667815,7.18033764151,6.66034852228,6.50175672997,2.69663422578	norm	0.2	264000
305170	0,1,2,3,4,5,6,7,8,9,10,11,12,13,14,15,16,17,18,19	0.520204538307,2.17889835075,3.72828387996,2.27227497839,3.9655205055,8.68484388304,9.99218812211,13.2710487915,18.3886411275,20.2164540896,21.7903072324,20.8421606758,15.0894625422,15.2121378473,7.39931702177,7.37469270218,5.14110542991,2.0875585572,4.21477684537,1.03675063714	norm	0.2	264000
304382	0,1,2,3,4,5,6,7,8,9,10,11,12,13,14,15,16,17,18,19	0.275704491472,-0.980107286199,0.0476256552464,3.19575506534,3.84730305975,4.30981527211,10.3547907032,14.5289977196,15.4094830677,20.8779269981,19.2601080937,20.2344090178,15.8773986496,11.4890488069,7.58675334124,7.60312602371,5.39964909427,0.566421584249,2.59104894179,0.144851099718	norm	0.2	264000
306384	0,1,2,3,4,5,6,7,8,9,10,11,12,13,14,15,16,17,18,19	8.39070708978,8.51837215725,9.21736395692,5.28916650333,6.89209763906,11.5993670517,16.8479441263,19.4662312894,19.8944581329,22.6391557049,25.0438848212,23.0592001301,23.3258748084,18.8382097908,12.7505217129,10.8074406798,9.37270407722,5.79505637226,5.47602080891,8.45020463577	norm	0.2	264000
305620	0,1,2,3,4,5,6,7,8,9,10,11,12,13,14,15,16,17,18,19	-9.46031090254,-12.1058720482,-10.5792334123,-8.0644017846,-7.83386472598,-5.88551319656,-4.19639652292,3.57191440955,5.72667108948,5.84802807277,7.7274723977,7.93932903582,4.98428507706,3.02053945135,-1.30931511305,-7.96370635221,-6.86669204437,-8.84092618342,-10.6458073323,-9.29118506429	norm	0.2	264000
306960	0,1,2,3,4,5,6,7,8,9,10,11,12,13,14,15,16,17,18,19	-6.21305020731,-7.32854427438,-5.41055075382,-6.67800222993,-2.96515884733,-3.35266406211,4.20704125621,3.67738060674,10.4399200368,13.933235842,13.8352080252,10.2306231954,7.80733351924,5.36001841623,2.07848089549,-2.86552960514,-6.10205526603,-6.97209194266,-7.06078111406,-4.49594423214	norm	0.2	264000
307549	0,1,2,3,4,5,6,7,8,9,10,11,12,13,14,15,16,17,18,19	11.0911547187,11.9162178614,14.3488384686,16.9537772024,13.9473683419,18.115572089,21.6389466108,24.4237958499,29.7371204623,32.0230937132,34.9987457682,34.8401081552,28.5385529592,25.3319571522,19.4024015711,18.0893407928,16.1314116208,13.5046969181,14.6675836422,15.7144328709	norm	0.2	264000
304748	0,1,2,3,4,5,6,7,8,9,10,11,12,13,14,15,16,17,18,19	11.995202854,13.3402379174,15.3482456073,15.4525854365,14.8861392951,17.8027779818,21.9836570694,24.7670857298,31.9569310043,34.7779072105,31.3911833256,34.4653987445,28.7847539427,27.1911591264,22.1307813509,21.1956012546,17.8751203818,17.7468944704,13.3988132521,15.3329728067	norm	0.2	264000
307508	0,1,2,3,4,5,6,7,8,9,10,11,12,13,14,15,16,17,18,19	-16.2230849748,-16.3106738466,-18.5192917855,-16.0172258321,-17.7492649921,-14.7643799679,-9.9723859497,-6.94014126273,-1.68675986452,-0.916237059347,0.378532620173,2.15493496535,-1.66614405527,-6.02123980437,-7.68506879864,-14.0173779916,-17.3367169286,-17.6973408633,-15.9333656589,-18.9635866295	norm	0.2	264000
304434	0,1,2,3,4,5,6,7,8,9,10,11,12,13,14,15,16,17,18,19	2.30175206527,1.53857609249,1.72209725707,2.83538174305,5.86858946829,7.37523201254,8.38515038824,13.4407887712,16.6032343398,18.1635882846,22.5870966155,19.7320480283,17.7728658047,12.4896666633,10.9777805819,8.06345857393,6.54752571241,1.01758973928,2.70497914539,1.73828523701	norm	0.2	264000
304931	0,1,2,3,4,5,6,7,8,9,10,11,12,13,14,15,16,17,18,19	-0.900744841015,3.11724869786,2.75633591989,2.08271754957,2.15117786603,7.00375825268,9.29850691149,11.417382396,19.6146487415,21.6083592535,20.8716985775,17.9019039768,16.2412862405,12.4439201494,9.66984002777,4.82453565362,6.08734671063,1.10863538607,1.53778395536,-0.419533342355	norm	0.2	264000
305627	0,1,2,3,4,5,6,7,8,9,10,11,12,13,14,15,16,17,18,19	-19.6776911614,-19.2967519098,-20.5692372273,-18.0012594703,-17.4497926483,-14.2044497433,-12.189051339,-9.00466717219,-5.37210573855,0.715094552971,-1.27011834052,-1.56392251963,-5.21479042659,-8.94410365241,-9.08806812078,-14.0182049271,-19.4374828636,-19.1300364369,-20.1271956053,-19.4057571957	norm	0.2	264000
307966	0,1,2,3,4,5,6,7,8,9,10,11,12,13,14,15,16,17,18,19	20.1242974907,19.2977343388,19.979960378,18.6168349988,18.1008012948,24.7850611677,23.6813563417,31.9114246137,33.2796495287,37.9855711259,38.0830558135,38.3382233299,34.1172159439,27.3457856816,27.6125729519,21.6761297769,19.9815598288,16.7575673575,19.1489493731,18.9537368651	norm	0.2	264000
306668	0,1,2,3,4,5,6,7,8,9,10,11,12,13,14,15,16,17,18,19	-1.31241679474,-4.12511874468,-3.93992857857,-4.3802972759,-1.66947832793,2.78318531416,5.92520072675,5.90603459197,9.59373565614,17.1472840026,13.5848689744,16.4226822849,13.1590477005,9.33061443712,5.82484639101,2.1858453571,-3.32442082984,-3.78454708272,-1.95950163025,-3.74944469196	norm	0.2	264000
306814	0,1,2,3,4,5,6,7,8,9,10,11,12,13,14,15,16,17,18,19	10.3592112344,6.9541980276,10.5812853694,11.3156520159,12.7513763319,12.8711175175,18.0065650957,18.2197032987,24.8815982445,25.8992234081,28.8537071935,25.9684206435,22.5325317989,18.4694623066,14.8753566415,12.9797960843,9.3367573847,6.77690784618,6.23474227675,9.6703683573	norm	0.2	264000
306884	0,1,2,3,4,5,6,7,8,9,10,11,12,13,14,15,16,17,18,19	14.7585737589,16.5536905995,15.0938980941,16.7416607609,17.5767323037,19.4610107081,20.6758770241,28.3096535702,28.0508262815,32.8939329664,33.4549556996,31.6387914303,30.5573644995,27.0770820392,21.5921837776,18.8752012473,14.6157055971,12.8392575935,12.2010016455,13.7762430218	norm	0.2	264000
305923	0,1,2,3,4,5,6,7,8,9,10,11,12,13,14,15,16,17,18,19	-20.481545795,-18.7944018392,-16.0587606325,-15.4893127303,-17.5578184107,-12.318479828,-10.8875430017,-6.63740831752,-3.67084905951,2.50688057897,1.46892178275,1.73901125297,-0.17550689197,-4.19031530462,-12.4642509786,-12.7585091908,-16.3930594165,-16.7368267623,-16.602409737,-16.3302927176	norm	0.2	264000
305763	0,1,2,3,4,5,6,7,8,9,10,11,12,13,14,15,16,17,18,19	-1.26689573089,-0.452624444194,-1.1868693424,-0.170927325476,2.70484139347,5.23899294272,9.29436039641,12.7525086914,18.7849269235,21.0848191284,19.7958294901,17.7604409457,15.0898391775,12.3915044029,6.6299502324,4.28717224363,2.38944593751,3.84397647665,-1.2703487038,-0.487942888668	norm	0.2	264000
307555	0,1,2,3,4,5,6,7,8,9,10,11,12,13,14,15,16,17,18,19	-13.9300360711,-13.6221647416,-11.7156587214,-15.3123698965,-11.5575486354,-7.84861560648,-7.85118238546,-2.13721053209,2.84228005753,3.02046286263,4.64968345518,2.82942687717,2.79156360679,-1.50761484961,-6.5986262251,-8.71379664642,-10.6663692602,-13.9338494999,-14.8167472752,-12.0145996347	norm	0.2	264000
306201	0,1,2,3,4,5,6,7,8,9,10,11,12,13,14,15,16,17,18,19	-17.0154979974,-15.3769040072,-16.6111610221,-18.092789855,-15.6540663059,-12.5073549613,-8.27413773658,-2.87488521005,-3.7810094642,3.74580333876,1.59063355618,3.18461231496,-3.21010170734,-6.80389494506,-8.44489511919,-11.0175806722,-12.9789623741,-16.0073641026,-18.5748491313,-18.4022501192	norm	0.2	264000
307510	0,1,2,3,4,5,6,7,8,9,10,11,12,13,14,15,16,17,18,19	-7.31955071224,-6.54082524339,-4.08191855656,-5.08073548115,-0.999637867877,1.16821214122,2.43808187521,9.2965468822,8.55975009403,11.4639392815,14.2579545772,15.3994958944,9.41414193354,8.78155434977,0.888588368461,-1.62678907835,-2.80416537934,-4.24235803168,-6.5994969593,-3.41733704939	norm	0.2	264000
304964	0,1,2,3,4,5,6,7,8,9,10,11,12,13,14,15,16,17,18,19	5.04561660992,3.85450381151,4.95622888921,7.11887850324,6.55968863039,7.12273093958,11.7851582006,17.1579810618,19.4785848913,25.1082033812,26.3889632982,23.957395275,17.6723543883,15.5427827691,14.1348058872,9.80531358115,7.41884956118,4.47130594612,4.15019670004,6.29440716073	norm	0.2	264000
307190	0,1,2,3,4,5,6,7,8,9,10,11,12,13,14,15,16,17,18,19	8.42646170887,6.92650745392,7.14583323354,9.27902138671,12.2173686108,13.5951046053,17.0047620625,22.1634362091,25.1699346514,29.1453541851,28.2789433977,25.8653028873,23.3499101788,20.1132420948,16.7739901029,11.1257999224,9.89527033072,9.80859776773,7.0799427477,8.11843729779	norm	0.2	264000
306815	0,1,2,3,4,5,6,7,8,9,10,11,12,13,14,15,16,17,18,19	0.82164217285,0.224985262426,4.13242970593,3.78105396548,6.48851248122,4.8770393449,10.3286086069,11.5535918685,20.2648259272,21.9978167888,21.308689827,20.5345285038,15.7595883294,11.3597415454,8.79233847687,5.76385304759,3.05703865914,4.04666840518,2.64109503013,1.82217302636	norm	0.2	264000
305698	0,1,2,3,4,5,6,7,8,9,10,11,12,13,14,15,16,17,18,19	11.1655996814,7.85023450944,8.65988441562,9.25666764529,9.92096941257,15.6297531958,16.732968012,22.1362056596,23.773659924,29.499053551,29.7011491608,25.7753024185,27.4330839264,23.7503847895,17.6767485505,11.8047642842,13.3040338148,12.6018854171,7.38396964943,11.1703838128	norm	0.2	264000
307810	0,1,2,3,4,5,6,7,8,9,10,11,12,13,14,15,16,17,18,19	-15.8330343383,-16.273151948,-13.7518135387,-14.4009138643,-10.1809354422,-8.07679897796,-4.19812328047,-0.857594477644,1.39536500964,3.29407254318,3.00497021325,5.44257649918,0.356812368327,-4.57323200789,-4.75525758285,-11.8801218414,-11.1371441651,-12.2316352275,-12.476149532,-17.0125701181	norm	0.2	264000
304014	0,1,2,3,4,5,6,7,8,9,10,11,12,13,14,15,16,17,18,19	1.9393657437,5.69451457043,5.3943389465,6.11275547546,5.78455373813,9.70215842905,13.2625581537,15.1496470045,17.7839944955,21.414089039,22.8715763205,20.3847400419,18.2125061762,16.6978924386,14.0943703423,10.3949958444,4.67664061957,5.27713062626,3.05086129656,1.44629337255	norm	0.2	264000
306225	0,1,2,3,4,5,6,7,8,9,10,11,12,13,14,15,16,17,18,19	15.2783768458,15.6546710861,16.6281462897,16.850010384,19.5306445017,23.1742561778,23.0363677873,30.8659204645,33.1405667695,36.9286729284,37.7967136187,36.7289458761,31.3826681577,28.171289316,26.1482102642,23.4271375079,17.2117437064,19.5068275961,14.7108865673,15.8804374379	norm	0.2	264000
305823	0,1,2,3,4,5,6,7,8,9,10,11,12,13,14,15,16,17,18,19	15.8702453241,17.5821034162,20.5016926092,19.9924313739,22.0695916191,22.7825758474,25.1203429434,28.7932867869,34.2924371455,36.4978939338,35.8227434698,34.4413017828,32.1212970737,30.8574493335,23.6730966043,23.5800090392,21.4576195717,19.4179511248,17.0453124403,16.6481564216	norm	0.2	264000
304638	0,1,2,3,4,5,6,7,8,9,10,11,12,13,14,15,16,17,18,19	-14.5397106302,-10.9922150173,-12.0381349826,-11.8577629089,-7.54337925393,-7.3887699172,-5.83524956141,0.859245834371,5.34935310235,5.77971249873,8.14576433336,8.35343125877,3.76641637525,-2.62786387623,-4.44645852411,-9.74838264375,-11.9967672689,-12.4265792513,-12.9629710224,-12.99928787	norm	0.2	264000
304969	0,1,2,3,4,5,6,7,8,9,10,11,12,13,14,15,16,17,18,19	-12.5229380947,-12.8357275812,-10.8143958004,-12.5026660277,-10.4804566572,-6.03520155002,-4.99122779992,-0.740417832719,2.71816104717,7.84308870137,5.86459475264,4.51638518856,2.25504563623,-2.66362162912,-5.76390516361,-8.8298724228,-10.341503987,-11.0918470618,-14.2437294638,-13.4284716124	norm	0.2	264000
305841	0,1,2,3,4,5,6,7,8,9,10,11,12,13,14,15,16,17,18,19	19.3658668357,17.6834605817,16.8523397481,16.2977249543,17.4314776652,22.0044038599,27.369980384,30.8336616131,34.9100900312,36.4757363663,36.8175641553,34.1413758651,33.6685878377,29.505982299,24.2401500784,23.8610045301,22.2003770899,19.47393168,17.9870746357,19.5064445746	norm	0.2	264000
306049	0,1,2,3,4,5,6,7,8,9,10,11,12,13,14,15,16,17,18,19	-3.48536579276,-3.06216590524,-7.25692709184,-5.86397438055,-0.696842844891,1.22709823509,3.33662123683,4.61432642885,9.27156225609,14.0354661923,12.510025495,11.577655376,9.9219735463,5.81804404138,3.47462766077,-2.07324744364,-0.39840804185,-2.14507264898,-3.26077213746,-3.91939365739	norm	0.2	264000
306030	0,1,2,3,4,5,6,7,8,9,10,11,12,13,14,15,16,17,18,19	-1.92079227499,0.0262023612135,-0.198823268752,-1.26300155693,1.47930591365,4.0202305377,6.21280794996,10.4907704234,14.0641508949,18.8326089513,19.6640205168,16.2808233521,16.1498430569,11.6101555761,4.04436849831,2.0537771961,1.41225298127,1.93591271857,-3.48821191722,-2.13964066364	norm	0.2	264000
304943	0,1,2,3,4,5,6,7,8,9,10,11,12,13,14,15,16,17,18,19	16.2641544603,18.4357348038,14.901819449,17.5893531058,18.1956337123,22.9188204457,26.0052100235,27.9300992546,31.862584596,36.4952483819,34.412793168,36.7862427725,32.0158413424,30.263109993,22.513198517,20.3079145495,16.7305852206,17.3008474199,18.7086051418,17.8030059503	norm	0.2	264000
304897	0,1,2,3,4,5,6,7,8,9,10,11,12,13,14,15,16,17,18,19	-2.42397173457,-3.19292236972,-6.37405876552,-4.59167810533,-3.90534375953,1.43648524964,3.52810724703,6.79598835588,11.6049062868,11.8612545998,17.2871441275,16.1274023026,13.7285538337,7.269948216,3.23698697265,2.2160565258,-4.33632695479,-5.15630216683,-3.06259259651,-6.37357897927	norm	0.2	264000
304068	0,1,2,3,4,5,6,7,8,9,10,11,12,13,14,15,16,17,18,19	-15.0391328573,-14.5817236183,-14.8839201868,-11.5587893979,-14.3859281211,-12.5564108587,-5.10403586385,-5.83386445398,0.607313597601,1.10517754374,2.54426908511,3.14411129681,1.15279420904,-0.864710042314,-7.25045426973,-9.04378948843,-12.2135303894,-12.8903591632,-13.5973296188,-15.4226143228	norm	0.2	264000
304263	0,1,2,3,4,5,6,7,8,9,10,11,12,13,14,15,16,17,18,19	3.62839942659,4.43624544779,1.41782912731,1.80530511551,2.97958760173,6.51010554823,11.3895092577,14.0836831893,17.3269494966,21.4582604779,20.969469404,22.9466078638,20.1249426162,12.6901619378,9.19097259862,8.70658432045,2.46495912777,3.98032265624,2.00337367623,0.763837404522	norm	0.2	264000
307026	0,1,2,3,4,5,6,7,8,9,10,11,12,13,14,15,16,17,18,19	-13.2168490613,-12.9338122156,-12.5494382524,-14.9258236717,-15.161360654,-11.5180244974,-6.09599133888,-1.0549489148,-1.04401900411,4.43116653432,6.85389325616,1.43754147907,-1.33823821945,-2.33127075211,-7.1619474585,-9.37764385039,-13.4518634534,-15.6631375382,-16.5119434062,-14.8373697216	norm	0.2	264000
305403	0,1,2,3,4,5,6,7,8,9,10,11,12,13,14,15,16,17,18,19	-6.79295755962,-5.20124159726,-5.38363926698,-1.44168017629,-0.814605275825,-1.55625254411,2.65034160929,5.39861716769,13.3931208957,13.8856556342,13.616153246,12.2907426066,13.1704218944,6.82087114912,2.4087627078,-0.838113679543,-0.843660827237,-0.808026483097,-2.70174569027,-3.0969532346	norm	0.2	264000
307945	0,1,2,3,4,5,6,7,8,9,10,11,12,13,14,15,16,17,18,19	7.89111378713,3.72652377002,6.32671798406,7.25453628286,6.779620642,8.83732550614,15.6657145299,19.1339738384,20.8618646194,23.8015883633,26.6588126964,26.2000186005,20.6940770605,18.5057221878,14.9469924754,8.91639790556,5.66760632302,6.09170756822,4.86810006259,4.18320096191	norm	0.2	264000
304387	0,1,2,3,4,5,6,7,8,9,10,11,12,13,14,15,16,17,18,19	-14.714207918,-15.8376785947,-12.9331738294,-15.7138648751,-11.662996858,-12.0315089872,-7.43003219555,-1.53116900472,-0.988540664142,2.6110428318,5.64889883688,2.84511191715,3.34390452244,-5.2648393866,-8.43911239305,-9.07734653152,-10.5383793639,-15.2021486084,-14.945158757,-13.7142074147	norm	0.2	264000
307033	0,1,2,3,4,5,6,7,8,9,10,11,12,13,14,15,16,17,18,19	-11.0133768565,-9.10365985798,-10.0174673185,-6.63797625668,-8.34023409678,-5.88053117609,-2.8398111146,0.814117389351,7.31797951039,9.27677891117,9.24821898565,11.9135593458,6.13448435612,1.46756570625,-1.76284994887,-5.61158817644,-6.13886652402,-7.67041043853,-8.51004539934,-6.51928597265	norm	0.2	264000
304002	0,1,2,3,4,5,6,7,8,9,10,11,12,13,14,15,16,17,18,19	2.24841250492,1.32023848161,3.04234959026,0.725986040005,2.38813021144,7.23818219495,8.23441220668,12.2551708347,15.9151053502,17.96465208,18.4950488506,19.6524774466,14.7500522289,12.2739174283,7.52731148885,3.65761850233,1.16341933963,3.89292026266,3.01489471834,-1.38950719806	norm	0.2	264000
307598	0,1,2,3,4,5,6,7,8,9,10,11,12,13,14,15,16,17,18,19	-18.4753122798,-20.3853864082,-17.2569353481,-15.3808148533,-15.3380695038,-13.1490341701,-10.6500630052,-6.96311328743,-1.24805301796,-0.615346602046,2.8529430251,-0.644228007472,-2.82948338843,-8.47580181183,-11.0137862078,-14.4756289636,-13.6723312639,-18.2332525319,-15.9656797766,-19.6218659072	norm	0.2	264000
307123	0,1,2,3,4,5,6,7,8,9,10,11,12,13,14,15,16,17,18,19	8.94615127337,8.6288357337,6.13016745142,9.59934796652,11.9369943403,13.264876448,13.1369318611,20.4369730291,22.4515551214,25.0893025594,27.4891973253,25.7534004464,22.6193088337,16.6720445421,13.4262410724,13.366214556,10.9430792181,10.8134842298,7.1510618788,5.23240258337	norm	0.2	264000
306339	0,1,2,3,4,5,6,7,8,9,10,11,12,13,14,15,16,17,18,19	-6.56290148571,-10.9926778076,-10.4267703789,-5.14668970164,-5.6735936747,-1.5507893146,-0.0734538801705,3.35792760265,7.27522377637,8.85449250205,11.2771252515,9.93664088909,7.57631003187,5.10020409903,1.12121073946,-4.56527069898,-6.87180171767,-9.45298801228,-6.48220223958,-10.2224182158	norm	0.2	264000
304763	0,1,2,3,4,5,6,7,8,9,10,11,12,13,14,15,16,17,18,19	0.250848812837,1.17891376765,2.71101036913,2.91303414149,4.92919849888,7.08629908811,6.89712058065,11.6195215427,17.4213324635,20.7147690917,21.8954875967,18.1153771454,17.1210799519,11.1169563315,7.11346742713,6.91997978561,1.85559603826,0.668355979927,-1.49928035043,-2.16587019191	norm	0.2	264000
306241	0,1,2,3,4,5,6,7,8,9,10,11,12,13,14,15,16,17,18,19	19.0438173418,15.6157811162,18.1248719528,21.1534834204,21.0494092113,23.0607290302,23.9942272977,29.483461121,32.1818890679,34.6948573671,35.3974678518,38.9652115216,33.6693109368,30.30755389,27.7834438236,20.2488199489,20.6911737845,19.679780263,16.3100719854,19.8846271107	norm	0.2	264000
307573	0,1,2,3,4,5,6,7,8,9,10,11,12,13,14,15,16,17,18,19	16.4031589898,15.7240017964,15.8961465445,13.8103826531,19.2229404857,19.6416516967,23.0983199881,26.4816789758,31.7271890126,34.622698933,36.2565085592,32.8202487159,29.2097003865,27.661520655,21.7291713089,17.8157014203,18.9378691447,14.3336954119,16.8158533747,15.9900556895	norm	0.2	264000
306333	0,1,2,3,4,5,6,7,8,9,10,11,12,13,14,15,16,17,18,19	-18.887584585,-17.9981283492,-16.4839424029,-19.4844696501,-18.1187562984,-11.8580014267,-12.5038128601,-7.04366099933,-1.29168109282,-0.357558032959,0.275178416298,1.41288238853,-5.037267458,-6.44301499249,-10.7730721139,-11.9379885552,-15.5717593976,-14.8059856999,-19.1325393392,-16.4709903424	norm	0.2	264000
307201	0,1,2,3,4,5,6,7,8,9,10,11,12,13,14,15,16,17,18,19	12.0696859165,14.5971594134,15.5661131711,12.7209242798,18.6805643012,16.4292440346,22.4326185592,26.4620119449,29.7993242585,33.6701274838,31.3260530229,30.4892985904,29.178337783,24.8135439094,23.5132278496,18.2314138514,18.2765237977,13.8554041134,16.6462980687,14.5580748216	norm	0.2	264000
305319	0,1,2,3,4,5,6,7,8,9,10,11,12,13,14,15,16,17,18,19	0.200467327322,1.02205740986,4.55003487315,4.92807275196,7.00156096748,7.56819285945,8.32498714997,12.2117886174,18.5044398342,21.325853646,20.4958430744,19.5613975456,16.3492085403,16.8003079006,12.2454257456,6.70670233846,5.57134981072,6.20926492118,1.07275245287,1.362509511	norm	0.2	264000
304687	0,1,2,3,4,5,6,7,8,9,10,11,12,13,14,15,16,17,18,19	-17.6649159871,-18.9722305663,-16.9896054716,-18.0658137857,-16.9857377696,-12.9902380475,-10.9497807524,-5.60506177642,-1.32671608519,-0.564818054972,-0.0199589231972,0.653941354329,-5.29712356964,-7.69854522915,-9.80349764445,-13.4695906905,-18.8953216371,-19.0096705761,-19.3741913739,-16.9684428513	norm	0.2	264000
307424	0,1,2,3,4,5,6,7,8,9,10,11,12,13,14,15,16,17,18,19	6.41859804807,6.247654613,6.42965195572,6.10856718164,10.267562446,10.8702714578,17.4478287351,19.1845164296,21.0161568396,23.5160409858,27.33926248,26.516444611,23.8109163794,20.5339476603,15.1309863946,14.278852867,12.0868712198,8.98278809714,5.20969325791,6.01150784807	norm	0.2	264000
304514	0,1,2,3,4,5,6,7,8,9,10,11,12,13,14,15,16,17,18,19	-6.90171259414,-6.86154623248,-6.42218241942,-7.72267602014,-4.22827557049,-0.187207026099,-0.153786165574,6.04778469666,9.92570826289,12.1520629848,11.2766773879,10.0676828728,9.78186847324,4.20766555092,1.86258343852,-0.609972287179,-3.64329111115,-4.60319110964,-4.50000529464,-7.84224363863	norm	0.2	264000
307888	0,1,2,3,4,5,6,7,8,9,10,11,12,13,14,15,16,17,18,19	-2.437310636,-1.57699581523,1.69482401889,1.43700218878,0.68384724,5.07281376713,7.35065351777,10.9184805865,13.4716709596,16.9557530851,16.8475086957,17.0519421105,15.9049344317,11.752809653,5.12869611461,6.09217251631,0.985884231788,-1.39668181413,0.307172297466,-2.45171848714	norm	0.2	264000
304160	0,1,2,3,4,5,6,7,8,9,10,11,12,13,14,15,16,17,18,19	-2.18850871798,-3.9304420348,-3.99402034111,0.620588863329,2.04998699666,2.74087793724,3.17332088744,10.3816751434,10.7778537805,16.5193295884,17.2418678744,17.8911300773,11.0503751042,7.10255834339,4.37155470948,1.969317944,-1.56228665304,-2.79709070832,-1.9571466664,-3.15093043484	norm	0.2	264000
307697	0,1,2,3,4,5,6,7,8,9,10,11,12,13,14,15,16,17,18,19	15.7413441456,19.021048298,15.6879842872,19.6639009158,18.0620788334,20.592259799,23.1397855326,28.9935707055,32.6618122621,35.486192241,35.1913214076,36.8621910597,32.6077080899,30.0053342658,26.4665169351,22.4118281419,17.2388977312,15.4785950095,14.9626316692,15.6190286743	norm	0.2	264000
304379	0,1,2,3,4,5,6,7,8,9,10,11,12,13,14,15,16,17,18,19	-2.93251158826,-4.43833928333,-6.83497598139,-3.32459308613,-4.39089603383,-0.977271039044,5.21861767802,7.70612741143,8.24862974518,11.7797802538,16.0868552827,14.6946403823,12.4211458884,7.25666680254,4.93865683015,1.8191886542,-0.542003642017,-4.31974324724,-7.04503792386,-6.05899388897	norm	0.2	264000
306728	0,1,2,3,4,5,6,7,8,9,10,11,12,13,14,15,16,17,18,19	-11.5466034533,-12.4161950113,-12.8429979977,-14.0430497566,-9.60828131872,-7.52808900924,-2.84938990304,-0.502443877789,1.06477007762,6.09287165255,4.52467244452,6.83164590228,3.50517650495,0.699107400515,-6.32214767297,-6.48485019598,-11.1786990953,-9.41752046162,-13.8126204046,-14.0794724841	norm	0.2	264000
307857	0,1,2,3,4,5,6,7,8,9,10,11,12,13,14,15,16,17,18,19	-4.90072533034,-1.80423696017,-4.54823289158,-3.62579573035,-0.480045038895,0.326114121896,4.16120171131,7.66934336654,13.1193076398,14.4164572968,17.6448584366,16.3093714974,11.2434308282,10.6717788353,4.84685108559,-0.147430698098,0.218926617641,-2.46245019077,-2.2398180388,-2.63498455728	norm	0.2	264000
306051	0,1,2,3,4,5,6,7,8,9,10,11,12,13,14,15,16,17,18,19	6.58812113912,4.74254434296,5.13721183033,7.56568600932,4.78455935028,11.6489168651,13.4390920566,16.9191685911,21.8623517473,22.5552715738,23.2919233808,21.8324038944,20.9848698972,15.9824120291,12.7401206668,10.0980105056,9.01205801473,6.80995353442,3.562168514,6.5101439034	norm	0.2	264000
305326	0,1,2,3,4,5,6,7,8,9,10,11,12,13,14,15,16,17,18,19	4.10206643505,5.68142454871,4.91760679443,3.24124623579,5.76525166551,6.67284462342,12.4917304824,13.9018413872,18.7307641291,21.3019378875,25.8675626456,24.1188530817,22.3101069461,13.8049839104,13.3232250074,7.44626546668,4.48743591075,4.64050482505,3.73948223253,4.64648857471	norm	0.2	264000
