ID	X	Y	cluster	func	noise	original_trajectory,,
104885	0.0,1.0,2.0,3.0,4.0,5.0,6.0,7.0,8.0,9.0,10.0,11.0,12.0,13.0,14.0,15.0,16.0,17.0,18.0,19.0	152.607134651,126.336640569,104.472093871,82.7515408963,68.0449038531,56.2873988774,52.851261412,37.9869758504,29.3521214173,30.7287014195,26.1829657709,19.4602096121,12.9644746268,15.3319556801,8.73666458277,5.51406461771,10.3301794776,1.68728218963,4.00584295086,7.63428767829	5	exponential	0.08	88000,,
107124	0.0,1.0,2.0,3.0,4.0,5.0,6.0,7.0,8.0,9.0,10.0,11.0,12.0,13.0,14.0,15.0,16.0,17.0,18.0,19.0	264.298852171,239.97239653,216.608307987,202.43566235,181.299678488,172.399537562,166.841318185,153.954914481,143.493304396,145.528424174,140.115582446,136.496789435,132.768381209,127.671857043,126.364493406,118.109849943,119.65222239,117.552809212,116.083387056,117.288995486	5	exponential	0.08	88000,,
106900	0.0,1.0,2.0,3.0,4.0,5.0,6.0,7.0,8.0,9.0,10.0,11.0,12.0,13.0,14.0,15.0,16.0,17.0,18.0,19.0	225.999985462,198.32018354,176.180627149,163.541836136,149.782542942,133.00611253,128.736282715,119.584046779,105.868823087,105.266108325,99.2389129699,97.2763561562,91.5514921149,88.9966012149,82.4150550849,80.8901242403,78.3679092967,76.9921366345,77.2481881464,80.0145620574	5	exponential	0.08	88000,,
104068	0.0,1.0,2.0,3.0,4.0,5.0,6.0,7.0,8.0,9.0,10.0,11.0,12.0,13.0,14.0,15.0,16.0,17.0,18.0,19.0	71.0454704845,47.8810493168,27.5493652959,5.43374166097,-7.69140619302,-20.6725196998,-27.6406706132,-40.982555416,-47.7113873757,-46.7608889842,-53.8931078133,-61.6636085851,-62.2081629443,-62.5571079949,-65.0724466121,-72.3006706674,-69.6187861338,-72.4965759733,-77.4803336984,-71.9267368588	5	exponential	0.08	88000,,
105345	0.0,1.0,2.0,3.0,4.0,5.0,6.0,7.0,8.0,9.0,10.0,11.0,12.0,13.0,14.0,15.0,16.0,17.0,18.0,19.0	195.543660342,173.510679031,152.989894615,137.556042972,120.617106379,109.328539185,103.825055082,91.694848759,87.8090743475,79.9158136278,74.3683260895,73.1601006644,62.1156510137,65.441063576,58.1525129558,56.5236773542,59.5975171676,57.0484448069,55.7465073682,58.3646033772	5	exponential	0.08	88000,,
107961	0.0,1.0,2.0,3.0,4.0,5.0,6.0,7.0,8.0,9.0,10.0,11.0,12.0,13.0,14.0,15.0,16.0,17.0,18.0,19.0	278.635939739,248.296311149,230.78310243,216.054973962,196.924385575,187.955195313,173.435413027,166.552356576,163.004502201,158.815804578,152.608906589,147.503030918,141.372172662,144.888009736,135.825358086,135.453381016,135.988024075,137.704560725,132.327136306,135.048304879	5	exponential	0.08	88000,,
107734	0.0,1.0,2.0,3.0,4.0,5.0,6.0,7.0,8.0,9.0,10.0,11.0,12.0,13.0,14.0,15.0,16.0,17.0,18.0,19.0	149.128090069,121.732380243,101.502155203,86.6358098748,70.9721035917,61.3840917437,47.7237568151,42.449678192,34.6842865743,25.9516562851,21.6034154734,19.8066978059,16.3203296698,12.8018867865,8.28011448444,11.289418374,8.21301174629,5.61828410454,2.4809928802,3.13326374336	5	exponential	0.08	88000,,
107154	0.0,1.0,2.0,3.0,4.0,5.0,6.0,7.0,8.0,9.0,10.0,11.0,12.0,13.0,14.0,15.0,16.0,17.0,18.0,19.0	53.8034922031,24.8534646731,8.23764387493,-6.96363699822,-22.2140199617,-38.3741526392,-49.1857150805,-55.1797834386,-62.3914943504,-66.2335166095,-71.8118834639,-76.1319168375,-76.413918227,-81.6024528496,-81.8086465196,-88.2501786534,-87.8088206573,-93.0409811432,-89.232361928,-94.3605044744	5	exponential	0.08	88000,,
105727	0.0,1.0,2.0,3.0,4.0,5.0,6.0,7.0,8.0,9.0,10.0,11.0,12.0,13.0,14.0,15.0,16.0,17.0,18.0,19.0	156.915763942,134.750793856,114.595291779,96.3686687748,76.6230537861,63.814266442,56.1545422375,49.2898738575,44.8735653887,35.9128788176,31.9630172451,25.718222029,26.2881289699,23.5672437621,19.5040355227,18.097290395,17.7921384271,14.8779500217,17.0303419139,15.3583848757	5	exponential	0.08	88000,,
105714	0.0,1.0,2.0,3.0,4.0,5.0,6.0,7.0,8.0,9.0,10.0,11.0,12.0,13.0,14.0,15.0,16.0,17.0,18.0,19.0	29.250146008,3.57786209495,-13.4345395508,-38.3890747194,-48.0421354307,-64.9425208985,-74.4078425331,-77.1712634993,-89.0921498664,-95.7620327621,-98.2122380241,-103.548929592,-107.847384171,-105.425090257,-110.320911666,-109.065297403,-116.122522568,-114.04392026,-113.012847371,-113.90846721	5	exponential	0.08	88000,,
105205	0.0,1.0,2.0,3.0,4.0,5.0,6.0,7.0,8.0,9.0,10.0,11.0,12.0,13.0,14.0,15.0,16.0,17.0,18.0,19.0	207.851700267,183.340511453,162.189929451,146.002178499,130.758351892,116.976475114,111.91519357,96.6576898579,93.7224966123,86.3759237655,82.6678531988,77.1250305154,73.4314736267,69.7697244617,67.6147380922,71.2399984917,62.8456307493,64.8655020568,62.7974086021,58.4596858783	5	exponential	0.08	88000,,
105819	0.0,1.0,2.0,3.0,4.0,5.0,6.0,7.0,8.0,9.0,10.0,11.0,12.0,13.0,14.0,15.0,16.0,17.0,18.0,19.0	61.0268692444,29.2043469298,9.79781580323,-8.80647839534,-17.8840612537,-34.3716660352,-43.4254089308,-48.9888787112,-53.4331620229,-66.0978422206,-64.2991502295,-71.1799616546,-79.1577797447,-75.2496509884,-76.5856990116,-78.5402207817,-79.3758330412,-85.108959522,-86.7091156212,-85.7274083019	5	exponential	0.08	88000,,
107972	0.0,1.0,2.0,3.0,4.0,5.0,6.0,7.0,8.0,9.0,10.0,11.0,12.0,13.0,14.0,15.0,16.0,17.0,18.0,19.0	238.451730029,221.339451669,195.674815822,179.691813967,163.342223918,151.671218248,140.492731289,132.107073816,128.671483917,122.459453806,116.761880966,115.144934691,111.655460328,103.53422137,108.292018114,100.912280967,96.237350285,95.5789932314,94.0163087102,100.949757067	5	exponential	0.08	88000,,
104254	0.0,1.0,2.0,3.0,4.0,5.0,6.0,7.0,8.0,9.0,10.0,11.0,12.0,13.0,14.0,15.0,16.0,17.0,18.0,19.0	163.705138035,131.225453995,117.275982099,98.0662200643,79.0573251903,69.8757089906,57.1672925418,49.4293562551,43.3334416316,35.8820845945,34.0734232281,32.6214590884,22.2639357183,21.9947063583,22.3284879896,16.0639908219,18.5396774037,19.5510941359,12.4526792957,12.3552831104	5	exponential	0.08	88000,,
104889	0.0,1.0,2.0,3.0,4.0,5.0,6.0,7.0,8.0,9.0,10.0,11.0,12.0,13.0,14.0,15.0,16.0,17.0,18.0,19.0	184.456357554,166.391269353,143.217969976,124.576493412,110.648641608,96.975442852,86.1965597459,80.8838240804,70.6556778875,65.4971889605,59.2295588925,61.4115455204,53.0770496189,55.1878655314,53.4468299666,50.7934937483,47.5203891306,44.8985617394,46.8049604255,44.0456672607	5	exponential	0.08	88000,,
105693	0.0,1.0,2.0,3.0,4.0,5.0,6.0,7.0,8.0,9.0,10.0,11.0,12.0,13.0,14.0,15.0,16.0,17.0,18.0,19.0	134.82217917,109.323091948,92.0384339128,73.2986774709,62.1492702321,46.587654156,33.2853733671,29.2947232744,21.3757215559,15.0868731044,7.62897634978,2.99873093977,3.7216154952,-2.33562429278,1.36953122565,-7.3620005298,-4.67447950337,-7.34404532519,-9.06149038075,-12.896845256	5	exponential	0.08	88000,,
106270	0.0,1.0,2.0,3.0,4.0,5.0,6.0,7.0,8.0,9.0,10.0,11.0,12.0,13.0,14.0,15.0,16.0,17.0,18.0,19.0	168.558675746,148.875245949,122.862759709,109.815882613,93.7218694859,86.6483668068,73.78286364,62.1277378607,53.6438102219,53.3960368893,42.4116438435,38.2145426723,39.9318752215,36.9528273767,31.8145826878,31.4374932188,32.7304881684,31.8049626267,31.8319105148,22.6707883411	5	exponential	0.08	88000,,
104310	0.0,1.0,2.0,3.0,4.0,5.0,6.0,7.0,8.0,9.0,10.0,11.0,12.0,13.0,14.0,15.0,16.0,17.0,18.0,19.0	274.998217814,250.161511057,221.874684326,212.252908532,192.875871257,181.643779235,172.391926005,160.796272311,157.769727016,147.576318108,144.721105664,141.135572407,134.213577092,135.474385098,132.328790066,130.41575783,127.464788563,127.564617553,123.898509771,125.423890429	5	exponential	0.08	88000,,
106247	0.0,1.0,2.0,3.0,4.0,5.0,6.0,7.0,8.0,9.0,10.0,11.0,12.0,13.0,14.0,15.0,16.0,17.0,18.0,19.0	139.194453632,115.085380419,91.9332337499,74.2265438016,61.5704797251,53.5773693579,39.6299213103,28.9751024959,26.4814642145,15.7354010324,15.9805264655,12.6836891431,3.83707953543,3.65518594258,1.35054457575,-1.6396370544,-0.427996815229,-2.70883724925,-3.97877594069,-3.83863673274	5	exponential	0.08	88000,,
105562	0.0,1.0,2.0,3.0,4.0,5.0,6.0,7.0,8.0,9.0,10.0,11.0,12.0,13.0,14.0,15.0,16.0,17.0,18.0,19.0	256.266711175,236.953108347,214.979658863,190.970277266,182.952296865,168.59649959,161.349761209,151.352055087,139.719054702,140.67198105,130.012423488,126.150565629,127.050746408,120.378040515,116.894748355,120.224116506,115.013260934,114.431281652,114.564807673,114.397451005	5	exponential	0.08	88000,,
106159	0.0,1.0,2.0,3.0,4.0,5.0,6.0,7.0,8.0,9.0,10.0,11.0,12.0,13.0,14.0,15.0,16.0,17.0,18.0,19.0	137.783646705,110.187232671,92.3548176503,73.9868739034,60.70993568,47.0172999572,34.5470073553,25.9139711649,17.2629068054,16.4491151222,11.2094949734,6.39141069843,5.71317744612,-4.49077700942,-0.396293299472,-6.34558069557,-10.7516205607,-6.28812267875,-10.7318980042,-12.1921645288	5	exponential	0.08	88000,,
105897	0.0,1.0,2.0,3.0,4.0,5.0,6.0,7.0,8.0,9.0,10.0,11.0,12.0,13.0,14.0,15.0,16.0,17.0,18.0,19.0	111.145168117,87.2722043186,63.5973272392,41.9912489798,27.6395761018,16.9156790961,8.89296748223,-3.06848433695,-6.61275952227,-8.88858537813,-14.5501032249,-19.2986740071,-26.274500133,-28.9876543923,-30.331172188,-28.2774100574,-30.6365368878,-37.7088326871,-34.1197177176,-34.3452436728	5	exponential	0.08	88000,,
107421	0.0,1.0,2.0,3.0,4.0,5.0,6.0,7.0,8.0,9.0,10.0,11.0,12.0,13.0,14.0,15.0,16.0,17.0,18.0,19.0	16.7339482432,-10.8463062921,-29.9240368933,-51.3171986073,-65.388584459,-78.5792074064,-88.9998993871,-92.7150505357,-97.6064137158,-106.96210611,-106.661125096,-115.357548701,-116.190435791,-116.995865204,-120.893162853,-123.116677076,-131.002376316,-130.485078875,-126.721573118,-128.689680048	5	exponential	0.08	88000,,
105352	0.0,1.0,2.0,3.0,4.0,5.0,6.0,7.0,8.0,9.0,10.0,11.0,12.0,13.0,14.0,15.0,16.0,17.0,18.0,19.0	270.840230538,248.377666838,222.043772951,207.890844469,192.011810759,185.638588642,175.822643886,165.414965916,158.126727567,148.567335102,149.325419475,144.035775668,139.650960002,132.126820195,133.463393064,133.033622742,127.733135727,126.593402306,130.132573937,129.358903987	5	exponential	0.08	88000,,
104702	0.0,1.0,2.0,3.0,4.0,5.0,6.0,7.0,8.0,9.0,10.0,11.0,12.0,13.0,14.0,15.0,16.0,17.0,18.0,19.0	35.9873776027,10.888447908,-5.16624582061,-24.9361111028,-40.1279834534,-48.6917523237,-59.3122540085,-72.1749570444,-77.9123636527,-86.182074084,-90.5406572921,-92.997986952,-96.5015809377,-97.3547757275,-97.266956168,-102.283700271,-104.166344288,-106.336168651,-102.689440325,-107.975783076	5	exponential	0.08	88000,,
106970	0.0,1.0,2.0,3.0,4.0,5.0,6.0,7.0,8.0,9.0,10.0,11.0,12.0,13.0,14.0,15.0,16.0,17.0,18.0,19.0	12.6192937958,-14.4584148781,-29.6938155679,-48.6988232012,-65.6596611109,-79.9786557642,-88.3814433105,-92.8547640158,-102.655009824,-108.677752257,-109.884801191,-118.365258855,-120.193559909,-127.067028897,-123.517853055,-124.816167434,-130.339301988,-133.812217704,-128.637355785,-131.909452486	5	exponential	0.08	88000,,
105225	0.0,1.0,2.0,3.0,4.0,5.0,6.0,7.0,8.0,9.0,10.0,11.0,12.0,13.0,14.0,15.0,16.0,17.0,18.0,19.0	116.449839295,90.9388378665,71.7685890423,53.3551218441,43.2368159954,22.8989235145,16.8089720222,6.39574663931,0.699790834277,-4.62300515822,-8.8182579288,-10.345455648,-19.8812336763,-22.4869523143,-25.6998912745,-19.762461829,-22.5318303873,-22.2517578682,-27.0908417095,-25.0357556852	5	exponential	0.08	88000,,
105970	0.0,1.0,2.0,3.0,4.0,5.0,6.0,7.0,8.0,9.0,10.0,11.0,12.0,13.0,14.0,15.0,16.0,17.0,18.0,19.0	135.773715438,109.295866665,89.7217179073,67.4818391953,53.3269620346,48.1461181168,33.2584412769,26.7999981451,23.4283779456,11.4855369151,10.3227525136,4.81089442274,-1.11964880545,-2.68478133274,-3.68744426103,-2.27812464903,-9.70141634977,-10.9633845314,-13.1241247647,-8.38295876014	5	exponential	0.08	88000,,
107087	0.0,1.0,2.0,3.0,4.0,5.0,6.0,7.0,8.0,9.0,10.0,11.0,12.0,13.0,14.0,15.0,16.0,17.0,18.0,19.0	30.654205798,12.8075582554,-16.0557103063,-25.3310301737,-42.3640463937,-52.5189207586,-62.0540151073,-76.0886536574,-78.8310061924,-86.9084448728,-91.8037737507,-97.6901751018,-98.5567652206,-105.269020565,-105.57389587,-104.229242632,-107.036561908,-108.164240367,-107.087318037,-113.694193041	5	exponential	0.08	88000,,
104729	0.0,1.0,2.0,3.0,4.0,5.0,6.0,7.0,8.0,9.0,10.0,11.0,12.0,13.0,14.0,15.0,16.0,17.0,18.0,19.0	223.722266402,206.364067503,182.017280453,167.278353444,149.740966008,134.251190325,126.082264769,119.387746653,115.745162714,101.901100883,99.6134523665,100.703242252,95.365052477,93.700672045,90.9419387101,86.4233132333,87.6098210609,82.0157746798,83.4400310405,83.262482722	5	exponential	0.08	88000,,
105431	0.0,1.0,2.0,3.0,4.0,5.0,6.0,7.0,8.0,9.0,10.0,11.0,12.0,13.0,14.0,15.0,16.0,17.0,18.0,19.0	204.633956718,175.62737757,160.36793466,136.766301919,122.554461409,109.421622892,106.716372307,96.5559097501,89.293197648,84.8505815578,79.027146889,77.2137496705,70.1023606355,66.183419624,68.6521558576,65.3392398204,64.6456489905,62.7686553342,56.8931335953,55.8138255421	5	exponential	0.08	88000,,
104489	0.0,1.0,2.0,3.0,4.0,5.0,6.0,7.0,8.0,9.0,10.0,11.0,12.0,13.0,14.0,15.0,16.0,17.0,18.0,19.0	155.901615295,124.755442456,110.048998847,88.4036875624,79.3659341808,61.7350781218,52.4479246728,48.4362810153,39.2197364495,35.1785072765,24.8018698891,24.5515546292,23.2624371035,14.5296394493,17.614739016,15.4780237051,12.9779507379,9.58830414737,8.76194079755,9.77252859139	5	exponential	0.08	88000,,
104607	0.0,1.0,2.0,3.0,4.0,5.0,6.0,7.0,8.0,9.0,10.0,11.0,12.0,13.0,14.0,15.0,16.0,17.0,18.0,19.0	106.360070142,83.7351247286,57.9547775545,44.3404271385,30.4439216019,19.7110982356,4.63959686186,4.23780615569,-10.2498569088,-11.1208698536,-13.5829003504,-21.488080027,-23.9608223356,-24.9769972813,-33.9311507249,-29.6897007987,-31.601908277,-35.1788097618,-37.322065451,-38.595177457	5	exponential	0.08	88000,,
106625	0.0,1.0,2.0,3.0,4.0,5.0,6.0,7.0,8.0,9.0,10.0,11.0,12.0,13.0,14.0,15.0,16.0,17.0,18.0,19.0	198.629395832,170.571844536,146.452102782,134.798616848,116.001438872,102.551528287,99.881810233,92.2310185393,80.4434349511,73.7329200849,74.8334677261,69.481614282,62.5397730449,57.2168912797,55.3981809734,52.2462412455,58.0615536715,50.514603247,50.5203844699,49.6453164158	5	exponential	0.08	88000,,
107968	0.0,1.0,2.0,3.0,4.0,5.0,6.0,7.0,8.0,9.0,10.0,11.0,12.0,13.0,14.0,15.0,16.0,17.0,18.0,19.0	268.76286271,242.058976318,218.96916613,202.158524638,186.750835542,179.041721691,169.979020884,158.704810483,151.236885101,145.000659411,140.055229804,138.123362862,135.486556066,131.626704609,129.393838511,128.40962018,127.782429108,124.904592548,124.609137284,119.260556627	5	exponential	0.08	88000,,
107434	0.0,1.0,2.0,3.0,4.0,5.0,6.0,7.0,8.0,9.0,10.0,11.0,12.0,13.0,14.0,15.0,16.0,17.0,18.0,19.0	162.463132914,137.161149596,114.336498896,95.4804600071,80.980044972,71.6708730613,65.1734770783,53.7753780736,45.3301888766,39.7204038112,33.2519082121,32.0723065394,31.181576619,29.5402735067,26.8997538962,22.1206205457,16.5032316473,21.700999887,20.9179624732,18.0925832634	5	exponential	0.08	88000,,
104136	0.0,1.0,2.0,3.0,4.0,5.0,6.0,7.0,8.0,9.0,10.0,11.0,12.0,13.0,14.0,15.0,16.0,17.0,18.0,19.0	34.5096835421,4.02801901679,-16.2116326556,-26.7992596743,-44.6065182338,-59.6224882923,-71.1744920844,-79.3301789212,-79.7511487524,-85.7269668387,-94.5675142152,-101.549480257,-103.199346884,-107.270914352,-104.607722167,-106.103587945,-106.888317423,-107.709864854,-114.969760345,-113.570920087	5	exponential	0.08	88000,,
105873	0.0,1.0,2.0,3.0,4.0,5.0,6.0,7.0,8.0,9.0,10.0,11.0,12.0,13.0,14.0,15.0,16.0,17.0,18.0,19.0	180.226727671,156.324018235,135.339746214,118.184157698,100.672092675,91.2295104987,76.9547235488,71.3686663079,67.5000999005,60.4157603426,53.7070547645,51.4065373149,47.1688854166,44.7292859439,37.4587097676,40.7456424656,40.59450198,37.680760502,35.9226970168,36.9115486795	5	exponential	0.08	88000,,
107468	0.0,1.0,2.0,3.0,4.0,5.0,6.0,7.0,8.0,9.0,10.0,11.0,12.0,13.0,14.0,15.0,16.0,17.0,18.0,19.0	66.184561845,38.3062370311,22.2258216159,4.0419982327,-16.3976793101,-25.7438205268,-32.1571375667,-41.0167059484,-47.8604681264,-55.7321818643,-57.6509557424,-66.5728937799,-71.209017302,-71.7509125725,-71.2805076378,-77.770558647,-79.424754543,-75.5415851889,-81.1540980723,-77.472844527	5	exponential	0.08	88000,,
105156	0.0,1.0,2.0,3.0,4.0,5.0,6.0,7.0,8.0,9.0,10.0,11.0,12.0,13.0,14.0,15.0,16.0,17.0,18.0,19.0	101.229078942,72.3362075653,53.2468322948,32.5112691778,23.4056863965,10.1968433246,-1.49510166383,-12.140964615,-20.729874471,-19.090287804,-24.8934075756,-34.8488339301,-38.8092958212,-40.6463764011,-37.4041469307,-37.6096902316,-46.7815799111,-41.8545880477,-49.2312771098,-43.5534277269	5	exponential	0.08	88000,,
104704	0.0,1.0,2.0,3.0,4.0,5.0,6.0,7.0,8.0,9.0,10.0,11.0,12.0,13.0,14.0,15.0,16.0,17.0,18.0,19.0	182.321401203,157.679559209,136.606750064,119.896023303,105.006081546,94.0866716318,84.4247398202,75.6086971451,71.4241536345,68.3962315724,60.7237864196,54.4341942791,56.5693321591,47.0854984189,51.7449404151,49.774794108,40.3809957242,38.9462270004,44.753774292,44.0332886102	5	exponential	0.08	88000,,
107480	0.0,1.0,2.0,3.0,4.0,5.0,6.0,7.0,8.0,9.0,10.0,11.0,12.0,13.0,14.0,15.0,16.0,17.0,18.0,19.0	55.0219106099,29.7155269453,3.92181926213,-11.6340942945,-27.9120932005,-40.0485654594,-44.0590891409,-58.6791255872,-63.09343655,-66.0474368572,-74.0204383275,-76.2091151261,-78.0295874533,-79.9492483358,-84.4075875362,-91.2183705855,-92.7828132268,-94.0101261268,-94.8532096053,-90.0449228539	5	exponential	0.08	88000,,
106509	0.0,1.0,2.0,3.0,4.0,5.0,6.0,7.0,8.0,9.0,10.0,11.0,12.0,13.0,14.0,15.0,16.0,17.0,18.0,19.0	260.960649873,235.407875141,221.385773248,203.767167758,184.863955637,178.404644972,162.733603002,156.260720475,152.092324011,145.735404684,137.283529296,135.829670881,129.396805481,125.853183915,128.113669224,123.948628464,119.24268558,118.555175712,118.941928165,121.623691228	5	exponential	0.08	88000,,
107289	0.0,1.0,2.0,3.0,4.0,5.0,6.0,7.0,8.0,9.0,10.0,11.0,12.0,13.0,14.0,15.0,16.0,17.0,18.0,19.0	271.989279914,249.690988189,228.131796952,210.584356191,193.157851623,189.377535422,177.537600057,162.811472918,161.076857335,153.930051587,152.748769447,148.328006415,138.479758862,143.315082174,133.827898659,134.076354691,129.905024361,132.701047409,130.119840903,130.417592355	5	exponential	0.08	88000,,
107890	0.0,1.0,2.0,3.0,4.0,5.0,6.0,7.0,8.0,9.0,10.0,11.0,12.0,13.0,14.0,15.0,16.0,17.0,18.0,19.0	230.634253789,206.56012035,184.662675624,163.576517796,154.798218705,139.518779326,131.00260143,118.000026111,115.318610718,107.294034117,100.199058822,103.613772916,98.9507886913,91.3598995035,92.9610716817,88.936357445,91.7971444781,83.6406667928,87.1983006662,82.0208661661	5	exponential	0.08	88000,,
105117	0.0,1.0,2.0,3.0,4.0,5.0,6.0,7.0,8.0,9.0,10.0,11.0,12.0,13.0,14.0,15.0,16.0,17.0,18.0,19.0	76.4891333899,51.4004565277,27.1035640705,8.72438251376,-5.76734861546,-12.1275259013,-27.6429498981,-32.230437441,-41.8741959203,-42.7363947897,-53.870130344,-52.327859932,-57.9976166108,-60.328236716,-66.2826057332,-68.0425591668,-67.6627125258,-63.3950678388,-67.8662112911,-71.5893784683	5	exponential	0.08	88000,,
107278	0.0,1.0,2.0,3.0,4.0,5.0,6.0,7.0,8.0,9.0,10.0,11.0,12.0,13.0,14.0,15.0,16.0,17.0,18.0,19.0	237.588969555,215.405576062,189.47084578,178.337136177,159.986412314,151.086542577,135.5166118,132.733665198,128.033620323,118.107239232,111.468238849,111.317526796,104.583065597,98.6661581267,103.804054544,100.35722929,93.4975916877,97.1829143285,98.266302446,92.9767851584	5	exponential	0.08	88000,,
105706	0.0,1.0,2.0,3.0,4.0,5.0,6.0,7.0,8.0,9.0,10.0,11.0,12.0,13.0,14.0,15.0,16.0,17.0,18.0,19.0	220.32559359,199.177962685,173.712394822,161.349960588,149.494598788,134.857518584,125.187133822,115.106889952,109.928566619,106.468411065,100.643937601,89.5846597945,89.6926340203,90.207130039,83.895969255,79.7562918009,77.7046893417,78.5798045024,79.291614941,73.9031795886	5	exponential	0.08	88000,,
105966	0.0,1.0,2.0,3.0,4.0,5.0,6.0,7.0,8.0,9.0,10.0,11.0,12.0,13.0,14.0,15.0,16.0,17.0,18.0,19.0	87.1470438141,65.0799345858,43.1570992781,20.5043007622,5.76251024429,1.45397139828,-11.3936447164,-17.6544676948,-26.1017733761,-37.7111979885,-36.9160551007,-43.8217701407,-49.7527958033,-46.447336641,-47.2508444363,-55.1669984123,-53.5369701179,-57.5902563799,-61.1833703044,-59.7109738583	5	exponential	0.08	88000,,
106878	0.0,1.0,2.0,3.0,4.0,5.0,6.0,7.0,8.0,9.0,10.0,11.0,12.0,13.0,14.0,15.0,16.0,17.0,18.0,19.0	115.201664277,88.5795400054,69.7965952121,48.6344914598,35.8103245809,21.7810585537,15.2724705503,6.69634340424,1.16534256691,-8.90681409348,-9.59183890681,-10.4685141062,-14.4138792391,-22.2915992388,-24.9518961388,-27.5768116138,-23.4431903019,-30.1048437846,-27.9843655218,-31.9759686362	5	exponential	0.08	88000,,
107103	0.0,1.0,2.0,3.0,4.0,5.0,6.0,7.0,8.0,9.0,10.0,11.0,12.0,13.0,14.0,15.0,16.0,17.0,18.0,19.0	94.0104496851,72.0569440417,48.4058059271,29.1197630961,20.493990483,2.10396418223,-9.51925671706,-13.3885422455,-25.492619574,-24.7991743549,-34.6833047835,-32.3556476254,-37.0434962637,-42.3789230658,-43.873550444,-44.1856150458,-47.4241151347,-47.2513111299,-54.4219413383,-54.952575166	5	exponential	0.08	88000,,
105696	0.0,1.0,2.0,3.0,4.0,5.0,6.0,7.0,8.0,9.0,10.0,11.0,12.0,13.0,14.0,15.0,16.0,17.0,18.0,19.0	61.4120996656,33.7902476623,12.476975441,-8.45065610912,-23.9048140436,-30.7657296162,-44.4892632643,-47.1067248136,-54.0405665996,-59.7534458126,-64.9177774953,-75.4395663878,-76.0821982059,-80.5479931484,-79.7973854829,-80.5679985519,-81.1142281691,-88.5312105894,-90.8244161949,-91.6489732856	5	exponential	0.08	88000,,
107524	0.0,1.0,2.0,3.0,4.0,5.0,6.0,7.0,8.0,9.0,10.0,11.0,12.0,13.0,14.0,15.0,16.0,17.0,18.0,19.0	290.278822202,265.785250046,238.769420208,223.81736782,206.811640121,199.030404065,184.619006524,182.665819727,174.058293595,165.281094964,161.649536911,155.357303323,149.392621869,148.887734959,147.989142886,150.165519744,140.44388461,139.579627936,141.090072203,144.573773699	5	exponential	0.08	88000,,
107612	0.0,1.0,2.0,3.0,4.0,5.0,6.0,7.0,8.0,9.0,10.0,11.0,12.0,13.0,14.0,15.0,16.0,17.0,18.0,19.0	30.9003368426,5.55005827448,-14.6238491877,-32.6939887406,-46.0881360292,-55.9251987683,-67.8864704084,-76.7489215744,-89.481224133,-91.8372582891,-97.5200075506,-102.111122554,-104.02333844,-105.403595895,-104.9975649,-108.035124075,-114.372253423,-109.982049647,-111.702205338,-118.928286562	5	exponential	0.08	88000,,
104610	0.0,1.0,2.0,3.0,4.0,5.0,6.0,7.0,8.0,9.0,10.0,11.0,12.0,13.0,14.0,15.0,16.0,17.0,18.0,19.0	196.436930916,174.834168015,154.438658877,135.650882516,123.400968223,113.273956147,99.7412148661,92.1997628554,86.6930744386,77.9332968812,75.3586175238,68.734384961,66.2912159691,64.9122671971,64.727117884,63.9124007364,60.1442421943,57.1265880034,53.477316148,58.6680480324	5	exponential	0.08	88000,,
107731	0.0,1.0,2.0,3.0,4.0,5.0,6.0,7.0,8.0,9.0,10.0,11.0,12.0,13.0,14.0,15.0,16.0,17.0,18.0,19.0	95.2422796737,74.6207350569,48.6205834691,31.390717811,14.9900999878,3.05640759447,-7.57092909071,-14.7949601191,-21.880120598,-28.0075768799,-33.1826889726,-33.7347448243,-35.0190329727,-36.5786763384,-44.4159810604,-40.050176722,-47.5900139385,-46.7723050378,-47.2867327748,-50.7979981098	5	exponential	0.08	88000,,
106116	0.0,1.0,2.0,3.0,4.0,5.0,6.0,7.0,8.0,9.0,10.0,11.0,12.0,13.0,14.0,15.0,16.0,17.0,18.0,19.0	43.1969337622,18.095919127,-4.06274774875,-20.8472620442,-32.6791264674,-46.3472207632,-59.616840801,-67.8616610342,-76.2125141283,-73.6786021335,-86.0650175664,-90.5131573284,-87.5160536643,-90.4899331253,-94.084736191,-93.8232492498,-94.6482394029,-100.234878571,-102.053195823,-100.107428091	5	exponential	0.08	88000,,
104364	0.0,1.0,2.0,3.0,4.0,5.0,6.0,7.0,8.0,9.0,10.0,11.0,12.0,13.0,14.0,15.0,16.0,17.0,18.0,19.0	116.431624124,91.9210725896,70.6665556878,50.724173823,40.4234131441,21.7894034566,14.6849479652,8.94886877862,-0.908818332174,-4.87958867449,-13.7242521961,-14.1347932124,-16.5758207037,-18.0580449134,-22.9958017099,-21.6364760439,-31.2017633738,-27.072946189,-27.7040951697,-26.0653279995	5	exponential	0.08	88000,,
104470	0.0,1.0,2.0,3.0,4.0,5.0,6.0,7.0,8.0,9.0,10.0,11.0,12.0,13.0,14.0,15.0,16.0,17.0,18.0,19.0	159.380431555,126.947397338,108.978136504,95.3835595444,78.0127194645,62.597781895,59.0876426135,44.4426423331,43.3853627281,32.0044724112,28.5123586691,22.1382463307,26.21267113,19.0218820828,17.9881008956,14.9350106533,14.468035276,11.4563342566,10.7819465588,11.3530195781	5	exponential	0.08	88000,,
105252	0.0,1.0,2.0,3.0,4.0,5.0,6.0,7.0,8.0,9.0,10.0,11.0,12.0,13.0,14.0,15.0,16.0,17.0,18.0,19.0	180.207690275,159.399130831,137.845736071,118.231121736,104.745269429,91.9937054948,78.0173878983,74.8344675066,65.0163029192,58.4214072974,55.6791653353,47.4718740833,44.610369996,45.5372127943,46.3101066347,41.3813348858,38.3237105241,39.2783870257,35.6550383111,35.8739907757	5	exponential	0.08	88000,,
104498	0.0,1.0,2.0,3.0,4.0,5.0,6.0,7.0,8.0,9.0,10.0,11.0,12.0,13.0,14.0,15.0,16.0,17.0,18.0,19.0	27.9976844809,6.419018432,-13.5788846646,-32.478311043,-45.3609539689,-61.6320756124,-73.5881191988,-75.2110659075,-88.9839930633,-94.2084192922,-93.2404364709,-98.5120020947,-102.622706613,-104.056897122,-105.004819821,-114.760793048,-112.276521065,-112.249559775,-111.66823478,-114.340710511	5	exponential	0.08	88000,,
105200	0.0,1.0,2.0,3.0,4.0,5.0,6.0,7.0,8.0,9.0,10.0,11.0,12.0,13.0,14.0,15.0,16.0,17.0,18.0,19.0	251.724305884,222.069792568,207.496088259,185.521352526,168.014029611,155.469810631,152.365738159,141.551520429,135.32719699,125.40207248,119.233388837,115.820326879,112.100098367,112.911289951,107.677607217,106.201564008,104.592091893,106.861791353,100.714871198,105.645774285	5	exponential	0.08	88000,,
104251	0.0,1.0,2.0,3.0,4.0,5.0,6.0,7.0,8.0,9.0,10.0,11.0,12.0,13.0,14.0,15.0,16.0,17.0,18.0,19.0	246.467830658,227.396344778,204.222011236,185.960659393,173.782480847,161.260268683,150.15675559,137.380321915,132.653697477,130.998123662,126.022887421,122.961793464,113.58263225,114.219041577,110.573179503,108.560354024,109.316956333,108.991320625,107.01704722,99.5485101972	5	exponential	0.08	88000,,
106587	0.0,1.0,2.0,3.0,4.0,5.0,6.0,7.0,8.0,9.0,10.0,11.0,12.0,13.0,14.0,15.0,16.0,17.0,18.0,19.0	184.741212564,156.375215504,138.113941314,117.287324253,106.833612005,91.8811377439,86.5494810091,77.8236488716,66.7171409371,61.8779241187,58.4525082906,51.1752735501,46.0331095677,48.4578049054,41.4796517487,44.334972429,41.5151524177,39.235996256,36.8435829081,34.717250313	5	exponential	0.08	88000,,
106887	0.0,1.0,2.0,3.0,4.0,5.0,6.0,7.0,8.0,9.0,10.0,11.0,12.0,13.0,14.0,15.0,16.0,17.0,18.0,19.0	83.290168758,62.5281829547,40.8331293565,17.2723684746,4.29412181401,-10.563510293,-20.2151636508,-20.7264605216,-33.220580963,-35.1174051343,-40.0762198777,-43.361521144,-46.3376586489,-49.2145916034,-56.8245941051,-60.8832313025,-59.7042116106,-60.7184346432,-57.323689204,-65.8041378957	5	exponential	0.08	88000,,
104121	0.0,1.0,2.0,3.0,4.0,5.0,6.0,7.0,8.0,9.0,10.0,11.0,12.0,13.0,14.0,15.0,16.0,17.0,18.0,19.0	52.0039839913,21.3668253984,3.09327491532,-17.4489819482,-30.0308537398,-37.907445121,-50.129595678,-60.8519774936,-67.1824124371,-68.5922028694,-72.7391439371,-77.450265007,-80.0980480321,-83.0359083246,-89.6761316772,-90.8035370118,-91.0281893262,-90.49348659,-92.9259244577,-93.1211798692	5	exponential	0.08	88000,,
104961	0.0,1.0,2.0,3.0,4.0,5.0,6.0,7.0,8.0,9.0,10.0,11.0,12.0,13.0,14.0,15.0,16.0,17.0,18.0,19.0	76.0087282478,51.1271730248,31.9904694764,13.1211209426,-3.60821415005,-15.255526182,-21.6440965348,-30.5832347279,-41.471130979,-50.0706506798,-55.2414449715,-51.5725700633,-59.4866442447,-57.9236754636,-61.1861237671,-66.1924742282,-64.6053925132,-70.8948998942,-69.0734058452,-73.5124211334	5	exponential	0.08	88000,,
105234	0.0,1.0,2.0,3.0,4.0,5.0,6.0,7.0,8.0,9.0,10.0,11.0,12.0,13.0,14.0,15.0,16.0,17.0,18.0,19.0	12.9306711427,-12.5612131884,-27.1931311202,-45.8805514921,-58.8364241066,-72.8419421182,-83.6949655576,-94.9110916191,-99.7240760619,-107.773371087,-112.286513017,-114.832297004,-121.686531418,-123.417765038,-124.143531991,-123.591490094,-128.368896102,-130.671631381,-126.028303301,-130.857431477	5	exponential	0.08	88000,,
105230	0.0,1.0,2.0,3.0,4.0,5.0,6.0,7.0,8.0,9.0,10.0,11.0,12.0,13.0,14.0,15.0,16.0,17.0,18.0,19.0	73.2731469519,47.5079063676,26.5024480421,13.7751899831,-3.13513935486,-11.9714528855,-25.6722743745,-34.5907970245,-41.8491132709,-49.2070183724,-52.7978586096,-56.1221864207,-55.7957761008,-61.8326862545,-61.7365992223,-65.6284377142,-70.4842504433,-70.4592336995,-69.7705905983,-74.6043112731	5	exponential	0.08	88000,,
105389	0.0,1.0,2.0,3.0,4.0,5.0,6.0,7.0,8.0,9.0,10.0,11.0,12.0,13.0,14.0,15.0,16.0,17.0,18.0,19.0	272.371123356,253.737430836,224.772461048,210.475437992,197.350221439,188.807962668,171.91550041,162.73237144,161.620484938,152.585055843,151.84038132,142.292054164,143.408717633,135.142725129,137.643538517,132.400546173,133.911415484,135.033259319,130.316345489,133.124717941	5	exponential	0.08	88000,,
104510	0.0,1.0,2.0,3.0,4.0,5.0,6.0,7.0,8.0,9.0,10.0,11.0,12.0,13.0,14.0,15.0,16.0,17.0,18.0,19.0	228.587139622,205.127804909,182.250001584,169.301594472,152.547808669,144.031127044,132.784917179,123.83972655,115.849946396,109.403926687,103.045148523,102.607980476,99.0388193265,95.57357331,87.6470279845,89.2824184898,90.9474034597,87.2592340836,89.5734903776,83.3654803788	5	exponential	0.08	88000,,
106641	0.0,1.0,2.0,3.0,4.0,5.0,6.0,7.0,8.0,9.0,10.0,11.0,12.0,13.0,14.0,15.0,16.0,17.0,18.0,19.0	267.150697232,239.092653869,219.990817682,204.748056706,183.448690615,175.98625103,164.856560091,156.394420204,144.550460982,142.97543346,136.626781783,131.07357746,129.836161341,126.985754294,123.087701156,119.504578767,121.093118094,118.409582509,118.435287093,115.133562019	5	exponential	0.08	88000,,
106978	0.0,1.0,2.0,3.0,4.0,5.0,6.0,7.0,8.0,9.0,10.0,11.0,12.0,13.0,14.0,15.0,16.0,17.0,18.0,19.0	286.990938214,267.11378542,242.366046098,223.993005963,210.42943588,201.301652289,194.388774378,180.635589694,173.953372355,166.727652895,161.057327109,160.556192576,154.410403812,155.225711895,154.693927614,147.361125136,144.637966353,144.646212192,147.521493318,141.207240583	5	exponential	0.08	88000,,
104753	0.0,1.0,2.0,3.0,4.0,5.0,6.0,7.0,8.0,9.0,10.0,11.0,12.0,13.0,14.0,15.0,16.0,17.0,18.0,19.0	182.235782679,157.480802756,132.087255164,118.531854401,99.7232031655,89.8962151629,79.2335812078,67.3443819121,61.007817586,56.3726165736,49.1880921377,48.6460072508,42.5839814173,40.338120967,38.2674622066,40.5859571519,35.0855384015,33.2749933992,38.6669335369,35.2396157831	5	exponential	0.08	88000,,
106090	0.0,1.0,2.0,3.0,4.0,5.0,6.0,7.0,8.0,9.0,10.0,11.0,12.0,13.0,14.0,15.0,16.0,17.0,18.0,19.0	104.722175902,80.6921606885,61.5710385557,43.8521455039,27.6266998583,9.31594496711,-0.319505582221,-2.30951386991,-13.2069068825,-14.9100837712,-19.2894482495,-22.3810441721,-26.0066272273,-36.2701792113,-36.4513525964,-34.2015374535,-36.90210966,-41.3410286438,-38.5268434492,-43.0335544674	5	exponential	0.08	88000,,
107772	0.0,1.0,2.0,3.0,4.0,5.0,6.0,7.0,8.0,9.0,10.0,11.0,12.0,13.0,14.0,15.0,16.0,17.0,18.0,19.0	209.441149182,183.338894231,159.136957128,146.189831031,131.898806893,120.736831541,105.147139562,95.432761401,88.7327493698,88.5774338856,79.921148802,76.0725710251,74.418708248,67.9035608325,70.3142477803,64.1579124016,67.930079004,64.8522899227,66.0153785895,62.709036506	5	exponential	0.08	88000,,
106234	0.0,1.0,2.0,3.0,4.0,5.0,6.0,7.0,8.0,9.0,10.0,11.0,12.0,13.0,14.0,15.0,16.0,17.0,18.0,19.0	131.542082812,101.563584312,85.5902770241,71.5685695773,50.5539167031,42.8864532084,34.3807121791,26.4975221033,11.4613602994,11.8616667974,0.675709003821,-3.34297282428,-1.66226727657,-5.07909699912,-10.4726764902,-6.29772856167,-10.820070989,-12.808028951,-14.8370867669,-17.5889456878	5	exponential	0.08	88000,,
106223	0.0,1.0,2.0,3.0,4.0,5.0,6.0,7.0,8.0,9.0,10.0,11.0,12.0,13.0,14.0,15.0,16.0,17.0,18.0,19.0	217.483595812,192.444493552,165.844142751,153.866335788,142.413237343,130.366672201,114.286287358,104.455066735,98.6418063431,93.1217229629,93.4148508242,85.2452233866,84.2269727808,84.328224002,76.3295680998,71.579418637,70.6855109267,76.5034836869,72.4505900936,70.2420951335	5	exponential	0.08	88000,,
106198	0.0,1.0,2.0,3.0,4.0,5.0,6.0,7.0,8.0,9.0,10.0,11.0,12.0,13.0,14.0,15.0,16.0,17.0,18.0,19.0	208.842653674,180.425993739,160.587677463,141.380147655,129.753167221,113.752101821,101.903668333,99.6761360655,90.1705972666,87.6406231655,75.9543538937,78.6233733692,74.7777614801,69.6757656551,69.0464219521,60.791064889,66.6510467106,58.4973281967,60.717716476,61.1257933501	5	exponential	0.08	88000,,
107402	0.0,1.0,2.0,3.0,4.0,5.0,6.0,7.0,8.0,9.0,10.0,11.0,12.0,13.0,14.0,15.0,16.0,17.0,18.0,19.0	117.532497982,97.3690996497,76.7262931388,56.5632840702,43.9689016093,29.6274681712,24.8803305975,12.4318374673,7.12565141602,-3.83971077692,-5.98764310327,-9.35282944273,-9.3488274812,-13.7197483242,-21.1011184536,-15.2179943908,-21.8822069082,-26.1277068364,-25.5996222983,-24.3151438214	5	exponential	0.08	88000,,
105732	0.0,1.0,2.0,3.0,4.0,5.0,6.0,7.0,8.0,9.0,10.0,11.0,12.0,13.0,14.0,15.0,16.0,17.0,18.0,19.0	213.045567981,182.25141719,162.055819895,146.883159312,129.814396141,121.103911461,108.078366894,105.53489015,97.3981626582,89.2257965055,81.9724152901,83.5443523622,77.3958343759,76.2677242013,73.656862297,68.7291308601,64.8268478621,68.8542429005,69.7505461367,66.1312641086	5	exponential	0.08	88000,,
104868	0.0,1.0,2.0,3.0,4.0,5.0,6.0,7.0,8.0,9.0,10.0,11.0,12.0,13.0,14.0,15.0,16.0,17.0,18.0,19.0	26.9834238807,1.591948352,-18.5997890593,-39.0963583864,-52.2241396828,-66.9086841306,-73.3343895754,-86.8765392091,-93.7931549452,-96.1119346479,-99.6144470518,-105.23818564,-107.857662336,-113.199554646,-113.171187828,-119.941632774,-114.739949948,-121.074184902,-120.384210006,-123.236616474	5	exponential	0.08	88000,,
106732	0.0,1.0,2.0,3.0,4.0,5.0,6.0,7.0,8.0,9.0,10.0,11.0,12.0,13.0,14.0,15.0,16.0,17.0,18.0,19.0	246.563598839,221.000550371,201.493516867,179.364900363,171.292055142,158.226634453,143.755555101,134.971277062,130.119395295,126.321913675,117.4113899,119.5714814,110.451025881,109.531296582,106.963198492,106.887542644,102.852366246,102.022139709,102.518597363,100.672759399	5	exponential	0.08	88000,,
106560	0.0,1.0,2.0,3.0,4.0,5.0,6.0,7.0,8.0,9.0,10.0,11.0,12.0,13.0,14.0,15.0,16.0,17.0,18.0,19.0	117.291040931,85.0083375973,69.7723678831,52.0075055602,39.4339704202,28.3030663683,18.0405763124,3.67165331261,-0.219965246523,-3.80801031835,-13.7989889574,-15.2644059067,-20.8793883736,-22.5346393966,-21.2402733562,-21.9972365296,-28.5472694942,-31.5578929241,-33.241373416,-27.0893405909	5	exponential	0.08	88000,,
107751	0.0,1.0,2.0,3.0,4.0,5.0,6.0,7.0,8.0,9.0,10.0,11.0,12.0,13.0,14.0,15.0,16.0,17.0,18.0,19.0	122.638559292,98.0545877782,74.4785079258,64.0371715136,45.8337751193,35.1467879359,26.6713506699,12.8626670563,4.97509608041,-0.41940958188,-1.27544431591,-6.8037604032,-6.23096264906,-15.9768248407,-17.7242891717,-14.5885105707,-19.7611435134,-20.54011455,-24.6589770693,-22.4447829322	5	exponential	0.08	88000,,
107718	0.0,1.0,2.0,3.0,4.0,5.0,6.0,7.0,8.0,9.0,10.0,11.0,12.0,13.0,14.0,15.0,16.0,17.0,18.0,19.0	48.5319221197,21.7903592312,5.04784733234,-19.0707956651,-33.6983808889,-43.030915373,-49.8704328367,-59.5227923882,-72.5031603088,-77.270411618,-75.1168784188,-85.9289140345,-88.0247735559,-91.3012645366,-90.29219715,-97.6602116736,-94.7334756246,-94.4577425545,-94.9162800214,-97.6579043632	5	exponential	0.08	88000,,
106710	0.0,1.0,2.0,3.0,4.0,5.0,6.0,7.0,8.0,9.0,10.0,11.0,12.0,13.0,14.0,15.0,16.0,17.0,18.0,19.0	254.1768903,221.965365377,208.421316783,189.57726971,173.226529228,161.004357634,149.845802243,145.450276298,132.258835716,127.121656138,122.024567026,124.596440206,120.8567708,111.688468078,111.875582512,108.467382303,106.038165597,109.994238178,106.654101527,105.485606977	5	exponential	0.08	88000,,
104936	0.0,1.0,2.0,3.0,4.0,5.0,6.0,7.0,8.0,9.0,10.0,11.0,12.0,13.0,14.0,15.0,16.0,17.0,18.0,19.0	55.8651892736,32.7377695959,6.19468765813,-10.0374982357,-23.2553799102,-31.4053337335,-45.795192947,-53.4990475086,-60.8136266964,-66.8255893171,-69.105369228,-71.7934710708,-78.2579211607,-82.2037571165,-79.1778353703,-84.7035486533,-84.615981808,-84.5055104347,-90.8504711814,-87.5178035757	5	exponential	0.08	88000,,
106231	0.0,1.0,2.0,3.0,4.0,5.0,6.0,7.0,8.0,9.0,10.0,11.0,12.0,13.0,14.0,15.0,16.0,17.0,18.0,19.0	254.208149254,231.853698335,210.361285838,192.680728007,180.314913803,169.039112814,153.982660462,147.541676836,142.960383268,134.630428493,132.209415354,130.412446518,125.292172377,123.235181635,119.057582807,115.978502911,117.808184612,115.207054297,115.402053214,108.722271757	5	exponential	0.08	88000,,
104165	0.0,1.0,2.0,3.0,4.0,5.0,6.0,7.0,8.0,9.0,10.0,11.0,12.0,13.0,14.0,15.0,16.0,17.0,18.0,19.0	116.168307471,94.3677274218,65.6595988602,55.6952642269,34.1348915001,22.1546448968,19.2890911623,7.70826350026,3.25532257076,-6.06277555497,-8.41561362065,-12.5023508112,-21.463022898,-24.0601996145,-26.2046758705,-25.5789879809,-25.3213406055,-31.1938609391,-27.2700607924,-28.89485411	5	exponential	0.08	88000,,
107108	0.0,1.0,2.0,3.0,4.0,5.0,6.0,7.0,8.0,9.0,10.0,11.0,12.0,13.0,14.0,15.0,16.0,17.0,18.0,19.0	119.348238796,90.5002860748,75.2539661614,54.6706372739,43.1479619345,33.2883956721,20.7751484148,12.2578521432,-0.269063127842,-1.99816625386,-10.3953518024,-13.4105915132,-17.3010485639,-20.8844390305,-16.1433883714,-24.0815458244,-20.8579611214,-23.0954671747,-23.3031531771,-23.5033784356	5	exponential	0.08	88000,,
107045	0.0,1.0,2.0,3.0,4.0,5.0,6.0,7.0,8.0,9.0,10.0,11.0,12.0,13.0,14.0,15.0,16.0,17.0,18.0,19.0	27.488236044,-5.34476177831,-24.735696326,-37.2141903396,-56.7095249031,-70.4426825344,-74.6051514426,-82.3807588109,-88.5385763569,-99.2713653763,-102.542518435,-110.092361548,-109.607663399,-115.135208599,-113.9451657,-116.160103423,-117.348220512,-122.898742905,-120.502933547,-122.473678553	5	exponential	0.08	88000,,
105993	0.0,1.0,2.0,3.0,4.0,5.0,6.0,7.0,8.0,9.0,10.0,11.0,12.0,13.0,14.0,15.0,16.0,17.0,18.0,19.0	288.910754166,268.8945999,245.425499222,227.435906146,216.258927036,205.3647872,191.835027906,187.587524565,174.223786287,174.300096795,166.362893554,167.24697502,159.319392941,156.552961262,158.674417912,154.680261174,150.501278348,145.640840253,144.287551291,150.674715449	5	exponential	0.08	88000,,
105388	0.0,1.0,2.0,3.0,4.0,5.0,6.0,7.0,8.0,9.0,10.0,11.0,12.0,13.0,14.0,15.0,16.0,17.0,18.0,19.0	222.777925281,194.564736145,179.838875371,159.418442089,146.682032522,133.57637679,118.712708974,112.042417103,110.950167257,100.13856105,96.39576071,94.0225807929,92.5925896167,85.9234857802,82.8174094673,83.1791226156,78.2514084626,76.9003419993,80.0168902878,75.5532961787	5	exponential	0.08	88000,,
104260	0.0,1.0,2.0,3.0,4.0,5.0,6.0,7.0,8.0,9.0,10.0,11.0,12.0,13.0,14.0,15.0,16.0,17.0,18.0,19.0	230.982298803,204.676147646,186.157296528,160.952579296,148.090308208,142.634096716,128.296150835,124.389600677,115.791553505,105.02828091,105.511064104,97.4872106354,95.9766413298,92.6609636868,88.6355575816,91.020981648,87.5333383854,81.3474028362,84.133753273,78.9355741073	5	exponential	0.08	88000,,
107377	0.0,1.0,2.0,3.0,4.0,5.0,6.0,7.0,8.0,9.0,10.0,11.0,12.0,13.0,14.0,15.0,16.0,17.0,18.0,19.0	62.7640625747,39.3796626403,15.0829888203,-2.16281521932,-14.1509960982,-22.5633343291,-33.0182234226,-41.8133754876,-48.0232277363,-58.3559389936,-64.6021771083,-67.4909420141,-68.4021168547,-72.8751006388,-74.865980244,-80.7423815093,-76.1211722817,-76.607951159,-78.6897446383,-84.4408803888	5	exponential	0.08	88000,,
104335	0.0,1.0,2.0,3.0,4.0,5.0,6.0,7.0,8.0,9.0,10.0,11.0,12.0,13.0,14.0,15.0,16.0,17.0,18.0,19.0	123.398345699,97.3923163012,80.6824897756,59.4925280187,45.673480817,38.2920957348,29.4141916988,18.7886339035,6.34624054349,2.30289461938,2.42136799363,-3.52177705525,-6.87165146025,-12.8513430587,-12.0869404253,-11.9352100706,-13.757353766,-16.3046420749,-20.7484073277,-20.7189066772	5	exponential	0.08	88000,,
105260	0.0,1.0,2.0,3.0,4.0,5.0,6.0,7.0,8.0,9.0,10.0,11.0,12.0,13.0,14.0,15.0,16.0,17.0,18.0,19.0	154.132598647,127.692865249,111.035727461,92.1861363272,74.6996754451,69.1127459295,54.2243070967,44.5246856419,41.6322927643,35.6270957083,33.7631476894,24.105596947,21.4295900771,24.2395855826,13.7797560315,16.111566632,15.8343845276,14.7161374221,11.9525637977,9.16989187357	5	exponential	0.08	88000,,
106346	0.0,1.0,2.0,3.0,4.0,5.0,6.0,7.0,8.0,9.0,10.0,11.0,12.0,13.0,14.0,15.0,16.0,17.0,18.0,19.0	228.608782056,202.667550565,185.08700591,167.789887971,157.723282602,144.477644858,129.951773874,121.993682412,118.157549157,106.752354052,108.743274201,97.4190359454,98.1768016639,92.2751091269,92.6482411231,90.4079018558,86.5648032762,86.9657285082,84.3588702256,86.0971981908	5	exponential	0.08	88000,,
107013	0.0,1.0,2.0,3.0,4.0,5.0,6.0,7.0,8.0,9.0,10.0,11.0,12.0,13.0,14.0,15.0,16.0,17.0,18.0,19.0	96.6593325774,69.1043026536,44.7098216513,29.9042758906,18.4345415862,5.22878745726,-4.13902025132,-13.8929207014,-22.3963312593,-27.2608099339,-29.080430857,-40.6780577768,-38.1530986955,-43.6287791436,-49.7542495462,-51.5008820642,-53.2634812036,-47.7075221605,-48.3705914416,-51.8539999844	5	exponential	0.08	88000,,
106437	0.0,1.0,2.0,3.0,4.0,5.0,6.0,7.0,8.0,9.0,10.0,11.0,12.0,13.0,14.0,15.0,16.0,17.0,18.0,19.0	152.619813208,122.041239812,104.175523626,86.5593972915,76.7664047748,64.6485946316,52.0266791129,40.1863083826,35.3742173348,30.8799894639,27.7422019404,19.1550933238,15.2498546049,12.577838978,14.6123732439,11.5494794086,8.56754450074,6.83586069049,6.58758455396,6.27632350231	5	exponential	0.08	88000,,
104783	0.0,1.0,2.0,3.0,4.0,5.0,6.0,7.0,8.0,9.0,10.0,11.0,12.0,13.0,14.0,15.0,16.0,17.0,18.0,19.0	146.162878394,120.308451156,104.354618394,85.6781394715,68.3326981242,58.2696364579,47.3264712095,37.9254884018,35.2904220167,22.9690881771,21.0280177521,17.5901276848,15.2807604612,14.6784131449,13.1402683283,6.78966338154,2.37954675637,1.18058029131,3.07836215061,2.89287929408	5	exponential	0.08	88000,,
104314	0.0,1.0,2.0,3.0,4.0,5.0,6.0,7.0,8.0,9.0,10.0,11.0,12.0,13.0,14.0,15.0,16.0,17.0,18.0,19.0	211.707907865,187.671758881,166.614933696,147.095305615,137.637601316,121.699119897,117.275325191,102.519861147,98.2290607971,91.8096693912,87.313720523,82.0500845904,76.0944885157,75.8695437546,72.0865311141,68.7380970382,74.9488690236,67.2385708045,66.9480776184,68.5880031738	5	exponential	0.08	88000,,
104221	0.0,1.0,2.0,3.0,4.0,5.0,6.0,7.0,8.0,9.0,10.0,11.0,12.0,13.0,14.0,15.0,16.0,17.0,18.0,19.0	90.1586335793,66.3822876482,40.9109753345,29.0851440214,10.1755315207,-2.83555252595,-10.656224166,-17.7495791078,-29.8172085963,-30.8726189186,-38.8916679244,-38.6348217972,-40.5937383406,-47.2729766235,-53.4594184228,-55.392242443,-56.5589470677,-50.9957812875,-60.0901823448,-60.827911842	5	exponential	0.08	88000,,
106597	0.0,1.0,2.0,3.0,4.0,5.0,6.0,7.0,8.0,9.0,10.0,11.0,12.0,13.0,14.0,15.0,16.0,17.0,18.0,19.0	142.679037275,113.699439021,98.9143967091,78.9731190604,66.2913140234,51.1127990507,42.0742703991,32.9952477758,25.8713225811,15.8284702459,19.1012516763,13.4680049094,3.76667166473,6.94434876624,0.208277295841,-0.472763432888,1.67791818803,-4.56836598105,-6.08742592633,-7.8404019372	5	exponential	0.08	88000,,
105591	0.0,1.0,2.0,3.0,4.0,5.0,6.0,7.0,8.0,9.0,10.0,11.0,12.0,13.0,14.0,15.0,16.0,17.0,18.0,19.0	147.479067217,119.323752396,98.0349283205,79.9825054245,65.4601272206,51.6502057986,45.7001736549,37.4795151443,28.7790195398,22.4683937865,16.4417167528,15.0184002858,8.04034431164,8.00034005153,2.55209084167,5.17891089255,-1.96986561427,3.17612318028,-2.69192770943,-4.39482215206	5	exponential	0.08	88000,,
104882	0.0,1.0,2.0,3.0,4.0,5.0,6.0,7.0,8.0,9.0,10.0,11.0,12.0,13.0,14.0,15.0,16.0,17.0,18.0,19.0	261.707308171,233.651427252,217.253456669,199.988426213,184.843400318,172.466429076,163.765313642,156.366324691,147.64101964,141.645688249,131.765238741,129.955408604,126.36680511,129.766709568,121.039070051,119.768613098,117.058330768,116.286977676,119.773043804,118.934506701	5	exponential	0.08	88000,,
105084	0.0,1.0,2.0,3.0,4.0,5.0,6.0,7.0,8.0,9.0,10.0,11.0,12.0,13.0,14.0,15.0,16.0,17.0,18.0,19.0	9.76433762663,-13.2261581971,-31.599006149,-52.1643764071,-60.1623112497,-79.7668553603,-89.1262091614,-93.4718875757,-104.021630257,-109.834888723,-115.611653724,-118.068700648,-121.27816581,-120.285293329,-121.61144708,-128.238553845,-129.236585952,-133.473761131,-133.043341105,-134.50229537	5	exponential	0.08	88000,,
105581	0.0,1.0,2.0,3.0,4.0,5.0,6.0,7.0,8.0,9.0,10.0,11.0,12.0,13.0,14.0,15.0,16.0,17.0,18.0,19.0	232.059020724,210.385826596,187.202506253,168.729196193,150.625418523,144.175221801,128.384475087,127.565583745,118.004830281,110.540041609,102.359952091,104.030339223,100.066650541,94.372995618,90.6942711044,87.5277266857,85.5198024586,90.6451071929,87.1065499698,84.9967538911	5	exponential	0.08	88000,,
105832	0.0,1.0,2.0,3.0,4.0,5.0,6.0,7.0,8.0,9.0,10.0,11.0,12.0,13.0,14.0,15.0,16.0,17.0,18.0,19.0	131.614296095,104.587117063,87.4689117855,69.0991379123,55.2050375741,41.295631985,32.6228584763,23.7454623404,13.2503781012,12.7743060298,1.66979551321,-3.89396825082,-5.62956000518,-3.77869759933,-5.60677862806,-11.5352541239,-13.8864498415,-9.34967928529,-14.7735549832,-13.6150768925	5	exponential	0.08	88000,,
107173	0.0,1.0,2.0,3.0,4.0,5.0,6.0,7.0,8.0,9.0,10.0,11.0,12.0,13.0,14.0,15.0,16.0,17.0,18.0,19.0	121.503601741,97.7691710101,75.3001113747,56.7187772893,43.7313970611,28.6301989186,18.3335057701,12.3859388556,3.9944602195,-2.04549002579,-6.62662831208,-9.5173171898,-16.1523102634,-18.5319021617,-15.5275115784,-21.9078208312,-19.8452191343,-21.8127698027,-21.8893722075,-25.6755604401	5	exponential	0.08	88000,,
104051	0.0,1.0,2.0,3.0,4.0,5.0,6.0,7.0,8.0,9.0,10.0,11.0,12.0,13.0,14.0,15.0,16.0,17.0,18.0,19.0	189.583090413,164.072058446,143.241895407,123.729254251,108.30710556,95.8795295034,91.0180469824,76.8427728519,68.2818324816,69.6749448072,62.314695471,61.0885292366,54.5929558191,54.5195664105,50.4016868439,46.3294475018,42.8242176725,43.8230074789,42.6821817355,38.679962109	5	exponential	0.08	88000,,
105520	0.0,1.0,2.0,3.0,4.0,5.0,6.0,7.0,8.0,9.0,10.0,11.0,12.0,13.0,14.0,15.0,16.0,17.0,18.0,19.0	9.55392185665,-8.86790712643,-35.5397417383,-47.9960035609,-69.0134235674,-76.1524075019,-86.7612078577,-96.5158444954,-101.846105494,-109.133620995,-112.39614727,-118.211976972,-124.449885122,-126.292570605,-123.461626932,-127.452281556,-130.092278839,-132.157666868,-130.200836433,-136.903902507	5	exponential	0.08	88000,,
105201	0.0,1.0,2.0,3.0,4.0,5.0,6.0,7.0,8.0,9.0,10.0,11.0,12.0,13.0,14.0,15.0,16.0,17.0,18.0,19.0	8.56185530604,-18.3229748822,-39.4016136641,-53.1718198217,-67.2870182836,-80.0776209133,-85.7142757096,-94.8176672379,-101.983645068,-114.277106753,-117.760207145,-121.991196464,-119.750245447,-127.332504007,-128.710402023,-133.927750642,-135.684430528,-131.892940666,-135.572103564,-132.191717509	5	exponential	0.08	88000,,
105283	0.0,1.0,2.0,3.0,4.0,5.0,6.0,7.0,8.0,9.0,10.0,11.0,12.0,13.0,14.0,15.0,16.0,17.0,18.0,19.0	195.215707225,165.209562878,145.873660171,132.268321581,115.376900301,107.26374422,97.3633956447,89.7000678426,75.87850722,70.4151941483,64.3169553313,64.3595176237,59.9546192262,56.2430948829,55.7452884996,50.1078508443,56.4126905087,52.8804828993,50.7442520904,45.1567722442	5	exponential	0.08	88000,,
105678	0.0,1.0,2.0,3.0,4.0,5.0,6.0,7.0,8.0,9.0,10.0,11.0,12.0,13.0,14.0,15.0,16.0,17.0,18.0,19.0	181.596480949,157.539893916,137.792954494,122.775647682,106.859598513,91.5922877266,81.6843207476,75.4700180882,68.5161323227,68.3178700812,57.6345647346,56.8330346946,51.3531108406,51.3535533947,50.7427566784,42.4168929668,43.7345152233,44.2865393683,37.3096053039,40.0332672388	5	exponential	0.08	88000,,
107016	0.0,1.0,2.0,3.0,4.0,5.0,6.0,7.0,8.0,9.0,10.0,11.0,12.0,13.0,14.0,15.0,16.0,17.0,18.0,19.0	182.51262737,153.141937104,137.11663213,116.062288442,98.521210904,91.6810018654,79.3267780824,68.1553277844,66.3725730266,60.1503368604,54.7178477195,45.8341896775,47.2495394576,46.8353235468,38.3802106838,36.2326251963,37.4247120683,39.8512146991,37.7514035097,35.7952251048	5	exponential	0.08	88000,,
107536	0.0,1.0,2.0,3.0,4.0,5.0,6.0,7.0,8.0,9.0,10.0,11.0,12.0,13.0,14.0,15.0,16.0,17.0,18.0,19.0	195.233025263,168.691380722,152.40868628,134.777012064,121.417716403,107.012476362,101.243537926,86.0176935338,81.5409103006,79.4350664417,69.6869886974,64.9725253758,60.4604646706,64.4935975382,57.1888232869,54.0185052219,54.6868949342,52.1879214987,49.7690144826,54.7140258181	5	exponential	0.08	88000,,
105883	0.0,1.0,2.0,3.0,4.0,5.0,6.0,7.0,8.0,9.0,10.0,11.0,12.0,13.0,14.0,15.0,16.0,17.0,18.0,19.0	215.596743128,188.653827506,174.547790419,148.953272634,134.72578363,126.967726048,112.778106842,107.591615561,98.0877186405,99.3386231933,88.4067492833,89.6278590613,81.9522975133,81.3635226211,74.2323856964,73.9429835628,74.6378743448,69.5455428032,72.2107398789,67.0448496893	5	exponential	0.08	88000,,
106935	0.0,1.0,2.0,3.0,4.0,5.0,6.0,7.0,8.0,9.0,10.0,11.0,12.0,13.0,14.0,15.0,16.0,17.0,18.0,19.0	22.1040457405,2.81079015255,-19.5309133392,-35.7902235674,-53.6152063588,-63.6525569781,-74.609619753,-81.8686607714,-95.4988089563,-96.2542310982,-100.191738568,-102.404896654,-113.447023496,-113.323355173,-112.80823719,-115.772886531,-116.943047149,-120.834062366,-120.527442375,-118.919264766	5	exponential	0.08	88000,,
104355	0.0,1.0,2.0,3.0,4.0,5.0,6.0,7.0,8.0,9.0,10.0,11.0,12.0,13.0,14.0,15.0,16.0,17.0,18.0,19.0	203.6086356,178.452560861,162.351778999,144.492344208,129.283868349,117.340300413,108.23376266,94.6302130879,90.5099553934,79.6459518872,81.0379951251,76.105545155,67.7330074663,66.9002323167,64.2868008196,66.9359116056,63.5546315765,61.5320101384,61.6574050114,58.5157478786	5	exponential	0.08	88000,,
105190	0.0,1.0,2.0,3.0,4.0,5.0,6.0,7.0,8.0,9.0,10.0,11.0,12.0,13.0,14.0,15.0,16.0,17.0,18.0,19.0	282.835561704,261.773418126,239.994162764,220.790336285,206.253677489,194.810025588,181.324407078,175.883102948,173.620401103,164.535761179,155.644937077,151.718656127,155.520099156,148.870482516,147.592822453,140.218227075,147.188279339,138.842585775,140.681028254,139.311626093	5	exponential	0.08	88000,,
107083	0.0,1.0,2.0,3.0,4.0,5.0,6.0,7.0,8.0,9.0,10.0,11.0,12.0,13.0,14.0,15.0,16.0,17.0,18.0,19.0	143.460627056,122.401233345,103.804186919,84.6138974749,72.3592321206,53.8961439167,46.6551193509,42.1675079243,32.1596225253,26.3668135539,25.0921852382,17.9104584685,14.6505765236,7.22888394313,6.74603699094,2.36525439518,4.14731126233,5.2729537073,5.5356699626,0.245860496798	5	exponential	0.08	88000,,
105328	0.0,1.0,2.0,3.0,4.0,5.0,6.0,7.0,8.0,9.0,10.0,11.0,12.0,13.0,14.0,15.0,16.0,17.0,18.0,19.0	272.615062499,247.743577937,226.43132133,211.445012109,199.101597694,182.422545933,178.887785362,166.703830998,161.344776869,157.868407476,153.47426476,143.547754949,139.674742288,142.64030402,140.917502487,133.873144643,137.873261515,133.646825266,130.534786765,129.350106061	5	exponential	0.08	88000,,
105360	0.0,1.0,2.0,3.0,4.0,5.0,6.0,7.0,8.0,9.0,10.0,11.0,12.0,13.0,14.0,15.0,16.0,17.0,18.0,19.0	141.120736796,114.854351561,98.4620185938,76.5426224864,68.8248628943,54.556969133,38.7522040265,32.9030463418,24.9944639397,23.1569046661,19.571257851,9.0794172252,8.63720548096,8.90502956415,4.10634545171,0.641143624886,1.88576858174,-1.31808384767,1.23729381732,-6.34069458557	5	exponential	0.08	88000,,
105724	0.0,1.0,2.0,3.0,4.0,5.0,6.0,7.0,8.0,9.0,10.0,11.0,12.0,13.0,14.0,15.0,16.0,17.0,18.0,19.0	148.625357551,128.906272797,100.132553386,83.4003408725,68.2795171559,56.1666115151,51.2528987956,39.6487058532,37.6609648779,29.0727601527,26.6805080156,17.8014822832,17.6000601612,15.0646363581,14.6761747239,12.6993242205,4.09509788477,7.29527149908,1.06475441861,8.10809504422	5	exponential	0.08	88000,,
104464	0.0,1.0,2.0,3.0,4.0,5.0,6.0,7.0,8.0,9.0,10.0,11.0,12.0,13.0,14.0,15.0,16.0,17.0,18.0,19.0	176.538332516,155.203340197,133.76526981,116.866983553,101.972546349,85.1298929824,80.6663828389,68.3927058339,59.3930181875,55.7486376522,53.9291208827,43.1991320163,40.0162577192,42.3614658206,42.2964248531,34.3400810251,37.9210522681,31.3392870674,30.7204186768,28.0728894846	5	exponential	0.08	88000,,
107730	0.0,1.0,2.0,3.0,4.0,5.0,6.0,7.0,8.0,9.0,10.0,11.0,12.0,13.0,14.0,15.0,16.0,17.0,18.0,19.0	72.6666326783,46.9778697836,27.665499567,6.22001654822,-6.02904002306,-16.8881266157,-28.7389101315,-38.4519117356,-38.8254071574,-45.4373137719,-55.2345620254,-55.0127489261,-62.9766430503,-60.9785516181,-64.8061279863,-66.0095838544,-71.8203231891,-73.2158071192,-67.7711130435,-75.0510577703	5	exponential	0.08	88000,,
104380	0.0,1.0,2.0,3.0,4.0,5.0,6.0,7.0,8.0,9.0,10.0,11.0,12.0,13.0,14.0,15.0,16.0,17.0,18.0,19.0	174.17240355,153.610967722,130.728290108,113.555783884,102.096911624,82.8141695957,78.4356247171,72.4702783736,64.4167944383,54.2981524244,48.2534363588,47.3174104136,45.0442336947,37.5419248279,34.864434033,35.6749679752,33.6701090603,36.0878581579,32.1867412585,31.3406197383	5	exponential	0.08	88000,,
105938	0.0,1.0,2.0,3.0,4.0,5.0,6.0,7.0,8.0,9.0,10.0,11.0,12.0,13.0,14.0,15.0,16.0,17.0,18.0,19.0	78.0845246935,56.356393246,34.7570671138,15.6473695541,0.874965520381,-14.2271338133,-18.2541828835,-32.4528813201,-31.8256053573,-42.3222998481,-48.2629038406,-54.2617549675,-49.9737959852,-58.3398646458,-63.2729148406,-60.3200819336,-63.5592268364,-62.6217277149,-64.3441235246,-65.4054328533	5	exponential	0.08	88000,,
107431	0.0,1.0,2.0,3.0,4.0,5.0,6.0,7.0,8.0,9.0,10.0,11.0,12.0,13.0,14.0,15.0,16.0,17.0,18.0,19.0	184.252796685,155.803346172,135.062341959,118.498496697,109.160163778,97.4688434399,84.3101982682,75.573907031,73.4900247238,61.7798065055,57.1774859354,56.1278578939,51.4476222613,49.4092480485,49.5702119296,42.3205239477,41.5098032379,40.3121319609,40.6345540225,41.9907078642	5	exponential	0.08	88000,,
104485	0.0,1.0,2.0,3.0,4.0,5.0,6.0,7.0,8.0,9.0,10.0,11.0,12.0,13.0,14.0,15.0,16.0,17.0,18.0,19.0	206.450276435,178.930070265,154.199505163,138.877211099,123.862250348,116.614978384,101.074390906,100.068186081,84.9240071238,81.0309205133,81.2516224778,73.4006630425,75.3608973032,72.5476106433,69.1739185615,63.36227275,62.1134073312,58.7200432898,62.5011720457,62.9448903331	5	exponential	0.08	88000,,
107655	0.0,1.0,2.0,3.0,4.0,5.0,6.0,7.0,8.0,9.0,10.0,11.0,12.0,13.0,14.0,15.0,16.0,17.0,18.0,19.0	231.081691683,204.836038548,186.158904551,165.886466151,148.073943166,142.125090387,133.75886777,121.276771979,112.841847284,105.199417116,108.043491133,100.296931767,97.4625084777,94.3866618093,87.0802979203,88.2053875676,90.2444318382,88.2572794281,82.1912387711,87.4757873817	5	exponential	0.08	88000,,
104150	0.0,1.0,2.0,3.0,4.0,5.0,6.0,7.0,8.0,9.0,10.0,11.0,12.0,13.0,14.0,15.0,16.0,17.0,18.0,19.0	89.869804031,58.5908871721,39.3849905986,23.0692615882,7.21849642523,1.02120683018,-14.0049051652,-22.8772616969,-26.5379571005,-30.4005837878,-41.2045030006,-44.5988413585,-46.6948127798,-48.8171599581,-54.7202649895,-55.2029315848,-53.3153746654,-53.839943762,-54.386228614,-59.9184214215	5	exponential	0.08	88000,,
105434	0.0,1.0,2.0,3.0,4.0,5.0,6.0,7.0,8.0,9.0,10.0,11.0,12.0,13.0,14.0,15.0,16.0,17.0,18.0,19.0	17.8555658105,-5.42937051809,-22.541961344,-47.6414019572,-60.1373640206,-70.7127539043,-81.263379134,-86.7467383817,-91.73613831,-101.718152893,-105.247324466,-110.702591887,-116.426436409,-118.194901014,-116.300308033,-124.227728447,-121.346731117,-127.820302737,-127.787247875,-122.524372787	5	exponential	0.08	88000,,
106239	0.0,1.0,2.0,3.0,4.0,5.0,6.0,7.0,8.0,9.0,10.0,11.0,12.0,13.0,14.0,15.0,16.0,17.0,18.0,19.0	169.339956781,141.376631515,127.897417909,107.518724212,87.9630675814,76.5524749866,70.685619484,64.3360922245,54.9979124527,48.1538384439,43.5696706287,43.3547914787,37.0167962526,33.7296772185,30.873234394,29.6137815747,25.1865233414,24.6026652239,23.7465664498,22.8195519147	5	exponential	0.08	88000,,
104747	0.0,1.0,2.0,3.0,4.0,5.0,6.0,7.0,8.0,9.0,10.0,11.0,12.0,13.0,14.0,15.0,16.0,17.0,18.0,19.0	46.8177851595,25.258105694,3.99963465994,-15.253361504,-33.2172862285,-39.6885177079,-55.7743281643,-62.4315317139,-72.5212064698,-72.5091451073,-77.8695492263,-80.7434611654,-89.103378552,-86.1564626389,-91.3426949942,-92.3535380699,-97.590170971,-97.7496639023,-96.0833738093,-96.5823221122	5	exponential	0.08	88000,,
104325	0.0,1.0,2.0,3.0,4.0,5.0,6.0,7.0,8.0,9.0,10.0,11.0,12.0,13.0,14.0,15.0,16.0,17.0,18.0,19.0	77.3671593331,53.0885974226,30.8328164038,13.8437762084,2.7634551403,-12.493470731,-18.8295668792,-28.6191062377,-34.5218112386,-44.3910492229,-43.1029607984,-47.4040498267,-55.5709822457,-59.2977608791,-61.2733640748,-64.5820566788,-64.2076444324,-65.7087493378,-67.681322258,-68.2861046459	5	exponential	0.08	88000,,
104151	0.0,1.0,2.0,3.0,4.0,5.0,6.0,7.0,8.0,9.0,10.0,11.0,12.0,13.0,14.0,15.0,16.0,17.0,18.0,19.0	143.155765814,111.579926932,97.4199794806,74.8923025415,62.9500926344,46.7428259368,42.4867231356,34.7071205624,26.11931396,17.3059240105,17.2027234116,8.24595286807,8.21551838364,7.07551884011,-0.553446610672,-2.4454051196,-5.28872176625,-2.30557425657,-7.20315628796,-7.46815321262	5	exponential	0.08	88000,,
107973	0.0,1.0,2.0,3.0,4.0,5.0,6.0,7.0,8.0,9.0,10.0,11.0,12.0,13.0,14.0,15.0,16.0,17.0,18.0,19.0	39.092178189,11.9121239484,-10.7184840046,-25.8445533664,-41.4969046296,-56.8414882446,-60.6119936244,-69.5538589262,-82.5176324351,-86.7637401939,-91.9814709694,-95.4684171749,-95.0149173805,-99.5471302462,-106.648138885,-101.996574127,-107.809448076,-109.189025884,-110.48182662,-112.239844154	5	exponential	0.08	88000,,
106463	0.0,1.0,2.0,3.0,4.0,5.0,6.0,7.0,8.0,9.0,10.0,11.0,12.0,13.0,14.0,15.0,16.0,17.0,18.0,19.0	172.602485771,149.030918021,131.49335061,113.77907746,98.3876089069,80.9291353909,76.5672229199,69.9395225786,58.0083612507,57.7484507962,46.9929976623,47.7381535908,44.5588888135,37.8680430258,37.5153543643,34.1302079523,33.6773810461,30.6407034968,29.6777663271,27.8081874738	5	exponential	0.08	88000,,
106617	0.0,1.0,2.0,3.0,4.0,5.0,6.0,7.0,8.0,9.0,10.0,11.0,12.0,13.0,14.0,15.0,16.0,17.0,18.0,19.0	262.226768687,233.787276033,214.219912649,198.43841892,180.050430098,173.268251746,160.761419029,154.608580275,144.855119933,144.787227418,137.124247539,132.009021793,128.994056136,123.859945476,119.062132383,122.873956835,122.86205184,116.867840466,114.302043426,115.785054481	5	exponential	0.08	88000,,
106556	0.0,1.0,2.0,3.0,4.0,5.0,6.0,7.0,8.0,9.0,10.0,11.0,12.0,13.0,14.0,15.0,16.0,17.0,18.0,19.0	58.1245520288,38.3476413779,16.2820258661,-2.82182875054,-16.9214693648,-24.961098185,-42.6380844249,-47.9370537537,-52.4672938861,-62.2067036875,-66.7482158475,-67.8420435604,-71.5645537127,-72.8994925804,-78.0614707396,-76.8115347166,-77.7655583915,-82.7920364412,-80.401113032,-84.3859249411	5	exponential	0.08	88000,,
105881	0.0,1.0,2.0,3.0,4.0,5.0,6.0,7.0,8.0,9.0,10.0,11.0,12.0,13.0,14.0,15.0,16.0,17.0,18.0,19.0	273.202092691,246.35395092,226.776462095,209.312782864,191.773839695,177.425578869,171.838517617,162.073879192,153.879551698,153.19623866,141.744443605,139.163849128,136.129042171,131.175536159,134.137270659,126.673507616,127.799015117,126.764218399,124.755779516,128.20319273	5	exponential	0.08	88000,,
105676	0.0,1.0,2.0,3.0,4.0,5.0,6.0,7.0,8.0,9.0,10.0,11.0,12.0,13.0,14.0,15.0,16.0,17.0,18.0,19.0	198.075506431,168.765942414,149.231722342,127.643157735,120.882802101,107.74729669,90.814078767,89.8136928178,75.4337270474,71.2612760844,67.5280368279,65.4803752038,57.1823985343,59.3264147292,53.3857718111,57.6823120737,48.947445591,55.5777605235,53.0365792556,47.7296402984	5	exponential	0.08	88000,,
107847	0.0,1.0,2.0,3.0,4.0,5.0,6.0,7.0,8.0,9.0,10.0,11.0,12.0,13.0,14.0,15.0,16.0,17.0,18.0,19.0	239.621083197,217.857023119,192.205606254,175.542848045,161.614056775,145.453012614,135.553506298,127.221383476,127.938695792,115.038868723,110.028680101,108.699575592,105.820080289,104.848590179,103.461969962,94.6012924721,93.5047341852,99.8253640612,94.3430360153,89.831304257	5	exponential	0.08	88000,,
104703	0.0,1.0,2.0,3.0,4.0,5.0,6.0,7.0,8.0,9.0,10.0,11.0,12.0,13.0,14.0,15.0,16.0,17.0,18.0,19.0	72.3390028385,46.8226884309,27.7744658044,9.55299933408,2.09680595112,-10.3242500394,-20.1299421441,-31.0952245182,-37.8320645891,-42.5111572674,-46.7874864544,-55.728174234,-60.1803302023,-62.9045719708,-66.9151436049,-60.9062741059,-68.7798010009,-69.890602063,-70.4345106664,-68.0611006285	5	exponential	0.08	88000,,
107509	0.0,1.0,2.0,3.0,4.0,5.0,6.0,7.0,8.0,9.0,10.0,11.0,12.0,13.0,14.0,15.0,16.0,17.0,18.0,19.0	137.51610323,109.486626617,88.953263949,67.9157340049,52.2895880608,41.3052266447,34.7363939346,27.4213266507,15.0259506739,16.2932772822,7.80678177776,7.78209738422,-1.46081410679,-1.87961467868,-7.3629954167,-5.5472496176,-11.3948009903,-11.1559573937,-14.1709382694,-11.8285880602	5	exponential	0.08	88000,,
106539	0.0,1.0,2.0,3.0,4.0,5.0,6.0,7.0,8.0,9.0,10.0,11.0,12.0,13.0,14.0,15.0,16.0,17.0,18.0,19.0	169.814218139,140.02379086,121.15460263,104.649049107,89.5771998561,76.1230463532,66.8399034027,60.6455849935,54.3847713984,44.7756715537,38.2749590266,34.5916127071,33.4040342138,35.2299101665,29.3230635394,30.1673030034,28.0470356625,21.4073167005,19.8733206759,18.8440057797	5	exponential	0.08	88000,,
106467	0.0,1.0,2.0,3.0,4.0,5.0,6.0,7.0,8.0,9.0,10.0,11.0,12.0,13.0,14.0,15.0,16.0,17.0,18.0,19.0	1.6172992789,-16.6755260195,-42.6189633143,-58.9341964172,-75.6255199027,-83.5486068538,-90.376128431,-105.133264984,-110.437085244,-112.882155058,-116.289421325,-126.336282043,-129.463259954,-127.114973423,-133.598455494,-138.137671186,-139.168986857,-134.293357368,-135.162337865,-143.849527435	5	exponential	0.08	88000,,
107471	0.0,1.0,2.0,3.0,4.0,5.0,6.0,7.0,8.0,9.0,10.0,11.0,12.0,13.0,14.0,15.0,16.0,17.0,18.0,19.0	165.624794679,142.639338386,116.280147012,96.7419742289,88.0939896891,70.3855643927,62.3851658508,52.5970267942,44.5518996352,41.936940887,41.5465123432,31.4280257645,34.281086378,23.304745612,22.0814247913,25.5923698271,22.8765962829,23.8347987507,15.6817538495,13.7954007584	5	exponential	0.08	88000,,
105793	0.0,1.0,2.0,3.0,4.0,5.0,6.0,7.0,8.0,9.0,10.0,11.0,12.0,13.0,14.0,15.0,16.0,17.0,18.0,19.0	181.732582574,160.519321918,137.13918752,119.552531739,103.348900691,93.7653065874,86.8420553872,79.7733652064,69.2411268163,61.9730927061,55.0005273443,55.4143879639,53.4688176928,47.4207363116,43.7146820281,40.4523315231,45.0672456065,40.2967778261,38.8768379986,42.8800110568	5	exponential	0.08	88000,,
104697	0.0,1.0,2.0,3.0,4.0,5.0,6.0,7.0,8.0,9.0,10.0,11.0,12.0,13.0,14.0,15.0,16.0,17.0,18.0,19.0	152.691171236,128.406053597,108.609083594,88.1578593271,81.210657655,65.3308205913,52.0845260869,43.9710105804,36.9507310101,33.3091086669,29.0811322709,22.5321568357,25.4143353987,18.4672240819,16.9624836422,13.1136180895,14.1118662171,9.74189698049,7.87941747384,13.4711185904	5	exponential	0.08	88000,,
104922	0.0,1.0,2.0,3.0,4.0,5.0,6.0,7.0,8.0,9.0,10.0,11.0,12.0,13.0,14.0,15.0,16.0,17.0,18.0,19.0	168.895473692,147.622215931,123.643925135,103.627225222,89.5164246508,79.4334086272,65.9969201777,59.881043236,50.5574016959,44.4447493841,44.5377998176,40.4990638481,38.6384377238,34.0894106476,29.5628518938,31.9771341544,24.5596151305,26.1410741996,27.4086731268,21.4016311064	5	exponential	0.08	88000,,
104392	0.0,1.0,2.0,3.0,4.0,5.0,6.0,7.0,8.0,9.0,10.0,11.0,12.0,13.0,14.0,15.0,16.0,17.0,18.0,19.0	263.631012123,236.398122113,212.634118975,195.913192059,179.309802087,175.363144361,159.86777113,152.764893814,145.248762571,139.598786909,133.018532354,128.920749102,124.228850627,125.458964448,122.732641962,120.804430864,121.236512082,121.737182755,116.814278901,116.094345316	5	exponential	0.08	88000,,
107503	0.0,1.0,2.0,3.0,4.0,5.0,6.0,7.0,8.0,9.0,10.0,11.0,12.0,13.0,14.0,15.0,16.0,17.0,18.0,19.0	288.305338317,258.681200534,244.22515001,224.993781996,208.865640213,195.577233715,190.069348376,179.095603855,171.723299323,166.831700871,164.660787532,160.624365283,152.247813663,147.874403318,150.740991569,147.717825071,144.641380587,143.096955013,139.669719925,145.488845573	5	exponential	0.08	88000,,
106579	0.0,1.0,2.0,3.0,4.0,5.0,6.0,7.0,8.0,9.0,10.0,11.0,12.0,13.0,14.0,15.0,16.0,17.0,18.0,19.0	223.105612297,192.681452674,173.353724796,152.728875555,142.408236762,126.953404234,117.927995025,114.301240895,105.432251742,101.860937687,95.6901402214,91.2114906517,86.8799438457,87.2788318786,81.776554606,82.5500240327,82.275532982,79.8846463301,76.5639950358,70.5456758458	5	exponential	0.08	88000,,
104249	0.0,1.0,2.0,3.0,4.0,5.0,6.0,7.0,8.0,9.0,10.0,11.0,12.0,13.0,14.0,15.0,16.0,17.0,18.0,19.0	298.839678191,271.409048703,252.478908529,234.002729695,218.694507048,208.310831977,197.234661953,190.65102804,183.274722811,173.210247986,165.692421197,166.964702772,163.485732921,161.06772981,157.837780992,155.489359102,151.173463527,150.734888812,151.724988178,145.479416662	5	exponential	0.08	88000,,
105799	0.0,1.0,2.0,3.0,4.0,5.0,6.0,7.0,8.0,9.0,10.0,11.0,12.0,13.0,14.0,15.0,16.0,17.0,18.0,19.0	74.0759672658,44.9042206123,28.0232569398,11.1829524384,-3.45123577668,-16.217937094,-23.0207020036,-30.7071286555,-43.1785546578,-46.4930898218,-48.6500345465,-54.4877827439,-58.2628490767,-62.9230868484,-67.7092273253,-64.2876264508,-71.3647752732,-72.6721351004,-72.4593630829,-69.265127947	5	exponential	0.08	88000,,
107461	0.0,1.0,2.0,3.0,4.0,5.0,6.0,7.0,8.0,9.0,10.0,11.0,12.0,13.0,14.0,15.0,16.0,17.0,18.0,19.0	123.183405137,102.559196177,79.2122688176,61.6271199326,46.1987559335,37.4941271839,24.9592740381,17.6071334432,11.154497812,3.18143461627,-3.36218505919,-6.89243429134,-12.7156658017,-11.5420271593,-14.3957736353,-19.1023465591,-20.9477762463,-22.1348250093,-19.1851046071,-21.2560113126	5	exponential	0.08	88000,,
107846	0.0,1.0,2.0,3.0,4.0,5.0,6.0,7.0,8.0,9.0,10.0,11.0,12.0,13.0,14.0,15.0,16.0,17.0,18.0,19.0	260.552525108,241.344788414,218.01741215,202.757428585,187.384258415,172.545801425,166.078931739,153.929276788,149.431435879,141.631446913,139.746316804,138.901176328,134.752369602,125.473153539,125.058344746,123.64470282,120.389132505,118.235178183,117.411670672,120.090123961	5	exponential	0.08	88000,,
104039	0.0,1.0,2.0,3.0,4.0,5.0,6.0,7.0,8.0,9.0,10.0,11.0,12.0,13.0,14.0,15.0,16.0,17.0,18.0,19.0	31.5993679662,6.33265742094,-16.8515984404,-33.7765879377,-44.1008591249,-55.9888885157,-67.0588329035,-72.8872041099,-80.907739664,-86.8632366457,-96.583388139,-97.4873859416,-98.1413211601,-107.632698526,-103.982764437,-109.59228415,-109.553687266,-112.93599471,-111.524036713,-114.578651449	5	exponential	0.08	88000,,
106261	0.0,1.0,2.0,3.0,4.0,5.0,6.0,7.0,8.0,9.0,10.0,11.0,12.0,13.0,14.0,15.0,16.0,17.0,18.0,19.0	52.9086369776,27.7197142976,10.1721868172,-10.6377303915,-22.5069051046,-35.6518174064,-47.2536877427,-52.6739175117,-58.8980850005,-70.9468470263,-75.9959395075,-77.8418567465,-82.6307707531,-83.67103715,-88.5413046014,-84.1167388176,-86.7915148729,-90.0998698371,-87.1711836108,-94.120983909	5	exponential	0.08	88000,,
106071	0.0,1.0,2.0,3.0,4.0,5.0,6.0,7.0,8.0,9.0,10.0,11.0,12.0,13.0,14.0,15.0,16.0,17.0,18.0,19.0	279.540927331,251.612729099,233.774838509,209.060421249,202.421460338,185.575579624,178.097840908,168.782678045,157.937324773,157.412431225,150.747600311,148.468249045,143.261825372,138.536000695,141.882321991,139.282547185,134.472933014,133.309096006,130.237503298,130.211384489	5	exponential	0.08	88000,,
104126	0.0,1.0,2.0,3.0,4.0,5.0,6.0,7.0,8.0,9.0,10.0,11.0,12.0,13.0,14.0,15.0,16.0,17.0,18.0,19.0	216.122071739,194.030903099,170.62838013,155.727351165,142.508828859,126.343527125,113.614358882,108.155512915,98.7463637443,96.2904762864,92.3950567198,88.7548316045,87.1328218719,82.0351071257,75.5737543121,76.8032497604,71.8319735556,70.9649995098,70.4933514796,68.2650128561	5	exponential	0.08	88000,,
105894	0.0,1.0,2.0,3.0,4.0,5.0,6.0,7.0,8.0,9.0,10.0,11.0,12.0,13.0,14.0,15.0,16.0,17.0,18.0,19.0	85.8312721491,64.9259344225,43.0703860222,21.989175987,10.2456727927,-7.91125534015,-16.4576394537,-24.2005798271,-27.2923043943,-31.952941035,-36.9563744986,-43.7962278037,-46.50340775,-50.4130254563,-53.3849310459,-52.8975574903,-56.3179306895,-58.6544605006,-54.8184055515,-60.2545455183	5	exponential	0.08	88000,,
106886	0.0,1.0,2.0,3.0,4.0,5.0,6.0,7.0,8.0,9.0,10.0,11.0,12.0,13.0,14.0,15.0,16.0,17.0,18.0,19.0	227.606613598,200.212290377,176.031068545,159.11062679,146.155465918,136.987844307,122.943300332,116.668556662,113.057056571,105.476047043,101.29957744,97.486790055,87.4102273351,89.6605734066,84.953082732,85.2694294213,79.7639110054,77.7348988832,81.8268011843,79.9358930171	5	exponential	0.08	88000,,
106424	0.0,1.0,2.0,3.0,4.0,5.0,6.0,7.0,8.0,9.0,10.0,11.0,12.0,13.0,14.0,15.0,16.0,17.0,18.0,19.0	286.910352466,262.6230626,245.791074256,221.447797349,213.941188518,200.606015184,185.574096464,177.332607107,177.352173726,171.802590431,159.25216324,155.468137539,157.517579944,149.669703788,152.833216554,147.674615423,148.341122308,143.186299338,144.772232085,139.249717687	5	exponential	0.08	88000,,
104904	0.0,1.0,2.0,3.0,4.0,5.0,6.0,7.0,8.0,9.0,10.0,11.0,12.0,13.0,14.0,15.0,16.0,17.0,18.0,19.0	68.2838209295,42.5265642301,19.5980254052,-1.05087976984,-10.4316454362,-24.4243908038,-35.5935751907,-46.2694917019,-52.9974290217,-58.9829817505,-60.4332179545,-68.2617090681,-68.4267084508,-66.7078752681,-70.7270021556,-70.6379745958,-76.7959278759,-81.8864486554,-79.4061235567,-83.7131091752	5	exponential	0.08	88000,,
107288	0.0,1.0,2.0,3.0,4.0,5.0,6.0,7.0,8.0,9.0,10.0,11.0,12.0,13.0,14.0,15.0,16.0,17.0,18.0,19.0	155.990049867,128.299931527,110.108115174,87.9180116206,75.7330921017,62.1414860651,53.3179730416,49.3219270654,40.4692897336,33.213121232,24.6756065734,19.4311466528,18.2756196956,17.8308704777,16.1002515502,13.6956134337,9.32642729236,7.37694549282,13.2148979357,8.94119315305	5	exponential	0.08	88000,,
105052	0.0,1.0,2.0,3.0,4.0,5.0,6.0,7.0,8.0,9.0,10.0,11.0,12.0,13.0,14.0,15.0,16.0,17.0,18.0,19.0	210.021067618,185.064108815,167.206721269,149.108118213,134.703367362,127.18607418,110.036184416,109.042559972,96.6158642635,94.4756822851,90.4127721159,88.0559660811,79.8404229115,74.2022609216,72.873010144,77.5231245198,73.6640980859,73.8280649888,70.6468547997,68.3730878668	5	exponential	0.08	88000,,
104517	0.0,1.0,2.0,3.0,4.0,5.0,6.0,7.0,8.0,9.0,10.0,11.0,12.0,13.0,14.0,15.0,16.0,17.0,18.0,19.0	45.4887828817,18.7630760936,-2.47462142679,-15.9382794453,-36.2924608448,-44.9246485023,-51.9107859821,-61.7931822495,-75.536909159,-78.9816219505,-80.5363753367,-83.6735326149,-88.5167059917,-92.0806514239,-95.1849299962,-93.0043936676,-101.78656654,-95.4266590946,-97.3809002401,-102.349888151	5	exponential	0.08	88000,,
106066	0.0,1.0,2.0,3.0,4.0,5.0,6.0,7.0,8.0,9.0,10.0,11.0,12.0,13.0,14.0,15.0,16.0,17.0,18.0,19.0	230.95525556,202.882163504,183.353332117,169.739370102,150.178075311,143.108212642,134.418001401,119.726549679,119.42969191,108.669526904,108.869068047,102.349320202,95.6855848605,98.8319997194,97.1114206236,94.382197532,93.3320631404,87.0389912311,84.4090709544,87.545894488	5	exponential	0.08	88000,,
106745	0.0,1.0,2.0,3.0,4.0,5.0,6.0,7.0,8.0,9.0,10.0,11.0,12.0,13.0,14.0,15.0,16.0,17.0,18.0,19.0	127.641384539,101.431870005,82.0431416628,61.4984520456,46.4252825184,38.1254259328,22.5262897761,18.8971450357,11.6286824596,4.61530930934,-4.30737406071,-8.27083914049,-12.121483852,-12.2401387865,-11.2892263068,-19.3532732764,-16.7337901926,-16.0387741467,-22.354578868,-24.1322665636	5	exponential	0.08	88000,,
105111	0.0,1.0,2.0,3.0,4.0,5.0,6.0,7.0,8.0,9.0,10.0,11.0,12.0,13.0,14.0,15.0,16.0,17.0,18.0,19.0	34.6280324432,10.7843509548,-10.9836211481,-27.4961570159,-45.9614915568,-59.2294024849,-64.1551129042,-71.0504106427,-84.9797737409,-89.3499156926,-90.8351489531,-94.1643632599,-101.337880476,-104.516900661,-103.385105912,-109.898661434,-107.63797637,-110.567007731,-113.657497803,-113.345847163	5	exponential	0.08	88000,,
107350	0.0,1.0,2.0,3.0,4.0,5.0,6.0,7.0,8.0,9.0,10.0,11.0,12.0,13.0,14.0,15.0,16.0,17.0,18.0,19.0	278.937199651,247.696287008,228.982645675,209.286726041,200.968756679,183.070697604,171.955123785,169.245209337,160.50584226,152.966830491,153.717970444,149.409384817,143.577242622,143.602825302,139.099107886,134.014938702,138.166127815,136.230645824,129.469883604,130.358088135	5	exponential	0.08	88000,,
105949	0.0,1.0,2.0,3.0,4.0,5.0,6.0,7.0,8.0,9.0,10.0,11.0,12.0,13.0,14.0,15.0,16.0,17.0,18.0,19.0	237.499076899,218.962910436,194.953310002,178.991875414,165.808067085,154.014561978,144.578127655,128.78384093,124.993256527,117.424519613,112.648857555,112.770653548,106.787268517,106.63187842,99.9632677918,96.4513543179,98.0980707054,100.789720704,94.7919132516,95.4524438834	5	exponential	0.08	88000,,
107783	0.0,1.0,2.0,3.0,4.0,5.0,6.0,7.0,8.0,9.0,10.0,11.0,12.0,13.0,14.0,15.0,16.0,17.0,18.0,19.0	80.0647649127,57.9800513808,32.2312532435,13.3958237792,0.605329958976,-9.45911463314,-17.517722485,-29.9806732403,-36.6589676212,-45.5370389066,-50.5565871039,-47.4496927802,-56.4272794673,-54.0104897216,-56.8808525426,-61.7987397896,-61.7137465893,-62.6606541019,-66.7208530781,-63.1369282469	5	exponential	0.08	88000,,
105037	0.0,1.0,2.0,3.0,4.0,5.0,6.0,7.0,8.0,9.0,10.0,11.0,12.0,13.0,14.0,15.0,16.0,17.0,18.0,19.0	71.6556207107,42.2274222387,23.7379144239,9.11943116959,-10.8521706934,-18.1092458199,-32.9989279889,-35.6172629969,-42.436297646,-53.5544399506,-55.9845069982,-60.8089869554,-59.0858402834,-66.9066837765,-71.0832234573,-69.846379495,-68.668996176,-70.3780699844,-71.1554962665,-77.0544491873	5	exponential	0.08	88000,,
106264	0.0,1.0,2.0,3.0,4.0,5.0,6.0,7.0,8.0,9.0,10.0,11.0,12.0,13.0,14.0,15.0,16.0,17.0,18.0,19.0	266.724467079,238.719411607,217.477047473,197.242606771,182.386669788,177.439442716,165.922524846,159.511511478,151.33423002,139.424586399,141.588603575,134.87341414,129.46241542,129.134655341,125.618758566,123.899351172,123.165573092,124.681582717,118.509337995,115.634108943	5	exponential	0.08	88000,,
104053	0.0,1.0,2.0,3.0,4.0,5.0,6.0,7.0,8.0,9.0,10.0,11.0,12.0,13.0,14.0,15.0,16.0,17.0,18.0,19.0	158.922285696,132.934553693,116.010048319,97.1325172563,79.7058749622,65.8564246191,57.4407636871,49.9972565062,38.4987653248,38.9465219303,28.448050591,25.8013782618,24.0717287591,22.0604078453,18.2349383554,20.298483159,15.0196281612,16.0637542416,14.299442817,11.1983109208	5	exponential	0.08	88000,,
104443	0.0,1.0,2.0,3.0,4.0,5.0,6.0,7.0,8.0,9.0,10.0,11.0,12.0,13.0,14.0,15.0,16.0,17.0,18.0,19.0	224.63416787,200.033305471,183.012988603,160.372753266,149.520989346,141.040683279,123.838002206,120.735048433,109.754914879,107.007466679,103.694808012,97.1102705536,96.8979617208,91.403712916,90.3579011798,83.4828168284,86.5432337224,83.9437923954,81.344456642,84.6848082592	5	exponential	0.08	88000,,
107716	0.0,1.0,2.0,3.0,4.0,5.0,6.0,7.0,8.0,9.0,10.0,11.0,12.0,13.0,14.0,15.0,16.0,17.0,18.0,19.0	174.199460861,147.046594302,127.616532879,106.744220686,92.8323784824,87.4790873215,75.9045460122,64.7052244029,57.3657760714,57.0052947517,43.9138808401,40.6744249462,39.956821519,34.7175985591,31.326254391,29.8367189308,33.0753573835,28.2973103277,27.5314198312,24.4361037764	5	exponential	0.08	88000,,
107600	0.0,1.0,2.0,3.0,4.0,5.0,6.0,7.0,8.0,9.0,10.0,11.0,12.0,13.0,14.0,15.0,16.0,17.0,18.0,19.0	272.954717577,248.967875205,221.335821355,207.924843452,195.060177457,182.541731944,172.496557426,161.639335418,159.01785862,147.827264778,145.932564544,139.530567742,134.883281799,132.274542387,136.021763518,133.89010069,130.867453118,128.659855152,127.778686121,126.032708198	5	exponential	0.08	88000,,
104277	0.0,1.0,2.0,3.0,4.0,5.0,6.0,7.0,8.0,9.0,10.0,11.0,12.0,13.0,14.0,15.0,16.0,17.0,18.0,19.0	83.7729373852,56.6331441133,38.4211562645,25.2108157873,11.9409536792,-0.137017467474,-17.3388097849,-25.1669126767,-29.9264238753,-39.1006928036,-36.6004193605,-47.0049482411,-45.7020457009,-51.187399131,-56.4670125616,-54.6437923433,-54.2601159725,-56.0163718431,-58.1574983668,-59.1528517177	5	exponential	0.08	88000,,
105497	0.0,1.0,2.0,3.0,4.0,5.0,6.0,7.0,8.0,9.0,10.0,11.0,12.0,13.0,14.0,15.0,16.0,17.0,18.0,19.0	93.2987298166,66.809809527,43.6988954961,23.1688559907,15.0445029685,-4.66417030612,-13.9703297653,-18.1240614108,-24.1700119691,-31.3688692434,-39.0987738758,-37.5788084049,-47.6633555693,-45.394070889,-49.5692765381,-54.3277868204,-56.8765754431,-50.7485045613,-53.6627764137,-58.5266438082	5	exponential	0.08	88000,,
104887	0.0,1.0,2.0,3.0,4.0,5.0,6.0,7.0,8.0,9.0,10.0,11.0,12.0,13.0,14.0,15.0,16.0,17.0,18.0,19.0	169.862274459,148.173692816,126.288093634,107.049253537,92.1964523554,86.831431037,76.4062567146,65.8674993907,55.7837196153,51.5097699794,45.4675684434,44.4720185177,39.9858159829,39.5225497652,32.736037733,30.8289136954,32.6240282156,32.0822898221,28.2106394777,27.3085048658	5	exponential	0.08	88000,,
104923	0.0,1.0,2.0,3.0,4.0,5.0,6.0,7.0,8.0,9.0,10.0,11.0,12.0,13.0,14.0,15.0,16.0,17.0,18.0,19.0	79.592977288,50.8892628245,32.9616373335,12.666670441,-3.31174395568,-14.1209065917,-17.87172341,-28.3624978745,-36.9558031413,-47.5071260999,-50.924408905,-54.0651962657,-55.1870987092,-54.6408078605,-59.1814679798,-62.6577187285,-66.5998566986,-66.2349633753,-67.0904562837,-68.3756569224	5	exponential	0.08	88000,,
104788	0.0,1.0,2.0,3.0,4.0,5.0,6.0,7.0,8.0,9.0,10.0,11.0,12.0,13.0,14.0,15.0,16.0,17.0,18.0,19.0	36.0457366403,10.3897979175,-9.99331398774,-28.3795587156,-39.4736312081,-56.4235384773,-59.5426532199,-70.1714735573,-77.732429486,-80.7725740584,-91.4388876465,-95.4494306731,-94.0620211818,-95.4449786451,-103.430942877,-104.010169929,-103.161845763,-105.420379037,-108.623012075,-106.996615581	5	exponential	0.08	88000,,
105485	0.0,1.0,2.0,3.0,4.0,5.0,6.0,7.0,8.0,9.0,10.0,11.0,12.0,13.0,14.0,15.0,16.0,17.0,18.0,19.0	50.1067061015,22.7193394078,8.31782172239,-10.8322313919,-30.7877070823,-42.3990455631,-45.7185778895,-57.2812948902,-68.9480823068,-72.9577112042,-75.3125630492,-79.3497205342,-84.5614498229,-88.2103782712,-85.4920728757,-88.6468899883,-88.3080946774,-88.9308262229,-95.9787077989,-92.4542152288	5	exponential	0.08	88000,,
105753	0.0,1.0,2.0,3.0,4.0,5.0,6.0,7.0,8.0,9.0,10.0,11.0,12.0,13.0,14.0,15.0,16.0,17.0,18.0,19.0	196.844579096,172.945699601,150.547437208,135.947141537,125.054651624,108.994347333,98.1826983374,90.3515794578,86.2771183773,76.2409475718,77.3435802469,68.7359817766,68.6257352339,59.5854716209,59.5211402151,61.0427387197,57.8860703547,58.4769297559,51.7360999553,55.1737001183	5	exponential	0.08	88000,,
104740	0.0,1.0,2.0,3.0,4.0,5.0,6.0,7.0,8.0,9.0,10.0,11.0,12.0,13.0,14.0,15.0,16.0,17.0,18.0,19.0	183.156543073,161.162177652,139.80112733,120.838200563,107.010281923,94.4833064092,81.3260018556,74.8758974909,68.0695047627,62.3570596345,53.1955298837,52.6472260585,49.0739634252,44.8389096345,47.050207629,45.8924001151,39.6965153757,37.7753141165,38.2278312695,37.6576479545	5	exponential	0.08	88000,,
104644	0.0,1.0,2.0,3.0,4.0,5.0,6.0,7.0,8.0,9.0,10.0,11.0,12.0,13.0,14.0,15.0,16.0,17.0,18.0,19.0	107.030394536,75.2360125797,55.4082096235,36.1137276163,22.6509116436,9.29015627473,5.47677938228,-9.46166428419,-15.851314736,-18.5493989782,-21.9989647693,-29.2988589124,-27.6044280754,-35.6886167263,-34.9945327212,-35.171319005,-36.0381112982,-36.778240397,-39.3643201964,-45.0992988472	5	exponential	0.08	88000,,
107948	0.0,1.0,2.0,3.0,4.0,5.0,6.0,7.0,8.0,9.0,10.0,11.0,12.0,13.0,14.0,15.0,16.0,17.0,18.0,19.0	295.979706138,273.107110968,249.690364692,235.100288934,216.311199262,203.627239254,194.590121979,183.409688772,180.464009495,171.637610446,167.506605017,168.05244828,161.202796842,161.004847529,159.387618158,150.854290384,153.117969695,155.148838922,150.568215471,147.531278324	5	exponential	0.08	88000,,
105173	0.0,1.0,2.0,3.0,4.0,5.0,6.0,7.0,8.0,9.0,10.0,11.0,12.0,13.0,14.0,15.0,16.0,17.0,18.0,19.0	64.7692142864,40.2446036784,20.2420085599,-2.81649050845,-14.8429939605,-21.0997862366,-37.9063681294,-46.7115120964,-50.5975328034,-60.5631193593,-64.8943907958,-61.6648812494,-66.9281060594,-74.8919705508,-74.4563309771,-76.2662603206,-81.7770480896,-81.9691670173,-76.5822679742,-84.734980979	5	exponential	0.08	88000,,
104236	0.0,1.0,2.0,3.0,4.0,5.0,6.0,7.0,8.0,9.0,10.0,11.0,12.0,13.0,14.0,15.0,16.0,17.0,18.0,19.0	117.828027099,93.5126870776,72.2149133588,57.940620102,46.0092294652,25.8281942207,21.2614288247,11.3422418443,6.60964859288,1.64183952706,-6.92019650419,-8.07347223387,-12.9460167851,-14.7578420316,-17.7890253629,-20.4177500543,-25.1089553858,-27.3974233333,-23.734182068,-25.3350608724	5	exponential	0.08	88000,,
104768	0.0,1.0,2.0,3.0,4.0,5.0,6.0,7.0,8.0,9.0,10.0,11.0,12.0,13.0,14.0,15.0,16.0,17.0,18.0,19.0	103.32073213,74.4010545292,58.633748018,33.2432651298,22.7439433176,8.78286346818,-2.41040050343,-11.2006826799,-13.4210795011,-23.0534702963,-21.7326396426,-33.3048178303,-30.3742859687,-39.4370790436,-41.8219229694,-35.8022730144,-42.877736808,-42.0625943678,-41.6814577468,-44.6946513495	5	exponential	0.08	88000,,
104424	0.0,1.0,2.0,3.0,4.0,5.0,6.0,7.0,8.0,9.0,10.0,11.0,12.0,13.0,14.0,15.0,16.0,17.0,18.0,19.0	67.7593306122,38.924238275,20.8530762323,6.43340382789,-8.96208256458,-20.8437816234,-33.4111894033,-42.5241760636,-52.7853541275,-54.4383292406,-61.3233603257,-59.5750940538,-67.1114340916,-68.8731629004,-73.0890307273,-70.3994178525,-71.8307261201,-75.6016533425,-75.3634609076,-76.1146777279	5	exponential	0.08	88000,,
105163	0.0,1.0,2.0,3.0,4.0,5.0,6.0,7.0,8.0,9.0,10.0,11.0,12.0,13.0,14.0,15.0,16.0,17.0,18.0,19.0	154.471421526,131.235514777,112.403724662,97.1738353765,83.9798438809,64.2458108813,59.7630037005,51.5737326195,43.3870301874,35.4429436541,30.0743080936,27.0201956178,24.7621564262,26.370130542,17.7283722284,17.738993764,12.3454459101,16.782232144,16.4880703952,10.7235168617	5	exponential	0.08	88000,,
107221	0.0,1.0,2.0,3.0,4.0,5.0,6.0,7.0,8.0,9.0,10.0,11.0,12.0,13.0,14.0,15.0,16.0,17.0,18.0,19.0	109.483541734,80.1053305704,63.3807180653,42.5805650063,33.5973369103,21.7482977908,12.8539814279,-1.12905002106,-3.58987449141,-8.27432552708,-17.1738896339,-22.8882593969,-25.2004888321,-29.4573734782,-26.3798286451,-29.8258042621,-29.7757349824,-38.6482931117,-35.50380567,-33.3060024589	5	exponential	0.08	88000,,
61650	0.0,1.0,2.0,3.0,4.0,5.0,6.0,7.0,8.0,9.0,10.0,11.0,12.0,13.0,14.0,15.0,16.0,17.0,18.0,19.0	-3.57231706887,-1.52270077595,2.47348039398,6.72315592571,10.1055147776,14.2782948184,22.1961550838,26.428694543,29.2418078482,30.1925776836,34.5704071921,38.5746347349,44.5300323631,48.0955806773,52.5714720913,57.303500191,58.9060438197,65.4627808677,68.5502253374,73.0890012053	1	linear	0.08	44000,,
63497	0.0,1.0,2.0,3.0,4.0,5.0,6.0,7.0,8.0,9.0,10.0,11.0,12.0,13.0,14.0,15.0,16.0,17.0,18.0,19.0	-55.5922364372,-50.4443364849,-49.0153068964,-43.2765271732,-37.4994980336,-35.970622696,-30.0419745203,-26.9530787127,-22.4204992273,-18.0759933511,-17.2841119626,-13.4015131786,-9.0555905093,-0.846508526599,-0.881297423291,6.42495543155,9.46332363338,11.1790225971,17.8325037466,19.4399974305	1	linear	0.08	44000,,
61818	0.0,1.0,2.0,3.0,4.0,5.0,6.0,7.0,8.0,9.0,10.0,11.0,12.0,13.0,14.0,15.0,16.0,17.0,18.0,19.0	-30.82404687,-28.0336570602,-22.7512473845,-19.0550144426,-14.9539615193,-12.070518746,-5.56830729426,-4.74514799714,2.15069474532,7.00793611774,10.5498083098,14.0113106259,18.3417597304,19.2612217829,24.7487490609,27.7317014604,34.8766177029,38.2706212458,41.9646995989,46.5585240184	1	linear	0.08	44000,,
62214	0.0,1.0,2.0,3.0,4.0,5.0,6.0,7.0,8.0,9.0,10.0,11.0,12.0,13.0,14.0,15.0,16.0,17.0,18.0,19.0	-54.5787227607,-48.9835299555,-45.2260701675,-40.3366111692,-39.9102065675,-32.4188361591,-29.1428570747,-27.9241026076,-21.7552989124,-16.23059944,-11.8503969411,-8.2976082953,-5.28936109992,-1.95414651372,3.01916813687,5.55427547944,11.0917971161,11.5760619393,16.4908953896,21.694441157	1	linear	0.08	44000,,
62290	0.0,1.0,2.0,3.0,4.0,5.0,6.0,7.0,8.0,9.0,10.0,11.0,12.0,13.0,14.0,15.0,16.0,17.0,18.0,19.0	53.0877115071,57.585571384,57.5989223959,62.4648547513,68.656910245,72.2229583371,74.0132383104,78.2352256951,85.2669915646,87.9557964523,93.0171585811,96.85014047,98.642258226,102.995492676,105.993326908,112.293455628,115.967641562,119.7364666,125.504154197,127.425912758	1	linear	0.08	44000,,
62753	0.0,1.0,2.0,3.0,4.0,5.0,6.0,7.0,8.0,9.0,10.0,11.0,12.0,13.0,14.0,15.0,16.0,17.0,18.0,19.0	-32.8084828642,-28.979672765,-25.0196721208,-18.1750519832,-15.7714957271,-11.89722081,-8.62835846229,-3.0107310798,-0.750884341424,5.48282733602,10.1184000094,12.8789927536,14.4542052416,21.2554424062,25.6085228117,28.362081042,31.7973406333,34.5776513132,40.4326685458,46.3835564371	1	linear	0.08	44000,,
61943	0.0,1.0,2.0,3.0,4.0,5.0,6.0,7.0,8.0,9.0,10.0,11.0,12.0,13.0,14.0,15.0,16.0,17.0,18.0,19.0	-49.2109208127,-42.9631758345,-41.9549052777,-37.220245369,-34.0997515224,-25.9102466549,-22.6918700961,-17.770912914,-15.5615913903,-13.610570046,-6.26382005547,-3.10327205673,-1.50697080026,1.5746357274,9.71120502495,10.0799667917,17.739532912,19.3875945321,25.4023669152,26.2812602537	1	linear	0.08	44000,,
61830	0.0,1.0,2.0,3.0,4.0,5.0,6.0,7.0,8.0,9.0,10.0,11.0,12.0,13.0,14.0,15.0,16.0,17.0,18.0,19.0	21.9574971153,25.1723502694,27.4833113665,33.2238273861,35.038521036,42.358814056,44.3279287054,45.9298908223,51.4608646088,57.9344903936,57.7163482795,65.2037076842,66.4557543636,70.5682317253,74.9111740544,78.0300530984,82.4985554265,86.1039940796,92.10055345,97.2883227697	1	linear	0.08	44000,,
61853	0.0,1.0,2.0,3.0,4.0,5.0,6.0,7.0,8.0,9.0,10.0,11.0,12.0,13.0,14.0,15.0,16.0,17.0,18.0,19.0	68.8658220524,75.2235566778,78.1390665953,84.5559830411,86.1186064683,89.3672143144,93.7074264859,100.335182149,101.07866316,108.016428549,111.490406822,113.179603485,118.42735037,122.537806204,124.313145246,130.797069707,132.405113214,138.057621718,143.673415765,146.079416595	1	linear	0.08	44000,,
63592	0.0,1.0,2.0,3.0,4.0,5.0,6.0,7.0,8.0,9.0,10.0,11.0,12.0,13.0,14.0,15.0,16.0,17.0,18.0,19.0	3.88155712885,8.00591456948,13.47067274,16.5945734269,18.4263259215,24.5480980766,25.6952680079,30.5860734765,33.4141245511,38.6149354454,44.602920666,45.7043473872,50.9237470611,55.3016652892,60.9864388863,63.972920023,68.5190429056,69.5045571843,73.6951991177,78.134583626	1	linear	0.08	44000,,
60555	0.0,1.0,2.0,3.0,4.0,5.0,6.0,7.0,8.0,9.0,10.0,11.0,12.0,13.0,14.0,15.0,16.0,17.0,18.0,19.0	54.3564103072,59.1965314451,59.2875209884,66.2784035096,68.8414456534,74.0524083184,77.6215445482,79.6965685858,84.7596931147,87.7291530028,94.3488396676,99.0998080639,99.4063840126,103.954699868,107.632652672,112.252572733,117.423081365,122.64455913,124.436953423,132.014950622	1	linear	0.08	44000,,
62388	0.0,1.0,2.0,3.0,4.0,5.0,6.0,7.0,8.0,9.0,10.0,11.0,12.0,13.0,14.0,15.0,16.0,17.0,18.0,19.0	-61.2495521367,-55.6538447676,-50.2211755842,-47.9048386272,-44.3406606619,-39.0308334187,-36.0849847593,-32.2752187202,-28.399258048,-23.2418889698,-18.5772589443,-16.4405865631,-12.8509169864,-10.4067294916,-3.71693006471,-0.286336884673,3.28460628039,9.07510114116,9.75060393306,17.2573977956	1	linear	0.08	44000,,
60621	0.0,1.0,2.0,3.0,4.0,5.0,6.0,7.0,8.0,9.0,10.0,11.0,12.0,13.0,14.0,15.0,16.0,17.0,18.0,19.0	51.4926423267,57.4928702183,62.4957571058,63.9601596064,66.1138907374,73.3648631287,78.0308219917,82.232983598,86.1658931845,90.4230485947,93.2418417732,94.2289584458,99.3024525946,105.683945714,107.554274624,109.88521453,115.065447644,119.717821503,125.295831839,129.207742014	1	linear	0.08	44000,,
60723	0.0,1.0,2.0,3.0,4.0,5.0,6.0,7.0,8.0,9.0,10.0,11.0,12.0,13.0,14.0,15.0,16.0,17.0,18.0,19.0	-7.09095558785,-3.33798900437,1.11664130555,4.74050520597,10.8880991683,17.2051897583,17.6730640832,22.818941692,24.9631927694,31.2428126749,33.185909949,39.8776756178,44.3813239026,48.0244985247,50.0406802302,54.6785859538,58.5576773739,61.3126590719,67.6982422374,73.0733253269	1	linear	0.08	44000,,
62634	0.0,1.0,2.0,3.0,4.0,5.0,6.0,7.0,8.0,9.0,10.0,11.0,12.0,13.0,14.0,15.0,16.0,17.0,18.0,19.0	61.8100287806,65.9234051491,71.2883033964,76.4281704155,77.078906137,81.8575146914,86.2693003372,92.0771677057,92.6685978009,98.396603074,101.409574874,104.913173134,111.919803871,115.215936453,116.888220146,123.978450524,126.963947319,129.299148166,134.181023903,139.903352581	1	linear	0.08	44000,,
62589	0.0,1.0,2.0,3.0,4.0,5.0,6.0,7.0,8.0,9.0,10.0,11.0,12.0,13.0,14.0,15.0,16.0,17.0,18.0,19.0	69.118444453,70.9280736572,76.8667284813,80.4452117516,85.5212352263,89.220346057,93.3257224704,96.8225205235,100.027203834,105.139480502,109.545334038,113.7108407,115.123030422,118.508354124,121.916237387,129.111911265,132.21024868,134.55217698,142.449569857,142.94658363	1	linear	0.08	44000,,
60540	0.0,1.0,2.0,3.0,4.0,5.0,6.0,7.0,8.0,9.0,10.0,11.0,12.0,13.0,14.0,15.0,16.0,17.0,18.0,19.0	82.6262401194,86.4237819128,92.2600290045,96.1130426354,98.9533942292,101.473430032,104.244998085,109.018487253,114.427510389,119.589992779,119.852425756,126.852809063,128.035294041,134.276527749,139.227397112,143.562956632,143.89901441,149.844502728,153.146797853,157.097674421	1	linear	0.08	44000,,
60672	0.0,1.0,2.0,3.0,4.0,5.0,6.0,7.0,8.0,9.0,10.0,11.0,12.0,13.0,14.0,15.0,16.0,17.0,18.0,19.0	41.9933382777,45.5802258178,47.8125490805,51.3091785786,58.2682300721,60.8255967051,63.8076324417,70.888751245,71.9983417516,78.9640672853,78.6810047498,83.4253254099,90.9299864358,90.9006448791,97.6680690934,98.649766378,104.629121319,110.294299079,113.385864838,119.188537212	1	linear	0.08	44000,,
62261	0.0,1.0,2.0,3.0,4.0,5.0,6.0,7.0,8.0,9.0,10.0,11.0,12.0,13.0,14.0,15.0,16.0,17.0,18.0,19.0	-60.5917034986,-56.3592374396,-51.1598081476,-45.6026037591,-43.3544991281,-39.9070301624,-33.8360512404,-31.8972548779,-27.7801054914,-20.4185585297,-19.0229598274,-12.9313088517,-12.7782111402,-6.32398024756,-4.02457557317,1.00515148913,5.88778556572,9.90614692705,12.0038730085,16.1155816852	1	linear	0.08	44000,,
62366	0.0,1.0,2.0,3.0,4.0,5.0,6.0,7.0,8.0,9.0,10.0,11.0,12.0,13.0,14.0,15.0,16.0,17.0,18.0,19.0	40.5396790323,45.7865448192,48.5876712328,53.2440261924,58.4333106174,62.1780890634,63.8773702183,66.3550240445,74.4225141245,77.9965532233,78.5291653494,82.7001642497,86.6351839199,92.0993015105,96.7545790463,98.2642353811,106.512686874,105.937181582,114.577378719,116.461070882	1	linear	0.08	44000,,
61350	0.0,1.0,2.0,3.0,4.0,5.0,6.0,7.0,8.0,9.0,10.0,11.0,12.0,13.0,14.0,15.0,16.0,17.0,18.0,19.0	26.4329213012,28.8181112554,31.7744274883,37.0724665184,43.5523018331,47.917020018,48.4051691317,54.1103261997,56.968390479,64.1221095669,66.5873575688,71.6847054836,74.8015217235,76.1158916763,82.53319446,85.6099812965,89.8123133146,94.3550573889,98.1865715177,102.840953231	1	linear	0.08	44000,,
62129	0.0,1.0,2.0,3.0,4.0,5.0,6.0,7.0,8.0,9.0,10.0,11.0,12.0,13.0,14.0,15.0,16.0,17.0,18.0,19.0	-46.1696336755,-45.3425579137,-40.1316475104,-34.8711655332,-32.7465888492,-25.0478288721,-21.0726095249,-18.6102816323,-13.2161082106,-9.22449032737,-8.47089915832,-3.04912177262,-0.100051904715,6.2994386284,7.27546999763,14.7087999922,15.4968038098,21.6688369958,25.9402348978,29.7663917627	1	linear	0.08	44000,,
62838	0.0,1.0,2.0,3.0,4.0,5.0,6.0,7.0,8.0,9.0,10.0,11.0,12.0,13.0,14.0,15.0,16.0,17.0,18.0,19.0	91.7880818967,96.2825820207,98.4560471704,101.33738261,108.624253953,111.132599127,112.861221556,116.093043715,123.208625233,126.841350866,129.400170407,132.668804382,137.997055164,143.276493607,144.722406904,151.854921308,155.82007408,157.651044983,163.328914846,167.346385915	1	linear	0.08	44000,,
62465	0.0,1.0,2.0,3.0,4.0,5.0,6.0,7.0,8.0,9.0,10.0,11.0,12.0,13.0,14.0,15.0,16.0,17.0,18.0,19.0	35.038640333,36.4979764603,41.6387037422,47.6929794073,50.4708630785,54.6180069292,56.4798734181,64.3416104837,63.7913177761,70.9250236247,73.040309326,78.5428215639,84.0266581455,86.1114427076,87.9759562937,94.8404981368,98.0359870747,102.769520673,107.283603965,108.781283899	1	linear	0.08	44000,,
61309	0.0,1.0,2.0,3.0,4.0,5.0,6.0,7.0,8.0,9.0,10.0,11.0,12.0,13.0,14.0,15.0,16.0,17.0,18.0,19.0	63.6458810244,63.7335492836,72.0600484585,73.17356658,79.1230107387,80.3086541687,88.0952813521,87.8137591103,94.7220796253,98.1081440379,100.191498893,103.982220239,110.054968373,114.968277677,116.727869461,121.518178178,124.719744763,129.206084256,132.80246223,138.089105443	1	linear	0.08	44000,,
60767	0.0,1.0,2.0,3.0,4.0,5.0,6.0,7.0,8.0,9.0,10.0,11.0,12.0,13.0,14.0,15.0,16.0,17.0,18.0,19.0	89.2221668795,92.0107794944,99.2777285658,101.993143861,103.557212631,109.326044055,112.710435957,115.61091453,123.415911051,124.608372583,127.974656516,133.60771087,138.675403009,143.660531809,143.168161075,151.462358339,152.5171767,159.53828336,160.532649927,164.930557673	1	linear	0.08	44000,,
61100	0.0,1.0,2.0,3.0,4.0,5.0,6.0,7.0,8.0,9.0,10.0,11.0,12.0,13.0,14.0,15.0,16.0,17.0,18.0,19.0	-27.0850311142,-23.9559571558,-18.8906969151,-16.641686397,-11.6387101381,-8.60129444372,-4.51359981594,2.70867737387,5.76748157362,8.49037665458,12.3982024058,17.8975851478,21.8360116363,25.6860347025,30.1558403595,32.1028602443,38.0759066807,39.546269073,42.5756167402,48.7751136609	1	linear	0.08	44000,,
62765	0.0,1.0,2.0,3.0,4.0,5.0,6.0,7.0,8.0,9.0,10.0,11.0,12.0,13.0,14.0,15.0,16.0,17.0,18.0,19.0	-27.968809749,-23.6971981438,-21.2222745102,-14.2888238912,-13.8640249474,-7.97884644664,-3.56733442896,-0.126707688633,3.19726618778,6.04378858641,14.2523605485,14.1361124394,20.1307821342,22.0463845146,29.9492312,30.4560538369,35.3808781176,38.1343695601,42.1320119962,46.8240804289	1	linear	0.08	44000,,
63062	0.0,1.0,2.0,3.0,4.0,5.0,6.0,7.0,8.0,9.0,10.0,11.0,12.0,13.0,14.0,15.0,16.0,17.0,18.0,19.0	-2.55204969563,0.35344976028,6.25450781814,9.27262385162,13.1977300767,17.5969374261,18.8553954736,26.1893554382,30.7440988252,32.9392560683,35.38928142,40.711793533,45.9659198046,51.0864380624,53.1351236871,57.7789201158,58.8552573255,64.7506959441,70.5670114959,74.0295758386	1	linear	0.08	44000,,
62976	0.0,1.0,2.0,3.0,4.0,5.0,6.0,7.0,8.0,9.0,10.0,11.0,12.0,13.0,14.0,15.0,16.0,17.0,18.0,19.0	73.4215809715,78.2999584514,80.8842820991,86.0023367561,92.9040919628,93.5774040832,100.28641766,100.773106789,106.255746868,110.491945151,114.475312643,117.797113924,123.298801469,126.981244778,131.674763877,135.813453755,137.211151457,143.637300313,145.958309492,149.28917715	1	linear	0.08	44000,,
61552	0.0,1.0,2.0,3.0,4.0,5.0,6.0,7.0,8.0,9.0,10.0,11.0,12.0,13.0,14.0,15.0,16.0,17.0,18.0,19.0	-31.1179982608,-27.379069569,-24.0692095329,-21.9949137804,-16.6204624996,-11.802294498,-10.3002841873,-3.66918415221,-2.12581652469,2.89604847652,7.13581732688,9.88685092477,15.9874422805,16.2269914027,20.6003088802,27.4096282204,32.8765104724,36.2823600963,37.8131060695,43.3381928219	1	linear	0.08	44000,,
60753	0.0,1.0,2.0,3.0,4.0,5.0,6.0,7.0,8.0,9.0,10.0,11.0,12.0,13.0,14.0,15.0,16.0,17.0,18.0,19.0	68.4413314073,71.3283005467,75.6265310786,82.5625404333,86.2449669339,90.2744189455,94.4753968868,99.2831444749,102.74383682,104.122367852,107.412125241,112.803777807,118.663333623,120.585497523,124.2913277,129.090241642,135.351721739,135.837539256,141.13059803,145.525920841	1	linear	0.08	44000,,
60817	0.0,1.0,2.0,3.0,4.0,5.0,6.0,7.0,8.0,9.0,10.0,11.0,12.0,13.0,14.0,15.0,16.0,17.0,18.0,19.0	70.1348102756,78.5721190257,81.0450990644,86.2446265558,86.9221052532,93.8636452965,98.4931484477,102.045220527,105.240757479,109.33887949,111.168209571,117.651166297,119.85634077,126.117437689,130.439622221,130.683975116,135.488111164,142.340093046,143.986821759,146.883784206	1	linear	0.08	44000,,
61867	0.0,1.0,2.0,3.0,4.0,5.0,6.0,7.0,8.0,9.0,10.0,11.0,12.0,13.0,14.0,15.0,16.0,17.0,18.0,19.0	-46.0216903623,-43.7930088077,-38.6851319725,-33.7295497559,-29.6317146196,-25.7235804229,-26.1126272543,-21.7964437046,-17.0328299438,-12.1146242067,-9.36480011575,-1.67453206309,-1.31285677754,3.67521044691,5.72568136541,14.1286900309,18.3693969798,18.1749098811,25.3644178039,27.4214871515	1	linear	0.08	44000,,
60308	0.0,1.0,2.0,3.0,4.0,5.0,6.0,7.0,8.0,9.0,10.0,11.0,12.0,13.0,14.0,15.0,16.0,17.0,18.0,19.0	-11.9547954324,-6.68205638563,-3.63035184575,1.68121077021,3.43577591305,8.03694477034,15.2649078026,16.7823502977,20.3748280828,25.1078167792,27.8848461386,33.2686287543,35.5035169118,40.351035476,46.3676265664,47.6535069642,51.2660428478,56.8233500143,61.8854355247,66.8969198595	1	linear	0.08	44000,,
60147	0.0,1.0,2.0,3.0,4.0,5.0,6.0,7.0,8.0,9.0,10.0,11.0,12.0,13.0,14.0,15.0,16.0,17.0,18.0,19.0	81.6686339753,84.48572904,87.5966557695,91.3860991476,98.7030143713,101.400405927,105.243263091,108.065762965,112.376643722,117.419157225,118.936823669,123.671077695,129.061666145,134.016657856,138.016068822,140.028882896,147.404540584,149.446518479,155.534874295,158.295226098	1	linear	0.08	44000,,
61559	0.0,1.0,2.0,3.0,4.0,5.0,6.0,7.0,8.0,9.0,10.0,11.0,12.0,13.0,14.0,15.0,16.0,17.0,18.0,19.0	38.9908337057,40.4927786379,45.5855500161,47.2508518963,51.3443473935,56.6542396014,59.7356570624,67.2143875593,67.8837919705,71.6663295548,77.5915203527,82.8287947545,85.928244756,87.0349857679,93.9079133435,98.768614527,99.9686128312,103.926668284,108.61607738,112.597227907	1	linear	0.08	44000,,
61226	0.0,1.0,2.0,3.0,4.0,5.0,6.0,7.0,8.0,9.0,10.0,11.0,12.0,13.0,14.0,15.0,16.0,17.0,18.0,19.0	14.6498709385,18.754864319,24.6999495983,25.2542397499,29.939350537,34.6369443366,38.145296689,41.8091880779,47.5267457701,51.7062436612,57.0813044375,59.3368984929,64.6206029275,68.09572478,73.771427934,77.768109565,81.1057575836,81.9526796376,87.6141075566,89.9464303897	1	linear	0.08	44000,,
63145	0.0,1.0,2.0,3.0,4.0,5.0,6.0,7.0,8.0,9.0,10.0,11.0,12.0,13.0,14.0,15.0,16.0,17.0,18.0,19.0	69.9347165401,72.9682030658,78.0734555193,81.7232696592,84.3116214365,88.3711835494,93.123395445,100.165753991,103.286673731,106.774277986,111.358737049,114.905829172,119.799406963,123.653547155,128.136938726,130.413035345,132.282519542,136.640271971,141.402086326,145.318543162	1	linear	0.08	44000,,
63596	0.0,1.0,2.0,3.0,4.0,5.0,6.0,7.0,8.0,9.0,10.0,11.0,12.0,13.0,14.0,15.0,16.0,17.0,18.0,19.0	-43.4687254999,-40.5103784647,-38.3878073048,-30.667230522,-29.2016758527,-22.8754701812,-20.0458216548,-16.9847345681,-14.6677213721,-8.92677078523,-3.21835932299,0.579346284458,1.6316659979,7.13841489073,9.16214389133,13.8061621446,21.5826793605,25.2284397148,26.9640829386,31.7974414164	1	linear	0.08	44000,,
62740	0.0,1.0,2.0,3.0,4.0,5.0,6.0,7.0,8.0,9.0,10.0,11.0,12.0,13.0,14.0,15.0,16.0,17.0,18.0,19.0	-20.2224165395,-18.2500477356,-13.3392771042,-9.70678842513,-5.70527570973,1.39366750878,3.84516263045,5.62928746119,9.9798623664,15.0094387464,21.1640996102,25.4499067706,25.9059594599,30.0156911232,36.1754415584,37.5176308766,43.4238729481,48.8222266854,50.9133736326,53.3510686081	1	linear	0.08	44000,,
60153	0.0,1.0,2.0,3.0,4.0,5.0,6.0,7.0,8.0,9.0,10.0,11.0,12.0,13.0,14.0,15.0,16.0,17.0,18.0,19.0	-20.6803583508,-18.9084634035,-12.9424357659,-11.1213422855,-7.41629135718,-3.10942951915,2.30236302115,5.34479418673,7.92312554281,12.1539717761,19.5681331172,23.0946213868,27.5472693184,27.0570818111,34.6452352315,38.1283050359,42.1487527831,44.39283045,47.5402727047,53.1639403395	1	linear	0.08	44000,,
60598	0.0,1.0,2.0,3.0,4.0,5.0,6.0,7.0,8.0,9.0,10.0,11.0,12.0,13.0,14.0,15.0,16.0,17.0,18.0,19.0	55.3324669026,59.6106601043,62.6769762228,67.8509574934,74.4324691835,76.8608504693,79.4528134706,84.01196286,86.6071820535,93.1176039987,98.0112638263,97.8479018938,104.782254759,109.661660413,113.563321937,113.957831478,122.419200423,124.422682742,128.299832801,130.579169188	1	linear	0.08	44000,,
63413	0.0,1.0,2.0,3.0,4.0,5.0,6.0,7.0,8.0,9.0,10.0,11.0,12.0,13.0,14.0,15.0,16.0,17.0,18.0,19.0	-53.6415809587,-49.0520489561,-41.2924206313,-41.6384974228,-37.191572155,-31.1994790555,-27.6384168144,-24.1979640985,-20.1553128471,-13.8235940897,-12.7822091226,-5.34472822832,-1.46680222475,2.54423645615,4.22752436433,10.0136394548,14.3363802359,16.3432260955,18.7868088094,23.9660057493	1	linear	0.08	44000,,
62427	0.0,1.0,2.0,3.0,4.0,5.0,6.0,7.0,8.0,9.0,10.0,11.0,12.0,13.0,14.0,15.0,16.0,17.0,18.0,19.0	80.5604269931,84.6706725045,89.9039583536,89.913455789,95.0847355947,101.101254039,102.069685233,109.772393022,112.294731979,117.622844735,119.390326837,124.446547072,128.141011887,132.817112047,135.937932739,140.827179317,145.368909153,148.206032965,152.483855445,154.641697151	1	linear	0.08	44000,,
63959	0.0,1.0,2.0,3.0,4.0,5.0,6.0,7.0,8.0,9.0,10.0,11.0,12.0,13.0,14.0,15.0,16.0,17.0,18.0,19.0	-1.47967294006,-0.373115021066,5.85698207247,11.389837903,13.2546735793,16.3281213147,20.234011638,25.1726219418,29.7305370526,33.2205435251,39.8194063332,42.1763615565,44.6969825835,49.0260227644,56.0232344405,55.8498695263,62.0734125148,65.8392459059,70.0998868484,73.7569510985	1	linear	0.08	44000,,
60528	0.0,1.0,2.0,3.0,4.0,5.0,6.0,7.0,8.0,9.0,10.0,11.0,12.0,13.0,14.0,15.0,16.0,17.0,18.0,19.0	-39.0896730279,-35.3020915916,-31.0171317288,-28.4115833679,-23.5985453386,-23.0616542007,-15.6506368088,-13.8544500593,-11.0859644451,-5.1174512944,-1.33124594842,3.18848096421,6.93722070392,12.4196584179,12.929420299,16.9537124937,23.4230286161,28.5629789055,29.5106634504,34.4873085259	1	linear	0.08	44000,,
63911	0.0,1.0,2.0,3.0,4.0,5.0,6.0,7.0,8.0,9.0,10.0,11.0,12.0,13.0,14.0,15.0,16.0,17.0,18.0,19.0	43.4684830218,47.6616071522,52.3931402674,53.2841760258,57.2305373094,63.9136691496,65.3652411191,72.3517375499,77.2608295586,77.3751611871,84.4157220685,87.9449643121,89.1926695437,96.3113086941,97.8817840704,103.252445652,105.299113363,113.130421407,116.747841891,118.701696357	1	linear	0.08	44000,,
61036	0.0,1.0,2.0,3.0,4.0,5.0,6.0,7.0,8.0,9.0,10.0,11.0,12.0,13.0,14.0,15.0,16.0,17.0,18.0,19.0	-53.9645846912,-52.2891333222,-46.4913601858,-44.3838533614,-36.9712966007,-32.6548512147,-28.5635781944,-27.9828116743,-23.7832348123,-17.3407983462,-14.7838997187,-10.2888975776,-8.12603530126,-0.802661422846,2.7356209678,3.14245221308,11.3380419267,11.2127563568,17.4809167373,23.7631334463	1	linear	0.08	44000,,
60252	0.0,1.0,2.0,3.0,4.0,5.0,6.0,7.0,8.0,9.0,10.0,11.0,12.0,13.0,14.0,15.0,16.0,17.0,18.0,19.0	-35.167065682,-28.7027963916,-27.0410102571,-25.2207271302,-19.9077163047,-15.6374148825,-11.4489059085,-9.11524353045,-0.989072878175,-0.762638089058,7.20574148341,11.0605859743,10.9322033302,17.4425664994,21.2128266406,24.8258556063,28.1704240499,31.6765255493,38.2030355876,42.7969474932	1	linear	0.08	44000,,
62019	0.0,1.0,2.0,3.0,4.0,5.0,6.0,7.0,8.0,9.0,10.0,11.0,12.0,13.0,14.0,15.0,16.0,17.0,18.0,19.0	-38.6375259119,-34.2751303881,-27.4474023891,-26.8163631577,-19.8292595706,-14.4123023084,-14.1457185032,-9.37611729776,-4.50144119911,1.73502473909,1.63640893825,7.01344657073,10.7688653223,14.3757572488,20.0728702507,22.589837641,27.8190995576,29.1657058723,34.3353519801,38.3372809412	1	linear	0.08	44000,,
63018	0.0,1.0,2.0,3.0,4.0,5.0,6.0,7.0,8.0,9.0,10.0,11.0,12.0,13.0,14.0,15.0,16.0,17.0,18.0,19.0	51.9552150248,57.0872793477,58.8930610329,62.9868920028,68.6236834491,72.8256451247,74.8277971785,80.2003831383,83.3213472488,88.5925915541,90.7374173019,98.064927552,102.860880426,106.401032923,107.8507093,110.980330448,118.079113345,122.960010558,124.404344479,127.032241827	1	linear	0.08	44000,,
63060	0.0,1.0,2.0,3.0,4.0,5.0,6.0,7.0,8.0,9.0,10.0,11.0,12.0,13.0,14.0,15.0,16.0,17.0,18.0,19.0	73.6599495427,75.8758691644,78.6450818127,83.8951892892,89.2443859064,94.4782519561,98.491210394,99.4389263993,102.822906972,107.220679879,110.588591242,114.748182557,120.803935994,126.120831538,128.515665004,131.088162675,137.089357578,140.173112309,143.302810164,149.475892511	1	linear	0.08	44000,,
61093	0.0,1.0,2.0,3.0,4.0,5.0,6.0,7.0,8.0,9.0,10.0,11.0,12.0,13.0,14.0,15.0,16.0,17.0,18.0,19.0	-60.097025823,-56.1669810831,-51.6115703053,-48.7656888043,-42.0510835979,-38.7133672481,-35.8677573151,-32.5172885629,-28.7462154658,-25.3233340084,-20.5429575027,-15.9259974327,-14.2279817004,-6.87617272827,-2.87682421172,-1.7356677231,4.97727301879,8.5712064482,10.4091282176,14.6322847958	1	linear	0.08	44000,,
63216	0.0,1.0,2.0,3.0,4.0,5.0,6.0,7.0,8.0,9.0,10.0,11.0,12.0,13.0,14.0,15.0,16.0,17.0,18.0,19.0	-38.335555894,-34.9541998808,-30.8864043924,-26.9929946832,-26.4913518464,-21.5245175358,-18.4835644052,-10.8197929246,-7.38108743465,-3.71123778125,-2.03090440997,4.69931159832,7.96103628869,9.60439175047,17.6416709013,21.0594639968,25.3697863281,26.9956931269,32.7329519874,34.2911333523	1	linear	0.08	44000,,
63281	0.0,1.0,2.0,3.0,4.0,5.0,6.0,7.0,8.0,9.0,10.0,11.0,12.0,13.0,14.0,15.0,16.0,17.0,18.0,19.0	34.1800287024,35.9879786621,44.193869531,48.4560470586,52.1516744329,51.9065922324,60.4124811283,62.5241820725,64.9015213646,70.0600365458,75.8544084626,77.9802126722,81.6614934077,87.2864561081,91.1190643448,94.1251936853,98.6292282372,103.994947431,107.62730267,110.795964133	1	linear	0.08	44000,,
61141	0.0,1.0,2.0,3.0,4.0,5.0,6.0,7.0,8.0,9.0,10.0,11.0,12.0,13.0,14.0,15.0,16.0,17.0,18.0,19.0	7.11373875417,8.83399150297,13.3230563393,19.003949666,22.1951379633,26.8392256229,31.1088066989,32.970168437,36.2502807721,41.813491625,43.2269084622,48.8261063934,51.903662049,57.4323783321,59.278669591,64.622653354,71.3807761686,75.1570850516,79.3425073824,80.1947607606	1	linear	0.08	44000,,
63609	0.0,1.0,2.0,3.0,4.0,5.0,6.0,7.0,8.0,9.0,10.0,11.0,12.0,13.0,14.0,15.0,16.0,17.0,18.0,19.0	43.2607868849,49.6082013546,53.3581050661,57.6792384811,59.0470538339,63.5274477694,65.6015348828,69.9310600586,76.3318770965,77.7088699339,82.1392957563,85.7206980807,92.1497719089,93.6027202532,98.6696416829,105.83300308,109.163054935,110.576980514,117.167116057,120.171303596	1	linear	0.08	44000,,
63140	0.0,1.0,2.0,3.0,4.0,5.0,6.0,7.0,8.0,9.0,10.0,11.0,12.0,13.0,14.0,15.0,16.0,17.0,18.0,19.0	83.7616081225,84.7097074644,91.3816574093,92.1182815884,97.2767613269,104.162831993,106.443767591,110.0972725,112.36613527,117.875412878,120.213426632,124.21701537,131.31840499,132.361030596,139.519080131,141.482880247,147.865479389,151.295486212,155.298437985,157.203559926	1	linear	0.08	44000,,
63553	0.0,1.0,2.0,3.0,4.0,5.0,6.0,7.0,8.0,9.0,10.0,11.0,12.0,13.0,14.0,15.0,16.0,17.0,18.0,19.0	-52.6521116488,-49.4460112805,-42.9516067036,-41.9747846176,-36.5698900339,-33.3630585459,-30.7133964864,-23.5280954784,-20.1244267929,-18.6280623942,-12.5501026911,-8.97872688772,-3.2099700794,-1.68074013044,3.34798200902,5.77550327023,12.9873754168,17.0186815563,17.5633637107,25.1196947224	1	linear	0.08	44000,,
60897	0.0,1.0,2.0,3.0,4.0,5.0,6.0,7.0,8.0,9.0,10.0,11.0,12.0,13.0,14.0,15.0,16.0,17.0,18.0,19.0	38.3736748777,42.1615232661,44.4563969584,48.5727973208,51.0317539463,53.8295671193,57.8868308446,64.9933812882,70.2002138964,71.9581910713,75.0463692286,81.3781403258,83.1140533513,89.5490954931,91.455807608,94.1570607903,98.3635700267,104.402558289,108.960974824,109.918361153	1	linear	0.08	44000,,
60711	0.0,1.0,2.0,3.0,4.0,5.0,6.0,7.0,8.0,9.0,10.0,11.0,12.0,13.0,14.0,15.0,16.0,17.0,18.0,19.0	2.87962200222,7.70271594264,11.2303098219,15.4450240957,19.388989519,21.5563972789,24.3322855944,29.5657498786,35.2486752964,39.7604625465,42.2269071649,47.0377380123,51.1129016733,53.8333437087,60.7549641257,61.3034407201,66.0058080943,72.5242673135,76.346093885,78.281626879	1	linear	0.08	44000,,
63045	0.0,1.0,2.0,3.0,4.0,5.0,6.0,7.0,8.0,9.0,10.0,11.0,12.0,13.0,14.0,15.0,16.0,17.0,18.0,19.0	29.2061947858,35.0913841491,40.9891839603,43.6119016828,49.0681410814,49.0383294434,55.4570234875,58.1304612967,63.1030097403,65.556287944,70.1297450624,75.420830808,79.0878293258,82.0683888236,86.6393076122,92.5459665602,92.6136032581,98.1309075307,102.363839441,106.108615235	1	linear	0.08	44000,,
63126	0.0,1.0,2.0,3.0,4.0,5.0,6.0,7.0,8.0,9.0,10.0,11.0,12.0,13.0,14.0,15.0,16.0,17.0,18.0,19.0	-0.056471036962,3.22180877385,10.9162992604,13.2025028255,15.7740266234,20.7976098931,24.4598273139,29.2857151884,32.2388238265,36.0221510807,40.6741372941,44.2695760302,47.6549858056,53.4336549476,56.0824570732,61.1548341572,63.6986952163,70.0204484094,74.6362599196,77.4630644354	1	linear	0.08	44000,,
61236	0.0,1.0,2.0,3.0,4.0,5.0,6.0,7.0,8.0,9.0,10.0,11.0,12.0,13.0,14.0,15.0,16.0,17.0,18.0,19.0	-25.9129995368,-23.1139737782,-20.5295935622,-14.0884744878,-11.073730435,-9.91095881972,-1.9983980477,-0.123770435246,4.03582015171,10.4657878693,13.2395218693,15.7768073135,19.8995994189,26.0735809524,27.8486294011,30.930344364,38.2708525875,40.1069651168,43.4879340969,47.9267559836	1	linear	0.08	44000,,
60532	0.0,1.0,2.0,3.0,4.0,5.0,6.0,7.0,8.0,9.0,10.0,11.0,12.0,13.0,14.0,15.0,16.0,17.0,18.0,19.0	25.6524482697,31.9240415023,34.0916342014,37.7592020314,40.6399654115,44.7997339131,52.3160588456,53.3230603867,57.5776109129,63.2217810401,68.8738107795,73.2009334144,73.2143934494,81.0548271252,82.7527582902,88.7527314166,89.8824379373,96.8923387686,96.8008048621,103.23138514	1	linear	0.08	44000,,
60238	0.0,1.0,2.0,3.0,4.0,5.0,6.0,7.0,8.0,9.0,10.0,11.0,12.0,13.0,14.0,15.0,16.0,17.0,18.0,19.0	25.4310351141,29.9074176062,35.7303942449,38.7736656466,41.7390936271,47.9179435312,49.8579860217,51.8400549115,56.1416635165,60.7978795648,64.1147970182,69.9960012652,74.2627292479,76.8532558395,82.477678048,85.2692936584,91.88339174,91.5528356718,95.896285423,101.537838157	1	linear	0.08	44000,,
61514	0.0,1.0,2.0,3.0,4.0,5.0,6.0,7.0,8.0,9.0,10.0,11.0,12.0,13.0,14.0,15.0,16.0,17.0,18.0,19.0	50.5477410458,55.563292836,58.597458863,63.4437479937,70.7324438778,71.8908040982,75.389827939,78.0090977044,84.9404267197,87.7075626327,94.1908535041,94.9102125031,98.8664047982,102.218774906,108.136683282,111.992003589,114.820940439,118.707396984,126.174775658,128.823159821	1	linear	0.08	44000,,
62272	0.0,1.0,2.0,3.0,4.0,5.0,6.0,7.0,8.0,9.0,10.0,11.0,12.0,13.0,14.0,15.0,16.0,17.0,18.0,19.0	14.3674726465,18.2140787216,22.1941326375,26.6054442088,33.1341490933,36.0289670868,40.1124097345,42.4804484818,45.2847661282,49.8311630128,54.2319094843,59.45454774,64.6957628607,68.8360354186,69.8183687511,75.9212690006,80.9185768913,84.7571654843,87.42104873,92.1626777866	1	linear	0.08	44000,,
60248	0.0,1.0,2.0,3.0,4.0,5.0,6.0,7.0,8.0,9.0,10.0,11.0,12.0,13.0,14.0,15.0,16.0,17.0,18.0,19.0	55.1030947118,59.5691778321,64.0899288194,66.1700644375,73.7658019706,77.150896853,81.0367268016,84.4957606669,86.4782448608,90.4755177663,97.3525635608,100.659240988,103.112458689,108.996342185,112.271377694,117.264913787,120.075201106,122.299646808,126.366282373,130.69075406	1	linear	0.08	44000,,
62796	0.0,1.0,2.0,3.0,4.0,5.0,6.0,7.0,8.0,9.0,10.0,11.0,12.0,13.0,14.0,15.0,16.0,17.0,18.0,19.0	82.4022912166,87.0307725429,88.9841681296,96.2408631176,97.7760710039,104.473877894,104.821746484,110.971299087,117.346338784,118.240503679,122.641183195,127.257431131,132.332400376,136.356540385,141.332652413,145.030426069,146.323192399,150.112194027,154.598332974,158.594688667	1	linear	0.08	44000,,
60566	0.0,1.0,2.0,3.0,4.0,5.0,6.0,7.0,8.0,9.0,10.0,11.0,12.0,13.0,14.0,15.0,16.0,17.0,18.0,19.0	78.1069344097,85.5182052144,88.1270582976,89.7421581391,94.7602084385,97.1897861745,104.287579476,108.853116258,111.789165858,114.172036605,119.873573299,122.868354478,126.208606748,132.078000097,137.540353377,141.380668804,141.122769936,149.150031709,151.344692853,153.99196246	1	linear	0.08	44000,,
60792	0.0,1.0,2.0,3.0,4.0,5.0,6.0,7.0,8.0,9.0,10.0,11.0,12.0,13.0,14.0,15.0,16.0,17.0,18.0,19.0	-41.784122534,-34.4403340623,-33.4304210978,-29.2544443857,-24.5638298401,-21.760346085,-16.1891401268,-13.895148818,-7.16976387998,-3.1898600752,-0.832187820842,4.45718660748,7.86715584176,12.1418190705,15.9451610933,19.076132709,26.347071404,28.8997927061,31.6204265435,38.0064734408	1	linear	0.08	44000,,
62816	0.0,1.0,2.0,3.0,4.0,5.0,6.0,7.0,8.0,9.0,10.0,11.0,12.0,13.0,14.0,15.0,16.0,17.0,18.0,19.0	-4.96360550008,0.367424834592,2.95520216242,9.99252548953,13.9664945927,17.1848371746,22.6951048711,23.3691619053,29.7493872654,33.5301216395,34.3660392535,38.4545949857,45.0863170202,46.7166478084,53.9808284066,56.1105067805,60.9985867649,66.2964259641,67.9660716246,71.7682342712	1	linear	0.08	44000,,
62104	0.0,1.0,2.0,3.0,4.0,5.0,6.0,7.0,8.0,9.0,10.0,11.0,12.0,13.0,14.0,15.0,16.0,17.0,18.0,19.0	46.6499932826,54.656129822,57.4795079936,61.0305386895,65.4103171992,67.436189535,71.3094042428,74.1029379667,79.494461923,85.4052105698,87.6143672546,91.9436082115,95.5339152358,101.653064478,105.818728284,108.121401832,111.028895164,116.364825354,121.873947092,123.96510251	1	linear	0.08	44000,,
63718	0.0,1.0,2.0,3.0,4.0,5.0,6.0,7.0,8.0,9.0,10.0,11.0,12.0,13.0,14.0,15.0,16.0,17.0,18.0,19.0	-3.05970666157,0.131627212605,5.76838496171,7.46063701177,15.0389318289,19.3030356769,21.4821753416,27.0705050122,30.6468020277,33.1981423895,39.9450936444,41.5081306101,44.0801897197,50.4178709542,53.1671343481,60.0015179476,63.1034064111,64.4282452549,71.8963745311,75.3058631499	1	linear	0.08	44000,,
63418	0.0,1.0,2.0,3.0,4.0,5.0,6.0,7.0,8.0,9.0,10.0,11.0,12.0,13.0,14.0,15.0,16.0,17.0,18.0,19.0	-28.4376130958,-21.8813230225,-19.2372038713,-13.3473350723,-9.83554152745,-8.59093672502,-2.0102189193,2.61850854679,4.41560175765,7.27408075941,13.4868049418,19.0924308297,23.7667209059,27.1913469966,28.2363012089,32.4023616848,38.1232134977,41.3582748549,43.8632793796,49.3985798511	1	linear	0.08	44000,,
60948	0.0,1.0,2.0,3.0,4.0,5.0,6.0,7.0,8.0,9.0,10.0,11.0,12.0,13.0,14.0,15.0,16.0,17.0,18.0,19.0	53.4019653387,56.5925191636,61.8519884282,65.8528304458,67.5024644041,73.5777984421,75.7407692561,78.1663945173,86.0884923939,88.8322796279,91.0074388013,95.1851128542,101.340561443,105.641591599,105.588337346,111.726385612,117.695915148,121.036681323,122.381753433,129.012906209	1	linear	0.08	44000,,
61475	0.0,1.0,2.0,3.0,4.0,5.0,6.0,7.0,8.0,9.0,10.0,11.0,12.0,13.0,14.0,15.0,16.0,17.0,18.0,19.0	-17.7333857575,-14.9593401744,-8.96635857323,-8.39518772528,-1.98952639893,0.593862002297,4.3102336835,11.4763920163,13.5932421529,18.1833042203,22.3985856997,24.0340027604,26.8861307051,33.2268317961,38.5581522668,43.5097206813,43.1746709397,50.3372262707,53.1635763423,55.0829814944	1	linear	0.08	44000,,
60788	0.0,1.0,2.0,3.0,4.0,5.0,6.0,7.0,8.0,9.0,10.0,11.0,12.0,13.0,14.0,15.0,16.0,17.0,18.0,19.0	9.18907311127,16.0083356616,16.5610073707,20.8150481359,28.1370728672,30.9463299539,33.0293443697,38.5525213066,40.3283341207,48.263700712,52.9084065674,52.6115036484,58.6533311126,64.1476371723,66.0141228488,70.2809480189,74.3653780586,79.0178814956,84.2397728818,85.9201864242	1	linear	0.08	44000,,
63499	0.0,1.0,2.0,3.0,4.0,5.0,6.0,7.0,8.0,9.0,10.0,11.0,12.0,13.0,14.0,15.0,16.0,17.0,18.0,19.0	67.6108646954,74.696811556,78.5716335817,79.9696407614,83.316885804,88.7464443709,93.8294417097,95.1397838171,100.009756382,104.507978922,107.6916885,111.749448972,115.777688437,120.777815824,124.548811463,129.331182686,133.093662853,135.539221242,140.893074326,143.913313962	1	linear	0.08	44000,,
62100	0.0,1.0,2.0,3.0,4.0,5.0,6.0,7.0,8.0,9.0,10.0,11.0,12.0,13.0,14.0,15.0,16.0,17.0,18.0,19.0	54.3319356317,57.9321327391,63.5801741635,67.226311532,71.2127516858,76.9674120942,77.6010846036,84.5494668373,88.5112002992,93.0896283251,96.2413040785,101.228072208,102.661843352,105.261922547,112.483153977,114.8828029,121.181737778,124.522504094,127.235743922,133.135098077	1	linear	0.08	44000,,
60288	0.0,1.0,2.0,3.0,4.0,5.0,6.0,7.0,8.0,9.0,10.0,11.0,12.0,13.0,14.0,15.0,16.0,17.0,18.0,19.0	83.6279733824,89.282158435,89.8245158009,93.5293576193,100.736119804,104.080847506,105.474308458,112.212173309,115.474676105,119.722486529,121.641193483,128.427305692,132.883569086,135.381153873,137.728044199,143.717279109,145.395580371,151.537983102,153.798744862,161.535483234	1	linear	0.08	44000,,
60541	0.0,1.0,2.0,3.0,4.0,5.0,6.0,7.0,8.0,9.0,10.0,11.0,12.0,13.0,14.0,15.0,16.0,17.0,18.0,19.0	54.3813160175,57.9288956512,63.0647673619,67.5560961149,72.3080663164,75.9209701907,77.880947528,84.3061484896,84.5825941541,90.3144937626,95.960544299,98.3091769394,100.972630648,106.523457492,110.882087634,114.639299317,120.33108898,124.220469318,126.755104694,129.664274293	1	linear	0.08	44000,,
62469	0.0,1.0,2.0,3.0,4.0,5.0,6.0,7.0,8.0,9.0,10.0,11.0,12.0,13.0,14.0,15.0,16.0,17.0,18.0,19.0	25.0714477368,31.2094659658,34.212532343,38.8296448012,43.0849166557,45.7884889783,49.419842617,56.7355205072,56.8180255199,61.3749323671,64.1957905534,70.7371203819,75.8185685347,78.0702580769,81.5027532771,87.558116321,88.7911844082,94.3581359804,100.004100238,102.491536092	1	linear	0.08	44000,,
60652	0.0,1.0,2.0,3.0,4.0,5.0,6.0,7.0,8.0,9.0,10.0,11.0,12.0,13.0,14.0,15.0,16.0,17.0,18.0,19.0	-8.22127823474,0.414548161578,0.728828180015,6.65757072456,10.1726475716,12.9987799142,19.1955087887,21.6505747844,25.3511513265,27.7708101591,32.0753721871,37.1893603029,43.3015412035,46.0431268346,51.6542909738,51.7481998322,56.8947457039,59.9727838542,64.9654754053,68.2868367321	1	linear	0.08	44000,,
63268	0.0,1.0,2.0,3.0,4.0,5.0,6.0,7.0,8.0,9.0,10.0,11.0,12.0,13.0,14.0,15.0,16.0,17.0,18.0,19.0	10.4926385163,14.4578249661,17.2358594475,21.19383397,22.8144634405,29.5518219174,33.6634107032,36.2055664221,40.490333422,45.8720926091,48.8605990537,54.3479691514,54.9536883372,58.3985564504,62.5344975797,67.7772727031,71.2243345681,76.1607006926,80.3226713322,86.7590225241	1	linear	0.08	44000,,
62362	0.0,1.0,2.0,3.0,4.0,5.0,6.0,7.0,8.0,9.0,10.0,11.0,12.0,13.0,14.0,15.0,16.0,17.0,18.0,19.0	-34.9742130949,-30.8572383961,-22.9388669272,-21.580571366,-17.0000645629,-11.0662367919,-7.02706713584,-3.88829531714,-1.65599274728,5.51105561372,9.1344891913,11.7857243222,13.1164996075,21.3333336475,23.0596479929,24.9262289825,31.1904754558,33.1845370321,41.5672094676,41.8002169725	1	linear	0.08	44000,,
63855	0.0,1.0,2.0,3.0,4.0,5.0,6.0,7.0,8.0,9.0,10.0,11.0,12.0,13.0,14.0,15.0,16.0,17.0,18.0,19.0	-37.5682800217,-36.6294673448,-30.9595256084,-26.207857411,-25.1018312429,-19.5849573062,-15.0395650287,-10.9367262708,-8.43289041452,-3.76591260105,2.38932655583,4.33429493001,7.74379080275,13.2204757082,16.8426939676,19.2002706446,25.7351036173,26.2576929444,34.4897765931,34.4862330471	1	linear	0.08	44000,,
63547	0.0,1.0,2.0,3.0,4.0,5.0,6.0,7.0,8.0,9.0,10.0,11.0,12.0,13.0,14.0,15.0,16.0,17.0,18.0,19.0	-54.4214741911,-49.8444512522,-46.3508639039,-42.1028337488,-35.8306314282,-31.3407209159,-29.9081040343,-23.0751354878,-18.8833691087,-17.8311398582,-11.6777653187,-10.2517845391,-3.80462086698,-1.00292719483,5.56820139397,5.56541870103,9.88170773451,15.5472611992,21.3692418634,24.7486487107	1	linear	0.08	44000,,
63374	0.0,1.0,2.0,3.0,4.0,5.0,6.0,7.0,8.0,9.0,10.0,11.0,12.0,13.0,14.0,15.0,16.0,17.0,18.0,19.0	24.0277910336,30.5418012892,30.8478002508,36.9724263015,42.3088505747,43.0639831028,48.3413023697,51.8142455282,57.6654153951,62.8431823566,65.0902680651,68.8906099641,70.7543325479,75.6997746964,80.5332376988,83.7197774063,86.4286921655,92.471370841,96.6110567565,101.639840921	1	linear	0.08	44000,,
61367	0.0,1.0,2.0,3.0,4.0,5.0,6.0,7.0,8.0,9.0,10.0,11.0,12.0,13.0,14.0,15.0,16.0,17.0,18.0,19.0	8.7160817894,12.8595769605,13.6632250554,20.9658429751,21.7892223713,28.5043461117,32.552404636,33.1826920821,36.5045679118,40.7015968065,47.9169463911,49.8014812764,55.9332920941,60.9261989819,63.7902817462,67.5800447204,72.1704229926,72.9055126922,77.3957864858,82.4728722247	1	linear	0.08	44000,,
63123	0.0,1.0,2.0,3.0,4.0,5.0,6.0,7.0,8.0,9.0,10.0,11.0,12.0,13.0,14.0,15.0,16.0,17.0,18.0,19.0	-36.6204759811,-31.033209892,-28.3624822074,-21.8479653618,-17.7602888637,-16.7631774462,-13.1130918957,-5.69815368023,-3.02473393634,2.53954607095,3.17740998366,9.3563426332,12.9945846342,14.604045213,18.6321664327,23.4241952776,27.7005725596,31.8312610542,38.4022584581,42.3753190328	1	linear	0.08	44000,,
62184	0.0,1.0,2.0,3.0,4.0,5.0,6.0,7.0,8.0,9.0,10.0,11.0,12.0,13.0,14.0,15.0,16.0,17.0,18.0,19.0	-20.4336592511,-13.1536356445,-12.5639765424,-6.75492092957,-3.40497800947,0.768418945417,7.49229626259,11.1596464969,15.6413877891,18.4606744183,22.9869341821,24.0185276685,30.2920825378,33.0367714896,36.8537476259,39.5607924314,44.1898567109,50.7449097638,54.3961180375,56.3466814198	1	linear	0.08	44000,,
61718	0.0,1.0,2.0,3.0,4.0,5.0,6.0,7.0,8.0,9.0,10.0,11.0,12.0,13.0,14.0,15.0,16.0,17.0,18.0,19.0	22.1742663621,25.4165863033,32.0453301596,33.7371122497,37.7969470759,41.5690247461,45.7513245294,49.6494015064,54.4240300024,57.8322633977,60.0934182484,64.5895435518,69.8374173919,72.2848049987,75.6245588829,81.3459505977,85.632394474,92.1365803848,94.7164868744,95.9773458638	1	linear	0.08	44000,,
60446	0.0,1.0,2.0,3.0,4.0,5.0,6.0,7.0,8.0,9.0,10.0,11.0,12.0,13.0,14.0,15.0,16.0,17.0,18.0,19.0	48.6232826362,51.2804415974,56.8022189897,59.8380744909,64.1835560232,67.2648691163,71.0908008962,76.8621703829,80.3510908969,85.1187313252,86.4231999956,94.5826053592,96.7023919687,102.350917009,106.743191434,108.810476362,111.826913226,118.877990131,118.404842616,123.905094701	1	linear	0.08	44000,,
60869	0.0,1.0,2.0,3.0,4.0,5.0,6.0,7.0,8.0,9.0,10.0,11.0,12.0,13.0,14.0,15.0,16.0,17.0,18.0,19.0	-26.8810727387,-25.2056707052,-21.7046862063,-18.9711320309,-11.6751997422,-11.292729858,-3.91597415051,-1.17393404061,3.48661101344,6.97324960864,12.113333726,13.4501428541,19.6353289467,20.8222525107,29.2261069326,31.3932167014,35.1215395501,37.2825714662,44.0803721244,46.9778811648	1	linear	0.08	44000,,
63790	0.0,1.0,2.0,3.0,4.0,5.0,6.0,7.0,8.0,9.0,10.0,11.0,12.0,13.0,14.0,15.0,16.0,17.0,18.0,19.0	-24.0941221891,-19.3391404038,-15.1678807027,-14.4000922235,-8.63489991935,-5.22706172433,-2.60934354792,1.05347154156,8.6243472069,13.0132142139,16.3057143611,19.9023769979,21.7860745554,28.9411966301,29.8149515635,33.0127283143,38.4596271122,42.6996590868,47.9954969673,50.586095773	1	linear	0.08	44000,,
61678	0.0,1.0,2.0,3.0,4.0,5.0,6.0,7.0,8.0,9.0,10.0,11.0,12.0,13.0,14.0,15.0,16.0,17.0,18.0,19.0	91.1074099357,94.2284162221,98.714932455,102.630681634,108.851931549,112.075508149,117.000784334,120.260114696,122.874556335,125.095067978,130.533113785,132.355710356,139.145622957,141.00753921,148.122880427,151.06851676,152.704021676,157.664953698,161.928747157,164.766694986	1	linear	0.08	44000,,
62048	0.0,1.0,2.0,3.0,4.0,5.0,6.0,7.0,8.0,9.0,10.0,11.0,12.0,13.0,14.0,15.0,16.0,17.0,18.0,19.0	-4.60415974271,-1.07300453152,0.876966360637,3.59197206874,9.75107279563,14.1480498711,15.091587635,20.0162725991,24.1995432549,28.7566404824,31.0627963989,38.7922421839,41.4689583644,44.3472430875,50.5354079762,53.3911204087,55.0064779898,60.727492613,67.6192903086,67.0584528656	1	linear	0.08	44000,,
63244	0.0,1.0,2.0,3.0,4.0,5.0,6.0,7.0,8.0,9.0,10.0,11.0,12.0,13.0,14.0,15.0,16.0,17.0,18.0,19.0	-0.604931961815,4.10631962422,7.81105248907,12.6445005215,12.6426612983,20.769386339,22.989930002,25.5302328204,31.0682060984,33.0179406746,39.4894474594,42.8092092708,47.9638738612,52.46828625,53.4398570931,58.5732528409,64.3513503705,66.8921672468,69.5368083848,74.194515448	1	linear	0.08	44000,,
60021	0.0,1.0,2.0,3.0,4.0,5.0,6.0,7.0,8.0,9.0,10.0,11.0,12.0,13.0,14.0,15.0,16.0,17.0,18.0,19.0	54.738139503,60.0153187999,61.1853480082,68.8732890318,72.6942790568,73.0149669875,77.5004345967,82.0477380803,85.2311781204,89.0935441694,94.932729313,97.013609176,100.777413085,105.004515456,110.09366881,116.876522591,119.478820787,123.760793612,125.42748838,132.081189016	1	linear	0.08	44000,,
63391	0.0,1.0,2.0,3.0,4.0,5.0,6.0,7.0,8.0,9.0,10.0,11.0,12.0,13.0,14.0,15.0,16.0,17.0,18.0,19.0	24.0604665875,29.1070949778,29.6772287064,34.9096519062,40.7418624462,44.1228109659,45.9135385829,49.3207727355,55.9997324797,57.4275928201,64.185296042,68.530526126,71.3221148879,76.0167727892,80.8938591478,81.6604227228,86.599154136,92.3197823627,93.4419370159,96.8403292987	1	linear	0.08	44000,,
60431	0.0,1.0,2.0,3.0,4.0,5.0,6.0,7.0,8.0,9.0,10.0,11.0,12.0,13.0,14.0,15.0,16.0,17.0,18.0,19.0	58.4345806279,59.2552070567,65.2752804689,71.5555122292,75.5121981485,76.0801427601,80.4056042054,83.4710405031,87.1873052869,92.5790633192,96.2715507054,102.976418751,104.425384145,108.732647692,115.067664062,117.502233209,120.63469767,123.491824841,128.383971709,131.422913684	1	linear	0.08	44000,,
63849	0.0,1.0,2.0,3.0,4.0,5.0,6.0,7.0,8.0,9.0,10.0,11.0,12.0,13.0,14.0,15.0,16.0,17.0,18.0,19.0	11.5389655339,11.5268011554,19.7695585114,19.2559116062,25.6465681095,30.4391866587,35.6457951978,38.5262947889,41.8551551752,44.4796280068,48.6438092829,52.6640181452,58.3661776038,59.9019014973,65.3858722738,68.1851068527,71.5052466826,77.8615231873,80.0467898496,87.0477269899	1	linear	0.08	44000,,
62855	0.0,1.0,2.0,3.0,4.0,5.0,6.0,7.0,8.0,9.0,10.0,11.0,12.0,13.0,14.0,15.0,16.0,17.0,18.0,19.0	-19.5528238668,-14.4700617115,-12.1405225804,-10.6130210026,-3.13858942226,-1.45176274087,4.27781601359,9.38677867425,11.5713338734,15.6529492205,17.3528530024,25.1864034999,28.4893099854,32.8448625236,35.0173945437,39.7169895359,41.6760932957,49.3832115531,50.9011144845,55.7236405605	1	linear	0.08	44000,,
63269	0.0,1.0,2.0,3.0,4.0,5.0,6.0,7.0,8.0,9.0,10.0,11.0,12.0,13.0,14.0,15.0,16.0,17.0,18.0,19.0	57.1299265699,60.366209332,65.5646004102,68.8661791098,70.0167361886,77.1150643172,80.736758616,84.4907817235,87.8925963166,90.9384782725,93.725800416,101.566828678,101.325233618,104.825669786,111.683005282,116.610970794,117.630625661,123.029010158,125.360348029,131.215140332	1	linear	0.08	44000,,
63084	0.0,1.0,2.0,3.0,4.0,5.0,6.0,7.0,8.0,9.0,10.0,11.0,12.0,13.0,14.0,15.0,16.0,17.0,18.0,19.0	-42.5875194508,-37.1335176767,-37.204104402,-31.2181267717,-25.0397345324,-25.6628355151,-17.4127105099,-16.8654064531,-12.5007956548,-8.58459139436,-3.48274986992,-0.569725977475,4.82355339326,8.99351179438,11.0000585052,18.5063995672,18.569853822,25.989458421,26.5869899775,33.7218954784	1	linear	0.08	44000,,
61161	0.0,1.0,2.0,3.0,4.0,5.0,6.0,7.0,8.0,9.0,10.0,11.0,12.0,13.0,14.0,15.0,16.0,17.0,18.0,19.0	39.1792415925,43.3173059635,45.1197378323,48.6285581363,54.8971613526,58.4627864603,62.1718231885,63.943927715,69.9529402526,71.5344077955,77.1775538449,81.4507147883,84.7635056969,92.0392284598,93.6240393021,97.5238743876,103.542343675,104.447216005,110.308329602,115.89224225	1	linear	0.08	44000,,
61847	0.0,1.0,2.0,3.0,4.0,5.0,6.0,7.0,8.0,9.0,10.0,11.0,12.0,13.0,14.0,15.0,16.0,17.0,18.0,19.0	86.2172579189,91.4395322542,96.8592015415,100.115071745,103.919280012,107.631325609,109.917649808,115.158411644,117.304021042,120.605101271,126.950996507,128.500495328,136.277974902,139.613266105,144.808731007,145.340572711,148.767956557,155.481349466,157.018399666,161.433560113	1	linear	0.08	44000,,
63019	0.0,1.0,2.0,3.0,4.0,5.0,6.0,7.0,8.0,9.0,10.0,11.0,12.0,13.0,14.0,15.0,16.0,17.0,18.0,19.0	28.7181338038,29.2171218012,36.0266347439,41.6027266748,43.9736475173,46.4859728873,50.6791100938,55.4169674349,61.1597822213,64.7363858127,65.2791678486,73.133543583,73.1864603584,79.3960091075,82.0350728473,86.1405630126,91.4444154077,95.4870799466,97.8654736678,103.489267212	1	linear	0.08	44000,,
62023	0.0,1.0,2.0,3.0,4.0,5.0,6.0,7.0,8.0,9.0,10.0,11.0,12.0,13.0,14.0,15.0,16.0,17.0,18.0,19.0	10.7168920097,15.2211428661,19.0609240174,23.754400678,26.222279175,31.187312144,31.6822698851,35.8988886684,42.7645332817,44.5673600958,47.6456494487,52.6509726632,57.741946812,63.0149954994,65.3256450773,71.0567674066,75.9936219572,78.9519503506,82.9635154199,83.8666189783	1	linear	0.08	44000,,
61410	0.0,1.0,2.0,3.0,4.0,5.0,6.0,7.0,8.0,9.0,10.0,11.0,12.0,13.0,14.0,15.0,16.0,17.0,18.0,19.0	21.0945929624,27.5496084884,30.1469932594,33.017624032,39.4269462889,39.559391597,45.8504270761,48.706346984,56.0496072722,56.8592247753,62.3075990668,64.5324529577,67.8334736444,72.7798748957,78.4637534224,83.8298705069,85.0080003167,91.165704586,94.2387653084,97.902835967	1	linear	0.08	44000,,
63774	0.0,1.0,2.0,3.0,4.0,5.0,6.0,7.0,8.0,9.0,10.0,11.0,12.0,13.0,14.0,15.0,16.0,17.0,18.0,19.0	-34.903362986,-29.9493876806,-26.5135863256,-20.0184123161,-16.7982912155,-16.2930757344,-8.15057615416,-6.83461578635,-4.70276748241,1.09103231995,5.34212232979,10.0112886863,12.0664413975,17.3311256762,19.5522157564,27.3358550577,29.2615686294,35.8622616509,36.790378551,42.2257328552	1	linear	0.08	44000,,
60114	0.0,1.0,2.0,3.0,4.0,5.0,6.0,7.0,8.0,9.0,10.0,11.0,12.0,13.0,14.0,15.0,16.0,17.0,18.0,19.0	1.95978554853,8.91498986019,11.3446965663,16.2386587761,21.4800325543,25.035345005,28.3208296367,33.2142247582,34.9768097174,38.037994917,44.8349922554,46.951009917,53.1054809837,56.0329097574,61.7719686926,65.4097030359,66.8713167952,69.9916895668,77.488154335,79.9905988451	1	linear	0.08	44000,,
60583	0.0,1.0,2.0,3.0,4.0,5.0,6.0,7.0,8.0,9.0,10.0,11.0,12.0,13.0,14.0,15.0,16.0,17.0,18.0,19.0	13.659581873,16.7913751511,21.8183046878,23.4669552558,29.8580563064,30.391617523,37.7767993599,41.1607328726,45.2341888468,49.4419283932,50.4584539482,56.6719742794,59.2461940393,65.9688958577,70.7845062628,73.2292534969,76.9216356362,79.1121802057,84.2207061939,89.8534919895	1	linear	0.08	44000,,
60376	0.0,1.0,2.0,3.0,4.0,5.0,6.0,7.0,8.0,9.0,10.0,11.0,12.0,13.0,14.0,15.0,16.0,17.0,18.0,19.0	-49.556969985,-43.06009201,-42.3385497511,-38.0519511973,-32.5221449172,-31.2718009176,-23.1640475654,-19.7555561831,-18.4667309841,-12.4918435356,-10.8761464818,-6.98810304861,-3.25022300778,4.72011288709,7.62641176168,9.93982480522,13.2802210558,19.6981695265,22.983411977,26.1086668779	1	linear	0.08	44000,,
63893	0.0,1.0,2.0,3.0,4.0,5.0,6.0,7.0,8.0,9.0,10.0,11.0,12.0,13.0,14.0,15.0,16.0,17.0,18.0,19.0	62.0351026045,65.8156141247,69.8513522215,76.2376837076,79.2492369805,83.4448260468,85.4763611182,91.6677490022,97.3544330586,101.373586386,102.666700582,108.287370845,112.270034317,116.770460327,120.781520179,123.390999885,125.665933497,131.755060921,133.349904017,140.65214076	1	linear	0.08	44000,,
60179	0.0,1.0,2.0,3.0,4.0,5.0,6.0,7.0,8.0,9.0,10.0,11.0,12.0,13.0,14.0,15.0,16.0,17.0,18.0,19.0	-44.8080182781,-42.0611832283,-37.9262082,-32.7052306879,-30.3549699043,-25.7915549316,-18.3194106166,-18.0592810643,-14.0335134464,-10.0552214539,-4.83668485224,-0.0292949980181,5.11109206372,7.15747382927,10.1159421362,14.0095931273,17.8744854399,21.8193638545,26.1662572757,29.9283379211	1	linear	0.08	44000,,
63652	0.0,1.0,2.0,3.0,4.0,5.0,6.0,7.0,8.0,9.0,10.0,11.0,12.0,13.0,14.0,15.0,16.0,17.0,18.0,19.0	-12.264104679,-6.93353292921,-0.896735082806,-0.880139358896,3.08340565136,10.1901587587,11.5014973987,15.3419733642,21.1582113016,24.0792367114,30.1494464027,33.8684563286,35.1822033908,40.529276483,44.3172779438,49.6553038375,54.577708719,58.7143089535,59.8904857709,66.5390572606	1	linear	0.08	44000,,
61798	0.0,1.0,2.0,3.0,4.0,5.0,6.0,7.0,8.0,9.0,10.0,11.0,12.0,13.0,14.0,15.0,16.0,17.0,18.0,19.0	55.8226548903,57.1841779151,62.3535599098,65.700841655,72.307732738,74.4883987462,78.7394302125,84.2674014763,84.4981354504,90.2403525182,96.4350333579,96.9451230786,100.639215239,105.307668555,110.380982577,114.666916017,118.32657947,123.876524299,124.934468243,130.731332471	1	linear	0.08	44000,,
61024	0.0,1.0,2.0,3.0,4.0,5.0,6.0,7.0,8.0,9.0,10.0,11.0,12.0,13.0,14.0,15.0,16.0,17.0,18.0,19.0	30.3778628574,31.7768058038,38.5704456915,39.8050934367,44.5759557245,50.5600929998,51.0063632056,55.4645411925,63.3659804396,64.7582242619,70.2674222831,74.9004857901,76.0015685121,83.0461470366,86.7986596008,90.8782067855,94.7796545704,98.7463455614,102.222713482,107.107059777	1	linear	0.08	44000,,
63468	0.0,1.0,2.0,3.0,4.0,5.0,6.0,7.0,8.0,9.0,10.0,11.0,12.0,13.0,14.0,15.0,16.0,17.0,18.0,19.0	-47.1486518029,-41.8003461611,-34.7163897423,-32.9082195927,-29.8432171472,-27.0336036578,-22.4922466957,-19.1283937705,-12.6829364271,-10.6970627712,-5.15509121855,0.495876386672,2.38792728752,8.07766020965,11.9336378549,15.6510306975,16.9503715134,21.4254477194,27.4746680677,33.202704808	1	linear	0.08	44000,,
62676	0.0,1.0,2.0,3.0,4.0,5.0,6.0,7.0,8.0,9.0,10.0,11.0,12.0,13.0,14.0,15.0,16.0,17.0,18.0,19.0	-50.086987227,-45.4110536151,-43.0512361878,-38.2107940936,-37.3058139142,-31.5148712478,-26.3819177514,-24.4353697112,-20.7394481236,-13.439587897,-13.3348094408,-5.1500193079,-5.09228532172,-1.592387141,4.8941850574,9.5232664077,10.5335906904,16.5463998655,21.8550596352,22.7983951767	1	linear	0.08	44000,,
63443	0.0,1.0,2.0,3.0,4.0,5.0,6.0,7.0,8.0,9.0,10.0,11.0,12.0,13.0,14.0,15.0,16.0,17.0,18.0,19.0	-10.652393512,-8.66893300579,-4.85074638282,-1.77136191253,3.97570943497,6.57296433271,13.3316509183,16.0849771296,20.9887632037,22.2926828642,26.3589992981,32.042870738,34.4353642222,41.2627323655,46.2789108995,48.8729782049,52.7972554641,58.2863292444,60.6726027933,65.2224872155	1	linear	0.08	44000,,
62642	0.0,1.0,2.0,3.0,4.0,5.0,6.0,7.0,8.0,9.0,10.0,11.0,12.0,13.0,14.0,15.0,16.0,17.0,18.0,19.0	49.5690712054,52.2525764286,54.3760903475,61.4113628634,62.0721629557,66.9526719095,70.5491964743,75.1815155966,81.0786080981,85.4295595694,90.0841937143,92.2782515617,98.3751589738,100.979995436,105.359852798,109.761991447,113.453690024,117.313021168,120.213107971,124.33009121	1	linear	0.08	44000,,
61544	0.0,1.0,2.0,3.0,4.0,5.0,6.0,7.0,8.0,9.0,10.0,11.0,12.0,13.0,14.0,15.0,16.0,17.0,18.0,19.0	27.0615197675,31.5722829974,34.0177760414,40.0196486288,42.3672190028,48.4848923688,48.6236294472,56.7014051312,59.5513846883,60.2634223238,66.9138967071,70.2823923957,73.4598054801,77.3260717995,82.0051468636,88.8220798754,90.1536419731,95.4896000137,99.051099945,101.204588159	1	linear	0.08	44000,,
63366	0.0,1.0,2.0,3.0,4.0,5.0,6.0,7.0,8.0,9.0,10.0,11.0,12.0,13.0,14.0,15.0,16.0,17.0,18.0,19.0	-25.9394105847,-22.6853157339,-15.8891665913,-14.0570729927,-10.9117790408,-7.49096018733,-3.33141206333,1.6138456731,7.81249247636,9.92832853398,14.1514043732,16.2264045887,24.4720870471,24.8876986263,32.1842580562,35.0491070518,39.7269267799,41.4649635496,44.5796619257,48.8555380902	1	linear	0.08	44000,,
61258	0.0,1.0,2.0,3.0,4.0,5.0,6.0,7.0,8.0,9.0,10.0,11.0,12.0,13.0,14.0,15.0,16.0,17.0,18.0,19.0	-1.55134063582,0.730943668773,6.89032677004,8.10974804633,13.4817910473,17.4232497224,21.836939197,24.3216259009,27.4818731729,33.2871264462,35.7301904217,40.8456471516,43.7962867189,51.0767867117,54.8088213728,58.0111090779,60.4892974442,62.9250314158,70.106724068,71.237365684	1	linear	0.08	44000,,
60731	0.0,1.0,2.0,3.0,4.0,5.0,6.0,7.0,8.0,9.0,10.0,11.0,12.0,13.0,14.0,15.0,16.0,17.0,18.0,19.0	19.21518858,22.4479982136,28.5262672339,30.393872765,37.6343636131,39.5548876951,42.1687146254,49.418675427,50.9920674911,55.5975476878,61.4066650355,63.457154082,69.6996251672,74.2051940326,74.2014467565,80.2489294815,86.2001763604,87.8704735806,90.9531548393,96.9166320265	1	linear	0.08	44000,,
60284	0.0,1.0,2.0,3.0,4.0,5.0,6.0,7.0,8.0,9.0,10.0,11.0,12.0,13.0,14.0,15.0,16.0,17.0,18.0,19.0	-42.0393800761,-35.7408490956,-36.2204345099,-30.1241546081,-27.0855715195,-21.3466781929,-19.9684550223,-12.6384486685,-9.43754643719,-4.13446017852,-1.42791532599,2.20398910611,3.88328773408,8.35393986905,15.8445509955,17.2030885662,21.0537966966,27.4364983202,30.1402924576,34.5638316423	1	linear	0.08	44000,,
63878	0.0,1.0,2.0,3.0,4.0,5.0,6.0,7.0,8.0,9.0,10.0,11.0,12.0,13.0,14.0,15.0,16.0,17.0,18.0,19.0	55.1916174803,60.4549047449,65.5414322772,69.061055072,70.8214763102,75.9379514917,77.5830467754,85.1617726823,87.0526664468,91.3248884703,97.4924638727,100.85780141,102.750109013,108.427727145,110.637946822,117.847393159,120.575374414,125.17457919,128.209763739,132.429934206	1	linear	0.08	44000,,
60233	0.0,1.0,2.0,3.0,4.0,5.0,6.0,7.0,8.0,9.0,10.0,11.0,12.0,13.0,14.0,15.0,16.0,17.0,18.0,19.0	-51.9569814366,-48.5018348501,-42.8197142925,-40.9356368113,-37.0689194553,-34.7719926745,-30.9063492132,-23.7656764477,-20.0193370701,-15.7252334776,-13.7331725325,-6.32954672242,-5.14490527143,0.718383472604,1.28306919732,8.39305961102,12.3035155336,16.4424697413,19.9033366749,25.6069179663	1	linear	0.08	44000,,
63081	0.0,1.0,2.0,3.0,4.0,5.0,6.0,7.0,8.0,9.0,10.0,11.0,12.0,13.0,14.0,15.0,16.0,17.0,18.0,19.0	-29.9269167413,-27.1596769996,-23.5016972917,-19.1846648429,-15.2076277577,-10.4709825947,-5.41708505385,-2.86921527891,1.37251240342,6.5979137761,9.76146281292,13.1599425602,17.9373755393,21.7478074542,25.3544108486,28.0457711501,35.6309399423,40.2451767219,41.3704291559,44.2903641145	1	linear	0.08	44000,,
63106	0.0,1.0,2.0,3.0,4.0,5.0,6.0,7.0,8.0,9.0,10.0,11.0,12.0,13.0,14.0,15.0,16.0,17.0,18.0,19.0	2.98774290858,8.53861537225,11.8794023674,18.502268022,22.7716530391,26.2928102215,26.8520470162,32.0292183031,35.7710524902,39.2042284259,45.6905087022,51.3148670086,54.2358588217,55.6829220306,59.8923378456,64.3236519565,67.5228015707,74.4183001097,77.439162682,81.5046548326	1	linear	0.08	44000,,
61621	0.0,1.0,2.0,3.0,4.0,5.0,6.0,7.0,8.0,9.0,10.0,11.0,12.0,13.0,14.0,15.0,16.0,17.0,18.0,19.0	64.6143459523,70.2835545351,74.3709981246,78.254823477,79.5991911441,85.3997440246,89.9958130366,94.4569684334,95.0715587307,101.967185353,104.442425655,107.181036249,111.903099771,116.163838651,121.059591805,124.912063186,129.137910628,134.923486301,139.030871584,142.907861944	1	linear	0.08	44000,,
61568	0.0,1.0,2.0,3.0,4.0,5.0,6.0,7.0,8.0,9.0,10.0,11.0,12.0,13.0,14.0,15.0,16.0,17.0,18.0,19.0	87.0437460577,91.3779042103,97.9878307066,102.565165899,106.66512688,111.228426427,111.798182896,118.602997135,122.019257002,125.911646408,129.517281219,132.107044382,135.386767735,139.414142742,146.832974119,148.751179612,153.012401312,155.670151525,160.898885666,163.041649179	1	linear	0.08	44000,,
60267	0.0,1.0,2.0,3.0,4.0,5.0,6.0,7.0,8.0,9.0,10.0,11.0,12.0,13.0,14.0,15.0,16.0,17.0,18.0,19.0	-45.0407200667,-41.6702528297,-37.6005681868,-34.0996381178,-30.2597642342,-23.5449271067,-19.4148100808,-17.5891315004,-11.3277970853,-6.46315964409,-3.15475166575,-1.61398889428,4.6876890317,7.26077138719,12.2638235041,14.8615683962,21.1459968847,21.7493561851,28.1765263633,30.2119793279	1	linear	0.08	44000,,
60466	0.0,1.0,2.0,3.0,4.0,5.0,6.0,7.0,8.0,9.0,10.0,11.0,12.0,13.0,14.0,15.0,16.0,17.0,18.0,19.0	49.8907861987,54.8130561699,58.8324606996,60.6407970085,65.3195498702,70.5753634394,73.8898535416,76.9253322653,78.9274060795,85.652751354,88.3130328865,95.0747470823,99.627696818,100.573723279,106.813699948,109.525382797,114.366880707,116.143845933,120.874851053,127.446521906	1	linear	0.08	44000,,
60482	0.0,1.0,2.0,3.0,4.0,5.0,6.0,7.0,8.0,9.0,10.0,11.0,12.0,13.0,14.0,15.0,16.0,17.0,18.0,19.0	-1.36768298654,3.21935634838,9.16211053601,10.6311580363,18.6903925201,21.788358481,26.3799863037,30.7694252176,33.6565588598,37.8221245308,40.6411042156,44.5074381336,47.208356102,52.9170596731,57.4043072288,60.699253893,65.8105365602,67.5522407924,74.6880976125,75.8445392417	1	linear	0.08	44000,,
63712	0.0,1.0,2.0,3.0,4.0,5.0,6.0,7.0,8.0,9.0,10.0,11.0,12.0,13.0,14.0,15.0,16.0,17.0,18.0,19.0	46.2807169464,51.9973500869,55.0173262809,61.2024509595,65.3907041585,67.3815388875,69.9611293167,76.3845498738,79.5697555438,83.4042329713,86.89778612,90.8772687047,97.2568000267,98.9208940388,105.381836941,108.896128548,111.51720753,114.06740583,119.431719841,124.670598863	1	linear	0.08	44000,,
62717	0.0,1.0,2.0,3.0,4.0,5.0,6.0,7.0,8.0,9.0,10.0,11.0,12.0,13.0,14.0,15.0,16.0,17.0,18.0,19.0	34.687213813,37.975125372,42.8825129489,48.3583286115,53.6681245092,56.1497276644,57.6264288825,61.648615471,68.9263774993,71.3114705583,74.740137543,77.9036827894,85.3127892436,85.9873551183,92.4073001295,95.2410637277,97.8148090803,104.29642076,106.881572233,112.351447403	1	linear	0.08	44000,,
63162	0.0,1.0,2.0,3.0,4.0,5.0,6.0,7.0,8.0,9.0,10.0,11.0,12.0,13.0,14.0,15.0,16.0,17.0,18.0,19.0	53.1878813564,58.5348586689,58.73859533,63.5121505328,69.5529173368,72.9257623356,76.7223765961,79.6151534026,86.5136581858,88.9945799433,94.6812541448,98.229101971,100.079092253,104.387438224,106.203120396,113.265592789,118.491445182,122.422226194,124.255351317,126.926447643	1	linear	0.08	44000,,
60756	0.0,1.0,2.0,3.0,4.0,5.0,6.0,7.0,8.0,9.0,10.0,11.0,12.0,13.0,14.0,15.0,16.0,17.0,18.0,19.0	61.5138384338,66.1904802039,68.489245306,72.093578288,79.3396162738,83.7321770878,87.6547766042,91.37809365,96.7112319299,100.444903733,103.506172047,104.550895396,110.762296616,112.065229972,116.382386356,120.225566491,126.011951998,128.433524557,134.804618986,140.251152197	1	linear	0.08	44000,,
60772	0.0,1.0,2.0,3.0,4.0,5.0,6.0,7.0,8.0,9.0,10.0,11.0,12.0,13.0,14.0,15.0,16.0,17.0,18.0,19.0	27.919215243,32.1637222763,32.7589395553,36.0541593488,40.471215973,44.5828774541,48.0405053714,55.8482956903,56.8367409381,63.1643852879,64.6894741426,72.2303662963,73.54513346,78.3051144232,82.460684518,85.3439881932,88.2429305807,95.6486096678,98.2393637308,101.20284457	1	linear	0.08	44000,,
60174	0.0,1.0,2.0,3.0,4.0,5.0,6.0,7.0,8.0,9.0,10.0,11.0,12.0,13.0,14.0,15.0,16.0,17.0,18.0,19.0	56.5869767098,61.5706146793,64.0263803231,68.9826855834,72.2242903876,77.4332775098,82.2848673645,86.2798991831,91.0626303484,92.3819236122,97.0208082961,103.887388336,107.591192156,109.807499714,112.045307148,119.344013825,121.04966595,124.814402455,130.717643521,134.373718037	1	linear	0.08	44000,,
60020	0.0,1.0,2.0,3.0,4.0,5.0,6.0,7.0,8.0,9.0,10.0,11.0,12.0,13.0,14.0,15.0,16.0,17.0,18.0,19.0	-3.21310070948,4.18598775284,6.74453616353,8.83706588056,14.4397868944,19.772117232,24.0782695324,25.8996338047,31.4671244781,34.3568785475,36.5984109695,40.5250450762,45.0665761982,49.9401674261,53.5342369678,59.9955785367,60.4964009724,68.6845821109,72.3494178132,72.531231462	1	linear	0.08	44000,,
63403	0.0,1.0,2.0,3.0,4.0,5.0,6.0,7.0,8.0,9.0,10.0,11.0,12.0,13.0,14.0,15.0,16.0,17.0,18.0,19.0	47.1363215378,51.3158940308,56.9749613743,61.2118962008,66.4996409545,70.4586749323,71.8429391001,76.4131014142,82.1153356835,82.4122353517,88.2137741882,92.5030534333,98.3644705717,101.511385553,103.839694326,107.771496498,111.228736655,118.420895686,119.591466575,123.781688587	1	linear	0.08	44000,,
62171	0.0,1.0,2.0,3.0,4.0,5.0,6.0,7.0,8.0,9.0,10.0,11.0,12.0,13.0,14.0,15.0,16.0,17.0,18.0,19.0	-47.9916080621,-44.4102039424,-41.2664982437,-34.5712555728,-34.4528609231,-28.0227466984,-22.252376999,-22.3128118529,-14.1974757403,-10.0081518665,-9.78753287281,-2.71549437541,0.637773599368,3.00477352965,6.34904119229,13.2080556438,16.8543166001,18.1380415932,23.6667871686,29.8899529505	1	linear	0.08	44000,,
62628	0.0,1.0,2.0,3.0,4.0,5.0,6.0,7.0,8.0,9.0,10.0,11.0,12.0,13.0,14.0,15.0,16.0,17.0,18.0,19.0	45.0165593174,50.0497373012,53.1233782636,57.9394657827,62.1427105302,64.5370951597,72.3472786664,76.5613573371,79.1820088818,84.4008847328,84.9668825053,88.0178667384,94.3595221344,97.0571919818,102.980104048,108.452464968,108.673414428,114.994307973,117.622298488,122.651169592	1	linear	0.08	44000,,
60461	0.0,1.0,2.0,3.0,4.0,5.0,6.0,7.0,8.0,9.0,10.0,11.0,12.0,13.0,14.0,15.0,16.0,17.0,18.0,19.0	-42.0401577902,-37.5680652744,-33.7704601818,-30.4823773925,-28.6172735658,-23.6643382506,-17.8164908932,-16.2575699851,-12.8393600434,-5.92312228376,-2.11549217142,0.303351527583,6.87747729219,9.26725623322,13.2001343045,17.0469248023,21.2775021048,26.947883414,27.8823485538,32.2790439712	1	linear	0.08	44000,,
60728	0.0,1.0,2.0,3.0,4.0,5.0,6.0,7.0,8.0,9.0,10.0,11.0,12.0,13.0,14.0,15.0,16.0,17.0,18.0,19.0	-40.7490541595,-40.3505671016,-33.2665715275,-31.0447732431,-23.9703121567,-21.4621397166,-20.2612093792,-15.8449090232,-11.7649726156,-7.11401838968,-3.1570252982,3.02010659999,5.70711033748,9.954895781,12.7559416517,17.443159703,22.9372994249,26.8280125746,28.2973934856,33.9909857559	1	linear	0.08	44000,,
61965	0.0,1.0,2.0,3.0,4.0,5.0,6.0,7.0,8.0,9.0,10.0,11.0,12.0,13.0,14.0,15.0,16.0,17.0,18.0,19.0	44.0971641082,50.1607849348,50.03337291,55.5369442678,62.0840620277,64.9095175911,68.5593034248,74.3698326336,74.8310803967,79.6225141156,84.2814223393,90.6853676399,94.3549670439,95.0610521761,99.3683631457,105.018033481,109.972982074,110.870639439,115.478139178,120.990768421	1	linear	0.08	44000,,
63989	0.0,1.0,2.0,3.0,4.0,5.0,6.0,7.0,8.0,9.0,10.0,11.0,12.0,13.0,14.0,15.0,16.0,17.0,18.0,19.0	-3.41265191278,2.31522349086,5.20464688064,6.74983395782,12.5635049764,15.5939623345,20.469100592,24.9138308122,28.8182433508,34.2669058893,37.8414576079,40.8978739328,44.6218396701,49.0662324493,53.5185037566,57.1721161824,58.2947526663,61.804996223,67.7923852162,72.9917307762	1	linear	0.08	44000,,
62547	0.0,1.0,2.0,3.0,4.0,5.0,6.0,7.0,8.0,9.0,10.0,11.0,12.0,13.0,14.0,15.0,16.0,17.0,18.0,19.0	-38.3282278703,-31.3784791284,-30.3588149807,-26.5132227252,-18.5625242679,-17.5259765346,-10.6034753863,-9.40220637194,-2.72137650735,-1.66922956331,1.84762534677,5.98590356414,13.6988804522,14.2152207112,17.6651486104,24.3358035139,25.6569538713,31.9113899271,33.456516331,41.6847200299	1	linear	0.08	44000,,
60000	0.0,1.0,2.0,3.0,4.0,5.0,6.0,7.0,8.0,9.0,10.0,11.0,12.0,13.0,14.0,15.0,16.0,17.0,18.0,19.0	71.7059192471,73.2485497844,76.0872014963,82.439203608,88.0938589612,92.0221893174,96.5084858511,96.5333659344,102.857003211,106.305830592,110.744882516,114.819670091,119.900583302,120.86687743,125.642380395,132.254744635,135.459717927,140.321101742,143.69871527,145.035657129	1	linear	0.08	44000,,
60044	0.0,1.0,2.0,3.0,4.0,5.0,6.0,7.0,8.0,9.0,10.0,11.0,12.0,13.0,14.0,15.0,16.0,17.0,18.0,19.0	-19.2184207093,-15.8721465072,-10.0423624666,-3.62278404193,-3.54706019037,3.1798705731,4.86918149469,9.98306184277,15.4488032189,17.8576475588,21.9266124586,24.9942852075,31.343386492,34.7378112881,36.4470358003,41.3934932367,48.5536736732,52.2865503456,54.8108160485,56.5925864081	1	linear	0.08	44000,,
60653	0.0,1.0,2.0,3.0,4.0,5.0,6.0,7.0,8.0,9.0,10.0,11.0,12.0,13.0,14.0,15.0,16.0,17.0,18.0,19.0	78.4377348855,84.3772019167,88.4049728083,92.7060068881,92.8798270065,100.764000482,101.866085969,105.306000552,111.705757313,114.894242431,120.639861794,123.435194971,128.272655487,132.740168963,132.339429034,137.044415735,144.306293217,144.991721696,152.493293918,156.627186745	1	linear	0.08	44000,,
63063	0.0,1.0,2.0,3.0,4.0,5.0,6.0,7.0,8.0,9.0,10.0,11.0,12.0,13.0,14.0,15.0,16.0,17.0,18.0,19.0	-25.7417324455,-25.0441158866,-18.9475957186,-13.1376686316,-10.5338017378,-7.70897592326,-3.3874014226,2.16881003598,4.10549024808,8.95134612778,10.9813932081,15.1203499988,19.0836364997,25.8397273259,27.5450090517,34.5795276301,36.4901933579,42.3892277932,42.7476389601,49.5701252207	1	linear	0.08	44000,,
61285	0.0,1.0,2.0,3.0,4.0,5.0,6.0,7.0,8.0,9.0,10.0,11.0,12.0,13.0,14.0,15.0,16.0,17.0,18.0,19.0	42.7396610698,48.6738863969,54.2778048992,58.2648856143,61.769229399,66.804825068,66.6395542637,72.4592291946,78.8888354627,82.2705832616,82.6880525716,87.1878306682,92.4388155513,96.0603742192,102.370989189,105.160695038,110.567002886,112.193228077,114.825321371,120.996946565	1	linear	0.08	44000,,
61221	0.0,1.0,2.0,3.0,4.0,5.0,6.0,7.0,8.0,9.0,10.0,11.0,12.0,13.0,14.0,15.0,16.0,17.0,18.0,19.0	48.1201235396,53.0781717472,55.9145760117,58.2670281465,65.4433389074,67.69037516,72.4355689586,77.957720084,78.555361217,84.2062736924,86.783096801,92.1248655182,98.1268072276,100.907636497,106.403707089,108.697526344,112.977176354,116.084170916,118.178181996,124.294916479	1	linear	0.08	44000,,
63623	0.0,1.0,2.0,3.0,4.0,5.0,6.0,7.0,8.0,9.0,10.0,11.0,12.0,13.0,14.0,15.0,16.0,17.0,18.0,19.0	48.7159847988,50.0883582342,54.303827007,58.7175488282,65.1730114509,67.5967320141,72.9333003835,74.2663671083,80.9895395752,85.0726798424,87.2182684953,94.2450099466,95.5761331679,97.8342158993,103.842867494,107.655683387,111.115624439,116.894766447,118.221339038,125.11257791	1	linear	0.08	44000,,
62924	0.0,1.0,2.0,3.0,4.0,5.0,6.0,7.0,8.0,9.0,10.0,11.0,12.0,13.0,14.0,15.0,16.0,17.0,18.0,19.0	4.71362186919,6.62257349264,10.0392650641,17.5132559768,18.1955208112,22.7651025619,26.2925694248,31.068109481,38.4468186554,38.0292600589,43.9460830318,47.7957887828,53.2381526373,57.0467164139,57.9934098901,65.6341158486,68.9153970019,72.9707205433,75.4038623523,78.008643135	1	linear	0.08	44000,,
61402	0.0,1.0,2.0,3.0,4.0,5.0,6.0,7.0,8.0,9.0,10.0,11.0,12.0,13.0,14.0,15.0,16.0,17.0,18.0,19.0	72.2765181202,76.8832549065,79.992075874,86.2453741732,87.3852319597,92.4509915529,97.0837018974,102.860746971,105.069292269,108.475160666,111.62185163,117.983384599,123.255488856,125.866607434,128.088933359,133.280817407,139.325529016,142.775632222,144.824603595,150.330791373	1	linear	0.08	44000,,
61903	0.0,1.0,2.0,3.0,4.0,5.0,6.0,7.0,8.0,9.0,10.0,11.0,12.0,13.0,14.0,15.0,16.0,17.0,18.0,19.0	47.6467222738,53.5078193089,54.1234684604,57.5190812114,64.1132085902,69.1623394681,70.2223758865,73.748340676,79.513510336,85.469437426,89.3830201188,92.9675298827,93.7540122256,99.1670716062,103.610873643,108.071982592,113.286282256,114.305551074,117.835503479,125.6879241	1	linear	0.08	44000,,
60134	0.0,1.0,2.0,3.0,4.0,5.0,6.0,7.0,8.0,9.0,10.0,11.0,12.0,13.0,14.0,15.0,16.0,17.0,18.0,19.0	-46.5909857542,-44.303911526,-36.6437945744,-33.1337807032,-30.1750994159,-25.3058655015,-24.4341234191,-18.6283460419,-15.8814174229,-12.3252920034,-6.15339086899,-2.59196707105,3.25796479691,6.56395962896,8.99119104548,10.9161696605,18.6071186428,21.2703469893,23.2527352035,27.2614288385	1	linear	0.08	44000,,
60601	0.0,1.0,2.0,3.0,4.0,5.0,6.0,7.0,8.0,9.0,10.0,11.0,12.0,13.0,14.0,15.0,16.0,17.0,18.0,19.0	-22.3458562484,-19.7658899201,-14.6681114115,-11.6591267406,-8.85366325589,-2.84599728865,-1.24426850774,1.45478198067,5.55120625455,13.8804299128,13.1484858143,20.9637194024,24.83802937,28.5595803138,32.9483234851,37.5690177507,40.3088318637,44.9686147705,48.4307047586,53.3010406978	1	linear	0.08	44000,,
62799	0.0,1.0,2.0,3.0,4.0,5.0,6.0,7.0,8.0,9.0,10.0,11.0,12.0,13.0,14.0,15.0,16.0,17.0,18.0,19.0	-15.5551099285,-12.4319369134,-9.18950966256,-1.86358043705,1.30766023206,3.68429038233,7.260816198,12.2405134271,16.7210787996,20.8761598611,25.9926108592,30.1008581223,30.9664324377,37.2396574782,40.283539529,45.9579870389,48.9281547357,50.4034235329,54.5638301763,62.4207797649	1	linear	0.08	44000,,
63543	0.0,1.0,2.0,3.0,4.0,5.0,6.0,7.0,8.0,9.0,10.0,11.0,12.0,13.0,14.0,15.0,16.0,17.0,18.0,19.0	-27.4866545648,-26.7971910323,-23.0580668128,-19.1390064525,-13.7917789352,-9.06626790643,-5.98798302419,0.0535906320678,3.81086199185,7.58037455738,9.10025162677,14.1831963964,19.9400289174,24.199561175,27.3998798433,29.5258195822,35.7053851767,40.6284540806,42.454409268,44.9011268677	1	linear	0.08	44000,,
62815	0.0,1.0,2.0,3.0,4.0,5.0,6.0,7.0,8.0,9.0,10.0,11.0,12.0,13.0,14.0,15.0,16.0,17.0,18.0,19.0	-41.2389997353,-37.217324697,-33.7378367302,-28.8516168081,-25.9198103449,-22.1806162023,-19.6769463132,-12.2350135714,-8.57713589008,-4.41889551171,-0.0205839019931,0.978366564348,6.29392729519,9.44941909477,13.8528844209,18.8871996785,22.3908120578,24.970357934,31.4178804619,32.1654753355	1	linear	0.08	44000,,
60395	0.0,1.0,2.0,3.0,4.0,5.0,6.0,7.0,8.0,9.0,10.0,11.0,12.0,13.0,14.0,15.0,16.0,17.0,18.0,19.0	-18.2712629708,-13.304767709,-9.48991884172,-8.11910693006,-1.16410507623,2.77848553651,8.33585044669,12.2048963205,14.4792609753,18.0114361188,20.7072275465,25.5679976946,28.2357291476,32.5547523751,35.6718999881,44.3270238776,48.2559113812,49.5286577939,54.2269337356,58.6060259272	1	linear	0.08	44000,,
62130	0.0,1.0,2.0,3.0,4.0,5.0,6.0,7.0,8.0,9.0,10.0,11.0,12.0,13.0,14.0,15.0,16.0,17.0,18.0,19.0	57.3507665919,60.0730498249,64.3399634627,69.4434855397,72.0864007063,75.8755436534,82.0849269851,83.7125725398,91.1540466992,93.9685482389,95.4105394467,102.905266987,104.017700291,107.956435853,112.860169204,117.903308921,120.597089609,125.573758595,130.702311296,132.643600375	1	linear	0.08	44000,,
61403	0.0,1.0,2.0,3.0,4.0,5.0,6.0,7.0,8.0,9.0,10.0,11.0,12.0,13.0,14.0,15.0,16.0,17.0,18.0,19.0	-0.309992963273,4.03035647952,10.2716616053,11.1924704101,16.2410881642,23.2929604214,24.0804276467,29.179638849,35.228858254,35.5145634933,42.981653475,46.8391463669,48.6720581908,53.1045398947,55.4598114929,59.3733096248,64.846624237,70.6343063908,75.0865260557,75.664180891	1	linear	0.08	44000,,
60618	0.0,1.0,2.0,3.0,4.0,5.0,6.0,7.0,8.0,9.0,10.0,11.0,12.0,13.0,14.0,15.0,16.0,17.0,18.0,19.0	71.7991681874,77.6743118548,78.333318728,82.1270006176,85.8449737694,94.0337565565,94.2965347046,98.8312452076,104.531521104,108.475030393,112.927250909,113.547266183,117.856655991,125.486921654,128.676690503,132.068813447,136.730052697,141.874773727,144.835523519,147.544106739	1	linear	0.08	44000,,
61199	0.0,1.0,2.0,3.0,4.0,5.0,6.0,7.0,8.0,9.0,10.0,11.0,12.0,13.0,14.0,15.0,16.0,17.0,18.0,19.0	-28.9252533632,-25.595406382,-23.1323297233,-16.7033366214,-16.0025081394,-8.91241935744,-4.97205251877,-1.68805810361,2.75737924529,4.10896760837,8.79685595695,13.1153572802,15.4162991638,19.839911778,25.5477066399,29.9577853566,35.1432558479,34.7964211965,40.6997243485,46.4984128916	1	linear	0.08	44000,,
61117	0.0,1.0,2.0,3.0,4.0,5.0,6.0,7.0,8.0,9.0,10.0,11.0,12.0,13.0,14.0,15.0,16.0,17.0,18.0,19.0	1.2148288523,4.89778370701,12.0704005047,15.8523727484,16.7715852748,22.415005278,25.4868813698,32.2389834426,32.2747336946,40.2809552526,40.7987837857,47.6639956595,51.6302183476,52.4304398253,55.6673201392,62.9030730077,64.0068694941,72.2808246964,73.5359414531,76.3445516303	1	linear	0.08	44000,,
60303	0.0,1.0,2.0,3.0,4.0,5.0,6.0,7.0,8.0,9.0,10.0,11.0,12.0,13.0,14.0,15.0,16.0,17.0,18.0,19.0	56.1941601038,61.4275015894,62.5551686146,67.5318489131,71.8932654624,75.80374261,78.5041335414,81.6553607803,85.2744761837,89.5271147527,93.9260890525,99.7011279195,101.399498306,104.888778542,110.573443743,116.010958158,118.626296946,122.523766611,128.510961569,129.238479418	1	linear	0.08	44000,,
63249	0.0,1.0,2.0,3.0,4.0,5.0,6.0,7.0,8.0,9.0,10.0,11.0,12.0,13.0,14.0,15.0,16.0,17.0,18.0,19.0	-14.6696680611,-8.3424906107,-8.80509298415,-1.04269407691,1.48910052685,4.21283621715,11.1621094933,14.2194181068,15.070495088,23.249341042,24.7109416934,31.0635144672,34.0694893392,36.7137333976,39.835792274,45.8975474138,51.1264015955,53.2138864897,56.6230320449,62.8389388776	1	linear	0.08	44000,,
62477	0.0,1.0,2.0,3.0,4.0,5.0,6.0,7.0,8.0,9.0,10.0,11.0,12.0,13.0,14.0,15.0,16.0,17.0,18.0,19.0	-44.1850741852,-42.3794996991,-37.9177600306,-35.6501688974,-29.0632172602,-27.9440764924,-22.038050491,-19.7140817488,-12.643156468,-9.79785625772,-4.89815590844,-0.743352227785,3.34319496273,7.87907142949,10.2493817413,13.1608644027,16.3247828374,23.6424241091,25.0101340049,27.8586192022	1	linear	0.08	44000,,
63529	0.0,1.0,2.0,3.0,4.0,5.0,6.0,7.0,8.0,9.0,10.0,11.0,12.0,13.0,14.0,15.0,16.0,17.0,18.0,19.0	-13.074440971,-7.25976854227,-4.60924080831,0.899593302192,1.23796239872,8.61689310271,9.25152359892,15.0160919161,20.1818487186,22.6939440183,29.0109435829,31.9101304489,35.1241078715,40.0857671688,42.3884001976,46.2037903659,52.5710311034,56.8243141184,59.4637707362,64.0479231788	1	linear	0.08	44000,,
62576	0.0,1.0,2.0,3.0,4.0,5.0,6.0,7.0,8.0,9.0,10.0,11.0,12.0,13.0,14.0,15.0,16.0,17.0,18.0,19.0	16.3984231093,18.7024944516,22.5483860687,27.7371145619,33.1248986807,36.9627494916,38.6792972421,45.5611372583,45.1954269884,53.419178066,55.0389049751,57.7851033253,62.269913615,65.7540148719,73.1127419224,74.712783192,77.1179210594,81.8987549426,86.2649962758,93.0099658399	1	linear	0.08	44000,,
60009	0.0,1.0,2.0,3.0,4.0,5.0,6.0,7.0,8.0,9.0,10.0,11.0,12.0,13.0,14.0,15.0,16.0,17.0,18.0,19.0	39.7389932058,46.4228799482,49.5992953599,50.8450909507,57.8802664045,58.5920240061,62.4520985713,69.6691518975,73.5928753401,74.7919008722,78.5654667664,86.7153853808,86.2891576751,94.280843011,96.3152627031,101.362281913,105.201684874,109.342350869,114.737976425,116.381522591	1	linear	0.08	44000,,
60330	0.0,1.0,2.0,3.0,4.0,5.0,6.0,7.0,8.0,9.0,10.0,11.0,12.0,13.0,14.0,15.0,16.0,17.0,18.0,19.0	46.0589110305,50.9104393037,53.6898205294,58.4440335304,60.8571160863,66.4201036573,68.680934617,75.2002086644,77.7746454361,81.6601975845,84.1134352408,89.1415599595,90.7848327318,96.1356997734,100.294010395,107.014960888,110.160885348,112.745488878,115.990401168,120.570745438	1	linear	0.08	44000,,
61112	0.0,1.0,2.0,3.0,4.0,5.0,6.0,7.0,8.0,9.0,10.0,11.0,12.0,13.0,14.0,15.0,16.0,17.0,18.0,19.0	51.1640774488,55.1123325052,57.4861681925,62.8794627278,67.373617357,71.102745387,75.3819974125,75.6866137691,80.016164457,85.3276080641,87.4615507154,93.1142213882,95.6264002212,101.06132053,105.497478957,111.025367572,115.130503301,118.249238146,121.159705615,123.583636791	1	linear	0.08	44000,,
62193	0.0,1.0,2.0,3.0,4.0,5.0,6.0,7.0,8.0,9.0,10.0,11.0,12.0,13.0,14.0,15.0,16.0,17.0,18.0,19.0	-44.3327435231,-38.2204180788,-35.5215900697,-29.4905280003,-28.8797809805,-24.5924764772,-19.6280653082,-13.5144571824,-10.3604460556,-7.38724045025,-2.58292597746,2.66374834459,5.01615907768,6.50252688644,10.2325847252,14.6379921429,19.5374274852,25.5059062184,28.6268357072,30.2882330146	1	linear	0.08	44000,,
62027	0.0,1.0,2.0,3.0,4.0,5.0,6.0,7.0,8.0,9.0,10.0,11.0,12.0,13.0,14.0,15.0,16.0,17.0,18.0,19.0	55.946953794,63.1115331882,64.7332798033,71.1490974727,74.9859807423,75.0872196999,82.1400138109,87.3366484749,89.3753916814,94.6572149955,96.530118091,101.973125823,105.867996551,108.458188485,111.966008896,115.758484365,122.736401762,127.163505198,126.907569913,134.786499171	1	linear	0.08	44000,,
60060	0.0,1.0,2.0,3.0,4.0,5.0,6.0,7.0,8.0,9.0,10.0,11.0,12.0,13.0,14.0,15.0,16.0,17.0,18.0,19.0	36.0896832937,40.6808535144,41.2638006797,47.3627041538,53.68422385,54.661542257,60.5994095864,62.930224886,69.3696309349,70.0892609865,74.701939862,80.0446313394,81.5713758606,89.6524848361,89.3950345252,95.091610543,98.5817069064,105.501416114,109.29091098,112.798289547	1	linear	0.08	44000,,
60990	0.0,1.0,2.0,3.0,4.0,5.0,6.0,7.0,8.0,9.0,10.0,11.0,12.0,13.0,14.0,15.0,16.0,17.0,18.0,19.0	-45.6936622895,-45.3897991851,-41.2566273861,-36.9644403458,-29.9363117072,-28.7470807306,-21.5285784079,-16.8585632105,-15.7507860264,-13.4569539978,-8.83758328364,-1.27807058559,0.603146513117,3.80437263465,7.15078123015,11.2765232059,14.4918890643,19.8139364051,24.1456458881,31.0412105547	1	linear	0.08	44000,,
63683	0.0,1.0,2.0,3.0,4.0,5.0,6.0,7.0,8.0,9.0,10.0,11.0,12.0,13.0,14.0,15.0,16.0,17.0,18.0,19.0	58.2181392642,62.4253242926,66.8144011264,70.3425089776,75.870469293,76.1990067872,82.5212678157,85.180963676,90.1876045889,92.6982785416,98.8694541727,102.661891657,103.9722114,109.337386569,113.21440726,117.84636562,120.467883841,125.826480927,130.965165875,132.182280526	1	linear	0.08	44000,,
62336	0.0,1.0,2.0,3.0,4.0,5.0,6.0,7.0,8.0,9.0,10.0,11.0,12.0,13.0,14.0,15.0,16.0,17.0,18.0,19.0	-41.8794133211,-35.9174697125,-31.6422719333,-29.9584623468,-27.0290677904,-19.2405296874,-15.2898517776,-13.6101538025,-7.67704982358,-3.04598481914,-1.49468671094,2.00281917906,6.90718850505,12.0714492035,16.7086355466,16.4663240359,22.341085562,25.972079297,29.7245460818,35.5956381971	1	linear	0.08	44000,,
60408	0.0,1.0,2.0,3.0,4.0,5.0,6.0,7.0,8.0,9.0,10.0,11.0,12.0,13.0,14.0,15.0,16.0,17.0,18.0,19.0	9.07192838559,9.83477458739,17.0532736486,20.8586718983,23.3528842545,26.301170571,29.9853790127,34.3721071517,39.240372335,41.6857460076,48.3518015529,49.4566540458,55.6902148856,60.9597416575,63.0588873977,69.365963406,70.8997346689,76.1205489866,80.7224882867,84.1925401658	1	linear	0.08	44000,,
63818	0.0,1.0,2.0,3.0,4.0,5.0,6.0,7.0,8.0,9.0,10.0,11.0,12.0,13.0,14.0,15.0,16.0,17.0,18.0,19.0	30.5962903271,37.1930987597,42.1195754554,44.9442170224,46.5003240854,54.5211741992,58.0461053551,59.3961521726,63.1971493558,70.4221596454,71.0826331145,75.6480400306,80.34026,83.7691125417,87.751819408,90.9890609609,98.1641799167,100.793857391,103.986552037,109.772801059	1	linear	0.08	44000,,
60459	0.0,1.0,2.0,3.0,4.0,5.0,6.0,7.0,8.0,9.0,10.0,11.0,12.0,13.0,14.0,15.0,16.0,17.0,18.0,19.0	56.519204226,61.3922248998,65.8922453254,71.752468547,75.0082928869,79.4584932477,81.2121410006,86.4100915741,92.3905648257,95.9117745783,98.6717531607,103.646088146,108.329485806,111.700443406,112.891583693,118.954833177,122.46659949,125.370307826,131.941614932,133.114712061	1	linear	0.08	44000,,
62858	0.0,1.0,2.0,3.0,4.0,5.0,6.0,7.0,8.0,9.0,10.0,11.0,12.0,13.0,14.0,15.0,16.0,17.0,18.0,19.0	23.4753450847,29.9294983175,33.924036206,33.9456504304,38.2408376698,46.2179667488,48.7291908796,51.8809882818,56.4064940229,61.979682316,65.7650650542,67.6703675069,72.595089902,75.4834033568,81.4358751269,85.0876901343,86.5403227082,92.8055411931,97.0800754446,99.8128669373	1	linear	0.08	44000,,
61267	0.0,1.0,2.0,3.0,4.0,5.0,6.0,7.0,8.0,9.0,10.0,11.0,12.0,13.0,14.0,15.0,16.0,17.0,18.0,19.0	-35.8567162587,-33.464888282,-25.8989696092,-21.8804557685,-18.6020647416,-16.9016890317,-13.0660616771,-5.93672989927,-2.79223118791,2.16449038393,3.52198995512,10.3700846725,10.3366445387,15.1592630152,18.3323449438,25.9081082779,29.0155494792,33.7992146197,36.4202361177,42.7143697102	1	linear	0.08	44000,,
63398	0.0,1.0,2.0,3.0,4.0,5.0,6.0,7.0,8.0,9.0,10.0,11.0,12.0,13.0,14.0,15.0,16.0,17.0,18.0,19.0	3.60643410749,9.12433779202,13.1258361737,16.4061384628,22.9467329317,27.30039925,30.0902655805,35.0364989952,35.8995879261,42.4237742062,44.9552476223,49.6420613567,52.949692844,58.8529984008,59.9140588431,63.5204596635,68.6331636599,72.5203735799,78.6719360528,80.6939335982	1	linear	0.08	44000,,
63976	0.0,1.0,2.0,3.0,4.0,5.0,6.0,7.0,8.0,9.0,10.0,11.0,12.0,13.0,14.0,15.0,16.0,17.0,18.0,19.0	43.2248317957,50.7139508731,53.6241603422,57.6738472467,61.6356099845,66.1662341803,70.7854851369,73.5096614323,76.6601169672,79.3113351913,83.2582315406,90.5858670312,91.8376360911,94.9366523119,100.322946339,105.802568975,106.999710651,111.486407058,118.116187167,122.770488686	1	linear	0.08	44000,,
62895	0.0,1.0,2.0,3.0,4.0,5.0,6.0,7.0,8.0,9.0,10.0,11.0,12.0,13.0,14.0,15.0,16.0,17.0,18.0,19.0	86.0994050274,87.4149771085,91.6174281303,97.0313010968,98.3708291724,102.189342078,107.560532242,112.51517167,115.136283485,118.04428167,123.422268188,128.00488322,134.055221001,136.893980993,139.005800682,142.149201372,150.447469922,150.931178649,155.993126046,158.907093868	1	linear	0.08	44000,,
63957	0.0,1.0,2.0,3.0,4.0,5.0,6.0,7.0,8.0,9.0,10.0,11.0,12.0,13.0,14.0,15.0,16.0,17.0,18.0,19.0	-31.2823856208,-27.2934158179,-22.5222192409,-21.233754669,-15.4634937525,-12.457164261,-6.94032495977,-5.82731665959,-2.54948940923,1.90890338079,7.36813815683,13.7877016628,13.7327119115,21.3041651959,23.7428332368,25.662112183,32.0676283653,36.7247295508,39.5774349103,45.4424483526	1	linear	0.08	44000,,
60320	0.0,1.0,2.0,3.0,4.0,5.0,6.0,7.0,8.0,9.0,10.0,11.0,12.0,13.0,14.0,15.0,16.0,17.0,18.0,19.0	64.7272615088,68.6494842318,70.9698342942,72.5604996282,78.3526590063,83.2758381126,88.7503006867,90.3385786324,92.5899638241,100.481464367,101.808927503,106.346519823,111.4789507,113.897193517,119.017255101,124.349512367,125.596703276,128.653764169,135.885748278,138.116250856	1	linear	0.08	44000,,
195677	0.0,1.0,2.0,3.0,4.0,5.0,6.0,7.0,8.0,9.0,10.0,11.0,12.0,13.0,14.0,15.0,16.0,17.0,18.0,19.0	1.40490034667,-2.71241570147,-5.61944749681,-7.89033750816,-10.6360178909,-10.6774471817,-11.5069842746,-13.5337680603,-14.2359399441,-14.4786873573,-14.2166855478,-12.8537019697,-11.100725357,-10.6444186449,-7.1997981419,-4.49873596235,-2.37890542163,0.817986654535,4.39545072559,7.31525034989	0	poly	0.08	176000,,
193398	0.0,1.0,2.0,3.0,4.0,5.0,6.0,7.0,8.0,9.0,10.0,11.0,12.0,13.0,14.0,15.0,16.0,17.0,18.0,19.0	-4.884903285,-6.70942435395,-10.8642991833,-12.3021521934,-14.6922371646,-17.2463882559,-18.5461379351,-17.811687505,-19.789160533,-18.482601342,-18.0647533953,-16.7167909988,-17.0214576426,-14.2378943713,-13.7963585957,-11.1901618299,-7.13022871417,-4.89918242281,-1.45036127171,2.63498288686	0	poly	0.08	176000,,
194172	0.0,1.0,2.0,3.0,4.0,5.0,6.0,7.0,8.0,9.0,10.0,11.0,12.0,13.0,14.0,15.0,16.0,17.0,18.0,19.0	-5.97900940198,-10.6624275733,-12.1502681083,-15.0339256418,-16.8234362285,-18.2477915798,-19.6571745425,-20.2636308018,-21.7776415517,-21.4320991176,-21.8023394308,-19.4408281056,-17.9914172055,-16.3711718177,-14.7324598577,-13.6543863563,-10.2250993566,-6.35439157452,-4.0070116686,-0.286390229527	0	poly	0.08	176000,,
194286	0.0,1.0,2.0,3.0,4.0,5.0,6.0,7.0,8.0,9.0,10.0,11.0,12.0,13.0,14.0,15.0,16.0,17.0,18.0,19.0	-6.23426187761,-10.7922850169,-13.4111697529,-15.1442853224,-16.4529352777,-19.0875721637,-21.1868064159,-21.4977895519,-22.080802718,-20.681478413,-21.2041194374,-21.0407170132,-18.8853740923,-17.2822207282,-15.0347841094,-12.6177824107,-10.2225480421,-7.09816221921,-4.27657543413,0.2977510866	0	poly	0.08	176000,,
194069	0.0,1.0,2.0,3.0,4.0,5.0,6.0,7.0,8.0,9.0,10.0,11.0,12.0,13.0,14.0,15.0,16.0,17.0,18.0,19.0	2.67834047164,-0.817861779055,-3.82302191711,-5.50992333312,-8.34049607415,-8.29534491617,-11.0925500303,-10.8461187176,-10.9440397473,-11.118387729,-10.9457236518,-9.69637402608,-8.99101754669,-8.14587909344,-5.67538959684,-2.98681979621,-1.29707706682,2.68153072737,6.5548285974,10.3563551245	0	poly	0.08	176000,,
192020	0.0,1.0,2.0,3.0,4.0,5.0,6.0,7.0,8.0,9.0,10.0,11.0,12.0,13.0,14.0,15.0,16.0,17.0,18.0,19.0	25.2432983746,20.6602608628,17.8300184177,15.0486849992,13.7647024011,12.794107317,10.8702182211,9.78812190239,9.52273423161,10.0391830289,10.1520611995,11.498222823,13.0255241508,13.8876180633,15.7045160887,18.9128777623,21.6682629555,23.8689096968,27.4833693942,31.1830957936	0	poly	0.08	176000,,
195158	0.0,1.0,2.0,3.0,4.0,5.0,6.0,7.0,8.0,9.0,10.0,11.0,12.0,13.0,14.0,15.0,16.0,17.0,18.0,19.0	-5.81563016121,-7.47660807402,-11.5057606428,-14.2330132612,-16.0742624166,-16.6598371522,-17.806364704,-20.0378672921,-19.3164837852,-18.6057868525,-19.104320167,-19.3427798512,-16.3424009038,-14.6050441335,-13.7976372829,-11.6124978029,-8.2600440266,-5.44475436167,-1.62131712553,2.89747567111	0	poly	0.08	176000,,
194695	0.0,1.0,2.0,3.0,4.0,5.0,6.0,7.0,8.0,9.0,10.0,11.0,12.0,13.0,14.0,15.0,16.0,17.0,18.0,19.0	17.0995323247,14.0671218764,12.6738686178,9.846142325,7.28177268422,5.47128379086,4.25750682341,4.35682302768,2.48922703612,3.10255847495,3.1873899199,4.03639016145,6.55974784969,7.38453243965,9.36543474164,10.953602093,14.2185467155,18.3079459034,22.0584338997,26.1287782867	0	poly	0.08	176000,,
194218	0.0,1.0,2.0,3.0,4.0,5.0,6.0,7.0,8.0,9.0,10.0,11.0,12.0,13.0,14.0,15.0,16.0,17.0,18.0,19.0	1.14051465734,-2.17895755069,-5.73142785655,-8.88955449193,-9.93671366063,-11.9566029351,-13.4383468594,-12.976781556,-13.9691645267,-13.2353773032,-13.8653451926,-13.5440916651,-11.5990790448,-9.59362821378,-8.3726655285,-6.07952582477,-2.19759654748,0.0403433205244,3.38299929888,8.58270011966	0	poly	0.08	176000,,
195238	0.0,1.0,2.0,3.0,4.0,5.0,6.0,7.0,8.0,9.0,10.0,11.0,12.0,13.0,14.0,15.0,16.0,17.0,18.0,19.0	33.2583987051,29.8363191836,26.6621040235,23.5811342499,21.9722290905,19.7774710416,19.5834385945,17.6888569072,18.5950087378,17.2124481333,18.3330328417,19.8575739077,20.2792754231,22.2353147473,23.1953958708,27.0897851342,29.3648382801,33.2379383708,36.3301349525,40.9164723765	0	poly	0.08	176000,,
192675	0.0,1.0,2.0,3.0,4.0,5.0,6.0,7.0,8.0,9.0,10.0,11.0,12.0,13.0,14.0,15.0,16.0,17.0,18.0,19.0	-0.474708970507,-2.91250970227,-7.10083713394,-7.69078043951,-10.6284359604,-13.1896731648,-13.5738285721,-14.5631488819,-15.3041104694,-14.8582772605,-15.1156203164,-13.5262517488,-12.3629093705,-10.8846736133,-8.40097853505,-5.70494855798,-3.4504926789,-0.0196786762739,2.59303240013,7.22665104059	0	poly	0.08	176000,,
195344	0.0,1.0,2.0,3.0,4.0,5.0,6.0,7.0,8.0,9.0,10.0,11.0,12.0,13.0,14.0,15.0,16.0,17.0,18.0,19.0	-3.28606648041,-6.01027651368,-9.67244117488,-10.462996721,-13.4793382866,-15.2499051019,-16.6895326629,-16.4557403197,-17.925389966,-16.934064938,-17.5210855118,-15.6345359728,-15.0902920227,-13.5503674457,-11.4298080749,-9.31991663588,-6.76539438953,-3.31101235849,1.56998440461,5.54924317609	0	poly	0.08	176000,,
194038	0.0,1.0,2.0,3.0,4.0,5.0,6.0,7.0,8.0,9.0,10.0,11.0,12.0,13.0,14.0,15.0,16.0,17.0,18.0,19.0	35.5351747147,32.1742672461,28.8142492846,27.4278675988,24.4529456969,23.7857779578,22.5884683688,21.6737456012,20.4716538035,20.5702877339,21.093296864,21.2197957708,23.1541008916,24.3621359495,27.8064461994,28.7221022765,31.2494265458,35.2606815087,38.8198835911,42.3926887807	0	poly	0.08	176000,,
194001	0.0,1.0,2.0,3.0,4.0,5.0,6.0,7.0,8.0,9.0,10.0,11.0,12.0,13.0,14.0,15.0,16.0,17.0,18.0,19.0	16.6754815687,14.2123131046,10.9642047759,9.30201511343,5.55032857789,4.43342310448,4.49279445625,2.11298230984,1.55787468093,2.94303770246,2.54459548691,3.35303661919,4.01476323873,6.9595722625,7.53659324675,10.9705254207,13.3833825048,17.4002024412,21.0836718668,23.6181628666	0	poly	0.08	176000,,
192610	0.0,1.0,2.0,3.0,4.0,5.0,6.0,7.0,8.0,9.0,10.0,11.0,12.0,13.0,14.0,15.0,16.0,17.0,18.0,19.0	0.341091889591,-3.95222205946,-7.19653901314,-8.82946712469,-10.2403245326,-13.4097439237,-13.6923849568,-14.2716519055,-14.4017910263,-15.1372100954,-14.6516313043,-14.2899753838,-12.2234583641,-11.6574032976,-9.1898853997,-6.11197295361,-3.81388998397,-1.3444340666,2.75487362144,6.37041326335	0	poly	0.08	176000,,
193906	0.0,1.0,2.0,3.0,4.0,5.0,6.0,7.0,8.0,9.0,10.0,11.0,12.0,13.0,14.0,15.0,16.0,17.0,18.0,19.0	30.3092690277,27.4064714563,24.6235456438,22.444612241,21.780580698,18.9401279603,18.8453734316,17.3409929262,16.7922279764,16.1202717994,16.6443002858,17.862824292,19.764794349,20.9011633679,23.6225945893,25.9808885002,27.5035400229,30.4813847738,35.6648442993,39.7671352816	0	poly	0.08	176000,,
192028	0.0,1.0,2.0,3.0,4.0,5.0,6.0,7.0,8.0,9.0,10.0,11.0,12.0,13.0,14.0,15.0,16.0,17.0,18.0,19.0	23.8232363729,20.4361692687,17.6907483802,15.2748460541,12.3734584454,12.3965487422,9.39425787369,9.59717479996,8.7524728417,8.69067310605,10.4697059069,10.1569937541,12.2961005975,13.8998684173,14.7403315967,18.3271558873,21.170758754,24.2577179585,26.6019248267,31.7079005688	0	poly	0.08	176000,,
195796	0.0,1.0,2.0,3.0,4.0,5.0,6.0,7.0,8.0,9.0,10.0,11.0,12.0,13.0,14.0,15.0,16.0,17.0,18.0,19.0	24.5457421506,23.2651857985,20.0765911111,17.0798074669,16.0567816307,13.8687821086,12.6756862253,12.4343859522,11.7782558112,10.6278098449,11.8636698741,12.3673519821,13.8292913444,14.1846098001,17.080385602,20.1391442654,21.8197991495,24.6424509184,29.415401593,32.8357828748	0	poly	0.08	176000,,
194949	0.0,1.0,2.0,3.0,4.0,5.0,6.0,7.0,8.0,9.0,10.0,11.0,12.0,13.0,14.0,15.0,16.0,17.0,18.0,19.0	23.3437083529,18.8621542757,16.3262600391,14.7537847814,12.9745035412,10.4764339811,9.28226715701,7.95053661498,8.25528150762,7.21265102592,8.68131026388,9.81248486625,10.8079902087,12.1095403449,13.3353244941,15.6940089452,18.5473688025,22.4613439044,26.4485402579,29.2992499639	0	poly	0.08	176000,,
194029	0.0,1.0,2.0,3.0,4.0,5.0,6.0,7.0,8.0,9.0,10.0,11.0,12.0,13.0,14.0,15.0,16.0,17.0,18.0,19.0	-3.68064828259,-7.16078514434,-10.9222835651,-12.6736787627,-14.6844693685,-15.52366631,-18.2367100591,-18.8448868486,-19.3633123542,-19.326426501,-18.4913917665,-16.8435418816,-15.6953921638,-13.8000350888,-12.2645073943,-10.4437084409,-6.56024203458,-4.53098060346,0.204957177599,4.08415677567	0	poly	0.08	176000,,
192239	0.0,1.0,2.0,3.0,4.0,5.0,6.0,7.0,8.0,9.0,10.0,11.0,12.0,13.0,14.0,15.0,16.0,17.0,18.0,19.0	-6.61933434755,-10.3105041065,-13.0984841144,-16.2291577993,-16.9118102667,-18.9181149298,-20.8205887039,-21.2058843314,-22.2228645167,-22.4748288325,-20.1991132383,-20.4102085958,-20.0801021875,-18.2006969088,-14.8020060998,-13.163658107,-10.936075998,-8.07954782758,-3.47799537702,0.939942856906	0	poly	0.08	176000,,
195352	0.0,1.0,2.0,3.0,4.0,5.0,6.0,7.0,8.0,9.0,10.0,11.0,12.0,13.0,14.0,15.0,16.0,17.0,18.0,19.0	5.94096280758,1.49056470002,-0.473201654598,-2.50733773723,-5.70560071171,-6.86115102952,-8.5061798532,-8.138774619,-9.80913299432,-8.50087405183,-8.42205217203,-6.98992881246,-6.68816419488,-5.56349409196,-1.98714225564,0.13896069861,3.04289683537,5.90528109993,9.88200213545,12.8647060557	0	poly	0.08	176000,,
193094	0.0,1.0,2.0,3.0,4.0,5.0,6.0,7.0,8.0,9.0,10.0,11.0,12.0,13.0,14.0,15.0,16.0,17.0,18.0,19.0	-2.57229631583,-5.61786080373,-8.32860498985,-9.37559100491,-11.1899977541,-13.8397764276,-14.9355255584,-14.8361853695,-15.4564769833,-15.7459681835,-15.7850765717,-14.0451451317,-14.6164099614,-12.3773237087,-10.2445490925,-7.15306511494,-4.32755819839,-2.0414278989,1.89776242245,5.15988315539	0	poly	0.08	176000,,
195734	0.0,1.0,2.0,3.0,4.0,5.0,6.0,7.0,8.0,9.0,10.0,11.0,12.0,13.0,14.0,15.0,16.0,17.0,18.0,19.0	-1.89590459286,-5.10783007014,-8.95788536512,-11.2735514141,-12.3349687206,-14.3574957413,-14.7045185976,-15.6862193561,-15.8603695815,-15.9659308719,-17.1016603996,-15.0705032057,-13.522727269,-13.3279127088,-10.1724250145,-7.89468493539,-5.61040051587,-1.54278458503,1.69360985347,5.06982300061	0	poly	0.08	176000,,
192478	0.0,1.0,2.0,3.0,4.0,5.0,6.0,7.0,8.0,9.0,10.0,11.0,12.0,13.0,14.0,15.0,16.0,17.0,18.0,19.0	0.311650561559,-3.37853197186,-6.61130816455,-8.45344886436,-11.8065350592,-12.8964989342,-13.2578926403,-14.5154530294,-14.9724795401,-15.4684138925,-14.7275928421,-13.9159594871,-12.9124311354,-9.94518767312,-9.39682557683,-5.75659698188,-3.36450063038,-1.15817484466,2.60588086708,6.30574569398	0	poly	0.08	176000,,
192096	0.0,1.0,2.0,3.0,4.0,5.0,6.0,7.0,8.0,9.0,10.0,11.0,12.0,13.0,14.0,15.0,16.0,17.0,18.0,19.0	-3.1605320704,-5.29117473939,-7.90804254568,-12.0242331427,-12.886354313,-13.9887855323,-16.4020531869,-17.3137619772,-16.3491444287,-17.3143888125,-16.2829161514,-16.5295317496,-15.4213599444,-13.9384315329,-10.5732912248,-8.44999732906,-5.34868111471,-2.06096861543,1.25527639102,4.48547558201	0	poly	0.08	176000,,
195342	0.0,1.0,2.0,3.0,4.0,5.0,6.0,7.0,8.0,9.0,10.0,11.0,12.0,13.0,14.0,15.0,16.0,17.0,18.0,19.0	15.9090116075,12.1950454439,9.44034449256,7.92838850787,5.73565384218,3.22389886379,3.15050969429,2.29640269634,1.61598560421,0.483938094798,1.75448193132,1.69904722716,2.64455919607,5.65740750243,7.85126198042,10.2224060351,11.928317219,15.3984112471,19.8081507516,22.092674348	0	poly	0.08	176000,,
194794	0.0,1.0,2.0,3.0,4.0,5.0,6.0,7.0,8.0,9.0,10.0,11.0,12.0,13.0,14.0,15.0,16.0,17.0,18.0,19.0	-0.400918290319,-4.53055875246,-7.43005361768,-9.34591159265,-10.4419833766,-12.8266418447,-14.8284233519,-15.3547839621,-14.7284950773,-15.6200899297,-14.0924300832,-14.8810628844,-12.3619391194,-11.3409850023,-8.72046864338,-6.16927083917,-3.4613864666,-1.42892480253,3.28081363117,7.32153046297	0	poly	0.08	176000,,
195036	0.0,1.0,2.0,3.0,4.0,5.0,6.0,7.0,8.0,9.0,10.0,11.0,12.0,13.0,14.0,15.0,16.0,17.0,18.0,19.0	27.3084998462,23.8778292257,22.0531606985,19.7342279995,16.4372095545,15.7257719749,13.5871029712,12.435947999,13.3417686828,12.0633148978,13.2762633033,15.076990108,15.9310039212,16.6168050648,19.7171696563,21.9229193778,24.2542313437,26.3507815214,31.1862797663,35.1231915984	0	poly	0.08	176000,,
194842	0.0,1.0,2.0,3.0,4.0,5.0,6.0,7.0,8.0,9.0,10.0,11.0,12.0,13.0,14.0,15.0,16.0,17.0,18.0,19.0	-4.28559245043,-7.9077371053,-9.19922755074,-11.8169121247,-14.2690816108,-14.9260832631,-17.0541200048,-17.9696174617,-18.9944548522,-17.5685555878,-18.2421105072,-16.4461501687,-16.2550747337,-13.916895209,-11.9885996951,-9.74899197597,-6.17472558574,-4.62078912161,-0.926445629821,4.38569398892	0	poly	0.08	176000,,
192068	0.0,1.0,2.0,3.0,4.0,5.0,6.0,7.0,8.0,9.0,10.0,11.0,12.0,13.0,14.0,15.0,16.0,17.0,18.0,19.0	-0.324715449755,-3.57443422367,-6.00294845697,-8.9404978953,-11.632553714,-13.0424498418,-13.1463723263,-14.3554706683,-16.2986003936,-15.022350366,-15.1536650654,-13.52129427,-13.6371639344,-11.8609126439,-10.0397639444,-6.05552775292,-4.31227636168,-1.87542607245,2.87434168482,5.94284273999	0	poly	0.08	176000,,
193367	0.0,1.0,2.0,3.0,4.0,5.0,6.0,7.0,8.0,9.0,10.0,11.0,12.0,13.0,14.0,15.0,16.0,17.0,18.0,19.0	29.9132951929,26.4152301461,23.7472906948,21.6960638729,19.3213545684,18.0659993364,15.8990450627,15.0975615248,14.8753572205,15.4749634155,15.4304813042,16.3915187877,17.2769108955,19.9625460731,21.1552531046,23.8056388351,25.9921325793,28.894946459,32.7183109664,36.4873171654	0	poly	0.08	176000,,
193685	0.0,1.0,2.0,3.0,4.0,5.0,6.0,7.0,8.0,9.0,10.0,11.0,12.0,13.0,14.0,15.0,16.0,17.0,18.0,19.0	-6.52785814854,-9.82506401798,-12.0587240224,-14.3741805689,-15.3128600107,-17.2342091033,-18.8044475713,-19.8399604746,-21.0481606713,-19.7187833219,-19.3873178763,-19.4075751491,-16.9448708594,-16.4113100733,-14.0665538106,-10.8931088142,-8.57440796291,-6.53110840858,-2.24043102275,2.52971079152	0	poly	0.08	176000,,
192762	0.0,1.0,2.0,3.0,4.0,5.0,6.0,7.0,8.0,9.0,10.0,11.0,12.0,13.0,14.0,15.0,16.0,17.0,18.0,19.0	14.2021773876,11.4507246975,8.71763980281,6.25997851413,5.01467605348,2.37918657037,0.721458919686,1.54638594885,-0.279018551928,0.583504111323,-0.0325684382119,1.48756288682,3.48927350779,3.99382296546,5.35637796256,9.17929064324,12.1140956609,13.7774168085,18.8604189968,21.6897776217	0	poly	0.08	176000,,
192263	0.0,1.0,2.0,3.0,4.0,5.0,6.0,7.0,8.0,9.0,10.0,11.0,12.0,13.0,14.0,15.0,16.0,17.0,18.0,19.0	26.2338267242,22.8416065796,18.6261470778,17.5454878169,14.7388805624,12.6186775077,11.7278788899,11.8306799824,10.8861000345,11.2532331911,10.6549693721,11.9938535352,13.067191709,15.1280276897,17.3490507286,19.7127049719,21.6788160753,24.3444601379,28.3295349359,32.6368466981	0	poly	0.08	176000,,
192786	0.0,1.0,2.0,3.0,4.0,5.0,6.0,7.0,8.0,9.0,10.0,11.0,12.0,13.0,14.0,15.0,16.0,17.0,18.0,19.0	29.5392518466,26.4707315341,23.0770465335,20.7433740709,17.9548961548,16.9574525192,16.1008990412,15.0295342625,15.6035332502,13.6947701336,15.5963563303,16.6489166819,17.8289744263,19.0265580002,21.5063500309,22.9925789031,25.2062998109,28.3493963204,32.0043155786,36.158391737	0	poly	0.08	176000,,
194704	0.0,1.0,2.0,3.0,4.0,5.0,6.0,7.0,8.0,9.0,10.0,11.0,12.0,13.0,14.0,15.0,16.0,17.0,18.0,19.0	33.6096596115,31.5090573893,28.1769716994,26.810739871,23.083440606,22.261516166,20.6294163974,21.0837779695,19.5425286834,20.4146568735,20.172465695,20.2195793276,21.48101049,23.6249617583,26.7521341115,27.8042341965,31.9037408329,33.6818261922,37.4977078276,41.1896569628	0	poly	0.08	176000,,
195803	0.0,1.0,2.0,3.0,4.0,5.0,6.0,7.0,8.0,9.0,10.0,11.0,12.0,13.0,14.0,15.0,16.0,17.0,18.0,19.0	8.28691163729,6.63605225793,2.39753074532,-0.310072463889,-1.90590841993,-2.16222642548,-4.59832052721,-5.04387391096,-6.23900705656,-5.55911913408,-5.3410561935,-3.62449771084,-2.08188431094,-1.69144050243,0.920127126679,2.11365506644,6.01176356755,9.26988953876,12.4850590219,17.4531437219	0	poly	0.08	176000,,
195284	0.0,1.0,2.0,3.0,4.0,5.0,6.0,7.0,8.0,9.0,10.0,11.0,12.0,13.0,14.0,15.0,16.0,17.0,18.0,19.0	32.2226619194,29.4846762645,26.8895141951,23.8833396671,21.4756220919,21.2219747695,18.665523807,18.7991799828,18.8397453136,17.5738346479,18.0839619159,19.7752861173,21.083734799,21.5882343817,24.3228370336,26.064369224,30.0132907992,31.8639710704,36.2544807336,40.3905259327	0	poly	0.08	176000,,
195405	0.0,1.0,2.0,3.0,4.0,5.0,6.0,7.0,8.0,9.0,10.0,11.0,12.0,13.0,14.0,15.0,16.0,17.0,18.0,19.0	11.9433435275,8.52854968941,5.81996422628,2.82844718305,2.06260287559,0.341958818899,-1.21195038086,-1.83144769682,-1.87439776837,-3.60902416616,-2.43055964111,-1.42563749483,0.643204026714,1.54358341845,2.95081415045,4.98335127235,8.77831800668,12.3504884449,15.8257436679,20.2624458408	0	poly	0.08	176000,,
194587	0.0,1.0,2.0,3.0,4.0,5.0,6.0,7.0,8.0,9.0,10.0,11.0,12.0,13.0,14.0,15.0,16.0,17.0,18.0,19.0	18.4902794955,14.3929098498,11.6555612813,10.3631310286,8.2852640432,6.43110697591,4.18940501009,3.37565878394,3.48460270528,4.66317514492,3.35532284146,5.43407952488,5.76181471733,7.11986583965,9.189284068,11.7650610755,15.526998549,18.0220342098,22.6694741841,26.4111945178	0	poly	0.08	176000,,
194980	0.0,1.0,2.0,3.0,4.0,5.0,6.0,7.0,8.0,9.0,10.0,11.0,12.0,13.0,14.0,15.0,16.0,17.0,18.0,19.0	-0.752978555904,-5.74267245057,-7.16362702372,-9.72757452468,-12.0424343001,-13.5855251811,-14.0180153949,-15.3793176979,-15.0443609121,-16.4768012669,-14.8352432963,-14.5790750254,-13.0788381439,-11.7868515626,-10.5978767111,-6.7307134489,-5.47520846243,-0.788321150542,1.24623159599,5.18811552205	0	poly	0.08	176000,,
195646	0.0,1.0,2.0,3.0,4.0,5.0,6.0,7.0,8.0,9.0,10.0,11.0,12.0,13.0,14.0,15.0,16.0,17.0,18.0,19.0	25.4428307333,22.3397894712,19.9094365766,17.1521326389,15.9056343019,14.1248189509,12.9792078289,11.5717092197,12.1752362374,11.0188671868,12.309668706,13.7188712685,14.3275824004,15.3802729222,18.5464562767,20.8987677943,23.0373208767,26.1799361054,29.6212080904,32.9329087238	0	poly	0.08	176000,,
195338	0.0,1.0,2.0,3.0,4.0,5.0,6.0,7.0,8.0,9.0,10.0,11.0,12.0,13.0,14.0,15.0,16.0,17.0,18.0,19.0	24.8541884353,21.9403824319,18.2779451413,16.3926714395,14.3559266843,12.5393564409,11.636626928,9.77372682086,11.0950584511,9.38914557176,10.6360439177,11.2296045018,11.6997683084,14.9335843524,17.1857345719,19.0553992494,20.7416908653,24.8082518095,29.1555093279,32.7469039982	0	poly	0.08	176000,,
194590	0.0,1.0,2.0,3.0,4.0,5.0,6.0,7.0,8.0,9.0,10.0,11.0,12.0,13.0,14.0,15.0,16.0,17.0,18.0,19.0	27.3184151734,24.0135571455,21.0476500635,19.9592563916,17.9010497215,15.1929252535,14.6764006965,14.5453076182,12.4364227935,14.3036730057,13.7936161824,13.6679814301,16.5297969034,17.0880073962,20.3196502075,21.7893238915,24.2190511943,28.7987960819,30.8891962973,34.4334841907	0	poly	0.08	176000,,
194193	0.0,1.0,2.0,3.0,4.0,5.0,6.0,7.0,8.0,9.0,10.0,11.0,12.0,13.0,14.0,15.0,16.0,17.0,18.0,19.0	18.6563729876,15.4860820314,12.004485029,10.697429871,8.28602214095,7.3168833331,5.44030396195,3.89158842453,3.4623679465,4.22275110667,4.53382683113,5.08798380659,6.84279464067,8.41382609979,9.61000557553,12.998237754,15.2272406285,19.3904872956,22.7537352479,26.4371655701	0	poly	0.08	176000,,
195468	0.0,1.0,2.0,3.0,4.0,5.0,6.0,7.0,8.0,9.0,10.0,11.0,12.0,13.0,14.0,15.0,16.0,17.0,18.0,19.0	-3.07729609474,-5.77079283874,-7.95154648087,-10.5012464521,-13.121503386,-13.2761894137,-16.0996432721,-16.9237309096,-16.1417634767,-16.8513035707,-15.7233968517,-16.028100938,-13.9209359037,-12.0992447329,-10.8779170439,-8.90106639587,-5.39804035481,-1.53574511482,1.15272875828,4.59768556675	0	poly	0.08	176000,,
195511	0.0,1.0,2.0,3.0,4.0,5.0,6.0,7.0,8.0,9.0,10.0,11.0,12.0,13.0,14.0,15.0,16.0,17.0,18.0,19.0	-5.48203909481,-8.45631983791,-12.2810626133,-14.0645173714,-16.4950918781,-17.2949165604,-19.5242316627,-19.5351602612,-21.3323094348,-19.9439565272,-19.5111540821,-19.4558693264,-17.2630737212,-16.4087035655,-14.6772373866,-11.3430881137,-8.26532476149,-6.41250319887,-1.38819917477,1.96548513886	0	poly	0.08	176000,,
195263	0.0,1.0,2.0,3.0,4.0,5.0,6.0,7.0,8.0,9.0,10.0,11.0,12.0,13.0,14.0,15.0,16.0,17.0,18.0,19.0	17.4777692723,14.2258579798,11.3992199046,9.73542493072,7.73447371711,5.91176514277,4.23471926062,4.63787582445,2.84110743816,2.40764291661,3.77771390027,4.60856815887,6.21638337135,7.33839653032,9.08680565677,11.115880097,15.1420490339,18.7381481093,21.5020995803,25.4459699526	0	poly	0.08	176000,,
194754	0.0,1.0,2.0,3.0,4.0,5.0,6.0,7.0,8.0,9.0,10.0,11.0,12.0,13.0,14.0,15.0,16.0,17.0,18.0,19.0	11.3129894734,9.41387447466,6.34773811047,4.04830434601,0.333745717371,0.32965007431,-1.59964516188,-2.96658371399,-1.80155967292,-2.26394011814,-1.81309221618,-2.09829067976,-0.697327788542,1.04272937983,2.90587968588,6.60879594726,8.24237875593,10.9383660131,14.8583873035,19.5833203154	0	poly	0.08	176000,,
195695	0.0,1.0,2.0,3.0,4.0,5.0,6.0,7.0,8.0,9.0,10.0,11.0,12.0,13.0,14.0,15.0,16.0,17.0,18.0,19.0	14.9320345269,13.3687311524,10.6407417506,6.54710223111,4.35440767312,4.24501642899,1.53275682994,1.7651495077,0.314177461138,0.490806126616,1.89960181429,2.36182151925,3.02371752816,5.09780182902,6.95491020551,9.94666693889,11.7697414431,15.3821958234,19.4912175338,22.4415935868	0	poly	0.08	176000,,
194279	0.0,1.0,2.0,3.0,4.0,5.0,6.0,7.0,8.0,9.0,10.0,11.0,12.0,13.0,14.0,15.0,16.0,17.0,18.0,19.0	17.042677089,12.8028442779,10.9828539338,9.00631455982,7.15363906453,4.6764842417,2.54843890535,1.71118590985,3.15181624488,2.23491837283,2.51819485821,2.46790227291,4.10181812845,6.26977759053,7.41533858346,9.83569613312,13.3694064415,15.663204258,19.2759251821,23.7507309789	0	poly	0.08	176000,,
194152	0.0,1.0,2.0,3.0,4.0,5.0,6.0,7.0,8.0,9.0,10.0,11.0,12.0,13.0,14.0,15.0,16.0,17.0,18.0,19.0	4.39849997776,1.04445536209,-1.53164613644,-3.90089154575,-5.8578273606,-8.40528358991,-10.2528416531,-10.7108802815,-9.99714601874,-9.81597670636,-10.5164802493,-9.20420786488,-9.33723548205,-7.44276570997,-4.00970368188,-1.70578354313,0.987129399201,3.57402869342,7.09611417205,12.114412478	0	poly	0.08	176000,,
192367	0.0,1.0,2.0,3.0,4.0,5.0,6.0,7.0,8.0,9.0,10.0,11.0,12.0,13.0,14.0,15.0,16.0,17.0,18.0,19.0	0.10105612631,-4.42787903473,-6.50350583222,-7.97694799646,-9.85903580398,-12.6981710526,-13.3873599715,-14.1001363404,-15.0147137596,-15.7954983923,-14.6709361196,-14.3605760035,-12.48486592,-10.207759382,-8.93551560009,-6.50282613375,-4.09720375113,-0.558324659075,2.93331468179,7.88791876323	0	poly	0.08	176000,,
195474	0.0,1.0,2.0,3.0,4.0,5.0,6.0,7.0,8.0,9.0,10.0,11.0,12.0,13.0,14.0,15.0,16.0,17.0,18.0,19.0	2.05672182569,-1.62490451408,-3.41641446376,-5.81695697669,-9.29090392736,-9.10751676525,-12.1458640621,-12.1775115284,-12.0376341596,-13.1003440426,-11.1630126825,-10.4964502525,-10.8415219015,-9.27137701292,-6.30947425519,-3.81692976071,-1.67067702722,2.06477434438,6.05259813961,10.5901468905	0	poly	0.08	176000,,
192978	0.0,1.0,2.0,3.0,4.0,5.0,6.0,7.0,8.0,9.0,10.0,11.0,12.0,13.0,14.0,15.0,16.0,17.0,18.0,19.0	0.355599010797,-3.40373658757,-5.73220245951,-7.37094732114,-10.7640943488,-11.8613302008,-12.9456792411,-14.111144553,-15.0185922569,-14.9192409124,-12.8209402989,-13.6233091712,-12.5589691111,-10.4217444633,-8.02244258254,-5.91004120753,-3.94222309291,1.00909568572,4.71656355406,7.5016279952	0	poly	0.08	176000,,
194229	0.0,1.0,2.0,3.0,4.0,5.0,6.0,7.0,8.0,9.0,10.0,11.0,12.0,13.0,14.0,15.0,16.0,17.0,18.0,19.0	33.5812571962,30.2274142943,27.162225452,24.4567224192,22.3774906271,21.7123504691,20.6124399828,18.8756979852,18.839672621,18.3503209371,18.95063231,19.627405205,20.1454703323,21.8026195427,24.234555544,27.1637508316,30.5841484135,33.9540994324,35.7675550988,41.5140935535	0	poly	0.08	176000,,
195736	0.0,1.0,2.0,3.0,4.0,5.0,6.0,7.0,8.0,9.0,10.0,11.0,12.0,13.0,14.0,15.0,16.0,17.0,18.0,19.0	11.3576547079,7.74356348207,6.22129670632,2.0649749622,0.177239112252,0.247197703481,-1.62854901317,-1.86492107284,-2.9691732777,-2.52993190009,-1.75812440093,-2.21847174958,0.0256874514222,1.74668925206,2.09232261901,6.2517934274,7.65950161004,10.4962714026,14.0429041185,18.829826543	0	poly	0.08	176000,,
192596	0.0,1.0,2.0,3.0,4.0,5.0,6.0,7.0,8.0,9.0,10.0,11.0,12.0,13.0,14.0,15.0,16.0,17.0,18.0,19.0	6.9323009205,2.30414002718,0.91024098605,-1.85297302037,-3.47287484646,-5.20089984779,-6.3184538064,-7.02386907548,-7.95373141178,-9.0138272239,-7.46514514923,-7.37971985904,-5.35889169874,-4.72339376822,-1.36955698983,0.504857435624,3.45416023837,7.13132433913,9.37536340374,13.3426426786	0	poly	0.08	176000,,
192314	0.0,1.0,2.0,3.0,4.0,5.0,6.0,7.0,8.0,9.0,10.0,11.0,12.0,13.0,14.0,15.0,16.0,17.0,18.0,19.0	-5.42243146026,-8.86143127676,-12.0224955508,-13.8684705652,-15.2388377642,-18.0114082712,-19.5874124331,-19.0295278586,-20.1419186033,-19.6572520743,-19.3229497713,-18.54570361,-17.7411439118,-15.9369698435,-15.0746770119,-11.8998129474,-8.06645696575,-6.59232733087,-1.47710259324,1.75143953447	0	poly	0.08	176000,,
193061	0.0,1.0,2.0,3.0,4.0,5.0,6.0,7.0,8.0,9.0,10.0,11.0,12.0,13.0,14.0,15.0,16.0,17.0,18.0,19.0	31.8309675212,30.1149497583,27.1849481346,23.8774644333,22.133871021,20.5608863794,19.1394524408,18.4781244094,19.3820498709,18.3859068927,19.6510464967,19.9518455389,21.5776609879,22.5848507396,24.7188501638,27.0368139932,29.1695778775,32.6175820401,37.3402515807,40.8788218984	0	poly	0.08	176000,,
193267	0.0,1.0,2.0,3.0,4.0,5.0,6.0,7.0,8.0,9.0,10.0,11.0,12.0,13.0,14.0,15.0,16.0,17.0,18.0,19.0	23.7821189384,21.1936312642,19.0679744139,16.4036475664,14.8792502496,12.5227555283,12.4326328321,11.2805371288,11.093229233,11.098376892,9.73201302006,12.0239129698,13.5135090655,14.1558029746,16.0789371734,17.7311359487,22.5288388072,24.1189276446,27.3543758252,32.0014532883	0	poly	0.08	176000,,
193270	0.0,1.0,2.0,3.0,4.0,5.0,6.0,7.0,8.0,9.0,10.0,11.0,12.0,13.0,14.0,15.0,16.0,17.0,18.0,19.0	23.8184639219,19.4863297754,17.7222431516,14.5439970259,11.9374578249,12.2249336295,10.5984643316,9.56356268779,8.74064293335,8.30641352244,8.32521168169,9.99973302454,11.1429786743,11.8931250604,15.2559700049,17.0796160895,21.0653925779,23.0472463694,26.6572228148,31.8342793457	0	poly	0.08	176000,,
195355	0.0,1.0,2.0,3.0,4.0,5.0,6.0,7.0,8.0,9.0,10.0,11.0,12.0,13.0,14.0,15.0,16.0,17.0,18.0,19.0	25.1620000965,21.6695886558,18.9361526778,16.6693613884,16.2603786144,13.1968814384,12.5098838468,12.6000388127,11.5549794241,12.3519111588,12.2986504762,13.4709185437,13.0885784027,14.9185478985,17.493685872,19.8327428205,22.2431249965,25.4333314012,30.3027795769,33.1704779486	0	poly	0.08	176000,,
193200	0.0,1.0,2.0,3.0,4.0,5.0,6.0,7.0,8.0,9.0,10.0,11.0,12.0,13.0,14.0,15.0,16.0,17.0,18.0,19.0	3.91395077962,1.28210643816,-1.93296767226,-4.16420248433,-6.44765846843,-7.47905420056,-8.93657335962,-10.3580789446,-11.1408102295,-9.48527520817,-10.3647745444,-9.63747044485,-7.99093396771,-5.53508587128,-3.92216136511,-2.0144627199,0.84651215452,3.800851483,8.35291043884,12.5740735635	0	poly	0.08	176000,,
192892	0.0,1.0,2.0,3.0,4.0,5.0,6.0,7.0,8.0,9.0,10.0,11.0,12.0,13.0,14.0,15.0,16.0,17.0,18.0,19.0	-5.25367951111,-8.77115489618,-11.3222835464,-14.8148443851,-15.5293241634,-17.5208833313,-18.2606868121,-20.5649753429,-20.6854018152,-20.101627092,-20.5134180832,-19.0785670609,-18.3321604232,-15.9587132051,-14.8282558136,-12.4284674468,-9.38288282059,-6.17130855548,-1.87289221551,1.70343457479	0	poly	0.08	176000,,
193908	0.0,1.0,2.0,3.0,4.0,5.0,6.0,7.0,8.0,9.0,10.0,11.0,12.0,13.0,14.0,15.0,16.0,17.0,18.0,19.0	12.8863681855,8.94601129703,7.27271745247,4.0037252372,1.61809572806,0.406965908223,-1.48210879512,-1.67990840722,-1.9315214709,-1.11312606901,-0.747051595926,-0.0670749312515,0.0612936283269,1.87989589489,4.45829129723,7.09210822956,10.3799577936,13.7029423057,17.089111224,19.56117635	0	poly	0.08	176000,,
193837	0.0,1.0,2.0,3.0,4.0,5.0,6.0,7.0,8.0,9.0,10.0,11.0,12.0,13.0,14.0,15.0,16.0,17.0,18.0,19.0	1.14401973161,-2.19239527152,-3.45378096255,-6.49346463193,-9.32128834877,-10.0766792404,-11.3895638437,-11.4469739064,-11.5455454768,-12.6149683163,-12.9354819498,-11.1669640176,-10.480167801,-8.83648854747,-7.05141641154,-4.41288954753,-1.47723711689,1.73304159233,5.74259113334,8.64438537205	0	poly	0.08	176000,,
193592	0.0,1.0,2.0,3.0,4.0,5.0,6.0,7.0,8.0,9.0,10.0,11.0,12.0,13.0,14.0,15.0,16.0,17.0,18.0,19.0	35.425291362,31.712970592,28.8418943308,26.0097873828,24.0999652595,23.3476927482,21.3220920533,21.8524038033,21.8010176583,21.2263517711,22.2327778091,22.9194669275,24.372918395,24.308936834,25.9772154806,29.5985082003,31.2698937131,35.856847335,38.8833599332,42.9837817549	0	poly	0.08	176000,,
194025	0.0,1.0,2.0,3.0,4.0,5.0,6.0,7.0,8.0,9.0,10.0,11.0,12.0,13.0,14.0,15.0,16.0,17.0,18.0,19.0	25.8344938931,21.0733012479,17.9669861785,16.8571195278,15.2877610673,12.2324729248,11.7503246448,11.4927986956,10.6172590774,10.2888402724,10.470987482,12.2540555688,13.517359509,14.7623830397,15.7857059046,19.0876527607,21.8557142112,25.6912327185,29.0052000059,32.4963089931	0	poly	0.08	176000,,
193001	0.0,1.0,2.0,3.0,4.0,5.0,6.0,7.0,8.0,9.0,10.0,11.0,12.0,13.0,14.0,15.0,16.0,17.0,18.0,19.0	25.1083232382,21.1425380435,18.5980172727,16.5002562418,14.5143543683,12.4857290315,12.0832727479,10.3389783152,11.0499892951,11.4165219403,11.3586750497,12.5620227046,12.2841838974,15.2793988985,16.4444003145,19.8658832487,20.699899385,24.6773566262,28.5210381554,32.8654448239	0	poly	0.08	176000,,
194770	0.0,1.0,2.0,3.0,4.0,5.0,6.0,7.0,8.0,9.0,10.0,11.0,12.0,13.0,14.0,15.0,16.0,17.0,18.0,19.0	32.70691154,30.1410421946,26.1649553506,23.6129506983,21.3015956068,20.8413076377,19.2022018934,18.0522483039,17.6196592178,18.0539550658,18.285541641,19.6130188641,21.129967233,22.8655107042,24.3604446227,25.859466773,28.9225775172,33.1675616829,35.937483369,39.8481144109	0	poly	0.08	176000,,
193209	0.0,1.0,2.0,3.0,4.0,5.0,6.0,7.0,8.0,9.0,10.0,11.0,12.0,13.0,14.0,15.0,16.0,17.0,18.0,19.0	-0.470320322138,-3.08262972856,-6.93675382647,-9.59038717012,-11.3377272567,-13.0039016555,-14.4878894085,-15.5866910964,-15.0818707626,-15.5599472207,-14.3874196688,-14.759662078,-13.0440284958,-10.9593582878,-9.63754757381,-7.16536085186,-3.16584867531,-0.376021170889,1.84278639238,5.97025515365	0	poly	0.08	176000,,
194998	0.0,1.0,2.0,3.0,4.0,5.0,6.0,7.0,8.0,9.0,10.0,11.0,12.0,13.0,14.0,15.0,16.0,17.0,18.0,19.0	-3.371536607,-6.98137895448,-10.2092990721,-12.1435092323,-14.2404476301,-15.8093463034,-17.565810348,-17.6035549388,-17.8706502601,-19.0442735805,-18.0445677243,-17.1496343957,-16.7409960625,-14.1229684288,-12.7309732591,-10.2832429074,-6.59586777053,-3.72269671165,-1.48998781998,2.76454002828	0	poly	0.08	176000,,
194467	0.0,1.0,2.0,3.0,4.0,5.0,6.0,7.0,8.0,9.0,10.0,11.0,12.0,13.0,14.0,15.0,16.0,17.0,18.0,19.0	17.2197501621,12.5325541341,11.4840933903,7.63590331376,6.05076481295,3.78401320852,2.63747091867,3.1088662197,2.70918909598,2.46625707975,1.778687552,2.90040467178,3.76316086453,6.87643284381,8.64513522892,10.4343671483,12.8286183126,16.5480320305,19.3254323144,23.882315072	0	poly	0.08	176000,,
193425	0.0,1.0,2.0,3.0,4.0,5.0,6.0,7.0,8.0,9.0,10.0,11.0,12.0,13.0,14.0,15.0,16.0,17.0,18.0,19.0	25.1880354194,23.0319431413,19.4882643344,18.0722320648,15.5256794458,14.1223204286,13.4408861294,13.0953478169,11.6967890613,12.077931544,12.4512109837,12.848344566,13.9713643591,16.1924396934,17.2643063516,19.7419247297,23.9330802044,25.2618117767,30.4477506804,34.4526076351	0	poly	0.08	176000,,
192065	0.0,1.0,2.0,3.0,4.0,5.0,6.0,7.0,8.0,9.0,10.0,11.0,12.0,13.0,14.0,15.0,16.0,17.0,18.0,19.0	13.8312557032,10.6857209009,9.42994517616,7.23580402413,4.26600827428,3.16086883539,1.7668086045,0.866497478225,0.188987402463,0.542898491163,0.190483696999,1.17739547529,2.86720814443,4.26300878894,7.14688917588,8.65196287732,11.0799246015,14.7516521242,18.6833087139,21.8018596829	0	poly	0.08	176000,,
193648	0.0,1.0,2.0,3.0,4.0,5.0,6.0,7.0,8.0,9.0,10.0,11.0,12.0,13.0,14.0,15.0,16.0,17.0,18.0,19.0	23.5491638478,21.0529379878,18.3333733591,16.1745739509,14.550313736,11.5588306203,11.4445850494,11.2707079201,9.82267809321,10.6375131977,9.9878407045,11.6076003516,12.2753457637,13.5029060764,16.0583713383,18.378167008,20.6171194093,24.7157519209,28.1656297471,32.7376626933	0	poly	0.08	176000,,
193537	0.0,1.0,2.0,3.0,4.0,5.0,6.0,7.0,8.0,9.0,10.0,11.0,12.0,13.0,14.0,15.0,16.0,17.0,18.0,19.0	29.3488457519,25.6112900268,24.144624227,21.549583891,20.2592375861,17.0183760885,16.7900486741,16.4602008021,16.0053036402,16.1586981442,15.9801174135,15.6203210839,18.6833754415,18.3613004658,21.1310242042,23.1784008414,27.4047928197,30.052070489,32.8793018311,38.0642705315	0	poly	0.08	176000,,
194713	0.0,1.0,2.0,3.0,4.0,5.0,6.0,7.0,8.0,9.0,10.0,11.0,12.0,13.0,14.0,15.0,16.0,17.0,18.0,19.0	13.0816732049,10.8220895702,8.32399298195,5.89481300357,3.59530646175,1.15694243755,1.16590333508,0.368111125138,-0.456133607487,-1.07423998846,-0.186079805584,0.985944208664,0.719665824741,3.47171875593,4.21841644683,7.7687346707,10.5317593035,14.3252025222,18.1143766683,21.1509625945	0	poly	0.08	176000,,
194468	0.0,1.0,2.0,3.0,4.0,5.0,6.0,7.0,8.0,9.0,10.0,11.0,12.0,13.0,14.0,15.0,16.0,17.0,18.0,19.0	16.0196260847,12.8140740145,8.88366119642,7.67670740458,6.26631019931,4.61427766316,2.76595698908,2.2207679556,1.26219534582,1.90302687013,1.87375057737,2.63214547638,3.57023517897,5.57558048457,6.99631681563,9.01258071502,13.1009083487,15.933622417,19.2455071856,22.6892220488	0	poly	0.08	176000,,
195740	0.0,1.0,2.0,3.0,4.0,5.0,6.0,7.0,8.0,9.0,10.0,11.0,12.0,13.0,14.0,15.0,16.0,17.0,18.0,19.0	16.096439659,13.955457951,10.9048528793,8.79775886862,7.54311750005,4.3231266557,3.28270899677,2.25244904192,1.87332966602,1.974837669,3.87688193307,4.80640118561,5.85037878047,7.22274938709,8.30917315763,11.077408349,14.7011595869,16.342935269,21.2201008702,25.0025937475	0	poly	0.08	176000,,
192568	0.0,1.0,2.0,3.0,4.0,5.0,6.0,7.0,8.0,9.0,10.0,11.0,12.0,13.0,14.0,15.0,16.0,17.0,18.0,19.0	28.2017199294,24.1869065037,21.6864011769,18.3518324279,17.2465142247,15.7222201692,15.2130833042,14.1504281192,14.0434024948,13.2521099634,12.6397310438,14.3142491712,16.1088630111,17.9955321428,18.2840274441,21.9414552334,23.5134618499,27.4053770763,30.9469038473,35.9461583469	0	poly	0.08	176000,,
194428	0.0,1.0,2.0,3.0,4.0,5.0,6.0,7.0,8.0,9.0,10.0,11.0,12.0,13.0,14.0,15.0,16.0,17.0,18.0,19.0	6.16173055194,3.41432071558,-0.321891859658,-1.67818463746,-4.36299417545,-5.43564765015,-5.99002302798,-7.44139271817,-7.47772567273,-8.18941090989,-8.01682778002,-7.91027050603,-4.86020139147,-4.36185508205,-2.78963012742,-0.212936287591,4.02558254677,5.5964652237,9.61291341642,13.1915571362	0	poly	0.08	176000,,
194912	0.0,1.0,2.0,3.0,4.0,5.0,6.0,7.0,8.0,9.0,10.0,11.0,12.0,13.0,14.0,15.0,16.0,17.0,18.0,19.0	21.4178994433,18.0682434283,16.3394164568,13.6469673765,10.9674080768,10.0445436318,8.52387760804,7.89419208898,6.51896473703,7.9342948063,7.32903080547,8.45359846934,9.62064668947,11.846941011,13.5946925415,15.7942997074,18.515235431,22.3143376408,25.0208380675,29.4149125396	0	poly	0.08	176000,,
194731	0.0,1.0,2.0,3.0,4.0,5.0,6.0,7.0,8.0,9.0,10.0,11.0,12.0,13.0,14.0,15.0,16.0,17.0,18.0,19.0	-0.206949627991,-2.33550465651,-4.69913999595,-8.17982448065,-10.1222476269,-11.8228324882,-12.6081420804,-12.6117408089,-14.776571406,-14.8566285806,-12.72144118,-12.141333218,-11.7661104184,-9.04907427322,-7.25041617997,-5.21504590183,-1.82167538853,0.875001005869,3.91358363755,7.08949106079	0	poly	0.08	176000,,
195243	0.0,1.0,2.0,3.0,4.0,5.0,6.0,7.0,8.0,9.0,10.0,11.0,12.0,13.0,14.0,15.0,16.0,17.0,18.0,19.0	16.2657292931,13.2709975312,10.221242219,7.04992937447,6.31942021523,5.06748555924,2.50653398872,2.19268782349,1.18913037395,1.02603985708,2.21062985878,2.68538822865,4.56107805325,5.48195351714,8.29330623432,10.0519765713,12.2406761942,17.1217251426,20.5475169147,23.0940348339	0	poly	0.08	176000,,
193148	0.0,1.0,2.0,3.0,4.0,5.0,6.0,7.0,8.0,9.0,10.0,11.0,12.0,13.0,14.0,15.0,16.0,17.0,18.0,19.0	2.28153638267,-1.12074613846,-3.43130423736,-5.73463732682,-9.27359525841,-10.4079336344,-10.4867865095,-11.71970741,-12.7651247954,-12.4016990111,-11.5268303848,-10.7488441892,-9.33310889546,-8.62450861688,-6.15686166467,-3.54378846562,-0.887753530342,2.8520343337,4.64121235801,8.84317321628	0	poly	0.08	176000,,
192280	0.0,1.0,2.0,3.0,4.0,5.0,6.0,7.0,8.0,9.0,10.0,11.0,12.0,13.0,14.0,15.0,16.0,17.0,18.0,19.0	34.8311059135,33.0868940408,29.8602946778,27.0460605255,24.8021910841,24.112810856,22.9086642724,21.4033013102,20.1472488017,21.8423164623,21.9361949374,21.6301650398,24.0824530095,24.428939437,27.8133142368,29.2622477545,32.308294092,36.139666717,38.7533528696,43.7204858094	0	poly	0.08	176000,,
194074	0.0,1.0,2.0,3.0,4.0,5.0,6.0,7.0,8.0,9.0,10.0,11.0,12.0,13.0,14.0,15.0,16.0,17.0,18.0,19.0	2.10021630141,0.243336099135,-2.54737253856,-4.9864787571,-8.67186302357,-9.35710903585,-10.1691010349,-12.3504517713,-12.0075124102,-11.0169808565,-10.8808975367,-10.906910351,-10.2611148068,-7.40863121231,-6.79240038791,-3.02976932723,-0.53132736445,2.11466125843,6.96702504732,10.1412582023	0	poly	0.08	176000,,
195582	0.0,1.0,2.0,3.0,4.0,5.0,6.0,7.0,8.0,9.0,10.0,11.0,12.0,13.0,14.0,15.0,16.0,17.0,18.0,19.0	-2.85214972415,-5.49139748309,-7.75746013711,-11.6487864474,-13.2451563419,-14.9104497749,-15.2209486435,-16.3787319185,-16.8235895903,-16.4093460565,-17.544605415,-15.491669063,-15.4893489409,-12.3617270622,-11.8303826781,-9.44604251742,-6.52720843674,-2.43751562183,0.701164070889,5.41621891547	0	poly	0.08	176000,,
194907	0.0,1.0,2.0,3.0,4.0,5.0,6.0,7.0,8.0,9.0,10.0,11.0,12.0,13.0,14.0,15.0,16.0,17.0,18.0,19.0	2.37368828343,0.168452986262,-2.41191355857,-4.65040603467,-7.54232381554,-8.30119160145,-10.1692444346,-10.0527220626,-10.4182965986,-11.1483216218,-10.6331708052,-10.6135297003,-8.05468034131,-6.54794151352,-4.72536905024,-3.46988198761,0.254487606278,3.58846373869,5.97147322671,10.9967722514	0	poly	0.08	176000,,
192260	0.0,1.0,2.0,3.0,4.0,5.0,6.0,7.0,8.0,9.0,10.0,11.0,12.0,13.0,14.0,15.0,16.0,17.0,18.0,19.0	8.37221848632,5.81939520585,2.44341316569,-0.774081594875,-1.85866209951,-3.4273568732,-5.18414820351,-6.52411125207,-5.66413695289,-6.63253591623,-5.05009799352,-5.67863021761,-3.53153090046,-1.80308573302,0.0325720008617,3.3188705939,5.95830874278,8.58157294012,12.291376622,15.9876000675	0	poly	0.08	176000,,
192389	0.0,1.0,2.0,3.0,4.0,5.0,6.0,7.0,8.0,9.0,10.0,11.0,12.0,13.0,14.0,15.0,16.0,17.0,18.0,19.0	0.407706017802,-1.75326091856,-4.44383544446,-7.33542783623,-8.81462276679,-11.452812152,-13.2036611755,-14.1682960972,-13.2614668942,-13.8356232057,-12.5151948764,-11.4439403827,-11.0373426634,-10.2705099638,-7.41655969652,-6.01546523477,-1.56178765579,1.09028592642,4.53267385537,8.25381897353	0	poly	0.08	176000,,
194830	0.0,1.0,2.0,3.0,4.0,5.0,6.0,7.0,8.0,9.0,10.0,11.0,12.0,13.0,14.0,15.0,16.0,17.0,18.0,19.0	-8.21536401038,-10.3083247448,-12.9525509897,-15.7198882133,-17.8067248993,-20.3439693203,-20.2078093179,-21.8276456622,-22.5316827044,-21.3166492457,-22.4668633602,-19.8531213993,-20.5458415192,-17.0992112659,-15.292921625,-14.2465278131,-11.6925541734,-7.69985088299,-3.4996461908,-0.324314307905	0	poly	0.08	176000,,
192041	0.0,1.0,2.0,3.0,4.0,5.0,6.0,7.0,8.0,9.0,10.0,11.0,12.0,13.0,14.0,15.0,16.0,17.0,18.0,19.0	36.0344625702,32.0116807423,29.8604052274,26.4327307159,25.958141047,22.5204746693,23.0609855248,21.5923032442,21.0695927226,21.448516081,20.6795669683,21.2885611378,23.3095722076,25.2123398692,27.6211294136,30.3438152138,31.6035897228,35.0248371322,38.5464373708,42.6467756286	0	poly	0.08	176000,,
195377	0.0,1.0,2.0,3.0,4.0,5.0,6.0,7.0,8.0,9.0,10.0,11.0,12.0,13.0,14.0,15.0,16.0,17.0,18.0,19.0	31.7018761476,29.2133548245,25.984104597,22.5033479835,20.3582964977,19.5789848867,18.8644884344,17.1042402829,17.7051992097,16.9386066604,16.7727973226,19.3871294386,19.4554859792,21.990728152,24.1571236443,26.4749739421,28.1356728555,30.7548237806,34.3641928471,39.6606631845	0	poly	0.08	176000,,
194776	0.0,1.0,2.0,3.0,4.0,5.0,6.0,7.0,8.0,9.0,10.0,11.0,12.0,13.0,14.0,15.0,16.0,17.0,18.0,19.0	5.98854729922,2.31748597437,-0.598845855799,-1.58818017416,-3.51964753748,-5.85020620506,-7.88348962266,-8.50667983778,-8.07687370959,-7.61147721541,-8.53064490723,-7.3042383341,-5.14371152956,-4.73472069561,-2.81434524165,-0.840374409204,2.45743950347,6.01162372122,9.38692059952,13.7859576356	0	poly	0.08	176000,,
192430	0.0,1.0,2.0,3.0,4.0,5.0,6.0,7.0,8.0,9.0,10.0,11.0,12.0,13.0,14.0,15.0,16.0,17.0,18.0,19.0	-4.53556112149,-7.19853656783,-11.5425253222,-13.367359331,-15.1361348722,-16.2411564434,-18.2215896382,-19.6239264708,-18.5330731652,-19.6718680548,-18.814333757,-17.922196543,-17.2682608595,-15.1823550338,-13.7948103267,-10.596796885,-8.2210595794,-5.70481258552,-0.631630092185,2.02610639098	0	poly	0.08	176000,,
193271	0.0,1.0,2.0,3.0,4.0,5.0,6.0,7.0,8.0,9.0,10.0,11.0,12.0,13.0,14.0,15.0,16.0,17.0,18.0,19.0	2.64742422595,-1.43730867363,-3.5555744018,-5.13262215698,-8.19523309831,-8.45347137146,-9.92386340068,-12.0540011511,-10.6907578508,-12.3577061887,-10.5985782114,-11.3489559457,-8.37491074261,-7.3553949645,-4.95681389041,-3.20439010166,-0.0152542201834,2.28238964384,7.06923502282,10.5613216972	0	poly	0.08	176000,,
193955	0.0,1.0,2.0,3.0,4.0,5.0,6.0,7.0,8.0,9.0,10.0,11.0,12.0,13.0,14.0,15.0,16.0,17.0,18.0,19.0	34.0374067629,32.021312862,28.8595668127,25.6600559171,24.3283170127,22.6514679721,20.4092779867,21.2426378175,20.7404193313,20.2681530866,20.4262595303,20.9538000833,22.4255830344,23.1785681311,25.614172522,27.8993793168,30.801610515,34.8041363466,38.9245736995,42.6715348869	0	poly	0.08	176000,,
193389	0.0,1.0,2.0,3.0,4.0,5.0,6.0,7.0,8.0,9.0,10.0,11.0,12.0,13.0,14.0,15.0,16.0,17.0,18.0,19.0	4.54797721499,-0.413779448631,-2.98249399473,-4.0491279042,-7.26789471342,-8.56214117331,-9.32940761525,-10.0329277705,-10.063146766,-10.2124160685,-10.5605796418,-10.1841761907,-8.36246428881,-6.97966051285,-4.08148566318,-2.60421654402,-0.365181862556,2.66620236745,6.92377720876,10.6302160493	0	poly	0.08	176000,,
194514	0.0,1.0,2.0,3.0,4.0,5.0,6.0,7.0,8.0,9.0,10.0,11.0,12.0,13.0,14.0,15.0,16.0,17.0,18.0,19.0	8.00488133919,4.63887795345,1.89070659188,0.628964529306,-1.43421207754,-4.26144513532,-5.08471875057,-5.00623719734,-5.49610171648,-5.15780284557,-4.91592521178,-5.16218293763,-3.59301951347,-1.21719014904,0.691160975607,1.75488800831,4.47723553435,8.66627057523,10.9774498388,15.4676551525	0	poly	0.08	176000,,
195476	0.0,1.0,2.0,3.0,4.0,5.0,6.0,7.0,8.0,9.0,10.0,11.0,12.0,13.0,14.0,15.0,16.0,17.0,18.0,19.0	32.3501054922,29.1957815133,25.4648248188,23.7350968234,21.002062683,18.7706356078,17.9793985082,16.8487491038,17.2609337221,16.7953412437,17.3402434772,17.4585488491,19.0608412521,20.6072965485,23.9989906841,24.9721860457,29.1590594243,31.8893783264,35.2163418709,39.7536371179	0	poly	0.08	176000,,
194064	0.0,1.0,2.0,3.0,4.0,5.0,6.0,7.0,8.0,9.0,10.0,11.0,12.0,13.0,14.0,15.0,16.0,17.0,18.0,19.0	8.60778895131,5.39174333199,4.03547973782,1.192437343,-1.55704363111,-3.64915784525,-3.25681887431,-4.44905891736,-5.17082816702,-5.54024044746,-3.85719307231,-4.25705653731,-1.93235478139,-2.11576175735,1.40388503989,2.26218397325,5.2170412979,8.75359563136,11.972538501,17.3124402567	0	poly	0.08	176000,,
194883	0.0,1.0,2.0,3.0,4.0,5.0,6.0,7.0,8.0,9.0,10.0,11.0,12.0,13.0,14.0,15.0,16.0,17.0,18.0,19.0	35.175200367,32.8428638964,28.7824726903,27.6539552027,24.6988848192,23.1683858197,21.822786128,21.1386387496,21.4207143812,20.8892152246,20.8705397449,21.6108210127,23.6999116372,24.2611109803,25.7699152635,28.9255984388,32.3177405277,34.2808124734,39.2373587504,42.9004583922	0	poly	0.08	176000,,
192902	0.0,1.0,2.0,3.0,4.0,5.0,6.0,7.0,8.0,9.0,10.0,11.0,12.0,13.0,14.0,15.0,16.0,17.0,18.0,19.0	25.3748077119,21.8952842201,20.0707914614,15.9723194298,14.6351252818,13.5386089728,11.9076324839,11.2829969582,11.3366462026,10.8617143486,11.2154794298,12.8339406623,13.602799994,14.7313914552,17.4076206498,19.7363765072,21.3778074866,25.5941265044,28.0107212048,33.7000758594	0	poly	0.08	176000,,
194433	0.0,1.0,2.0,3.0,4.0,5.0,6.0,7.0,8.0,9.0,10.0,11.0,12.0,13.0,14.0,15.0,16.0,17.0,18.0,19.0	10.9723055483,7.04299534927,4.6841454244,1.96040986293,-0.732689885076,-1.63337088046,-4.07939364931,-3.94728928514,-3.51297583387,-4.64727206241,-4.35572942235,-2.24066503142,-2.69399005606,0.0268490916707,2.0116242987,3.25024736782,6.93902097788,10.1412485928,14.1474976304,17.0685183594	0	poly	0.08	176000,,
193829	0.0,1.0,2.0,3.0,4.0,5.0,6.0,7.0,8.0,9.0,10.0,11.0,12.0,13.0,14.0,15.0,16.0,17.0,18.0,19.0	15.6815306774,11.0903634345,8.72874019284,6.49721598879,5.52830237843,2.08523309171,2.27850595622,1.56582238814,0.811764103411,0.387785428401,0.0785910800702,1.60422177871,3.74917842682,5.05447783504,7.52677006919,8.22637663384,12.2758877084,14.1252707438,17.9566225061,21.6294758202	0	poly	0.08	176000,,
193417	0.0,1.0,2.0,3.0,4.0,5.0,6.0,7.0,8.0,9.0,10.0,11.0,12.0,13.0,14.0,15.0,16.0,17.0,18.0,19.0	16.1380235504,12.5525571047,9.54434111208,6.32666819676,4.65192452589,3.87633526728,1.90604688245,0.438989498976,0.910733408256,0.105007975141,0.958451227057,2.60767855173,3.43056073285,4.12882910206,6.60228199755,9.82194820963,12.7782567602,15.3745416235,18.8409865506,22.1684638588	0	poly	0.08	176000,,
195884	0.0,1.0,2.0,3.0,4.0,5.0,6.0,7.0,8.0,9.0,10.0,11.0,12.0,13.0,14.0,15.0,16.0,17.0,18.0,19.0	8.35232963806,5.52449430911,3.4259231061,0.451920534039,-2.69771876433,-3.81343938331,-3.72342566179,-4.54393112408,-5.54603253691,-6.8751057914,-6.19787686019,-5.22040558919,-4.38512125298,-1.76702262493,0.96950465581,3.44248504696,4.3197895959,9.00123663359,12.104987286,16.6141988749	0	poly	0.08	176000,,
195805	0.0,1.0,2.0,3.0,4.0,5.0,6.0,7.0,8.0,9.0,10.0,11.0,12.0,13.0,14.0,15.0,16.0,17.0,18.0,19.0	2.75156825456,-1.14632325583,-3.44389131858,-5.84543173057,-7.66996465303,-8.69506034597,-9.28776139423,-11.0479612818,-11.0833425941,-12.0661521067,-10.3340758493,-11.1355687816,-9.19883463329,-7.07050996716,-5.44672638371,-2.86179008148,-1.04772424177,2.89977795194,5.67101817327,9.84653513006	0	poly	0.08	176000,,
194070	0.0,1.0,2.0,3.0,4.0,5.0,6.0,7.0,8.0,9.0,10.0,11.0,12.0,13.0,14.0,15.0,16.0,17.0,18.0,19.0	29.8346289907,26.983959821,23.1497255695,21.9826972383,19.0253570486,16.9641529021,16.6876902737,15.7825553164,14.6220944587,14.6893734893,16.3529681597,15.6257706017,17.2179576857,18.3102030431,21.1410043634,23.567827731,26.203531849,29.1542823804,33.5699411729,37.101390224	0	poly	0.08	176000,,
195330	0.0,1.0,2.0,3.0,4.0,5.0,6.0,7.0,8.0,9.0,10.0,11.0,12.0,13.0,14.0,15.0,16.0,17.0,18.0,19.0	8.99811764387,6.05651326709,3.29988499487,1.48091719576,-1.32045936452,-1.64858479649,-4.50233355904,-3.8785094603,-5.31148880081,-5.03090328268,-5.25622269607,-3.03958339235,-2.09388478077,-0.378072505861,0.680189334721,4.28992992021,5.60398130871,9.89886469925,12.7224365999,18.1243715737	0	poly	0.08	176000,,
194368	0.0,1.0,2.0,3.0,4.0,5.0,6.0,7.0,8.0,9.0,10.0,11.0,12.0,13.0,14.0,15.0,16.0,17.0,18.0,19.0	26.9587631865,24.9729049389,22.2956310191,20.0018514082,16.6529922249,16.292350103,15.5024739199,14.9088273859,13.3469718098,13.7881491876,14.5614478249,14.8748627172,15.1811683071,17.3573506126,20.3784626968,21.9926533274,25.034428647,27.7424217147,32.0020312863,35.297332844	0	poly	0.08	176000,,
193624	0.0,1.0,2.0,3.0,4.0,5.0,6.0,7.0,8.0,9.0,10.0,11.0,12.0,13.0,14.0,15.0,16.0,17.0,18.0,19.0	-1.77839674685,-3.81364755691,-7.58219142313,-9.3295397774,-10.8937418513,-11.8796198687,-14.6006443651,-14.0272658805,-16.1604368552,-16.0128810223,-14.9552538242,-13.6231631136,-13.4839244297,-11.1286403022,-10.0637095352,-6.39330733252,-3.71570864902,-0.668085542256,2.68144503188,6.31972774119	0	poly	0.08	176000,,
195453	0.0,1.0,2.0,3.0,4.0,5.0,6.0,7.0,8.0,9.0,10.0,11.0,12.0,13.0,14.0,15.0,16.0,17.0,18.0,19.0	19.1746464846,14.2344851571,11.645974477,9.93222149639,8.76286499542,5.84370774666,5.94293464739,4.13918687571,3.34897335824,3.31055886785,3.65667636608,5.40501648173,7.24027292149,7.67931983646,9.95133116917,12.3501952281,14.4567661597,19.0464810082,21.8450413933,25.54907117	0	poly	0.08	176000,,
193556	0.0,1.0,2.0,3.0,4.0,5.0,6.0,7.0,8.0,9.0,10.0,11.0,12.0,13.0,14.0,15.0,16.0,17.0,18.0,19.0	14.359847659,12.1476483324,8.12408415569,6.18500679887,3.90464935909,3.42140440042,1.87588809971,0.174459060076,0.97272953338,0.584912203828,0.90433244077,1.45840709161,3.06408720427,4.54963871215,7.44796432598,9.84719152299,12.2044730086,14.9143834114,17.8745514523,22.4116755275	0	poly	0.08	176000,,
192964	0.0,1.0,2.0,3.0,4.0,5.0,6.0,7.0,8.0,9.0,10.0,11.0,12.0,13.0,14.0,15.0,16.0,17.0,18.0,19.0	34.6357580295,32.9312618738,29.4004037852,27.9541720728,25.5134569771,23.6566272176,22.1965415039,22.1287451268,21.9356109557,21.8929147735,21.8833003975,21.5859100851,23.5919715301,24.1226705123,27.4451627731,28.6650760334,31.8604160145,34.5837247604,38.3728791853,42.2449432485	0	poly	0.08	176000,,
195787	0.0,1.0,2.0,3.0,4.0,5.0,6.0,7.0,8.0,9.0,10.0,11.0,12.0,13.0,14.0,15.0,16.0,17.0,18.0,19.0	6.20504903139,3.24276879407,-0.478475112119,-2.89078649956,-3.74316734071,-5.55002072734,-7.18504248625,-7.71237406452,-7.8974940828,-8.63940055337,-7.54501643734,-8.01130442456,-5.05711916306,-5.18882465515,-1.71228611467,0.035375257381,1.92458432447,6.92748172081,9.11469796537,14.0096014619	0	poly	0.08	176000,,
194846	0.0,1.0,2.0,3.0,4.0,5.0,6.0,7.0,8.0,9.0,10.0,11.0,12.0,13.0,14.0,15.0,16.0,17.0,18.0,19.0	35.3782568419,32.7527598384,29.8386433886,27.5315841122,25.4656534119,23.5908454061,22.1961336456,20.5915296216,21.5233940106,21.8352644002,21.2027082318,22.8522104707,22.9414047311,24.7493522735,27.9431963884,29.6159473371,31.9346936495,36.1138591245,39.756408313,44.0281731364	0	poly	0.08	176000,,
194248	0.0,1.0,2.0,3.0,4.0,5.0,6.0,7.0,8.0,9.0,10.0,11.0,12.0,13.0,14.0,15.0,16.0,17.0,18.0,19.0	1.64298186716,-1.36631806499,-4.13739136221,-7.0589905374,-8.49343978381,-9.77719457565,-10.9229739682,-11.5492736291,-11.7472212982,-11.9178806529,-11.1031755666,-11.8179451185,-10.8451427145,-7.84372476804,-6.9411778553,-4.08891616407,-0.313715054387,1.57506730744,4.98986053944,10.5001928837	0	poly	0.08	176000,,
194311	0.0,1.0,2.0,3.0,4.0,5.0,6.0,7.0,8.0,9.0,10.0,11.0,12.0,13.0,14.0,15.0,16.0,17.0,18.0,19.0	12.6910588385,9.39829709124,7.16210295831,5.31604293398,3.42367084799,0.838223144592,-0.650352541949,-1.06220396897,-0.556137697741,-0.189291193188,0.385425797753,1.13746698543,1.49039850504,3.48553201255,5.83776983654,6.59217903794,10.672698985,14.2256642837,17.7364023366,21.2949423524	0	poly	0.08	176000,,
193898	0.0,1.0,2.0,3.0,4.0,5.0,6.0,7.0,8.0,9.0,10.0,11.0,12.0,13.0,14.0,15.0,16.0,17.0,18.0,19.0	2.89788226783,-1.31216339598,-3.74865015552,-5.63346001737,-8.77577197357,-8.49566947442,-11.389463943,-10.4867299838,-11.3657238713,-10.8853043397,-10.9694405191,-10.1084469726,-9.9124913816,-8.55721371667,-6.53285275359,-3.82273905527,-0.785168820668,3.00470832739,6.38915402249,9.87976193381	0	poly	0.08	176000,,
194662	0.0,1.0,2.0,3.0,4.0,5.0,6.0,7.0,8.0,9.0,10.0,11.0,12.0,13.0,14.0,15.0,16.0,17.0,18.0,19.0	6.26940991007,2.84278019248,0.451679949213,-0.963261011412,-4.13048977091,-4.05397834134,-5.19626991637,-6.31043124826,-7.99346159074,-6.80437873623,-6.90572271295,-6.07841369404,-5.81312219425,-4.24662926724,-2.3085385882,1.57472381925,4.12738446805,6.56715331241,11.0159444757,15.6416659108	0	poly	0.08	176000,,
192938	0.0,1.0,2.0,3.0,4.0,5.0,6.0,7.0,8.0,9.0,10.0,11.0,12.0,13.0,14.0,15.0,16.0,17.0,18.0,19.0	-4.92329337792,-8.9510207529,-11.1957188099,-13.0839536199,-16.3203731293,-17.1831487388,-19.3795723282,-18.8539339511,-20.2816604757,-21.0199033754,-18.7210702251,-18.775995416,-18.4037212724,-16.9878795205,-13.2820610596,-11.7639194576,-9.82153132761,-6.31158878608,-2.60477598958,1.29397017729	0	poly	0.08	176000,,
192172	0.0,1.0,2.0,3.0,4.0,5.0,6.0,7.0,8.0,9.0,10.0,11.0,12.0,13.0,14.0,15.0,16.0,17.0,18.0,19.0	32.200620594,28.8471744413,25.8979443888,24.1908266557,22.9571444571,20.3869757648,20.252138213,18.9462583229,18.1185381142,17.7979746374,18.4647375046,20.0632959178,21.4025803277,23.3395088922,24.3141039021,27.686424738,30.6053623998,33.2024061782,36.0970839739,40.6781585342	0	poly	0.08	176000,,
193747	0.0,1.0,2.0,3.0,4.0,5.0,6.0,7.0,8.0,9.0,10.0,11.0,12.0,13.0,14.0,15.0,16.0,17.0,18.0,19.0	3.51788740045,1.47073027256,-1.75331944204,-3.87865238179,-6.08812175036,-7.93582500696,-10.379709698,-9.37941560816,-10.7922518158,-11.2774592177,-10.1495920996,-9.16568987106,-7.82746304944,-5.99435975695,-3.72328301323,-1.32587857344,1.06421285242,3.5444972546,8.12524519291,11.2247312472	0	poly	0.08	176000,,
193662	0.0,1.0,2.0,3.0,4.0,5.0,6.0,7.0,8.0,9.0,10.0,11.0,12.0,13.0,14.0,15.0,16.0,17.0,18.0,19.0	-0.0766183163835,-3.96878067009,-7.15784075013,-9.28389182016,-11.2091790877,-12.2051119613,-13.835089816,-15.0431109902,-15.6713422377,-14.6807640233,-13.7746673545,-13.618086318,-12.8318407122,-9.83789603221,-9.20379449195,-7.12825724831,-2.90908853188,-1.1951352001,3.90329355946,6.39717948534	0	poly	0.08	176000,,
193784	0.0,1.0,2.0,3.0,4.0,5.0,6.0,7.0,8.0,9.0,10.0,11.0,12.0,13.0,14.0,15.0,16.0,17.0,18.0,19.0	15.5222345652,13.0061422974,10.3024409156,7.98604674683,4.86304230396,4.18183684533,1.68239605792,1.41270106746,0.964391744247,0.578340376593,0.623512074159,2.93601941282,2.83130950816,4.39032201131,6.56816132034,9.47248864717,11.9498146754,16.0246108385,18.5567988878,23.8112551853	0	poly	0.08	176000,,
192148	0.0,1.0,2.0,3.0,4.0,5.0,6.0,7.0,8.0,9.0,10.0,11.0,12.0,13.0,14.0,15.0,16.0,17.0,18.0,19.0	8.79662773735,5.72430224704,3.8815155587,1.31870123614,-1.85676972197,-3.28104790919,-4.12824225181,-4.16949794563,-4.75609608975,-4.29940988802,-5.64070729769,-3.42232622397,-3.26939334092,-1.50686132178,0.517532878154,2.85561943768,5.4383144434,10.3393687698,13.5089596825,16.5139914655	0	poly	0.08	176000,,
194192	0.0,1.0,2.0,3.0,4.0,5.0,6.0,7.0,8.0,9.0,10.0,11.0,12.0,13.0,14.0,15.0,16.0,17.0,18.0,19.0	7.91827311552,4.7906079682,2.18167395264,-0.0625475539349,-1.63713808448,-3.56459634718,-5.94154164638,-5.12060131387,-5.92411020779,-6.8813496179,-5.0139394171,-4.38611946851,-3.3850461708,-1.52612242244,-0.308178394646,2.49900043999,5.40240090693,7.3475296218,11.9208457686,16.1417855051	0	poly	0.08	176000,,
193614	0.0,1.0,2.0,3.0,4.0,5.0,6.0,7.0,8.0,9.0,10.0,11.0,12.0,13.0,14.0,15.0,16.0,17.0,18.0,19.0	22.8587448676,19.4351674662,16.2527362253,14.0549171979,12.2814667703,11.1489700275,8.85337320699,9.03980026786,8.52757749481,9.21717829971,9.50276113035,9.06822468039,11.884903848,12.643212657,13.8166603441,16.2091530757,19.8986317144,23.5153339373,25.8267526096,30.796461589	0	poly	0.08	176000,,
193703	0.0,1.0,2.0,3.0,4.0,5.0,6.0,7.0,8.0,9.0,10.0,11.0,12.0,13.0,14.0,15.0,16.0,17.0,18.0,19.0	1.31024221671,-3.25461252004,-5.64950627563,-7.09908122636,-10.8261664516,-10.8937387647,-12.1890257693,-13.2373548041,-13.6844801615,-14.8400357688,-13.4854334004,-12.0125775557,-11.4960955221,-9.57509330472,-8.22614436784,-6.64380277504,-3.69820193595,0.602388217687,4.77978606635,8.70894529265	0	poly	0.08	176000,,
192413	0.0,1.0,2.0,3.0,4.0,5.0,6.0,7.0,8.0,9.0,10.0,11.0,12.0,13.0,14.0,15.0,16.0,17.0,18.0,19.0	-8.41999300834,-10.4911985995,-12.54698129,-15.021067694,-17.7635328213,-19.2638294168,-20.9765689357,-21.515990219,-22.809877698,-22.1961726955,-21.9470264143,-19.8358966748,-20.0600121491,-18.0643939873,-15.0079211291,-14.1890381679,-10.0821048256,-7.91209118091,-3.0167743037,0.00495150131283	0	poly	0.08	176000,,
195783	0.0,1.0,2.0,3.0,4.0,5.0,6.0,7.0,8.0,9.0,10.0,11.0,12.0,13.0,14.0,15.0,16.0,17.0,18.0,19.0	-7.54555709334,-10.9159772927,-14.3717319667,-15.9248003427,-17.200913907,-19.4470876982,-21.4482896107,-21.864664805,-23.1445704966,-21.2631869377,-22.291658236,-21.4573729301,-20.4816424907,-18.6223012461,-17.0445512804,-13.483778772,-9.99892264747,-7.64515645483,-3.24858997409,-0.0572928823413	0	poly	0.08	176000,,
194735	0.0,1.0,2.0,3.0,4.0,5.0,6.0,7.0,8.0,9.0,10.0,11.0,12.0,13.0,14.0,15.0,16.0,17.0,18.0,19.0	16.595045489,11.6053523506,10.2193082031,8.2516323327,5.53543678637,3.96103193944,2.45598994104,0.87699101836,1.73016977414,2.25211113942,2.54470117809,1.56039144654,4.51909026865,5.67184743227,6.89295398689,9.39217435452,12.0542241978,15.0154225605,18.3231078907,23.9918933214	0	poly	0.08	176000,,
193439	0.0,1.0,2.0,3.0,4.0,5.0,6.0,7.0,8.0,9.0,10.0,11.0,12.0,13.0,14.0,15.0,16.0,17.0,18.0,19.0	30.2111897693,27.9538865033,24.0038411182,22.3803909813,20.6407103852,18.7934168885,18.1229492373,17.4900385274,16.0034042459,16.2764111092,16.4247368774,17.4932140904,19.0171041788,21.1840289781,23.284738313,25.4283863658,28.3837091261,30.0131900035,35.1903971982,38.60721784	0	poly	0.08	176000,,
193063	0.0,1.0,2.0,3.0,4.0,5.0,6.0,7.0,8.0,9.0,10.0,11.0,12.0,13.0,14.0,15.0,16.0,17.0,18.0,19.0	32.4972778558,29.1793588079,25.7494934023,24.060434869,21.5027121357,20.8241027694,17.8981657274,17.9793888115,18.2278274123,17.1502814056,17.7778296509,19.500283442,19.3246685588,21.0714288221,22.8282911879,25.9540167343,29.2802153078,32.300647442,35.0259235198,40.0530118473	0	poly	0.08	176000,,
192257	0.0,1.0,2.0,3.0,4.0,5.0,6.0,7.0,8.0,9.0,10.0,11.0,12.0,13.0,14.0,15.0,16.0,17.0,18.0,19.0	8.40145119478,4.25282914097,2.58557170676,-0.436286520739,-3.01617461799,-4.57392432349,-5.08797746717,-6.31713714349,-5.97773976147,-6.46807179329,-7.00298981467,-5.1730890436,-4.74415628141,-3.2891380634,-0.92958393004,1.68482917777,4.07511652706,7.78388519961,11.8862810881,15.9885841356	0	poly	0.08	176000,,
195960	0.0,1.0,2.0,3.0,4.0,5.0,6.0,7.0,8.0,9.0,10.0,11.0,12.0,13.0,14.0,15.0,16.0,17.0,18.0,19.0	31.4964191896,28.1069827842,25.0926774239,22.9920853017,22.357662892,20.1079993853,17.868938095,18.9027549546,18.0161157371,17.6241959536,17.6216489036,18.8705985032,19.9508180179,21.9998122468,23.0153186787,25.6105831662,28.2411582475,31.5299316804,35.396293584,38.6646486567	0	poly	0.08	176000,,
194874	0.0,1.0,2.0,3.0,4.0,5.0,6.0,7.0,8.0,9.0,10.0,11.0,12.0,13.0,14.0,15.0,16.0,17.0,18.0,19.0	-3.48154096496,-7.01379207329,-9.81872119598,-13.0649589429,-14.1291552041,-15.9686006315,-17.0876657155,-17.1855432249,-17.6853150176,-18.863825503,-18.7758263963,-17.3548760783,-16.1816192343,-14.33306671,-12.1136355024,-9.91921636762,-6.72873543524,-4.35302932785,-0.715881093431,3.75270920746	0	poly	0.08	176000,,
192826	0.0,1.0,2.0,3.0,4.0,5.0,6.0,7.0,8.0,9.0,10.0,11.0,12.0,13.0,14.0,15.0,16.0,17.0,18.0,19.0	26.8009519093,25.0093894882,22.5116382876,19.4043399557,18.084097525,15.9979826048,15.0940786066,13.1731117138,13.9199603002,12.3217624511,13.1847260551,14.3574526753,15.8271981144,17.2681612515,19.4129462605,21.7580626271,24.3784717638,27.1465428293,32.2195966549,35.8127649159	0	poly	0.08	176000,,
193730	0.0,1.0,2.0,3.0,4.0,5.0,6.0,7.0,8.0,9.0,10.0,11.0,12.0,13.0,14.0,15.0,16.0,17.0,18.0,19.0	12.5430531403,7.99521556176,6.30133905524,2.73248066523,1.55837064114,0.628735383739,-1.10262127728,-1.14675337463,-2.0268181864,-2.56261795473,-1.57719274529,-0.758311908489,0.310841987826,0.639197024687,3.37108909218,5.14865731786,9.59257863505,12.3408894768,16.5318025656,20.4945884445	0	poly	0.08	176000,,
194715	0.0,1.0,2.0,3.0,4.0,5.0,6.0,7.0,8.0,9.0,10.0,11.0,12.0,13.0,14.0,15.0,16.0,17.0,18.0,19.0	0.38711968449,-2.38642932973,-7.01367414855,-9.32182905848,-11.3205790092,-11.5893058986,-13.6163879136,-14.1706992882,-13.769066451,-14.5257273973,-13.2975242816,-12.5491174754,-12.3776189542,-11.37704648,-8.87364663487,-6.19789913438,-3.80327604028,0.0883206940644,3.95786531619,7.88876505571	0	poly	0.08	176000,,
194383	0.0,1.0,2.0,3.0,4.0,5.0,6.0,7.0,8.0,9.0,10.0,11.0,12.0,13.0,14.0,15.0,16.0,17.0,18.0,19.0	11.6646976838,7.34752939627,5.88091930615,2.10753311169,0.959527940074,-1.11424362969,-2.45403141145,-1.81416324284,-2.31305029745,-4.00637936557,-2.10561172392,-2.73116504173,-1.22459582855,0.388059202367,2.33749281658,6.23637806029,8.17368043279,11.2177817868,15.2567942751,18.9428382178	0	poly	0.08	176000,,
192900	0.0,1.0,2.0,3.0,4.0,5.0,6.0,7.0,8.0,9.0,10.0,11.0,12.0,13.0,14.0,15.0,16.0,17.0,18.0,19.0	19.1947908755,15.9378729059,12.9188873523,10.2334388424,8.53354674227,7.40879100475,5.14863490905,5.67015372141,4.69004947036,4.56859325075,5.23537452706,6.46162834848,6.7240159331,7.90448578661,9.96128561232,12.3008523896,15.594524973,19.6834755717,21.9854472063,27.4272377327	0	poly	0.08	176000,,
194859	0.0,1.0,2.0,3.0,4.0,5.0,6.0,7.0,8.0,9.0,10.0,11.0,12.0,13.0,14.0,15.0,16.0,17.0,18.0,19.0	-2.20099902801,-5.78179797454,-7.81710765752,-11.008936998,-12.8834125164,-14.5256940832,-15.5170707738,-15.1628315398,-15.6948653983,-17.1128569683,-14.9388086294,-15.0726494745,-14.4367199621,-12.6497872925,-10.0538167334,-7.79334032453,-4.43561792787,-2.80467991977,1.99324668467,5.22988984868	0	poly	0.08	176000,,
192652	0.0,1.0,2.0,3.0,4.0,5.0,6.0,7.0,8.0,9.0,10.0,11.0,12.0,13.0,14.0,15.0,16.0,17.0,18.0,19.0	17.5390031159,14.6497642713,10.2556016649,8.80462792984,5.93125761184,4.91916684721,4.0713793337,2.73837968037,1.75325004586,2.24656348638,3.66430900559,4.10189354315,5.66875814591,5.63955879583,9.39737873234,10.919631119,14.3781154129,16.6240792816,20.4586426262,25.4351386557	0	poly	0.08	176000,,
192513	0.0,1.0,2.0,3.0,4.0,5.0,6.0,7.0,8.0,9.0,10.0,11.0,12.0,13.0,14.0,15.0,16.0,17.0,18.0,19.0	11.642081278,7.65114350023,4.72896641268,2.65297576559,1.8214031664,0.489022968066,-2.270730439,-2.95463008666,-2.46394004201,-1.97376980417,-2.33771470094,-2.40043123298,-0.489657286982,0.951716224877,3.03554700439,6.36074626266,8.61708887632,11.108708432,15.6141193699,19.2982119254	0	poly	0.08	176000,,
195988	0.0,1.0,2.0,3.0,4.0,5.0,6.0,7.0,8.0,9.0,10.0,11.0,12.0,13.0,14.0,15.0,16.0,17.0,18.0,19.0	34.9859848837,32.2859374969,28.9666868914,26.7815577782,24.8365460282,23.1764380633,22.4666510182,21.7066559451,19.9920978627,21.5338987159,20.3724607173,23.01283924,22.8400547357,24.6802731631,26.248632099,28.7920279881,32.417660545,35.1415871003,38.7216647012,43.1086831116	0	poly	0.08	176000,,
193827	0.0,1.0,2.0,3.0,4.0,5.0,6.0,7.0,8.0,9.0,10.0,11.0,12.0,13.0,14.0,15.0,16.0,17.0,18.0,19.0	34.4240172187,31.7874719631,27.7169377196,26.8479417872,24.9113549079,22.7781333158,22.2912253661,20.5453370851,20.9106821373,20.5567786642,19.8781684183,21.0147743549,23.4809982454,23.2360093642,25.7322500597,29.5771217055,31.7856725586,33.9293809422,38.473969174,42.8470133567	0	poly	0.08	176000,,
194861	0.0,1.0,2.0,3.0,4.0,5.0,6.0,7.0,8.0,9.0,10.0,11.0,12.0,13.0,14.0,15.0,16.0,17.0,18.0,19.0	-2.92584536286,-6.92832673075,-10.1443387181,-12.0913489846,-14.4510734397,-14.4849340692,-16.5775986035,-17.0063580374,-18.5335060872,-17.5897898538,-16.9667686113,-17.1970560508,-14.878533466,-12.8147205512,-11.9929771434,-9.19704940489,-7.1821367183,-2.26050042611,0.643754281053,5.33671862572	0	poly	0.08	176000,,
195328	0.0,1.0,2.0,3.0,4.0,5.0,6.0,7.0,8.0,9.0,10.0,11.0,12.0,13.0,14.0,15.0,16.0,17.0,18.0,19.0	31.5915893352,28.4726560335,25.5565697169,21.945102413,20.4181897848,19.5595770412,17.3338607241,16.560391873,15.6785776686,17.5897122976,16.7167899285,17.0621176,19.4635568832,20.9993507496,22.8106648646,24.275585434,27.4803304706,31.5132238502,34.2928078363,37.7949870823	0	poly	0.08	176000,,
193879	0.0,1.0,2.0,3.0,4.0,5.0,6.0,7.0,8.0,9.0,10.0,11.0,12.0,13.0,14.0,15.0,16.0,17.0,18.0,19.0	-6.7641472678,-9.78475370151,-11.82682503,-14.9881055468,-17.9508881768,-17.8327840389,-19.0912476055,-20.1999900125,-21.5807668199,-20.5019213665,-20.983490938,-19.025508024,-17.8966114053,-17.1327655779,-15.1073666325,-13.5652443647,-9.84408923223,-7.26519589115,-3.57780422998,1.42101963719	0	poly	0.08	176000,,
195856	0.0,1.0,2.0,3.0,4.0,5.0,6.0,7.0,8.0,9.0,10.0,11.0,12.0,13.0,14.0,15.0,16.0,17.0,18.0,19.0	11.5594242318,8.30350624989,6.90287663875,3.17986242155,2.8266662772,1.37029374105,-1.49109633589,-1.45791198995,-2.85734541354,-2.25355707883,-1.70909155568,-0.286025269962,-0.174993485168,1.38285222916,3.06215750668,5.88937046972,10.1114190825,11.6919005579,15.4866167882,19.056453601	0	poly	0.08	176000,,
194985	0.0,1.0,2.0,3.0,4.0,5.0,6.0,7.0,8.0,9.0,10.0,11.0,12.0,13.0,14.0,15.0,16.0,17.0,18.0,19.0	24.1864866049,19.6393175975,16.596919761,14.3870388706,12.50804298,11.2705707927,9.56071551109,10.1736548203,9.03748667839,9.42561549925,10.3823307154,9.9152832008,11.3683036785,13.8320349802,16.1899057448,17.3844562365,20.4722482065,22.9976548994,27.5587248978,31.4675373682	0	poly	0.08	176000,,
193134	0.0,1.0,2.0,3.0,4.0,5.0,6.0,7.0,8.0,9.0,10.0,11.0,12.0,13.0,14.0,15.0,16.0,17.0,18.0,19.0	-3.25085182249,-6.02896515161,-9.49562660567,-11.1755798894,-14.2873689654,-16.101362114,-16.5452379576,-17.1899718001,-17.5346025815,-17.9392556837,-18.0659301973,-17.2081738672,-15.4612870753,-12.9323375174,-10.945174374,-8.5043782061,-7.64750644118,-3.57392272085,-0.674035978207,3.33180893949	0	poly	0.08	176000,,
194321	0.0,1.0,2.0,3.0,4.0,5.0,6.0,7.0,8.0,9.0,10.0,11.0,12.0,13.0,14.0,15.0,16.0,17.0,18.0,19.0	32.499823411,29.8581963258,26.6005909095,25.543128807,23.3288318268,21.0862528628,19.8486934869,19.4977661694,19.4726775795,18.2169465258,19.103241982,19.2636735853,21.5467834291,22.2640813053,25.7601059649,26.7479645074,29.8068271443,32.7686875717,36.8234245071,40.4901344408	0	poly	0.08	176000,,
193105	0.0,1.0,2.0,3.0,4.0,5.0,6.0,7.0,8.0,9.0,10.0,11.0,12.0,13.0,14.0,15.0,16.0,17.0,18.0,19.0	2.27981776527,-1.21270133745,-3.94277129823,-7.99061041013,-9.95533582417,-9.99846925061,-12.1659981654,-13.6361088882,-12.4025599175,-13.6585477918,-12.9790231569,-11.0001131732,-10.1986611242,-8.12348032236,-7.4934108193,-3.93847017714,-1.40854328189,1.18659945399,5.28823960325,9.43902846483	0	poly	0.08	176000,,
194372	0.0,1.0,2.0,3.0,4.0,5.0,6.0,7.0,8.0,9.0,10.0,11.0,12.0,13.0,14.0,15.0,16.0,17.0,18.0,19.0	2.735504866,-1.5676610816,-2.89409511443,-7.09542817488,-8.48909679471,-9.35621635799,-10.7433693312,-11.3402876026,-11.666331617,-12.8905166705,-11.83613999,-10.6707318182,-9.18569338896,-7.32086355912,-5.52773368024,-3.74895935076,-0.826234563187,1.42687520869,5.70789944371,9.45708646347	0	poly	0.08	176000,,
193456	0.0,1.0,2.0,3.0,4.0,5.0,6.0,7.0,8.0,9.0,10.0,11.0,12.0,13.0,14.0,15.0,16.0,17.0,18.0,19.0	25.1095799249,21.8917260095,17.7656233589,15.4105664833,14.7650932805,13.5073441791,11.289609774,10.6400674999,9.47283823201,10.6447719225,10.3025323174,10.8396420758,13.2242768551,14.0697850857,16.8202826321,18.4491284071,21.6019406991,23.972699822,27.6191311116,32.5990952243	0	poly	0.08	176000,,
195100	0.0,1.0,2.0,3.0,4.0,5.0,6.0,7.0,8.0,9.0,10.0,11.0,12.0,13.0,14.0,15.0,16.0,17.0,18.0,19.0	19.0641236676,15.5209127027,14.5603365438,11.9394933208,10.0504947771,6.77277107246,5.66360819263,5.40027738131,6.29005430539,4.3290093002,4.78776383523,5.82944368736,7.5890730717,9.9802965915,10.4603192822,14.1022581236,16.9166163703,19.3676686151,23.8644228343,27.889071272	0	poly	0.08	176000,,
192035	0.0,1.0,2.0,3.0,4.0,5.0,6.0,7.0,8.0,9.0,10.0,11.0,12.0,13.0,14.0,15.0,16.0,17.0,18.0,19.0	32.3977577211,29.3711513035,25.2121126036,22.5651027774,21.9611085871,19.1140169,18.6967042031,18.0538360735,17.3359649751,16.4277303925,18.6318796564,18.0380298793,19.2750920904,21.2392350175,22.8000261268,25.530649428,28.1702486661,32.7148314446,36.1325235671,39.9545790193	0	poly	0.08	176000,,
193722	0.0,1.0,2.0,3.0,4.0,5.0,6.0,7.0,8.0,9.0,10.0,11.0,12.0,13.0,14.0,15.0,16.0,17.0,18.0,19.0	14.3363317512,10.0348924054,8.13303828669,5.75190639041,3.09990146399,1.07792436979,0.751811887165,-0.0446385801481,-0.37959612107,-0.88063355834,-0.761450872815,0.144632115414,1.6644074422,3.74976865559,5.09372367134,8.36383335902,10.0768643782,13.1507061981,16.754491508,20.1925893649	0	poly	0.08	176000,,
192015	0.0,1.0,2.0,3.0,4.0,5.0,6.0,7.0,8.0,9.0,10.0,11.0,12.0,13.0,14.0,15.0,16.0,17.0,18.0,19.0	34.2163930632,30.7442619466,26.9369757301,25.0308088162,22.601245775,21.5128339261,20.6435942913,18.6824148522,18.3665290409,19.5341602497,19.6057351312,20.0603168077,22.3344817022,22.7134306492,24.5314138038,28.074877401,31.0662832193,32.9805589365,36.8403559301,40.1829639645	0	poly	0.08	176000,,
193084	0.0,1.0,2.0,3.0,4.0,5.0,6.0,7.0,8.0,9.0,10.0,11.0,12.0,13.0,14.0,15.0,16.0,17.0,18.0,19.0	1.16723437402,-1.00777122445,-5.20650654486,-7.74107293675,-9.84505319161,-10.1642156795,-11.4195368612,-13.1378435139,-13.8276070806,-13.0312851134,-12.6572451234,-12.0818510873,-10.1178874763,-9.32745088665,-8.06978065493,-4.80557356966,-1.1941566408,0.463467271669,4.6767858839,9.00890903572	0	poly	0.08	176000,,
193161	0.0,1.0,2.0,3.0,4.0,5.0,6.0,7.0,8.0,9.0,10.0,11.0,12.0,13.0,14.0,15.0,16.0,17.0,18.0,19.0	34.1397328189,31.8782006422,27.8575723302,26.4802923466,22.9184998431,23.0614459323,21.1424403958,21.0709385791,20.3119468328,19.8122339546,19.9052391613,20.6323979983,22.8793801937,24.1754338559,24.8079047882,28.3479462654,30.0051281966,34.1764741959,38.2447636102,41.1820179784	0	poly	0.08	176000,,
192534	0.0,1.0,2.0,3.0,4.0,5.0,6.0,7.0,8.0,9.0,10.0,11.0,12.0,13.0,14.0,15.0,16.0,17.0,18.0,19.0	28.2015996861,24.9992710325,21.7850757073,20.5035547108,17.5054006948,16.978092272,14.7224911805,14.736053142,12.8857395704,13.1306771262,15.1679354444,15.1692957061,16.5598442746,17.7702396069,20.5218517668,23.1205842946,24.9860949742,27.3358143507,31.1840238875,35.7488463968	0	poly	0.08	176000,,
192482	0.0,1.0,2.0,3.0,4.0,5.0,6.0,7.0,8.0,9.0,10.0,11.0,12.0,13.0,14.0,15.0,16.0,17.0,18.0,19.0	19.0435313001,15.2210519863,11.9968786314,9.83761671961,7.93635043467,6.59624333547,5.38007343003,5.272859131,5.08287533951,4.35885800071,4.87157149511,6.53403333861,7.04175032537,9.42949290671,11.4321418257,13.893992158,15.4724408231,18.7060580718,22.6868103402,26.6003816244	0	poly	0.08	176000,,
195141	0.0,1.0,2.0,3.0,4.0,5.0,6.0,7.0,8.0,9.0,10.0,11.0,12.0,13.0,14.0,15.0,16.0,17.0,18.0,19.0	33.779808273,29.2905057016,27.4240335066,25.7171837713,22.7614956452,22.1738963438,20.9225343739,19.791345418,18.7290349418,19.5147368007,19.9569600976,20.8791216998,21.1982766761,22.8138320689,25.0693599716,27.9098703958,29.9743250362,33.577503732,36.4549249657,41.4480284	0	poly	0.08	176000,,
195720	0.0,1.0,2.0,3.0,4.0,5.0,6.0,7.0,8.0,9.0,10.0,11.0,12.0,13.0,14.0,15.0,16.0,17.0,18.0,19.0	-5.99483629462,-8.99492277062,-10.7111525896,-13.8472744341,-15.6729494043,-17.7528632031,-19.1313663726,-18.9033134809,-19.0262548793,-18.9499637094,-19.0376513326,-19.5837750551,-16.7462273014,-16.8456222197,-14.5389435109,-12.053601043,-9.13839722898,-6.06507084321,-2.62252770334,2.35513763969	0	poly	0.08	176000,,
194165	0.0,1.0,2.0,3.0,4.0,5.0,6.0,7.0,8.0,9.0,10.0,11.0,12.0,13.0,14.0,15.0,16.0,17.0,18.0,19.0	9.3780388617,5.94621244977,2.27110514202,0.842477592108,-1.31439782947,-4.00712998575,-5.04111802738,-4.10126399612,-5.33444035477,-5.355140066,-4.13137438534,-4.88079421171,-3.37645771285,-0.613408021509,1.40502613509,2.37298474477,5.64914699783,8.03754493283,12.5656373299,16.1144126452	0	poly	0.08	176000,,
195568	0.0,1.0,2.0,3.0,4.0,5.0,6.0,7.0,8.0,9.0,10.0,11.0,12.0,13.0,14.0,15.0,16.0,17.0,18.0,19.0	34.2402333937,31.6037673218,27.3675967882,25.0482078111,22.7644192839,21.0354029515,21.2709232569,20.4279054529,18.9413367739,18.8775431407,19.5863026993,21.0534120512,21.6861378307,23.8317692598,26.3476133595,27.7389311627,30.9095401588,34.4688330235,37.5232158622,41.6453906621	0	poly	0.08	176000,,
194525	0.0,1.0,2.0,3.0,4.0,5.0,6.0,7.0,8.0,9.0,10.0,11.0,12.0,13.0,14.0,15.0,16.0,17.0,18.0,19.0	29.8592090558,26.6251522653,23.7458620982,21.9562580914,18.8602635085,18.5423635674,15.8975033227,15.8913503584,15.0631168214,15.4816660143,14.9021754952,17.1639427359,18.0498502724,20.435900964,20.88940061,24.0999634806,26.3896883461,29.8890090768,33.1723530582,38.2895736877	0	poly	0.08	176000,,
193233	0.0,1.0,2.0,3.0,4.0,5.0,6.0,7.0,8.0,9.0,10.0,11.0,12.0,13.0,14.0,15.0,16.0,17.0,18.0,19.0	28.0508518853,24.1750712167,21.7182519495,19.8961507079,16.4495976025,14.5227188741,14.612163539,14.1317145229,13.042749964,13.2657143478,13.7797414009,13.8001562268,15.6813839789,17.137027916,19.3404478955,22.4857997494,23.9453973485,28.3475105808,31.1755307876,34.4798807723	0	poly	0.08	176000,,
194183	0.0,1.0,2.0,3.0,4.0,5.0,6.0,7.0,8.0,9.0,10.0,11.0,12.0,13.0,14.0,15.0,16.0,17.0,18.0,19.0	19.3980370314,16.8500650928,13.5900208,10.9434919264,9.27677633571,6.67862810353,4.98690152031,5.11121531349,5.17745790788,5.60226398465,5.88827476256,5.8007756939,7.08589293971,9.44645107424,10.5611056252,13.5022748606,15.6803788075,18.6137889762,21.8236605142,26.7962578182	0	poly	0.08	176000,,
192544	0.0,1.0,2.0,3.0,4.0,5.0,6.0,7.0,8.0,9.0,10.0,11.0,12.0,13.0,14.0,15.0,16.0,17.0,18.0,19.0	-3.7621427769,-7.16510800477,-9.81258167547,-12.8353147969,-14.4614784721,-16.3317451369,-17.5853634527,-17.1812452415,-18.3648713486,-17.3755341996,-18.3363692066,-16.0705393312,-15.840118392,-14.6874759376,-13.2313876851,-10.2414596854,-7.32609183435,-4.5896792051,-1.24078506776,2.97186218035	0	poly	0.08	176000,,
193575	0.0,1.0,2.0,3.0,4.0,5.0,6.0,7.0,8.0,9.0,10.0,11.0,12.0,13.0,14.0,15.0,16.0,17.0,18.0,19.0	22.9862683258,20.8251957688,17.0019742499,14.6856074225,14.1606872175,12.5611117902,11.1726469856,9.42029298529,8.56242580591,8.69369188771,8.81452115592,10.8804844034,10.9111490631,13.763764439,14.5761095832,16.711375769,20.9117114431,23.1644019123,26.8039470444,31.9181036537	0	poly	0.08	176000,,
193368	0.0,1.0,2.0,3.0,4.0,5.0,6.0,7.0,8.0,9.0,10.0,11.0,12.0,13.0,14.0,15.0,16.0,17.0,18.0,19.0	34.2343038834,31.1833405748,28.4568481139,25.4746665491,23.6293176159,21.4949607229,20.0242174636,19.5381917115,19.7735187486,18.8767165664,19.1578222025,20.846677884,21.4560807731,23.2219973283,25.0415700993,27.7452828298,30.454673237,33.519428739,38.3092218507,40.9141027882	0	poly	0.08	176000,,
195485	0.0,1.0,2.0,3.0,4.0,5.0,6.0,7.0,8.0,9.0,10.0,11.0,12.0,13.0,14.0,15.0,16.0,17.0,18.0,19.0	-5.30566342047,-9.00306110101,-10.9191919251,-13.2668349629,-16.2455142267,-16.1627463477,-18.4329058601,-18.0367998433,-19.8993722452,-18.9482949511,-19.3150837338,-18.284098965,-16.4578273342,-15.3955822886,-13.5063529221,-11.3629089066,-8.59302034235,-4.88697274391,-2.16867893796,3.4158846421	0	poly	0.08	176000,,
194522	0.0,1.0,2.0,3.0,4.0,5.0,6.0,7.0,8.0,9.0,10.0,11.0,12.0,13.0,14.0,15.0,16.0,17.0,18.0,19.0	-0.147939661406,-1.87065979638,-5.57694643648,-7.91230659386,-9.09411542602,-11.7234214602,-11.9577582358,-14.3775244547,-13.0653167935,-14.4359278171,-13.0446505483,-13.0877592482,-12.0837336521,-9.21736035888,-8.845890033,-4.97550047165,-2.97805056632,0.523430431686,4.01121887424,7.71042206458	0	poly	0.08	176000,,
194385	0.0,1.0,2.0,3.0,4.0,5.0,6.0,7.0,8.0,9.0,10.0,11.0,12.0,13.0,14.0,15.0,16.0,17.0,18.0,19.0	9.19211162374,6.39549828462,4.06316770002,1.54780950196,-1.05396830567,-2.60568642714,-3.7861791534,-4.243181515,-4.66717844361,-4.40679106102,-5.01974735108,-3.54498527305,-2.22322895002,-0.736067776259,0.961596296327,3.54416393863,5.42432047747,8.80915260973,13.9978878399,18.0271493788	0	poly	0.08	176000,,
193933	0.0,1.0,2.0,3.0,4.0,5.0,6.0,7.0,8.0,9.0,10.0,11.0,12.0,13.0,14.0,15.0,16.0,17.0,18.0,19.0	1.5928336295,-2.36726246342,-5.13824856606,-7.94883904622,-10.2635421225,-10.4523104392,-12.5196887561,-14.2465496168,-13.5791099659,-13.9890308202,-12.7596844719,-12.3027369525,-10.7918485851,-9.94299873077,-6.72677079294,-5.32871429137,-1.93810961917,0.297319730812,4.62605119354,7.78710985767	0	poly	0.08	176000,,
195183	0.0,1.0,2.0,3.0,4.0,5.0,6.0,7.0,8.0,9.0,10.0,11.0,12.0,13.0,14.0,15.0,16.0,17.0,18.0,19.0	14.0350858437,10.3480882011,8.4293169932,4.53126021033,2.81757083109,1.36271895446,0.436178829974,-0.0663761049822,-1.12146158744,-0.656419227534,-0.838762093254,0.674104772482,0.786930620428,2.64141964268,6.15933852316,7.2357976425,9.95566070192,14.5363012518,17.464467973,21.2009633303	0	poly	0.08	176000,,
195294	0.0,1.0,2.0,3.0,4.0,5.0,6.0,7.0,8.0,9.0,10.0,11.0,12.0,13.0,14.0,15.0,16.0,17.0,18.0,19.0	9.75417026088,6.02489830604,2.97772340203,1.27167201479,0.0652149564248,-1.68962251803,-2.76519994332,-4.59540164921,-5.00687470245,-4.13762413543,-4.31595245943,-3.33238145586,-1.47721019365,0.357103497049,2.39979247712,4.38372500134,7.06056726869,10.9596849572,12.9946753595,17.959468356	0	poly	0.08	176000,,
194599	0.0,1.0,2.0,3.0,4.0,5.0,6.0,7.0,8.0,9.0,10.0,11.0,12.0,13.0,14.0,15.0,16.0,17.0,18.0,19.0	11.7704676588,8.75226793261,4.41108915679,3.17821126773,1.05654245906,-0.42073100855,-2.18775898398,-3.0936692882,-3.39072836761,-2.69541777417,-1.93677516257,-3.01803259244,-0.959015474868,1.36823250986,3.6116188943,5.27533332074,8.25672041272,11.0022578027,15.5528421901,18.4919343363	0	poly	0.08	176000,,
193112	0.0,1.0,2.0,3.0,4.0,5.0,6.0,7.0,8.0,9.0,10.0,11.0,12.0,13.0,14.0,15.0,16.0,17.0,18.0,19.0	0.968243759836,-3.23643141751,-5.96622284574,-8.66351790659,-10.1661118305,-10.5033597846,-12.1415064639,-13.1074682603,-13.1374713419,-14.417995951,-13.708029944,-11.844774073,-11.2829381622,-9.05109180841,-7.88916371068,-5.23954752791,-2.55164984052,1.26397658839,4.18886742977,8.77551636856	0	poly	0.08	176000,,
195255	0.0,1.0,2.0,3.0,4.0,5.0,6.0,7.0,8.0,9.0,10.0,11.0,12.0,13.0,14.0,15.0,16.0,17.0,18.0,19.0	26.2688575619,22.8113291689,21.4022830529,17.3866039141,16.9913935876,13.8689079054,12.7000455475,13.5293295377,12.7451306645,11.697255351,12.1324367275,14.3493647118,15.3277339194,15.8057986374,18.5761085561,19.8837875887,24.2379200706,26.0223649058,31.0521780128,35.0295135801	0	poly	0.08	176000,,
192198	0.0,1.0,2.0,3.0,4.0,5.0,6.0,7.0,8.0,9.0,10.0,11.0,12.0,13.0,14.0,15.0,16.0,17.0,18.0,19.0	2.10486906101,-0.328747959826,-3.78022466355,-5.5714734799,-7.47321262139,-8.65559446641,-11.4158153206,-11.2107579394,-12.076989049,-12.2098749796,-12.1218141274,-10.5482371995,-8.85813673712,-6.79856455058,-6.52080178409,-3.37228518658,-0.297940813095,1.70946344293,7.18796089948,11.1638367259	0	poly	0.08	176000,,
192559	0.0,1.0,2.0,3.0,4.0,5.0,6.0,7.0,8.0,9.0,10.0,11.0,12.0,13.0,14.0,15.0,16.0,17.0,18.0,19.0	-5.62551893337,-9.37816361776,-10.5795872694,-14.146665766,-14.9440211218,-17.3581125534,-19.6898792433,-18.7457185785,-19.1057635123,-19.7123410551,-19.2228221124,-18.3143531943,-16.645901553,-14.9594382397,-13.2108195356,-12.3886742859,-7.80520324561,-4.59942963808,-0.964690285646,1.96188421467	0	poly	0.08	176000,,
194529	0.0,1.0,2.0,3.0,4.0,5.0,6.0,7.0,8.0,9.0,10.0,11.0,12.0,13.0,14.0,15.0,16.0,17.0,18.0,19.0	1.38620716339,-0.914357401291,-4.3210415078,-7.25907238845,-8.49673519454,-10.105898017,-11.0827775534,-12.5929312492,-13.0756851123,-13.6147357679,-12.4838990195,-11.2033400808,-11.1049653949,-9.12817428426,-7.86012803312,-5.53807057964,-2.33787549299,0.760659974816,4.14431529161,9.28841999843	0	poly	0.08	176000,,
195459	0.0,1.0,2.0,3.0,4.0,5.0,6.0,7.0,8.0,9.0,10.0,11.0,12.0,13.0,14.0,15.0,16.0,17.0,18.0,19.0	26.7459686607,23.3996546273,20.4116179345,17.1099695368,16.0269859115,14.4046273155,12.6658484176,12.3309264279,12.4880281622,11.6689010588,11.564172646,13.0075351537,14.4157910034,14.7867700869,16.8247681525,20.6875422086,22.232760198,25.878015975,29.2350298979,34.6103946825	0	poly	0.08	176000,,
194085	0.0,1.0,2.0,3.0,4.0,5.0,6.0,7.0,8.0,9.0,10.0,11.0,12.0,13.0,14.0,15.0,16.0,17.0,18.0,19.0	16.542509784,13.0758267292,9.61044156078,6.97867626912,5.46441288926,4.66885501676,1.97730925477,3.00609577758,0.664128454673,0.921068368658,2.99681438883,2.18992226943,5.02416131566,4.64311170158,8.57266538659,10.4334500158,12.2419354228,16.8979297606,20.5512809356,24.3642969078	0	poly	0.08	176000,,
195510	0.0,1.0,2.0,3.0,4.0,5.0,6.0,7.0,8.0,9.0,10.0,11.0,12.0,13.0,14.0,15.0,16.0,17.0,18.0,19.0	10.8767250429,7.5626272801,5.20017572853,3.8043307631,0.89592246258,-0.404708539631,-0.740599209883,-1.80484635097,-2.05517495923,-3.32487618368,-2.99550397285,-0.56570725927,0.533588468643,1.56664479927,3.83170011671,5.10973934327,9.3864237434,12.0939151631,14.6079414758,19.6270227492	0	poly	0.08	176000,,
192024	0.0,1.0,2.0,3.0,4.0,5.0,6.0,7.0,8.0,9.0,10.0,11.0,12.0,13.0,14.0,15.0,16.0,17.0,18.0,19.0	29.0686508615,26.6920913174,23.2070753911,21.0106136187,17.7673660324,15.9891565073,15.7715147615,14.4849835159,15.5541202384,14.4386315069,15.943279468,15.0678826227,16.6391877413,19.4729598103,19.6074889206,22.1121928059,26.1191376998,28.5259417161,31.7337509416,35.6692833935	0	poly	0.08	176000,,
194798	0.0,1.0,2.0,3.0,4.0,5.0,6.0,7.0,8.0,9.0,10.0,11.0,12.0,13.0,14.0,15.0,16.0,17.0,18.0,19.0	12.1148434775,8.77832028219,5.40576700125,4.62743797721,1.41537341529,-0.113468966271,-1.72683905332,-1.8227867257,-2.3119832081,-1.55091541211,-2.35822399329,-0.429820704813,0.622884869326,1.18643310159,3.76762980947,6.4673165886,8.12345546724,13.1313537781,16.8486004248,19.8156342881	0	poly	0.08	176000,,
195597	0.0,1.0,2.0,3.0,4.0,5.0,6.0,7.0,8.0,9.0,10.0,11.0,12.0,13.0,14.0,15.0,16.0,17.0,18.0,19.0	2.46843517538,0.497897051601,-1.58876854427,-4.61781955522,-6.24258489597,-9.3332674107,-9.28031404435,-10.9099477858,-10.4437977612,-11.7905058363,-9.96512935151,-10.6772187927,-8.35688475817,-7.12555579816,-4.31170516171,-1.94063041828,-0.220629795468,3.03303852829,6.39557928165,10.4619432702	0	poly	0.08	176000,,
195357	0.0,1.0,2.0,3.0,4.0,5.0,6.0,7.0,8.0,9.0,10.0,11.0,12.0,13.0,14.0,15.0,16.0,17.0,18.0,19.0	-3.95759231685,-8.13180896087,-10.6858749389,-12.7760841855,-15.7200383801,-15.8231327869,-17.8822662205,-17.6952262931,-18.5357781827,-18.3312826421,-18.9488116922,-17.8360115945,-15.7951699878,-15.3537197818,-12.4072261062,-11.3735965973,-7.52525572877,-3.9428312063,-0.886657557013,2.99816720582	0	poly	0.08	176000,,
195400	0.0,1.0,2.0,3.0,4.0,5.0,6.0,7.0,8.0,9.0,10.0,11.0,12.0,13.0,14.0,15.0,16.0,17.0,18.0,19.0	25.1412494001,22.0149751916,19.3486892087,16.4026347783,14.5867288528,14.4858787298,11.7099256064,12.4005927048,10.6371705601,11.928050537,11.8713666667,11.8801719197,13.2177643003,14.6695099098,16.1486947617,18.7255235096,22.6825978315,26.1543841059,29.2393705162,33.9755724037	0	poly	0.08	176000,,
149860	0.0,1.0,2.0,3.0,4.0,5.0,6.0,7.0,8.0,9.0,10.0,11.0,12.0,13.0,14.0,15.0,16.0,17.0,18.0,19.0	62.0708987144,113.657245563,136.586284153,149.540385997,161.963827886,170.845311992,177.885127461,176.522212324,185.529048206,186.56700313,184.552211453,192.079430792,192.266439814,192.33948639,195.618863431,192.302550946,193.09722551,196.26709019,197.421347935,198.245886249	3	hyperbolic	0.08	132000,,
148277	0.0,1.0,2.0,3.0,4.0,5.0,6.0,7.0,8.0,9.0,10.0,11.0,12.0,13.0,14.0,15.0,16.0,17.0,18.0,19.0	-39.5731074392,7.26125272687,34.7750337449,51.9194899087,55.6785547775,68.0741328524,71.7774975581,77.2455130292,76.5884573854,83.813984406,81.934250976,84.5482203806,88.7634322309,87.8341318704,91.7911052543,88.9692623982,94.3272369389,95.6811150654,95.4396288239,95.3590139069	3	hyperbolic	0.08	132000,,
150604	0.0,1.0,2.0,3.0,4.0,5.0,6.0,7.0,8.0,9.0,10.0,11.0,12.0,13.0,14.0,15.0,16.0,17.0,18.0,19.0	42.4274665925,87.9410850643,116.507974938,126.944303208,140.598927665,146.291602526,149.858994438,154.798908946,158.046318629,159.8227805,164.341786898,164.160520235,166.978171493,168.021197641,170.985487785,171.809445268,176.074688317,171.155791667,175.409299134,175.357684742	3	hyperbolic	0.08	132000,,
150128	0.0,1.0,2.0,3.0,4.0,5.0,6.0,7.0,8.0,9.0,10.0,11.0,12.0,13.0,14.0,15.0,16.0,17.0,18.0,19.0	-122.14793469,-72.9579664476,-44.1037844537,-34.904726226,-25.4164764176,-12.5925152291,-9.75274663888,-8.5263297905,-2.98823774697,-1.94947878153,5.65213538584,4.10313044089,7.44922764516,5.2243456132,8.73170191205,8.3522131492,10.7266256898,11.6124971022,11.6895903582,15.405343353	3	hyperbolic	0.08	132000,,
151883	0.0,1.0,2.0,3.0,4.0,5.0,6.0,7.0,8.0,9.0,10.0,11.0,12.0,13.0,14.0,15.0,16.0,17.0,18.0,19.0	44.4333325795,93.4247090274,122.649503671,134.850774724,147.26728941,152.171249413,158.225921923,165.493968086,167.668722115,170.606226976,168.265346289,171.352536143,174.945928185,179.527494915,179.71750353,178.516043101,182.331453058,181.608774448,178.68662457,184.316457034	3	hyperbolic	0.08	132000,,
151292	0.0,1.0,2.0,3.0,4.0,5.0,6.0,7.0,8.0,9.0,10.0,11.0,12.0,13.0,14.0,15.0,16.0,17.0,18.0,19.0	-75.4230053614,-25.8274219253,-1.43602117902,12.7802052123,25.718248976,29.1468557014,35.591584789,41.0021928748,43.1051615495,45.901838477,49.6464150429,50.1433883977,52.1082464215,52.5774139116,57.0591729099,53.201208877,55.3770599625,56.2873628515,61.1252573266,56.3326145179	3	hyperbolic	0.08	132000,,
149657	0.0,1.0,2.0,3.0,4.0,5.0,6.0,7.0,8.0,9.0,10.0,11.0,12.0,13.0,14.0,15.0,16.0,17.0,18.0,19.0	80.7671931414,131.678411061,155.889879436,171.154541263,179.793450986,190.666551243,196.687067155,197.44311377,201.578961331,203.117650391,207.206659044,205.095163706,206.446503879,209.203197945,208.762451766,212.415625552,214.366279114,215.630581096,217.896682378,215.073571812	3	hyperbolic	0.08	132000,,
151829	0.0,1.0,2.0,3.0,4.0,5.0,6.0,7.0,8.0,9.0,10.0,11.0,12.0,13.0,14.0,15.0,16.0,17.0,18.0,19.0	112.838563684,162.794320312,187.295508399,205.888512667,216.206424966,226.19315075,225.695833491,234.697215322,232.898064881,237.832830934,239.035499799,241.431411741,242.963036463,248.829784959,244.070891535,248.889439351,247.181517607,251.445912032,248.340152943,253.219022238	3	hyperbolic	0.08	132000,,
148274	0.0,1.0,2.0,3.0,4.0,5.0,6.0,7.0,8.0,9.0,10.0,11.0,12.0,13.0,14.0,15.0,16.0,17.0,18.0,19.0	-62.3004502488,-11.4165445844,12.1615500999,28.8299961636,42.7574189152,47.7412491742,53.2563431307,59.7579586525,57.4609780071,59.6582989162,62.7723673613,64.5980600162,69.1445439034,68.0894435627,73.091120343,71.0313463865,72.1582040646,77.38158578,78.511814608,75.7207351835	3	hyperbolic	0.08	132000,,
150602	0.0,1.0,2.0,3.0,4.0,5.0,6.0,7.0,8.0,9.0,10.0,11.0,12.0,13.0,14.0,15.0,16.0,17.0,18.0,19.0	79.5224006792,129.493212184,157.183220381,167.108534774,182.833004285,190.158122783,195.811040258,199.896080658,197.461938826,205.800955984,202.423675218,204.889049164,209.489325747,209.876165023,213.229191442,213.502586244,212.333039898,212.249251898,212.27072454,218.59622652	3	hyperbolic	0.08	132000,,
151040	0.0,1.0,2.0,3.0,4.0,5.0,6.0,7.0,8.0,9.0,10.0,11.0,12.0,13.0,14.0,15.0,16.0,17.0,18.0,19.0	8.17808792866,61.4349051748,87.1707898145,101.859240852,110.099163317,119.017669267,125.818079657,126.85871496,132.277778707,133.51418761,135.681895857,138.422440908,135.993172032,138.397159848,141.448388209,146.245592337,144.027404256,147.312291609,144.075392564,142.981231125	3	hyperbolic	0.08	132000,,
148357	0.0,1.0,2.0,3.0,4.0,5.0,6.0,7.0,8.0,9.0,10.0,11.0,12.0,13.0,14.0,15.0,16.0,17.0,18.0,19.0	85.6835097472,137.849519395,157.973381898,178.708510486,184.9901273,196.6585707,197.095281532,201.76811607,206.831836329,210.482147283,214.361561523,214.335895958,217.242979823,215.19028445,214.182118032,217.796508274,218.546692638,222.984559247,224.609117658,225.292268906	3	hyperbolic	0.08	132000,,
149719	0.0,1.0,2.0,3.0,4.0,5.0,6.0,7.0,8.0,9.0,10.0,11.0,12.0,13.0,14.0,15.0,16.0,17.0,18.0,19.0	-85.4773799039,-35.7045122409,-6.10664629492,7.55314671479,17.28393348,21.8786445403,28.6863245152,32.586372598,34.6216309275,40.919961149,41.5477562643,46.2059899343,47.0450850343,47.5439135549,48.1191658895,50.1545202868,51.9167921738,49.4893092462,55.1502843256,51.3451690392	3	hyperbolic	0.08	132000,,
148897	0.0,1.0,2.0,3.0,4.0,5.0,6.0,7.0,8.0,9.0,10.0,11.0,12.0,13.0,14.0,15.0,16.0,17.0,18.0,19.0	-56.1620644026,-5.04737695859,18.6015745025,34.4846857789,43.012445776,53.6657741723,56.0332209596,64.0198602208,63.9061741391,72.0535061557,69.0318855709,74.4146215814,71.9707995072,76.8542767862,78.5692518054,77.9385322056,79.7578729732,79.9199446381,81.7975960701,82.611841321	3	hyperbolic	0.08	132000,,
148888	0.0,1.0,2.0,3.0,4.0,5.0,6.0,7.0,8.0,9.0,10.0,11.0,12.0,13.0,14.0,15.0,16.0,17.0,18.0,19.0	108.19103334,158.046098503,181.66062141,194.27597803,208.121873851,211.936300353,214.945831376,223.538590325,222.100399575,227.077240824,232.350562614,231.066979294,231.457470114,237.024247078,237.386779418,240.605584609,240.88984256,239.222010237,238.15557136,241.069309742	3	hyperbolic	0.08	132000,,
149744	0.0,1.0,2.0,3.0,4.0,5.0,6.0,7.0,8.0,9.0,10.0,11.0,12.0,13.0,14.0,15.0,16.0,17.0,18.0,19.0	-18.7639370833,31.2237547277,54.0312446744,71.9743937029,82.3810959972,89.1990882392,91.387432701,98.6659957486,103.590387169,103.233321821,104.801885467,108.436938288,112.517797436,110.225544271,109.606236593,113.696793631,117.92745424,118.506438737,118.635904273,113.954663745	3	hyperbolic	0.08	132000,,
148884	0.0,1.0,2.0,3.0,4.0,5.0,6.0,7.0,8.0,9.0,10.0,11.0,12.0,13.0,14.0,15.0,16.0,17.0,18.0,19.0	25.6448854343,73.9426712963,101.429022191,114.258074431,121.896495764,132.889323467,136.672716002,143.080493578,142.803622376,146.172178608,147.831243365,148.654935581,156.526876497,153.959341715,153.201881318,155.040756785,156.11942415,157.20579443,161.551733998,160.248293871	3	hyperbolic	0.08	132000,,
149507	0.0,1.0,2.0,3.0,4.0,5.0,6.0,7.0,8.0,9.0,10.0,11.0,12.0,13.0,14.0,15.0,16.0,17.0,18.0,19.0	78.8874313661,123.224030913,148.927193086,165.129699374,177.147795921,186.082124718,185.575623308,194.909949262,198.712442363,200.732989744,197.96022428,202.444323833,208.134696336,207.876181774,210.873287846,210.882220178,211.489151367,207.676945315,211.874977559,211.761106449	3	hyperbolic	0.08	132000,,
150433	0.0,1.0,2.0,3.0,4.0,5.0,6.0,7.0,8.0,9.0,10.0,11.0,12.0,13.0,14.0,15.0,16.0,17.0,18.0,19.0	102.19432431,148.754210548,179.914657197,192.578178158,202.955482455,207.969163284,213.827356764,218.084048982,224.384458592,226.334149256,227.753733936,231.705004151,233.506935256,233.885257382,231.610637034,231.305948025,238.605494221,235.793040382,234.22969681,237.006989537	3	hyperbolic	0.08	132000,,
149210	0.0,1.0,2.0,3.0,4.0,5.0,6.0,7.0,8.0,9.0,10.0,11.0,12.0,13.0,14.0,15.0,16.0,17.0,18.0,19.0	-23.523756731,21.3221754417,49.340067706,61.1300899262,77.0006718716,80.949977011,84.4117688492,91.9058476441,94.1124097117,100.285800228,96.7323034616,102.034678612,102.894577559,102.902127489,106.149367843,105.132016738,105.193486768,109.313723437,111.957992183,107.943086596	3	hyperbolic	0.08	132000,,
151625	0.0,1.0,2.0,3.0,4.0,5.0,6.0,7.0,8.0,9.0,10.0,11.0,12.0,13.0,14.0,15.0,16.0,17.0,18.0,19.0	130.349452972,177.571490389,206.340067145,218.545192305,230.025470947,233.559944901,237.541915838,243.99625583,249.462359032,248.768751035,252.12736312,254.842323225,254.103624505,254.756267313,256.576024048,261.729383526,258.573752179,259.18216336,260.41192421,264.957250237	3	hyperbolic	0.08	132000,,
148747	0.0,1.0,2.0,3.0,4.0,5.0,6.0,7.0,8.0,9.0,10.0,11.0,12.0,13.0,14.0,15.0,16.0,17.0,18.0,19.0	-15.1161425788,36.0883684766,58.9624889266,80.1905090654,84.4489956625,93.5885945891,101.114404947,104.244874933,104.984859237,108.526008814,111.454809288,114.753517573,115.302488915,117.802188909,119.71864734,122.928595543,122.7532347,123.282721209,119.225263706,125.032274378	3	hyperbolic	0.08	132000,,
151472	0.0,1.0,2.0,3.0,4.0,5.0,6.0,7.0,8.0,9.0,10.0,11.0,12.0,13.0,14.0,15.0,16.0,17.0,18.0,19.0	99.197193085,146.266985834,176.053839851,188.060752469,199.182757869,202.712499532,210.630246102,215.100039257,221.926649565,221.330326616,222.087823295,228.274268509,229.002478898,232.018891631,232.654920191,228.739936961,234.443180182,235.352606397,232.752024089,232.240641216	3	hyperbolic	0.08	132000,,
151029	0.0,1.0,2.0,3.0,4.0,5.0,6.0,7.0,8.0,9.0,10.0,11.0,12.0,13.0,14.0,15.0,16.0,17.0,18.0,19.0	-106.221349352,-56.2638238429,-28.1814161435,-12.8745134386,-6.40001970544,-0.205649319754,10.2083669125,14.5643030169,14.7591721438,20.9949557404,17.0249683924,21.5374133601,27.0515653665,28.3061056149,24.002329214,26.4367925433,27.3410073378,30.0316212111,29.6997712114,27.7410794812	3	hyperbolic	0.08	132000,,
149176	0.0,1.0,2.0,3.0,4.0,5.0,6.0,7.0,8.0,9.0,10.0,11.0,12.0,13.0,14.0,15.0,16.0,17.0,18.0,19.0	82.2945039629,127.914188903,155.088123008,168.071212106,175.85846326,188.702501028,194.614307154,198.39803618,200.26603694,199.360417762,203.381329764,208.077948124,207.625839606,212.117577201,207.811768258,210.791704144,212.845505483,215.933172741,214.319613164,212.559421237	3	hyperbolic	0.08	132000,,
149611	0.0,1.0,2.0,3.0,4.0,5.0,6.0,7.0,8.0,9.0,10.0,11.0,12.0,13.0,14.0,15.0,16.0,17.0,18.0,19.0	-90.3507308222,-41.9838231086,-14.2596200023,-0.134284232377,6.3260520081,15.0475467008,21.679615016,27.1791420619,26.4047355487,28.8579018851,33.145268542,34.0628679603,35.8686629806,38.2275102869,42.4202019916,40.2935105003,39.2629234395,42.7372143755,41.9815444621,41.6208788053	3	hyperbolic	0.08	132000,,
149002	0.0,1.0,2.0,3.0,4.0,5.0,6.0,7.0,8.0,9.0,10.0,11.0,12.0,13.0,14.0,15.0,16.0,17.0,18.0,19.0	34.9300064398,86.0770484851,110.304522973,128.629216377,136.170156789,145.48741068,148.820991135,149.838306313,159.00383706,161.142187354,163.248478277,161.000277507,167.069039377,165.421672861,168.962705649,167.325099754,172.044167857,167.817026488,169.28766254,171.827471408	3	hyperbolic	0.08	132000,,
148248	0.0,1.0,2.0,3.0,4.0,5.0,6.0,7.0,8.0,9.0,10.0,11.0,12.0,13.0,14.0,15.0,16.0,17.0,18.0,19.0	-76.2111718026,-24.4672489597,0.87493478806,14.3802680338,21.6452661773,30.9946532825,38.3976566039,40.0009805177,44.741543152,46.5890429156,50.0550277886,50.3622767247,54.5896687257,54.2987380246,52.864659903,52.7009267187,59.9453496723,59.6501846174,61.5575243979,61.03226451	3	hyperbolic	0.08	132000,,
150280	0.0,1.0,2.0,3.0,4.0,5.0,6.0,7.0,8.0,9.0,10.0,11.0,12.0,13.0,14.0,15.0,16.0,17.0,18.0,19.0	-54.4237407706,1.73996377806,25.0316983695,38.2596832925,47.4251411262,54.5130860016,60.6531022118,67.3548856527,66.3428485551,70.8555524676,77.1182477251,77.128705669,77.7890184832,81.5086057901,77.9459710983,78.1422256948,81.6201213635,79.775077282,84.9202707405,86.3430856681	3	hyperbolic	0.08	132000,,
151979	0.0,1.0,2.0,3.0,4.0,5.0,6.0,7.0,8.0,9.0,10.0,11.0,12.0,13.0,14.0,15.0,16.0,17.0,18.0,19.0	5.73070904003,56.0508851074,86.9021292719,98.1920687989,111.438499846,117.17640052,119.695353268,124.502821924,128.486149177,130.095607637,132.403066457,136.47505537,135.936438276,141.044746658,141.874741986,139.294362991,144.670613074,142.660813667,142.276256466,145.108085693	3	hyperbolic	0.08	132000,,
151559	0.0,1.0,2.0,3.0,4.0,5.0,6.0,7.0,8.0,9.0,10.0,11.0,12.0,13.0,14.0,15.0,16.0,17.0,18.0,19.0	115.359330017,162.31146222,189.499633713,206.028348752,210.115300725,223.370710487,227.164002852,226.79010667,232.442116185,234.484998319,235.922937869,243.099173271,238.015774361,244.771878955,245.081722358,245.611964868,248.988857576,246.487377713,249.267241082,246.342233862	3	hyperbolic	0.08	132000,,
148526	0.0,1.0,2.0,3.0,4.0,5.0,6.0,7.0,8.0,9.0,10.0,11.0,12.0,13.0,14.0,15.0,16.0,17.0,18.0,19.0	-23.9286230129,20.575753387,52.0234422004,62.685832383,76.8723354303,80.9804192613,88.9923105989,92.9293998443,92.6178113929,95.2388753146,100.164271127,97.9594437544,102.420186324,100.628038098,102.556529807,104.046674647,105.841514347,105.554582049,108.340407998,108.952055327	3	hyperbolic	0.08	132000,,
149509	0.0,1.0,2.0,3.0,4.0,5.0,6.0,7.0,8.0,9.0,10.0,11.0,12.0,13.0,14.0,15.0,16.0,17.0,18.0,19.0	106.20602627,161.23726137,187.311688605,199.012179348,208.592819651,214.878167599,220.949608012,228.661621966,227.816690317,229.541548199,236.611448508,236.750968286,234.382458147,241.106869836,237.816393871,241.564130536,244.687366615,242.483716257,246.195530561,242.493069496	3	hyperbolic	0.08	132000,,
148968	0.0,1.0,2.0,3.0,4.0,5.0,6.0,7.0,8.0,9.0,10.0,11.0,12.0,13.0,14.0,15.0,16.0,17.0,18.0,19.0	29.9130759343,76.1078495292,99.9960241349,115.755772023,125.945199766,134.197414082,136.75357706,142.89391368,146.860961645,150.578976421,151.92227369,153.543066149,156.661800562,153.996982291,158.046552384,162.287373817,157.746283579,158.656306122,160.144604669,161.631808939	3	hyperbolic	0.08	132000,,
150004	0.0,1.0,2.0,3.0,4.0,5.0,6.0,7.0,8.0,9.0,10.0,11.0,12.0,13.0,14.0,15.0,16.0,17.0,18.0,19.0	6.43556845869,54.375371898,81.4238493397,95.1273647372,103.514018837,111.009542768,115.940860258,120.7033696,128.095002626,127.98650512,134.372670122,135.895166686,135.391992074,134.058116668,134.808405725,140.222090658,142.201966597,141.737193463,140.41001108,143.166963224	3	hyperbolic	0.08	132000,,
151543	0.0,1.0,2.0,3.0,4.0,5.0,6.0,7.0,8.0,9.0,10.0,11.0,12.0,13.0,14.0,15.0,16.0,17.0,18.0,19.0	-108.0470976,-62.3612412125,-32.6311568294,-19.8880143763,-12.1129313778,-6.07599424912,3.60647928584,4.35155162422,11.4833800822,14.1992940714,16.6376579216,16.5213223737,18.4060930291,18.7762015414,22.4081334876,20.4064927783,22.853853368,25.7593080414,21.9633023996,25.923066238	3	hyperbolic	0.08	132000,,
150978	0.0,1.0,2.0,3.0,4.0,5.0,6.0,7.0,8.0,9.0,10.0,11.0,12.0,13.0,14.0,15.0,16.0,17.0,18.0,19.0	18.2349789572,65.5488361426,96.5413998398,108.256069114,121.731127907,123.343111834,132.393204027,137.539035309,135.794453135,143.258800415,143.254528365,144.655205181,149.189218741,146.528248818,151.085673041,148.407768688,154.487936127,152.077183523,155.795599568,154.005279305	3	hyperbolic	0.08	132000,,
151201	0.0,1.0,2.0,3.0,4.0,5.0,6.0,7.0,8.0,9.0,10.0,11.0,12.0,13.0,14.0,15.0,16.0,17.0,18.0,19.0	-67.7369526787,-16.8630743736,8.67387950131,19.9607616712,30.7718886701,36.8678803303,45.9912912073,49.2367222351,53.7065951838,52.1568519125,54.6101369807,60.2269671501,62.6868091623,59.9226219665,59.6787288709,62.8546060222,63.43558584,67.2198686975,67.0578331191,69.7309418269	3	hyperbolic	0.08	132000,,
148304	0.0,1.0,2.0,3.0,4.0,5.0,6.0,7.0,8.0,9.0,10.0,11.0,12.0,13.0,14.0,15.0,16.0,17.0,18.0,19.0	-25.8251959972,24.9893670446,53.1595583418,65.8265793858,76.6387137643,86.4787160353,89.2357927729,94.7687206196,98.5751588342,98.7569865213,99.1864937228,102.443027022,104.172400507,104.901962536,107.339496411,108.058930017,111.685917227,108.984007393,111.978143867,111.032485489	3	hyperbolic	0.08	132000,,
149056	0.0,1.0,2.0,3.0,4.0,5.0,6.0,7.0,8.0,9.0,10.0,11.0,12.0,13.0,14.0,15.0,16.0,17.0,18.0,19.0	-32.3429296149,19.3005597928,40.2254925147,56.5071700934,68.8372526592,76.1985424598,81.7404068025,85.7224346761,90.2007518208,93.4468580604,93.126040605,96.508549609,98.2908545323,96.3343996409,96.2737687616,104.062602737,103.506233833,101.334108326,105.900731155,104.952120284	3	hyperbolic	0.08	132000,,
150972	0.0,1.0,2.0,3.0,4.0,5.0,6.0,7.0,8.0,9.0,10.0,11.0,12.0,13.0,14.0,15.0,16.0,17.0,18.0,19.0	81.4855848275,131.790736195,157.328120149,170.88904947,176.835779376,186.468992614,191.880044323,196.520504976,198.959106529,200.698258346,205.596223634,208.66166947,206.524230018,208.530895786,213.638755522,212.528232875,214.748450668,211.946797771,217.832993696,215.007409131	3	hyperbolic	0.08	132000,,
150568	0.0,1.0,2.0,3.0,4.0,5.0,6.0,7.0,8.0,9.0,10.0,11.0,12.0,13.0,14.0,15.0,16.0,17.0,18.0,19.0	-2.55882916799,47.237722792,67.4076991443,83.6320455717,95.6503210368,99.5344000418,107.507897371,107.665890507,114.260806821,117.631967013,120.026942961,122.100057014,125.219705308,124.477204937,123.045879651,125.420843807,128.956829503,125.194884694,131.964333219,128.676127939	3	hyperbolic	0.08	132000,,
149634	0.0,1.0,2.0,3.0,4.0,5.0,6.0,7.0,8.0,9.0,10.0,11.0,12.0,13.0,14.0,15.0,16.0,17.0,18.0,19.0	7.19192631738,61.5089853992,83.3658535931,101.171320841,111.880227411,116.964828367,125.526232761,125.263318273,129.547990907,134.923424587,138.242687243,135.766412071,141.173549329,137.189298222,142.736219256,143.243006187,144.773648698,144.445402295,147.918149272,145.488570472	3	hyperbolic	0.08	132000,,
151442	0.0,1.0,2.0,3.0,4.0,5.0,6.0,7.0,8.0,9.0,10.0,11.0,12.0,13.0,14.0,15.0,16.0,17.0,18.0,19.0	-133.449606127,-83.9387271768,-57.0602918748,-45.1692476371,-29.0334506802,-25.5087020764,-15.8806351873,-15.5992075727,-12.794913175,-6.80255921671,-5.2294171327,-2.5460439789,-0.484304845467,-0.130617708879,-1.63616513154,-0.89641392779,0.755533246102,-0.44164841751,6.57734227921,0.763581144557	3	hyperbolic	0.08	132000,,
151955	0.0,1.0,2.0,3.0,4.0,5.0,6.0,7.0,8.0,9.0,10.0,11.0,12.0,13.0,14.0,15.0,16.0,17.0,18.0,19.0	-20.2537489602,33.8360241853,57.5853375639,72.468775328,81.0026320948,89.2581971834,94.2526248591,95.6117211132,101.449052232,106.935288445,107.904225002,106.390677227,111.320452903,108.709104046,108.847822839,116.382303975,110.865142413,117.610542129,114.270722048,116.70730765	3	hyperbolic	0.08	132000,,
150020	0.0,1.0,2.0,3.0,4.0,5.0,6.0,7.0,8.0,9.0,10.0,11.0,12.0,13.0,14.0,15.0,16.0,17.0,18.0,19.0	118.705393067,167.598728194,195.700391081,210.506441869,217.464961216,224.02323372,227.911577911,235.482377058,235.010988478,241.197726433,243.59073242,243.674933611,243.16551698,244.952419321,246.636454584,250.677156851,247.990532477,250.235882555,254.216168341,254.855826274	3	hyperbolic	0.08	132000,,
148730	0.0,1.0,2.0,3.0,4.0,5.0,6.0,7.0,8.0,9.0,10.0,11.0,12.0,13.0,14.0,15.0,16.0,17.0,18.0,19.0	136.387256241,186.972956297,210.583402741,223.284852933,236.859219797,241.316523132,246.947668938,251.801015967,254.040657762,258.466130666,259.80024541,259.865473696,260.375555098,267.424134797,263.439618574,269.379377273,270.959890964,266.391689641,267.946895262,269.081107665	3	hyperbolic	0.08	132000,,
148798	0.0,1.0,2.0,3.0,4.0,5.0,6.0,7.0,8.0,9.0,10.0,11.0,12.0,13.0,14.0,15.0,16.0,17.0,18.0,19.0	-43.5966933964,9.90409912091,32.8072634344,44.9388332925,57.6638524618,68.5127741849,73.4740459316,74.8576456501,78.8907076395,83.1359967756,82.9590012813,85.6757462737,86.1110593774,85.8440731263,91.6968241475,88.5510353134,90.0138222241,95.0470514896,94.1155939891,91.2452444091	3	hyperbolic	0.08	132000,,
150400	0.0,1.0,2.0,3.0,4.0,5.0,6.0,7.0,8.0,9.0,10.0,11.0,12.0,13.0,14.0,15.0,16.0,17.0,18.0,19.0	-27.4210692117,27.6150108981,52.7970012333,63.5158289296,73.2812992409,80.971044063,88.2898294231,91.6025504611,91.639932489,95.1123106102,101.76654202,104.414888289,104.185443221,101.491371395,104.101698405,104.830886528,105.992116676,107.542016023,106.980108215,109.250222765	3	hyperbolic	0.08	132000,,
151737	0.0,1.0,2.0,3.0,4.0,5.0,6.0,7.0,8.0,9.0,10.0,11.0,12.0,13.0,14.0,15.0,16.0,17.0,18.0,19.0	-88.7815009773,-40.5448294557,-15.4370734713,-0.992702192175,15.0540625181,19.1308207209,21.9728873938,28.1546906445,30.3249295884,33.1265657029,34.2495082009,38.2300095284,43.2732522296,41.1723073388,45.0777312422,43.3310291315,42.037098667,47.4893624463,47.1944201275,44.7106712238	3	hyperbolic	0.08	132000,,
151564	0.0,1.0,2.0,3.0,4.0,5.0,6.0,7.0,8.0,9.0,10.0,11.0,12.0,13.0,14.0,15.0,16.0,17.0,18.0,19.0	83.0222973862,137.725247227,158.078994676,174.135548278,181.814487948,190.308518288,195.885372761,203.189007207,203.567082099,205.288403642,212.289025484,214.614587094,211.863635376,214.065103253,216.955390183,217.358866014,221.246213673,219.48491072,222.390245084,221.625946838	3	hyperbolic	0.08	132000,,
149465	0.0,1.0,2.0,3.0,4.0,5.0,6.0,7.0,8.0,9.0,10.0,11.0,12.0,13.0,14.0,15.0,16.0,17.0,18.0,19.0	-66.3223084634,-18.5285120399,4.63485266839,22.7235655101,32.0458778395,35.3822939356,43.935370699,47.483818811,50.3578361987,53.2067067278,53.1951473149,60.3352137974,61.5329806666,57.8458677525,61.5682350778,61.7968502014,65.30389781,66.6193556385,66.0860955406,64.8403851121	3	hyperbolic	0.08	132000,,
149022	0.0,1.0,2.0,3.0,4.0,5.0,6.0,7.0,8.0,9.0,10.0,11.0,12.0,13.0,14.0,15.0,16.0,17.0,18.0,19.0	93.1414834035,146.426773515,168.400140137,185.165997144,195.305712844,203.387017725,204.751544515,211.363706439,212.797794614,218.480162628,221.013090324,224.126374352,219.596479939,222.500799169,226.457694797,227.161699612,225.365198864,230.246558376,226.456101342,232.73494412	3	hyperbolic	0.08	132000,,
151497	0.0,1.0,2.0,3.0,4.0,5.0,6.0,7.0,8.0,9.0,10.0,11.0,12.0,13.0,14.0,15.0,16.0,17.0,18.0,19.0	35.1153510217,83.172363324,107.949658204,127.321884161,135.262246685,141.684323428,150.027008445,156.050337201,155.03140756,156.343717193,163.372941655,163.803658262,163.356420618,164.441186839,165.990405761,166.377343096,166.91732979,169.90254325,173.819529614,174.958708745	3	hyperbolic	0.08	132000,,
148021	0.0,1.0,2.0,3.0,4.0,5.0,6.0,7.0,8.0,9.0,10.0,11.0,12.0,13.0,14.0,15.0,16.0,17.0,18.0,19.0	-6.27946163868,47.8761590736,67.9779171889,83.3699526745,96.1055691392,106.0371134,107.446992235,116.352381893,119.302628551,118.662156571,120.144123341,123.946663994,124.8206588,127.3074169,127.944667522,130.470553821,127.578834679,133.587625754,130.402899886,133.11487474	3	hyperbolic	0.08	132000,,
151845	0.0,1.0,2.0,3.0,4.0,5.0,6.0,7.0,8.0,9.0,10.0,11.0,12.0,13.0,14.0,15.0,16.0,17.0,18.0,19.0	-46.4720740859,5.73234616559,32.7673223377,48.9181282801,53.5906254464,62.5926700408,70.0286877746,72.5656334281,77.6385662658,81.6002364681,84.3414086708,83.7624845979,88.5861160785,85.6275790616,87.5324053989,86.4367380118,91.4056762623,88.2326196115,91.0189538095,94.3943328063	3	hyperbolic	0.08	132000,,
150844	0.0,1.0,2.0,3.0,4.0,5.0,6.0,7.0,8.0,9.0,10.0,11.0,12.0,13.0,14.0,15.0,16.0,17.0,18.0,19.0	116.307899479,167.402194219,189.524742701,203.116613414,217.528455907,221.072357867,227.868825881,234.195550673,236.555688333,237.104848551,239.918172332,240.041037093,244.422995502,244.048896886,250.662472691,247.695043079,249.741458842,253.942198627,249.066127094,253.294074668	3	hyperbolic	0.08	132000,,
148125	0.0,1.0,2.0,3.0,4.0,5.0,6.0,7.0,8.0,9.0,10.0,11.0,12.0,13.0,14.0,15.0,16.0,17.0,18.0,19.0	53.6884994099,106.771699936,129.744283578,149.081686737,157.603758036,166.870860399,168.668027089,172.936236194,178.046552999,178.390879762,178.899649896,182.080990359,184.809770231,190.10814784,188.212671914,191.302250208,191.850786923,191.237672441,189.953426289,191.087510959	3	hyperbolic	0.08	132000,,
149563	0.0,1.0,2.0,3.0,4.0,5.0,6.0,7.0,8.0,9.0,10.0,11.0,12.0,13.0,14.0,15.0,16.0,17.0,18.0,19.0	110.792747664,161.384995003,186.827944566,199.855351482,213.403606131,216.558379655,222.07730802,226.756178258,235.398735585,231.399541411,234.417160332,238.498281885,237.561775764,240.592468613,245.739363087,241.161786663,247.581382711,246.754758173,243.87855688,245.337588593	3	hyperbolic	0.08	132000,,
151386	0.0,1.0,2.0,3.0,4.0,5.0,6.0,7.0,8.0,9.0,10.0,11.0,12.0,13.0,14.0,15.0,16.0,17.0,18.0,19.0	-127.992763507,-78.5738099272,-49.9867200483,-36.2494370804,-27.4592386566,-23.9171274782,-13.6439773444,-10.5056783052,-11.2004015934,-6.31473412309,0.413526089243,0.610479202237,-1.60604222014,4.27397042018,6.10916951212,6.2171584779,6.88212037229,8.2072110271,9.47699727013,5.52548579908	3	hyperbolic	0.08	132000,,
150806	0.0,1.0,2.0,3.0,4.0,5.0,6.0,7.0,8.0,9.0,10.0,11.0,12.0,13.0,14.0,15.0,16.0,17.0,18.0,19.0	-73.3450932052,-25.8884184522,0.19186111913,16.6120509642,27.3399434849,31.3585295854,34.6311603975,40.4527110338,41.4630531371,45.7517759123,46.2790176863,54.2870600851,50.8522016988,57.1135629886,57.3914153666,56.0044872706,54.5352856805,60.3110770454,59.7203999628,60.2163877741	3	hyperbolic	0.08	132000,,
151060	0.0,1.0,2.0,3.0,4.0,5.0,6.0,7.0,8.0,9.0,10.0,11.0,12.0,13.0,14.0,15.0,16.0,17.0,18.0,19.0	-78.2219878876,-32.9058952579,-8.0488714029,8.19507134953,22.1196592007,29.4904379338,31.0571786817,39.6056490511,39.9229114771,40.7276443838,48.0126120145,45.4404741197,46.3701956153,50.473436536,48.4573100489,55.1669064748,56.3574832356,51.2566732484,54.7657008008,56.9305493402	3	hyperbolic	0.08	132000,,
151297	0.0,1.0,2.0,3.0,4.0,5.0,6.0,7.0,8.0,9.0,10.0,11.0,12.0,13.0,14.0,15.0,16.0,17.0,18.0,19.0	133.149376881,184.267932233,212.437838771,228.368105043,236.680656257,239.646555369,249.381909016,255.006244367,257.499403672,259.352152073,261.103449134,264.148152695,266.680180815,267.429727104,269.699507392,267.034086668,267.930436434,270.701913516,272.486327296,267.874633249	3	hyperbolic	0.08	132000,,
149820	0.0,1.0,2.0,3.0,4.0,5.0,6.0,7.0,8.0,9.0,10.0,11.0,12.0,13.0,14.0,15.0,16.0,17.0,18.0,19.0	59.3654918534,104.777017622,134.458830758,148.800621187,159.80254341,163.611921114,170.833826739,174.770572144,180.455013966,183.145202037,185.260137859,186.995564534,185.122427629,190.393895688,188.499733308,190.345127678,193.126202888,194.986104375,194.054452062,195.12330148	3	hyperbolic	0.08	132000,,
151080	0.0,1.0,2.0,3.0,4.0,5.0,6.0,7.0,8.0,9.0,10.0,11.0,12.0,13.0,14.0,15.0,16.0,17.0,18.0,19.0	74.133161371,124.286341504,146.666812929,166.584331262,171.46919522,177.885729871,184.709771101,189.538731273,195.425363542,194.909915589,201.276665743,202.360403799,204.973656264,204.022140798,201.883857061,207.089983444,209.500792497,208.881511659,208.679945201,212.421281925	3	hyperbolic	0.08	132000,,
151364	0.0,1.0,2.0,3.0,4.0,5.0,6.0,7.0,8.0,9.0,10.0,11.0,12.0,13.0,14.0,15.0,16.0,17.0,18.0,19.0	-51.8282527818,-3.2144775625,23.2204532322,32.7334278695,47.4628773659,54.6038237028,60.1808477713,64.9203258172,66.5533989705,66.9667354899,69.4460396438,69.3102089073,73.2029452942,79.1432515174,79.3063680601,78.4121883923,77.7556384267,76.5580425391,78.2716560253,82.1549591209	3	hyperbolic	0.08	132000,,
150640	0.0,1.0,2.0,3.0,4.0,5.0,6.0,7.0,8.0,9.0,10.0,11.0,12.0,13.0,14.0,15.0,16.0,17.0,18.0,19.0	46.8587017737,100.219094037,124.814842339,136.891393794,148.101873655,155.586180612,163.486606841,166.618024816,170.726178719,170.488173259,175.645568338,176.301394819,176.34672493,178.920670812,181.460877924,177.81452294,183.112908527,182.019528321,180.092043931,183.271747801	3	hyperbolic	0.08	132000,,
151431	0.0,1.0,2.0,3.0,4.0,5.0,6.0,7.0,8.0,9.0,10.0,11.0,12.0,13.0,14.0,15.0,16.0,17.0,18.0,19.0	38.7474322151,92.4011538164,115.638856486,127.009015216,138.2316389,145.954410169,152.205278389,155.749312188,157.959286035,159.121186143,166.516956264,166.510520616,167.477234362,167.990713462,169.124488276,168.875731649,170.82438169,176.055122995,171.681905223,173.485890468	3	hyperbolic	0.08	132000,,
149247	0.0,1.0,2.0,3.0,4.0,5.0,6.0,7.0,8.0,9.0,10.0,11.0,12.0,13.0,14.0,15.0,16.0,17.0,18.0,19.0	-17.8512047491,32.4850754151,54.6444790416,70.7095348961,83.6116985419,87.4676021014,91.5832431743,99.1845146716,103.134271445,106.003092463,107.895595378,112.335338909,112.079237075,109.259226396,116.701051963,113.61415263,114.322894914,113.744179741,114.380365518,118.885153321	3	hyperbolic	0.08	132000,,
150341	0.0,1.0,2.0,3.0,4.0,5.0,6.0,7.0,8.0,9.0,10.0,11.0,12.0,13.0,14.0,15.0,16.0,17.0,18.0,19.0	-109.989410305,-57.8128564952,-31.9406242915,-19.8629342973,-10.5081367075,0.948230541457,0.421103893278,7.79443724271,13.044447224,13.1379614918,17.0467563353,17.1052434307,19.6699675923,22.0661848858,24.4921065584,24.7518098165,25.6095308266,26.7818433466,27.9073942728,27.3664215896	3	hyperbolic	0.08	132000,,
149656	0.0,1.0,2.0,3.0,4.0,5.0,6.0,7.0,8.0,9.0,10.0,11.0,12.0,13.0,14.0,15.0,16.0,17.0,18.0,19.0	-33.5513917489,21.1623889445,44.3339283751,62.705339613,72.2684462772,76.1661815023,84.6559237264,85.6505415163,92.8245137512,94.7696728765,93.1401706593,99.3005509711,100.854902322,100.893847041,104.110327366,101.018849282,103.603351126,103.78067175,107.33119178,108.066248701	3	hyperbolic	0.08	132000,,
148160	0.0,1.0,2.0,3.0,4.0,5.0,6.0,7.0,8.0,9.0,10.0,11.0,12.0,13.0,14.0,15.0,16.0,17.0,18.0,19.0	120.054875105,169.518429166,193.524084,214.474808663,219.372342269,228.298920659,234.687865155,238.301394142,244.168609459,241.98605298,248.462708072,248.666178574,247.324254151,248.573286645,251.733141551,251.76548745,256.934875532,255.020400326,253.605587865,259.978457273	3	hyperbolic	0.08	132000,,
150596	0.0,1.0,2.0,3.0,4.0,5.0,6.0,7.0,8.0,9.0,10.0,11.0,12.0,13.0,14.0,15.0,16.0,17.0,18.0,19.0	28.24665579,77.7532899185,102.08037147,115.358455795,123.914774419,132.680512106,135.532127979,145.884151647,147.381360035,145.728135949,148.277410623,154.603218402,158.058863218,152.812353061,156.473726436,155.438689434,160.84307791,159.200885719,163.624942239,164.598654317	3	hyperbolic	0.08	132000,,
148847	0.0,1.0,2.0,3.0,4.0,5.0,6.0,7.0,8.0,9.0,10.0,11.0,12.0,13.0,14.0,15.0,16.0,17.0,18.0,19.0	37.3800192014,81.426394791,110.885053583,122.941972069,134.375461739,140.258617488,143.505116665,153.927979898,152.868976284,155.389274419,156.816489588,162.753623151,164.520654901,163.981153663,165.922152929,163.99874077,170.783389903,167.475351802,168.364665435,171.694344558	3	hyperbolic	0.08	132000,,
149512	0.0,1.0,2.0,3.0,4.0,5.0,6.0,7.0,8.0,9.0,10.0,11.0,12.0,13.0,14.0,15.0,16.0,17.0,18.0,19.0	129.060403382,181.648238606,209.299582536,224.15267667,232.16941896,238.669795369,244.542400774,247.270750099,249.299754047,251.820524186,258.819823459,258.81110326,257.445879769,258.280794964,264.69452236,261.527922657,266.340541523,269.156178339,263.201067112,266.456830424	3	hyperbolic	0.08	132000,,
149995	0.0,1.0,2.0,3.0,4.0,5.0,6.0,7.0,8.0,9.0,10.0,11.0,12.0,13.0,14.0,15.0,16.0,17.0,18.0,19.0	50.7772405703,99.2188736833,122.532666567,141.350165705,146.659006003,158.305874297,160.772272499,162.310926721,171.227150034,168.449538282,170.521345368,176.175817002,174.338897636,178.012350175,177.093284371,181.158928385,183.396921193,179.098292171,184.626702351,180.871230555	3	hyperbolic	0.08	132000,,
149163	0.0,1.0,2.0,3.0,4.0,5.0,6.0,7.0,8.0,9.0,10.0,11.0,12.0,13.0,14.0,15.0,16.0,17.0,18.0,19.0	112.652696278,162.349459379,191.870640297,203.763919341,211.439353885,222.193153041,223.870065154,232.138529559,231.183561372,233.633822557,238.486035071,240.657677895,243.634580343,246.948224839,248.033277324,244.59154562,244.674702834,244.978544251,248.957083144,252.998708548	3	hyperbolic	0.08	132000,,
148355	0.0,1.0,2.0,3.0,4.0,5.0,6.0,7.0,8.0,9.0,10.0,11.0,12.0,13.0,14.0,15.0,16.0,17.0,18.0,19.0	57.7231205676,112.320465256,133.281448407,150.064004212,162.805919535,164.61633568,170.15215895,176.803737112,179.189972509,180.662841363,181.810963343,188.679534921,187.870642636,188.646779541,192.495501609,189.110122673,195.854552418,191.021479461,193.375840443,197.732685098	3	hyperbolic	0.08	132000,,
149261	0.0,1.0,2.0,3.0,4.0,5.0,6.0,7.0,8.0,9.0,10.0,11.0,12.0,13.0,14.0,15.0,16.0,17.0,18.0,19.0	-105.881380144,-55.6348554101,-32.9709992276,-12.2420152594,-8.47911527852,1.72836446328,5.04225994506,8.98582662245,14.4409823706,18.5014891713,18.3376379551,20.0711844497,25.0036689774,22.247948745,27.6394368289,26.331049289,25.7017196011,30.2790698009,30.1656495753,29.2067753311	3	hyperbolic	0.08	132000,,
148426	0.0,1.0,2.0,3.0,4.0,5.0,6.0,7.0,8.0,9.0,10.0,11.0,12.0,13.0,14.0,15.0,16.0,17.0,18.0,19.0	-118.144325551,-66.728633796,-43.9600094114,-26.1782520121,-14.0689537799,-9.13067317857,-3.85983251048,0.33071855595,3.32705668984,5.37685666241,8.34914094307,8.64974226395,14.751800629,12.7681723719,17.1125867843,13.2157604375,13.5839441308,17.3284348504,17.3198121963,20.0024833445	3	hyperbolic	0.08	132000,,
149118	0.0,1.0,2.0,3.0,4.0,5.0,6.0,7.0,8.0,9.0,10.0,11.0,12.0,13.0,14.0,15.0,16.0,17.0,18.0,19.0	-118.147295051,-67.9310672563,-44.6993273182,-30.1136104631,-19.0277230542,-16.9521278654,-11.6132744717,-6.10441645624,-0.862540233269,1.07850751214,0.835908758715,4.80820938047,9.534556258,11.1364343444,13.4696113657,7.77836520305,12.7823987337,13.3565020231,11.7234098774,17.2524547187	3	hyperbolic	0.08	132000,,
149337	0.0,1.0,2.0,3.0,4.0,5.0,6.0,7.0,8.0,9.0,10.0,11.0,12.0,13.0,14.0,15.0,16.0,17.0,18.0,19.0	37.0089059853,90.7263674863,110.120969481,127.62809381,139.522120426,142.992862756,151.655331606,157.688217794,160.262083512,159.062151711,163.927632782,166.521051196,168.742092433,166.296794185,168.784299303,168.981814028,174.523910243,171.482003204,173.520887352,172.845392682	3	hyperbolic	0.08	132000,,
151396	0.0,1.0,2.0,3.0,4.0,5.0,6.0,7.0,8.0,9.0,10.0,11.0,12.0,13.0,14.0,15.0,16.0,17.0,18.0,19.0	54.6674745789,106.528885589,135.424259091,148.851919871,159.813121718,166.0970654,169.669383248,177.060407649,179.855290415,178.099348401,180.047224049,185.492374005,186.290861194,186.852952587,189.833602356,189.951934295,193.318123703,190.530916984,189.746026313,192.389276106	3	hyperbolic	0.08	132000,,
151808	0.0,1.0,2.0,3.0,4.0,5.0,6.0,7.0,8.0,9.0,10.0,11.0,12.0,13.0,14.0,15.0,16.0,17.0,18.0,19.0	131.763340311,179.686967175,205.529606688,223.945842557,233.46349608,242.253784259,242.728695769,250.140032689,256.13780341,258.596604699,258.140208243,258.029049429,264.94731553,262.228363521,264.583575056,268.144503513,263.197571834,267.71471163,270.031610926,270.541959945	3	hyperbolic	0.08	132000,,
151222	0.0,1.0,2.0,3.0,4.0,5.0,6.0,7.0,8.0,9.0,10.0,11.0,12.0,13.0,14.0,15.0,16.0,17.0,18.0,19.0	10.6447878799,61.9411380069,89.6300233512,104.971850794,114.761872877,120.056095978,124.073292318,128.983049132,134.3609258,133.070350502,135.926786643,138.459366147,138.681963033,144.98509651,142.608573563,144.26817217,144.374355146,146.64632598,145.852389036,148.243493276	3	hyperbolic	0.08	132000,,
149057	0.0,1.0,2.0,3.0,4.0,5.0,6.0,7.0,8.0,9.0,10.0,11.0,12.0,13.0,14.0,15.0,16.0,17.0,18.0,19.0	19.0292114903,69.6162456579,95.0247585793,106.40818356,118.533297041,123.682052008,133.138936766,135.838886411,138.743462442,141.132554809,141.040072302,146.344937858,149.866466575,149.008179741,147.017462994,148.232030996,148.631080744,155.990733398,153.781791608,153.496318019	3	hyperbolic	0.08	132000,,
149293	0.0,1.0,2.0,3.0,4.0,5.0,6.0,7.0,8.0,9.0,10.0,11.0,12.0,13.0,14.0,15.0,16.0,17.0,18.0,19.0	70.9218606451,126.180291914,147.908890076,160.925265795,169.959320721,180.321509892,183.821883422,188.477246637,196.234773019,197.993497408,196.759675637,198.395797249,200.765670422,203.772899678,202.76393418,204.046566585,204.107104152,206.267157065,205.106699213,208.250660363	3	hyperbolic	0.08	132000,,
150961	0.0,1.0,2.0,3.0,4.0,5.0,6.0,7.0,8.0,9.0,10.0,11.0,12.0,13.0,14.0,15.0,16.0,17.0,18.0,19.0	-85.4952049721,-36.4599879439,-13.5823142391,3.01873672066,12.0755469781,20.5877249828,26.9809329853,33.6313851859,31.8430261729,37.9172476962,41.9094260387,43.4681942882,43.7986864282,45.5621737697,46.6143744024,43.1510358911,46.8857050878,50.6536838464,48.9453116559,45.9586661225	3	hyperbolic	0.08	132000,,
150473	0.0,1.0,2.0,3.0,4.0,5.0,6.0,7.0,8.0,9.0,10.0,11.0,12.0,13.0,14.0,15.0,16.0,17.0,18.0,19.0	89.6202193416,139.786271612,168.123946094,179.454675098,190.629498086,198.300342924,199.862762196,208.933422629,208.440158743,210.029674208,212.116721832,218.937997677,222.105857824,219.675566629,223.972300289,222.544455502,223.338110544,221.215262472,225.957941431,228.321863054	3	hyperbolic	0.08	132000,,
150185	0.0,1.0,2.0,3.0,4.0,5.0,6.0,7.0,8.0,9.0,10.0,11.0,12.0,13.0,14.0,15.0,16.0,17.0,18.0,19.0	91.3082777124,140.701035768,167.018522446,181.291125154,189.980483904,200.205637242,205.361174027,208.302299573,209.141530108,212.647857997,215.274796488,216.222216627,222.346732338,219.208441829,223.307329554,221.957443835,228.272421727,225.380834636,226.27027798,227.396180237	3	hyperbolic	0.08	132000,,
150857	0.0,1.0,2.0,3.0,4.0,5.0,6.0,7.0,8.0,9.0,10.0,11.0,12.0,13.0,14.0,15.0,16.0,17.0,18.0,19.0	33.4576689497,81.5821444845,109.949869702,121.559590645,132.208771012,143.71638761,144.448712853,148.458728427,150.093620458,159.3861691,161.774926358,163.581093463,164.294800121,163.561774346,165.926376842,163.726221432,168.751848704,166.631319168,170.014025184,168.845479416	3	hyperbolic	0.08	132000,,
149982	0.0,1.0,2.0,3.0,4.0,5.0,6.0,7.0,8.0,9.0,10.0,11.0,12.0,13.0,14.0,15.0,16.0,17.0,18.0,19.0	54.6051135969,107.007389794,128.365576772,144.909497897,153.860893169,161.939475676,166.724757611,172.959440729,172.551196274,177.304630532,177.116972216,179.097779701,185.80884693,181.077832004,184.051269725,186.93988714,188.145545735,188.809157004,189.176942237,191.299582712	3	hyperbolic	0.08	132000,,
150567	0.0,1.0,2.0,3.0,4.0,5.0,6.0,7.0,8.0,9.0,10.0,11.0,12.0,13.0,14.0,15.0,16.0,17.0,18.0,19.0	37.9302733216,83.8168452764,113.682304797,124.969942433,138.616705129,142.974406363,149.587620176,150.423635893,154.913039905,156.061149551,162.448941005,159.15706171,166.18155761,166.979364317,165.641878279,165.502053117,169.404463129,173.248882603,170.66559,169.595765678	3	hyperbolic	0.08	132000,,
149555	0.0,1.0,2.0,3.0,4.0,5.0,6.0,7.0,8.0,9.0,10.0,11.0,12.0,13.0,14.0,15.0,16.0,17.0,18.0,19.0	25.499261299,77.3056174068,99.3674898273,116.419006529,125.90376356,135.540850313,140.919068374,140.650709184,144.42187454,151.560742309,153.106121862,154.792029871,158.022167212,158.990526868,159.717307348,161.250485948,162.868851082,163.578970763,160.385550134,159.544402938	3	hyperbolic	0.08	132000,,
151424	0.0,1.0,2.0,3.0,4.0,5.0,6.0,7.0,8.0,9.0,10.0,11.0,12.0,13.0,14.0,15.0,16.0,17.0,18.0,19.0	111.758133874,163.287088514,189.526326896,205.890830336,209.557921394,216.74972439,228.322803983,229.850536294,231.893752414,237.245856458,236.63301339,240.056371082,238.331371646,244.693213564,244.357446432,241.835634116,246.123115148,245.48340024,248.150920974,247.492169915	3	hyperbolic	0.08	132000,,
151016	0.0,1.0,2.0,3.0,4.0,5.0,6.0,7.0,8.0,9.0,10.0,11.0,12.0,13.0,14.0,15.0,16.0,17.0,18.0,19.0	107.923320951,161.503515387,183.247015692,200.707961723,207.747277612,220.829745115,220.933341773,228.005052107,228.971790116,233.278804589,239.280697524,237.91103507,241.899370675,238.753569303,245.100745107,244.368073696,247.06638508,243.486666086,246.172035786,245.839162984	3	hyperbolic	0.08	132000,,
150629	0.0,1.0,2.0,3.0,4.0,5.0,6.0,7.0,8.0,9.0,10.0,11.0,12.0,13.0,14.0,15.0,16.0,17.0,18.0,19.0	-134.348662016,-77.7156488339,-53.5616428134,-40.8727880695,-30.9195771618,-24.9913292414,-20.302226383,-14.0354404969,-14.4032681171,-8.36067762543,-5.0826837536,-5.76382858714,-2.42673523502,-1.98411316592,-1.63485629607,-1.68575580849,4.27036207276,1.4536990717,6.48559200911,6.79708808887	3	hyperbolic	0.08	132000,,
150338	0.0,1.0,2.0,3.0,4.0,5.0,6.0,7.0,8.0,9.0,10.0,11.0,12.0,13.0,14.0,15.0,16.0,17.0,18.0,19.0	-1.26103436475,53.9605114718,75.0674048878,87.9696771312,103.498540489,106.267548141,111.133713747,119.344855137,117.952414013,120.722047392,127.633973047,128.594060433,126.275493679,128.440195587,129.123359895,135.780578498,133.70597783,137.880501267,138.524363642,139.189408442	3	hyperbolic	0.08	132000,,
150913	0.0,1.0,2.0,3.0,4.0,5.0,6.0,7.0,8.0,9.0,10.0,11.0,12.0,13.0,14.0,15.0,16.0,17.0,18.0,19.0	-81.0588689403,-30.5537638479,-2.8787347206,9.69495656789,23.2991505798,25.6367455403,36.0353523416,38.8650887956,38.45541577,43.0623970553,45.2080361946,48.5232647862,52.7744780668,48.7975816993,49.2653986676,50.4974100138,55.2885253994,56.55359038,55.5553227103,55.5902970833	3	hyperbolic	0.08	132000,,
150680	0.0,1.0,2.0,3.0,4.0,5.0,6.0,7.0,8.0,9.0,10.0,11.0,12.0,13.0,14.0,15.0,16.0,17.0,18.0,19.0	76.3589951915,128.684328621,155.710911778,169.6191137,180.870311409,185.664801331,194.857961338,195.706975553,202.203043452,202.098886813,200.715700815,203.218233321,204.556777759,209.352811109,213.298955935,210.008016493,209.436792194,212.545735443,212.975708266,216.338593205	3	hyperbolic	0.08	132000,,
151952	0.0,1.0,2.0,3.0,4.0,5.0,6.0,7.0,8.0,9.0,10.0,11.0,12.0,13.0,14.0,15.0,16.0,17.0,18.0,19.0	96.5278545836,142.299570566,168.842262802,183.435434261,197.706174915,204.563753789,204.395704853,208.584115583,216.781346684,214.782314991,218.458896246,219.5331467,225.588033767,227.421776722,228.400086381,224.257547167,227.666570506,230.719265394,230.233358942,227.113708547	3	hyperbolic	0.08	132000,,
151971	0.0,1.0,2.0,3.0,4.0,5.0,6.0,7.0,8.0,9.0,10.0,11.0,12.0,13.0,14.0,15.0,16.0,17.0,18.0,19.0	-39.8085539533,10.512213593,34.8748842624,45.4200413896,54.3550981799,65.8633627183,71.9743460315,74.5924711945,75.5150333754,76.8780445865,81.30869606,81.9760130613,83.2323254793,85.9330763664,87.4623400698,90.7313235441,90.3144257626,89.4923571647,89.4812637078,92.2231646283	3	hyperbolic	0.08	132000,,
150040	0.0,1.0,2.0,3.0,4.0,5.0,6.0,7.0,8.0,9.0,10.0,11.0,12.0,13.0,14.0,15.0,16.0,17.0,18.0,19.0	-137.521869434,-82.2000504041,-59.5097840721,-42.7890702549,-37.4255348539,-28.5351095085,-23.1708822956,-18.2878889919,-14.611902213,-15.0788970391,-11.7534772362,-9.49884709113,-5.08117537242,-6.71592403883,-3.90844001459,-0.597447530777,-2.17867442076,0.147760281194,0.86733030294,0.34162770207	3	hyperbolic	0.08	132000,,
151213	0.0,1.0,2.0,3.0,4.0,5.0,6.0,7.0,8.0,9.0,10.0,11.0,12.0,13.0,14.0,15.0,16.0,17.0,18.0,19.0	-5.76300807765,45.3980426918,68.265988176,88.1856791277,92.4588096166,103.686007137,109.55317252,112.08025597,112.878510849,117.034411808,117.339416241,123.296414327,120.964176007,125.859424841,130.181372292,128.226871404,127.14165088,129.161864962,133.999343622,129.784221224	3	hyperbolic	0.08	132000,,
150052	0.0,1.0,2.0,3.0,4.0,5.0,6.0,7.0,8.0,9.0,10.0,11.0,12.0,13.0,14.0,15.0,16.0,17.0,18.0,19.0	-25.1975967604,24.5814763252,50.2961205869,61.5694823223,72.80069562,85.0343057429,88.4796720431,91.4912833268,95.4751108167,93.9972673519,100.616411131,101.699404661,100.220385937,107.061956622,108.537553126,108.139847417,104.583671483,105.357361273,111.10969514,110.870754827	3	hyperbolic	0.08	132000,,
151714	0.0,1.0,2.0,3.0,4.0,5.0,6.0,7.0,8.0,9.0,10.0,11.0,12.0,13.0,14.0,15.0,16.0,17.0,18.0,19.0	-68.8306741518,-19.115257715,3.27388948797,18.9165225901,31.0766294534,40.4095775552,41.6976918844,48.1124765519,52.308563874,55.7815132915,52.2330586114,54.2417181275,59.5424362903,58.9469882296,63.7101763429,64.7648114008,62.8178922831,63.3897603448,62.3755666537,65.7825450421	3	hyperbolic	0.08	132000,,
149672	0.0,1.0,2.0,3.0,4.0,5.0,6.0,7.0,8.0,9.0,10.0,11.0,12.0,13.0,14.0,15.0,16.0,17.0,18.0,19.0	-121.90753711,-71.9557274261,-48.2532293157,-29.4041177431,-20.6655511788,-17.3241715599,-8.23677623398,-2.67039478241,-0.353252892388,-0.891183982886,5.57009007555,2.69003436729,4.14792928809,6.23110984954,6.62037640844,11.5219950261,13.1409106948,9.27506276868,10.1076831866,14.5855351819	3	hyperbolic	0.08	132000,,
150002	0.0,1.0,2.0,3.0,4.0,5.0,6.0,7.0,8.0,9.0,10.0,11.0,12.0,13.0,14.0,15.0,16.0,17.0,18.0,19.0	-52.1540689328,-1.32341009725,23.7357508071,38.7467810512,47.3851154149,49.8847079365,61.4892214833,62.1035855627,64.397916244,66.256569314,72.0979905999,69.9872961313,71.5104169541,78.4796008498,78.6894435457,81.503461372,77.8191172231,79.4376673976,78.3709448873,81.4862844134	3	hyperbolic	0.08	132000,,
150009	0.0,1.0,2.0,3.0,4.0,5.0,6.0,7.0,8.0,9.0,10.0,11.0,12.0,13.0,14.0,15.0,16.0,17.0,18.0,19.0	-41.5583753907,4.63571422994,29.9118961936,42.5222268785,52.3376018223,62.8969719517,68.0064655359,71.5048657143,77.7676648751,81.1284102679,79.3205558857,83.2551618133,83.4154130232,86.7884355835,83.0089362839,89.3208328065,89.5159751923,89.9383278946,92.581610135,91.3332283789	3	hyperbolic	0.08	132000,,
148705	0.0,1.0,2.0,3.0,4.0,5.0,6.0,7.0,8.0,9.0,10.0,11.0,12.0,13.0,14.0,15.0,16.0,17.0,18.0,19.0	35.7806176614,89.1262482046,113.727478916,126.727502649,138.851978295,140.86549154,145.418254806,152.495993395,158.174525186,157.604882316,164.246479703,161.869129363,161.78422366,164.133301088,169.788499608,171.632873899,171.174501499,172.048345675,170.957925927,169.80068226	3	hyperbolic	0.08	132000,,
150166	0.0,1.0,2.0,3.0,4.0,5.0,6.0,7.0,8.0,9.0,10.0,11.0,12.0,13.0,14.0,15.0,16.0,17.0,18.0,19.0	44.9537238966,95.5366392136,116.325694446,133.850414933,143.024336303,153.098054058,155.389206185,162.200699405,163.852780696,166.42328951,165.920166002,170.604420299,175.167715462,170.916261063,176.980207027,177.693138539,179.51704353,176.037756498,176.149841273,179.901165926	3	hyperbolic	0.08	132000,,
148413	0.0,1.0,2.0,3.0,4.0,5.0,6.0,7.0,8.0,9.0,10.0,11.0,12.0,13.0,14.0,15.0,16.0,17.0,18.0,19.0	64.7406216492,116.028031295,139.131192359,158.369583966,167.216493565,171.578161632,180.580543266,183.537021204,186.154818884,187.080207066,191.643548454,195.425054976,192.230093486,200.049465247,195.688780724,202.501411048,202.249287756,203.006319718,200.669317857,205.604021686	3	hyperbolic	0.08	132000,,
151655	0.0,1.0,2.0,3.0,4.0,5.0,6.0,7.0,8.0,9.0,10.0,11.0,12.0,13.0,14.0,15.0,16.0,17.0,18.0,19.0	-42.9510913641,4.38092523531,33.0045571309,47.7848101827,59.0672512404,65.8961765114,68.9630667395,74.7134524996,74.4743424626,82.6888829052,81.4906943833,81.8121531535,88.3126085226,84.1023696011,84.5156525441,88.5995751574,88.7272432092,90.670389257,89.992141276,91.2431903991	3	hyperbolic	0.08	132000,,
150303	0.0,1.0,2.0,3.0,4.0,5.0,6.0,7.0,8.0,9.0,10.0,11.0,12.0,13.0,14.0,15.0,16.0,17.0,18.0,19.0	-16.4863607348,33.2296638583,54.9897374542,75.5569938021,82.883217137,87.3369942537,91.3312847454,96.0821840237,103.462679181,103.212794547,106.052304977,109.382575258,109.2166529,110.590179257,111.91322158,114.320468182,118.102807316,114.854382434,115.535686448,118.318961519	3	hyperbolic	0.08	132000,,
149966	0.0,1.0,2.0,3.0,4.0,5.0,6.0,7.0,8.0,9.0,10.0,11.0,12.0,13.0,14.0,15.0,16.0,17.0,18.0,19.0	125.131646504,179.544573052,199.674308633,215.592689552,229.912729827,234.601906668,243.100002128,243.26490395,247.981611929,249.320060559,250.143479759,251.640234855,254.117891863,256.581475743,258.118230685,262.010433039,260.545511106,263.945520171,263.154732117,262.59835516	3	hyperbolic	0.08	132000,,
148632	0.0,1.0,2.0,3.0,4.0,5.0,6.0,7.0,8.0,9.0,10.0,11.0,12.0,13.0,14.0,15.0,16.0,17.0,18.0,19.0	94.3490366039,142.950180329,168.679278871,188.33440221,193.738307094,201.866357566,206.713403198,211.495888634,213.52617297,220.301623764,218.563158047,221.374951557,221.609405828,224.752307634,223.773814512,224.324632416,228.517524491,232.140604795,226.659905255,232.139511686	3	hyperbolic	0.08	132000,,
148144	0.0,1.0,2.0,3.0,4.0,5.0,6.0,7.0,8.0,9.0,10.0,11.0,12.0,13.0,14.0,15.0,16.0,17.0,18.0,19.0	58.3259068143,111.34589059,136.59762824,150.784055702,162.277749781,167.538428992,172.653604765,179.884737584,180.165016092,186.764900435,188.385036628,189.921707768,187.987383418,189.908233629,190.678928104,194.604333352,196.353949758,192.735452073,195.153168515,195.330118096	3	hyperbolic	0.08	132000,,
151640	0.0,1.0,2.0,3.0,4.0,5.0,6.0,7.0,8.0,9.0,10.0,11.0,12.0,13.0,14.0,15.0,16.0,17.0,18.0,19.0	-1.09326931054,51.9734497907,72.5976172697,90.8002922554,102.817605672,105.499089053,111.635888208,116.461491177,118.054195474,122.523975279,124.213257533,128.511475766,126.325421217,130.087550034,132.412043276,135.3813656,131.673561713,131.956017989,135.114214914,134.770411533	3	hyperbolic	0.08	132000,,
148351	0.0,1.0,2.0,3.0,4.0,5.0,6.0,7.0,8.0,9.0,10.0,11.0,12.0,13.0,14.0,15.0,16.0,17.0,18.0,19.0	6.01921795286,54.671594881,82.2266519493,98.922548908,105.441661528,110.522494309,117.295515688,119.467607473,125.215356256,131.431140982,131.834600497,129.479385924,136.79313664,134.446402816,137.462029993,135.816374075,140.373660153,137.498646052,140.802092046,140.540325849	3	hyperbolic	0.08	132000,,
151743	0.0,1.0,2.0,3.0,4.0,5.0,6.0,7.0,8.0,9.0,10.0,11.0,12.0,13.0,14.0,15.0,16.0,17.0,18.0,19.0	126.896002778,176.844455748,201.9944633,214.274617128,226.049548205,230.298396081,236.560574953,243.907462689,247.856669114,246.730249814,249.155050477,251.395092281,256.193687381,256.77483914,256.156069338,255.22227337,259.3400924,259.493626246,261.424705109,262.05170021	3	hyperbolic	0.08	132000,,
149207	0.0,1.0,2.0,3.0,4.0,5.0,6.0,7.0,8.0,9.0,10.0,11.0,12.0,13.0,14.0,15.0,16.0,17.0,18.0,19.0	117.958924066,171.34238084,194.745352282,214.161676182,220.629253474,227.928575027,231.393456635,236.798466327,241.623891299,246.205307592,245.778013747,246.963324827,248.349707936,249.966376149,251.409562367,254.65312135,251.024026141,255.27076057,257.437691126,255.237858441	3	hyperbolic	0.08	132000,,
151322	0.0,1.0,2.0,3.0,4.0,5.0,6.0,7.0,8.0,9.0,10.0,11.0,12.0,13.0,14.0,15.0,16.0,17.0,18.0,19.0	-16.8071147997,33.092795569,57.8511097212,73.1839393199,79.9480131084,89.4646134465,99.2617642775,101.997725905,100.730585285,109.104218695,111.670813787,107.527613646,108.620276321,115.238988211,111.64666561,117.472405408,119.330493971,117.012228196,115.998271533,121.657113495	3	hyperbolic	0.08	132000,,
150703	0.0,1.0,2.0,3.0,4.0,5.0,6.0,7.0,8.0,9.0,10.0,11.0,12.0,13.0,14.0,15.0,16.0,17.0,18.0,19.0	13.7047045183,62.6577313821,91.8535548209,105.168240808,113.35160063,124.079106105,128.923116776,128.720198695,135.528158017,133.098833334,140.100651709,141.542130717,145.260441649,144.147340524,143.117515726,145.742984734,146.500200794,149.143470133,150.250928296,147.88220251	3	hyperbolic	0.08	132000,,
149960	0.0,1.0,2.0,3.0,4.0,5.0,6.0,7.0,8.0,9.0,10.0,11.0,12.0,13.0,14.0,15.0,16.0,17.0,18.0,19.0	-96.9494007159,-50.8876367241,-25.7286060122,-8.05175888175,1.93585444814,12.5934483284,18.0062044053,18.4040461006,23.2657977712,23.2061617278,27.9926335937,32.4522951638,28.5617717066,31.1395275677,33.1239611303,37.9262087234,37.3433115206,36.3552290568,33.7501697872,37.1240141999	3	hyperbolic	0.08	132000,,
148784	0.0,1.0,2.0,3.0,4.0,5.0,6.0,7.0,8.0,9.0,10.0,11.0,12.0,13.0,14.0,15.0,16.0,17.0,18.0,19.0	-3.11303748566,49.7137043648,75.3575664141,91.451424746,97.1149279887,107.132867383,107.780896507,115.362254243,119.155288614,118.262886432,121.030818093,124.114386598,125.120259927,126.058325884,131.664667171,128.092217864,129.947664745,133.268307755,132.004319565,137.476823247	3	hyperbolic	0.08	132000,,
149893	0.0,1.0,2.0,3.0,4.0,5.0,6.0,7.0,8.0,9.0,10.0,11.0,12.0,13.0,14.0,15.0,16.0,17.0,18.0,19.0	117.540176122,172.428949098,195.917877567,210.119373251,219.488769699,223.995671847,231.586053125,234.197525777,241.990656922,242.295627397,241.335519502,249.130696097,248.598968224,251.740943495,248.15948452,251.793071256,255.240806606,250.288836511,252.787885694,252.65717364	3	hyperbolic	0.08	132000,,
148837	0.0,1.0,2.0,3.0,4.0,5.0,6.0,7.0,8.0,9.0,10.0,11.0,12.0,13.0,14.0,15.0,16.0,17.0,18.0,19.0	-17.467009456,28.9886508622,56.7387275867,70.2593264862,81.5718132871,85.893447966,89.516597602,95.5560753761,102.575002081,104.028571906,107.449684193,104.959834167,108.81262632,110.240607456,113.250414069,112.691919635,110.901229483,113.226304065,117.074440653,114.471059903	3	hyperbolic	0.08	132000,,
149478	0.0,1.0,2.0,3.0,4.0,5.0,6.0,7.0,8.0,9.0,10.0,11.0,12.0,13.0,14.0,15.0,16.0,17.0,18.0,19.0	-67.1886977597,-17.8135796641,9.9436438368,26.5709161335,36.7589417435,45.3279956859,44.2612013013,50.4131466076,52.1933410356,56.4101788182,58.3903185633,61.991258915,65.4089224677,67.1482377926,67.3455738776,65.3418074466,68.9512444593,70.4484553872,73.1065534084,68.9821378686	3	hyperbolic	0.08	132000,,
149928	0.0,1.0,2.0,3.0,4.0,5.0,6.0,7.0,8.0,9.0,10.0,11.0,12.0,13.0,14.0,15.0,16.0,17.0,18.0,19.0	119.706032031,171.187871024,191.136572453,212.653124385,218.719283375,226.192511899,231.657481477,239.301243153,237.960734219,245.075173544,245.843341744,243.306386585,246.854255597,247.273728208,251.941521931,250.052687164,254.244532743,251.223632703,252.280982119,256.390710844	3	hyperbolic	0.08	132000,,
151243	0.0,1.0,2.0,3.0,4.0,5.0,6.0,7.0,8.0,9.0,10.0,11.0,12.0,13.0,14.0,15.0,16.0,17.0,18.0,19.0	-95.8119008648,-48.1297139213,-19.4020952306,-5.67865743639,2.44740278058,13.9953765382,15.6075925868,19.3501824774,28.141362359,24.6808492209,32.3655893432,35.0754191174,31.996910899,35.7085282599,38.0487023236,36.796913853,37.062491724,40.4241153104,41.2303929115,41.5371151032	3	hyperbolic	0.08	132000,,
149572	0.0,1.0,2.0,3.0,4.0,5.0,6.0,7.0,8.0,9.0,10.0,11.0,12.0,13.0,14.0,15.0,16.0,17.0,18.0,19.0	14.9674771839,62.7271393728,88.4923869872,106.197885813,115.032431355,120.49969066,128.334772705,133.343795753,132.842372728,133.727683423,139.018432739,141.090053877,142.105592556,140.860353272,144.588726575,143.03007789,146.308126852,151.493004872,146.456752571,146.964635545	3	hyperbolic	0.08	132000,,
148811	0.0,1.0,2.0,3.0,4.0,5.0,6.0,7.0,8.0,9.0,10.0,11.0,12.0,13.0,14.0,15.0,16.0,17.0,18.0,19.0	27.0507354964,80.4828007653,100.547114171,118.761581758,129.407460092,136.609379019,144.305723632,147.780592507,150.751680295,149.786178597,155.584865807,152.601802663,160.256366473,156.11481105,156.472945627,161.92409057,159.945131989,164.654076553,166.382189184,161.699822136	3	hyperbolic	0.08	132000,,
149969	0.0,1.0,2.0,3.0,4.0,5.0,6.0,7.0,8.0,9.0,10.0,11.0,12.0,13.0,14.0,15.0,16.0,17.0,18.0,19.0	107.97121147,158.742819625,183.152886916,197.362719025,207.477612979,214.617689448,220.8818959,223.027387316,226.303376039,231.655476952,232.28473214,236.18702225,233.26495004,235.02331275,236.438042663,239.812742612,242.167552066,238.55355015,245.364111397,244.256099059	3	hyperbolic	0.08	132000,,
148078	0.0,1.0,2.0,3.0,4.0,5.0,6.0,7.0,8.0,9.0,10.0,11.0,12.0,13.0,14.0,15.0,16.0,17.0,18.0,19.0	-112.663284761,-68.6593752441,-37.4663525347,-24.9633601981,-12.5975807401,-9.02942919834,-3.56176914355,1.53478087778,2.30989693,6.19516980745,10.6246955086,9.66556145113,14.7320824976,16.0105890553,13.2364150121,16.2423816329,17.4833561501,18.6843265994,21.3139369082,20.577791577	3	hyperbolic	0.08	132000,,
151173	0.0,1.0,2.0,3.0,4.0,5.0,6.0,7.0,8.0,9.0,10.0,11.0,12.0,13.0,14.0,15.0,16.0,17.0,18.0,19.0	110.721725975,161.588849205,185.960468319,203.963758067,216.019834291,221.123645463,223.087223931,228.094739766,230.251123458,234.875171506,238.801985998,242.436684498,239.883065345,243.741187174,241.850270579,243.069556408,244.471130847,245.495167509,245.977756427,246.87763863	3	hyperbolic	0.08	132000,,
151868	0.0,1.0,2.0,3.0,4.0,5.0,6.0,7.0,8.0,9.0,10.0,11.0,12.0,13.0,14.0,15.0,16.0,17.0,18.0,19.0	-76.2979544513,-26.0229228614,-0.733475042878,16.3056563058,22.1794906997,31.99379869,36.8711644161,42.2894916972,42.8350891532,50.5689105577,51.0100901307,50.4890676757,51.1650098065,55.4804688544,56.6473408393,60.1166968175,61.6025761594,62.6404617305,60.6032812713,58.017994422	3	hyperbolic	0.08	132000,,
148047	0.0,1.0,2.0,3.0,4.0,5.0,6.0,7.0,8.0,9.0,10.0,11.0,12.0,13.0,14.0,15.0,16.0,17.0,18.0,19.0	18.4741038556,67.8256140547,98.2649736682,110.607707916,119.355022588,130.163957517,129.21114099,135.917352021,142.733338896,142.849057295,148.174860341,150.233173386,149.46086686,149.052989185,150.333112404,150.277690085,150.090205748,155.621474382,151.85721018,155.827469803	3	hyperbolic	0.08	132000,,
150311	0.0,1.0,2.0,3.0,4.0,5.0,6.0,7.0,8.0,9.0,10.0,11.0,12.0,13.0,14.0,15.0,16.0,17.0,18.0,19.0	-25.1095213917,24.5156755483,44.025269158,58.3765729656,72.0741575266,81.6888424492,87.0867255923,91.3678141859,90.114329203,93.9160611632,99.9972182567,99.0948148567,99.4771242906,100.353332469,100.185939998,101.199890817,106.03580076,106.267234513,105.109713415,103.999531408	3	hyperbolic	0.08	132000,,
149248	0.0,1.0,2.0,3.0,4.0,5.0,6.0,7.0,8.0,9.0,10.0,11.0,12.0,13.0,14.0,15.0,16.0,17.0,18.0,19.0	33.272272145,85.9776145253,107.143035341,123.12270264,133.99596573,141.727701214,144.99816725,149.149353086,155.36805851,159.218660739,159.137080681,163.150234628,159.523474102,163.584965983,168.225137171,168.246620061,169.475158804,171.609099722,170.443919797,168.460118084	3	hyperbolic	0.08	132000,,
148122	0.0,1.0,2.0,3.0,4.0,5.0,6.0,7.0,8.0,9.0,10.0,11.0,12.0,13.0,14.0,15.0,16.0,17.0,18.0,19.0	4.97652493981,50.1801623763,75.001924395,93.8020494331,99.6930220015,110.857873361,116.649529121,121.239355639,121.389448614,128.561381254,130.546547557,129.807109925,128.020065165,131.728321657,132.200787677,133.032184366,136.975474964,136.637119145,137.743822997,136.930570254	3	hyperbolic	0.08	132000,,
150579	0.0,1.0,2.0,3.0,4.0,5.0,6.0,7.0,8.0,9.0,10.0,11.0,12.0,13.0,14.0,15.0,16.0,17.0,18.0,19.0	27.7211587296,80.1730042334,106.533206593,121.917193348,128.306204199,137.294375331,141.158138909,149.182111245,151.523296265,153.213627609,157.334941685,159.41861864,159.837730995,161.808924763,158.671123497,160.69204587,161.492704414,164.07850309,162.062429448,164.236713495	3	hyperbolic	0.08	132000,,
148378	0.0,1.0,2.0,3.0,4.0,5.0,6.0,7.0,8.0,9.0,10.0,11.0,12.0,13.0,14.0,15.0,16.0,17.0,18.0,19.0	-109.832620099,-54.2951590671,-29.8438663504,-14.6308799293,-4.51862487711,0.376908852824,6.97434714956,7.93452979539,12.9279458256,15.4971177258,15.7543159035,16.5720082311,20.129313781,22.899399145,26.554814766,24.0279627814,28.7556463676,29.2242813604,24.6112169679,27.5151628176	3	hyperbolic	0.08	132000,,
150700	0.0,1.0,2.0,3.0,4.0,5.0,6.0,7.0,8.0,9.0,10.0,11.0,12.0,13.0,14.0,15.0,16.0,17.0,18.0,19.0	-22.8206241579,31.8380000283,52.4791396425,67.6566881152,77.599921242,87.6073767489,93.2403258284,97.0383159644,98.4019646418,104.639825423,107.574939463,109.794486927,107.493615457,110.494723411,108.377842651,112.95761628,112.389779931,111.164506718,114.841050734,118.077558462	3	hyperbolic	0.08	132000,,
149054	0.0,1.0,2.0,3.0,4.0,5.0,6.0,7.0,8.0,9.0,10.0,11.0,12.0,13.0,14.0,15.0,16.0,17.0,18.0,19.0	-56.8950264827,-7.24967617286,19.3412962218,32.5334602829,42.5665549002,46.7644817059,56.0978119024,62.2916055635,61.5394650641,65.7458440921,64.5074952588,68.3311860499,70.1521500543,70.6158003298,71.9692146985,73.8066064347,77.4019067294,76.1122587779,74.3649950999,76.114045483	3	hyperbolic	0.08	132000,,
151121	0.0,1.0,2.0,3.0,4.0,5.0,6.0,7.0,8.0,9.0,10.0,11.0,12.0,13.0,14.0,15.0,16.0,17.0,18.0,19.0	88.0005715962,137.739338258,157.134426098,173.155605931,182.798167033,193.605174089,194.278596367,201.815036848,207.785447257,209.86321078,210.411978949,213.525821621,213.441352641,213.252784524,213.945720463,219.608057606,215.749043351,216.145624674,217.268891126,217.318137006	3	hyperbolic	0.08	132000,,
149822	0.0,1.0,2.0,3.0,4.0,5.0,6.0,7.0,8.0,9.0,10.0,11.0,12.0,13.0,14.0,15.0,16.0,17.0,18.0,19.0	61.760658176,114.419393384,134.833264882,149.214211002,160.572553392,166.10869118,173.823390406,179.437545703,181.674186213,185.348289195,187.900462908,189.589311448,191.874945518,194.349312825,190.690423742,192.787137416,193.839825062,195.637927754,195.780180616,197.984777179	3	hyperbolic	0.08	132000,,
151897	0.0,1.0,2.0,3.0,4.0,5.0,6.0,7.0,8.0,9.0,10.0,11.0,12.0,13.0,14.0,15.0,16.0,17.0,18.0,19.0	66.6905537048,114.743078512,143.277546124,158.296153917,168.236879694,174.689384801,183.3640766,184.690770527,184.955981382,193.954162136,191.168359914,191.94848295,194.449806203,197.328930527,200.612988768,202.800492697,202.595721022,205.129575962,205.417216373,202.61246567	3	hyperbolic	0.08	132000,,
150229	0.0,1.0,2.0,3.0,4.0,5.0,6.0,7.0,8.0,9.0,10.0,11.0,12.0,13.0,14.0,15.0,16.0,17.0,18.0,19.0	58.9140437693,105.887557091,130.191412437,146.702866153,160.049629124,167.507123258,173.47963645,174.670100637,179.525686591,181.497984271,181.01947649,186.146230318,187.368117775,185.875197125,186.075516381,189.447305177,187.705249041,189.591675929,194.775992847,192.824437914	3	hyperbolic	0.08	132000,,
148894	0.0,1.0,2.0,3.0,4.0,5.0,6.0,7.0,8.0,9.0,10.0,11.0,12.0,13.0,14.0,15.0,16.0,17.0,18.0,19.0	82.8704968771,136.005424633,160.074840735,174.995267531,183.626571104,190.315296858,194.210221134,199.136935784,200.181823348,207.334200559,205.913903607,208.510942863,209.659634041,214.412179684,213.295143801,213.405316276,215.208034699,220.272182,215.152408736,218.370730697	3	hyperbolic	0.08	132000,,
150364	0.0,1.0,2.0,3.0,4.0,5.0,6.0,7.0,8.0,9.0,10.0,11.0,12.0,13.0,14.0,15.0,16.0,17.0,18.0,19.0	83.6553463059,135.473071075,161.019776224,176.376135609,186.847657972,189.707938353,198.742565372,202.572152284,203.4053522,209.75899331,213.377658014,214.321227931,214.049351369,213.586956228,217.847018361,215.734185994,218.024754104,221.878997443,217.29557761,221.118526263	3	hyperbolic	0.08	132000,,
149772	0.0,1.0,2.0,3.0,4.0,5.0,6.0,7.0,8.0,9.0,10.0,11.0,12.0,13.0,14.0,15.0,16.0,17.0,18.0,19.0	-59.1696106743,-11.184089617,13.6163608966,27.2617658798,38.0170058678,48.7887565749,53.7301492159,57.8561650651,58.5177779584,59.6077645928,66.7526178613,64.7002965726,70.2373666856,70.0087785638,70.0345548675,70.8488369312,71.7126405841,72.6055760906,74.8482934142,73.9631714112	3	hyperbolic	0.08	132000,,
148706	0.0,1.0,2.0,3.0,4.0,5.0,6.0,7.0,8.0,9.0,10.0,11.0,12.0,13.0,14.0,15.0,16.0,17.0,18.0,19.0	-128.036521336,-77.2190115095,-51.7417509133,-41.1758030801,-28.2916585052,-19.3250499373,-16.0574978131,-11.8200681218,-7.41299724572,-5.99605775396,-2.54575997753,-1.72860951682,-2.1452607211,2.42662286316,3.55909173945,4.95551904363,3.3115055425,7.00197818635,7.34391353339,6.12857800829	3	hyperbolic	0.08	132000,,
150017	0.0,1.0,2.0,3.0,4.0,5.0,6.0,7.0,8.0,9.0,10.0,11.0,12.0,13.0,14.0,15.0,16.0,17.0,18.0,19.0	-23.357796694,26.6236686919,49.1333484823,66.7758452464,78.2726067338,82.6355751323,86.2927339398,88.4121748987,91.9529152769,98.2511759454,101.865447208,99.3827448603,104.309070727,104.631029742,104.54370055,104.924103011,107.663264091,106.86660965,113.058750583,112.721648265	3	hyperbolic	0.08	132000,,
148511	0.0,1.0,2.0,3.0,4.0,5.0,6.0,7.0,8.0,9.0,10.0,11.0,12.0,13.0,14.0,15.0,16.0,17.0,18.0,19.0	-76.8249818359,-24.3491308822,-3.04010792462,12.1650379907,19.4984683665,29.3053301795,38.2628641207,42.0825686897,40.4379042758,42.8926312099,49.1906019115,48.3940498881,54.5165654847,50.6545371138,51.3042302848,54.7641368174,57.7547638168,59.4339646042,58.0158938805,58.9468369123	3	hyperbolic	0.08	132000,,
151061	0.0,1.0,2.0,3.0,4.0,5.0,6.0,7.0,8.0,9.0,10.0,11.0,12.0,13.0,14.0,15.0,16.0,17.0,18.0,19.0	14.3968567992,60.8838260203,88.0840007691,103.778840612,112.066580778,118.475255362,126.547300771,126.68638032,134.160596389,137.696259047,136.528731275,139.506069989,142.126827536,140.809815192,139.901118131,142.251923352,148.276217069,147.591228428,149.99926075,145.893334602	3	hyperbolic	0.08	132000,,
151144	0.0,1.0,2.0,3.0,4.0,5.0,6.0,7.0,8.0,9.0,10.0,11.0,12.0,13.0,14.0,15.0,16.0,17.0,18.0,19.0	-66.9767577422,-15.8078295391,10.6914965614,22.1879088609,35.019617213,40.926517558,46.7273065526,49.6703052343,52.3707465743,56.9388415626,55.8445886355,61.8179466886,62.2971931895,64.9473418547,67.1619971845,63.0756698034,64.8695216679,67.9974185588,70.1395957137,68.4603438652	3	hyperbolic	0.08	132000,,
151836	0.0,1.0,2.0,3.0,4.0,5.0,6.0,7.0,8.0,9.0,10.0,11.0,12.0,13.0,14.0,15.0,16.0,17.0,18.0,19.0	40.2349464503,90.9012540637,113.874710478,128.208908397,138.852418872,147.682213367,152.969377646,157.656588734,158.644537367,163.53398593,163.2806172,166.276117192,167.799062256,169.848359497,172.81723371,170.986106343,172.601595415,176.221948753,176.44840514,176.221204671	3	hyperbolic	0.08	132000,,
151227	0.0,1.0,2.0,3.0,4.0,5.0,6.0,7.0,8.0,9.0,10.0,11.0,12.0,13.0,14.0,15.0,16.0,17.0,18.0,19.0	7.27671084791,59.3785407753,85.4819879481,95.5813379881,107.647025153,116.675112015,124.414890778,125.564500733,130.943065318,133.237512668,131.635348549,137.702197567,136.381726616,140.820759707,142.228428551,139.813514088,144.541693171,145.825979423,142.258985516,142.200956545	3	hyperbolic	0.08	132000,,
151164	0.0,1.0,2.0,3.0,4.0,5.0,6.0,7.0,8.0,9.0,10.0,11.0,12.0,13.0,14.0,15.0,16.0,17.0,18.0,19.0	-65.1056023254,-16.5273539945,7.48945470559,26.3218029831,30.0580082831,37.2825540402,48.6234494885,46.3190768946,54.1374689937,57.4225033162,59.7253188321,57.2073778004,59.0617224586,60.2531736805,64.9693213087,67.6710633138,68.2432268656,65.3129904207,68.8427522635,69.604298786	3	hyperbolic	0.08	132000,,
151740	0.0,1.0,2.0,3.0,4.0,5.0,6.0,7.0,8.0,9.0,10.0,11.0,12.0,13.0,14.0,15.0,16.0,17.0,18.0,19.0	123.439046945,176.460112126,199.008103541,212.435711854,226.137771487,233.065010744,235.122185078,242.746963386,244.93617509,246.972315819,245.854937864,251.381572591,255.439636025,257.011374592,252.704148549,258.499925598,257.154055745,261.512444798,258.197163138,261.888841448	3	hyperbolic	0.08	132000,,
149316	0.0,1.0,2.0,3.0,4.0,5.0,6.0,7.0,8.0,9.0,10.0,11.0,12.0,13.0,14.0,15.0,16.0,17.0,18.0,19.0	-136.317912884,-87.4451073263,-61.3223279578,-41.7507615488,-32.944271073,-26.260008085,-20.6161376955,-16.9193064027,-13.8800467257,-8.61291986858,-10.709112822,-9.18924528745,-5.83736583139,-2.88775307383,-1.84190807674,-3.00467549976,-0.43915608928,0.36279397417,1.76214016316,3.15825377071	3	hyperbolic	0.08	132000,,
149191	0.0,1.0,2.0,3.0,4.0,5.0,6.0,7.0,8.0,9.0,10.0,11.0,12.0,13.0,14.0,15.0,16.0,17.0,18.0,19.0	114.061970197,164.051649599,189.712995955,206.449647188,217.29664384,225.334058423,228.290352409,236.539833022,235.365551698,239.35052642,238.958616625,242.830441376,241.725875906,243.018563718,247.891691244,245.523798171,250.543566242,248.637889956,254.264402775,253.569351315	3	hyperbolic	0.08	132000,,
151023	0.0,1.0,2.0,3.0,4.0,5.0,6.0,7.0,8.0,9.0,10.0,11.0,12.0,13.0,14.0,15.0,16.0,17.0,18.0,19.0	-116.202816762,-66.6384902638,-36.4785650081,-19.8979349982,-13.0559920934,-6.0245102907,-1.31130696052,3.92704464321,5.36268966221,7.25019594948,10.6605612625,13.0055382048,14.6084388939,19.484360319,16.7323780089,20.3002751263,16.7156972988,22.8609788402,23.6976615914,23.9293317486	3	hyperbolic	0.08	132000,,
150331	0.0,1.0,2.0,3.0,4.0,5.0,6.0,7.0,8.0,9.0,10.0,11.0,12.0,13.0,14.0,15.0,16.0,17.0,18.0,19.0	84.9915681643,129.536645483,157.244073509,171.249053232,181.488190788,186.131395933,194.458648241,201.522201702,200.954729895,203.725724292,209.270545618,212.577762179,212.509019796,213.552317266,216.410244785,212.485201748,212.999648111,214.105313137,214.424670846,214.933564362	3	hyperbolic	0.08	132000,,
148462	0.0,1.0,2.0,3.0,4.0,5.0,6.0,7.0,8.0,9.0,10.0,11.0,12.0,13.0,14.0,15.0,16.0,17.0,18.0,19.0	-117.804172438,-69.1704721178,-45.4711394359,-30.7754518201,-22.3843453019,-15.5735598675,-6.2347669959,-6.64325987747,0.286789889344,0.163488089621,5.91580642159,6.2483903514,5.12298337031,11.4515570771,13.033414172,10.5130612531,14.9449551607,14.7523177938,11.5834923034,11.3188453065	3	hyperbolic	0.08	132000,,
150926	0.0,1.0,2.0,3.0,4.0,5.0,6.0,7.0,8.0,9.0,10.0,11.0,12.0,13.0,14.0,15.0,16.0,17.0,18.0,19.0	-45.1168077414,3.905918841,32.9858201362,46.7728136876,52.7648804032,63.1919682316,66.0041849572,73.7763832729,73.4634768636,74.8160323246,76.8611656254,82.8341251204,80.439295689,88.0122768517,85.3092461346,89.8058392451,86.3598260222,89.811482951,92.6739658168,89.5761085621	3	hyperbolic	0.08	132000,,
150127	0.0,1.0,2.0,3.0,4.0,5.0,6.0,7.0,8.0,9.0,10.0,11.0,12.0,13.0,14.0,15.0,16.0,17.0,18.0,19.0	51.394538548,103.392485646,125.561127707,139.817944037,149.171818319,163.014273998,164.549168057,169.130741679,169.882811179,174.387730514,174.813674289,180.669696235,182.423542354,179.761462464,183.583664437,188.298607922,186.281611612,188.040284601,184.79754849,187.887436516	3	hyperbolic	0.08	132000,,
151826	0.0,1.0,2.0,3.0,4.0,5.0,6.0,7.0,8.0,9.0,10.0,11.0,12.0,13.0,14.0,15.0,16.0,17.0,18.0,19.0	60.541560674,107.908838158,133.301705433,151.954304876,158.850750993,169.071866137,171.16000634,174.473908106,180.626118942,185.895380459,183.178418663,184.814905139,190.88272117,190.724965349,188.7041182,192.248659813,194.472850309,192.051137812,195.239876223,193.718274358	3	hyperbolic	0.08	132000,,
149561	0.0,1.0,2.0,3.0,4.0,5.0,6.0,7.0,8.0,9.0,10.0,11.0,12.0,13.0,14.0,15.0,16.0,17.0,18.0,19.0	-42.1436544638,9.40028038984,33.3579326384,53.1170520469,62.5486476975,65.6213819233,70.0564471539,76.8552886804,79.2797506829,84.8452834476,84.4435951643,87.4437601235,91.8411196139,91.2348380273,88.2376673453,91.9126764582,90.6925097664,91.1845337894,97.1788987234,92.3379960951	3	hyperbolic	0.08	132000,,
150943	0.0,1.0,2.0,3.0,4.0,5.0,6.0,7.0,8.0,9.0,10.0,11.0,12.0,13.0,14.0,15.0,16.0,17.0,18.0,19.0	61.5737952082,112.09704722,134.302012594,148.463012055,163.129635574,170.833097736,175.702649445,175.294176801,178.542937606,182.230388711,185.389936717,188.925681726,190.589225042,194.183845543,194.528346636,191.658899394,192.929165214,197.378808743,197.231931782,200.357764513	3	hyperbolic	0.08	132000,,
151751	0.0,1.0,2.0,3.0,4.0,5.0,6.0,7.0,8.0,9.0,10.0,11.0,12.0,13.0,14.0,15.0,16.0,17.0,18.0,19.0	98.0327089173,147.272793617,178.526735236,189.464197809,203.121676354,208.613028276,210.484859972,218.02610196,220.679971655,221.285587183,228.486165779,228.853805542,228.973293899,231.319065464,231.434510867,231.730990092,233.322034522,236.895928512,232.334040221,239.205827917	3	hyperbolic	0.08	132000,,
148745	0.0,1.0,2.0,3.0,4.0,5.0,6.0,7.0,8.0,9.0,10.0,11.0,12.0,13.0,14.0,15.0,16.0,17.0,18.0,19.0	91.7039133966,145.744142126,167.154077477,186.415072392,190.61640035,202.861241971,204.027780537,208.885472465,215.076375088,217.298860678,217.486492415,222.783018008,225.988056569,221.157779821,222.46422833,228.611763754,228.081812572,226.363095898,229.327484723,230.990858644	3	hyperbolic	0.08	132000,,
151998	0.0,1.0,2.0,3.0,4.0,5.0,6.0,7.0,8.0,9.0,10.0,11.0,12.0,13.0,14.0,15.0,16.0,17.0,18.0,19.0	57.5179611091,107.264550091,132.218067472,144.936370295,161.294560478,162.831329111,172.289433583,176.857791346,175.844562912,179.395426746,182.506869208,182.693748373,188.002874477,188.53021107,186.498714879,189.227875816,188.30792585,192.381230076,195.016936323,194.756240477	3	hyperbolic	0.08	132000,,
148601	0.0,1.0,2.0,3.0,4.0,5.0,6.0,7.0,8.0,9.0,10.0,11.0,12.0,13.0,14.0,15.0,16.0,17.0,18.0,19.0	-18.3384091049,29.7412492844,56.7018244036,73.6492358276,79.5653092733,87.4948050286,92.8207994938,99.1919154712,104.107227028,104.160225914,104.212146578,105.716833087,111.68949731,112.530563557,114.908887629,116.762150122,117.201284392,113.747349397,114.331221232,118.012382634	3	hyperbolic	0.08	132000,,
149862	0.0,1.0,2.0,3.0,4.0,5.0,6.0,7.0,8.0,9.0,10.0,11.0,12.0,13.0,14.0,15.0,16.0,17.0,18.0,19.0	-29.913854425,15.2005282083,42.2431359904,56.8995014118,67.8405244798,76.6907578257,80.834834953,86.214804226,87.0447200385,86.8029236576,92.8589049735,94.8409525653,93.4556018357,95.2725830285,100.550196832,95.685267223,102.559156413,102.87827292,99.4459485274,105.325717793	3	hyperbolic	0.08	132000,,
149111	0.0,1.0,2.0,3.0,4.0,5.0,6.0,7.0,8.0,9.0,10.0,11.0,12.0,13.0,14.0,15.0,16.0,17.0,18.0,19.0	35.3841942658,87.9278903049,110.530849539,128.273184204,135.844087427,143.98558699,150.695060006,155.182118948,154.937133123,158.257128336,161.626003079,166.922464449,162.354107376,169.443965529,168.987039481,171.148179702,168.137073133,170.372194592,171.676154758,171.78077812	3	hyperbolic	0.08	132000,,
148283	0.0,1.0,2.0,3.0,4.0,5.0,6.0,7.0,8.0,9.0,10.0,11.0,12.0,13.0,14.0,15.0,16.0,17.0,18.0,19.0	132.654804091,180.535256028,204.07071833,225.604045506,232.282460269,242.202677241,247.867191526,251.334196038,250.935802864,253.76416928,255.727508595,258.611191238,259.512412155,261.03219839,261.026535117,261.834107307,267.181569943,268.257506249,267.915759841,268.845631356	3	hyperbolic	0.08	132000,,
150281	0.0,1.0,2.0,3.0,4.0,5.0,6.0,7.0,8.0,9.0,10.0,11.0,12.0,13.0,14.0,15.0,16.0,17.0,18.0,19.0	-22.3503336106,31.3048845054,56.6005553978,72.8141920911,76.6406009275,83.7573551477,92.4034114491,94.5648262328,103.267188788,101.100387676,104.756552604,108.537885383,111.741134304,112.617615321,111.189012448,111.854057039,109.749636971,115.69773135,117.748100993,117.410755634	3	hyperbolic	0.08	132000,,
149371	0.0,1.0,2.0,3.0,4.0,5.0,6.0,7.0,8.0,9.0,10.0,11.0,12.0,13.0,14.0,15.0,16.0,17.0,18.0,19.0	60.9104416638,108.847623627,131.606975885,146.565542566,160.600199834,164.293024603,173.510559491,174.314910206,176.282347279,178.669622538,179.38838978,186.307725085,185.563450035,189.700435848,192.260859661,191.970101981,190.810224435,189.907674118,193.038173976,191.46355613	3	hyperbolic	0.08	132000,,
150345	0.0,1.0,2.0,3.0,4.0,5.0,6.0,7.0,8.0,9.0,10.0,11.0,12.0,13.0,14.0,15.0,16.0,17.0,18.0,19.0	-37.125989342,17.0338121388,39.3537191031,57.6968342435,62.0079733887,74.6757997037,76.19733704,80.5155148274,83.7230859068,86.4287562484,88.1507421165,89.6917157392,96.715531398,98.3880803154,93.2615277773,98.7145881777,101.49779762,101.68688723,102.361536158,102.240360208	3	hyperbolic	0.08	132000,,
150466	0.0,1.0,2.0,3.0,4.0,5.0,6.0,7.0,8.0,9.0,10.0,11.0,12.0,13.0,14.0,15.0,16.0,17.0,18.0,19.0	47.4459044996,100.854322499,125.973484779,138.279594918,151.121666802,158.047062376,160.563790527,164.923347892,171.611213768,172.361243254,175.195738082,177.193014179,178.63174232,182.498663414,180.777350612,179.443143658,182.197495126,183.580239671,186.323817747,187.191637291	3	hyperbolic	0.08	132000,,
149868	0.0,1.0,2.0,3.0,4.0,5.0,6.0,7.0,8.0,9.0,10.0,11.0,12.0,13.0,14.0,15.0,16.0,17.0,18.0,19.0	48.1464654538,97.7473734768,126.249753113,141.701522781,146.373460562,154.699409634,159.805633993,162.837769806,171.122164025,172.305221237,170.32757232,172.677316903,176.328056748,181.65871396,176.895055597,178.823637286,180.427690825,184.764985689,182.101978301,184.621556045	3	hyperbolic	0.08	132000,,
151132	0.0,1.0,2.0,3.0,4.0,5.0,6.0,7.0,8.0,9.0,10.0,11.0,12.0,13.0,14.0,15.0,16.0,17.0,18.0,19.0	-46.6700267586,-2.51934540973,23.0407279233,37.1532034477,50.7925903607,57.7017255993,62.4624724301,67.9481044805,72.1122342773,71.0944601732,73.2538906109,74.4985319049,81.7993676839,78.6201343781,79.9253903494,80.87207124,85.0968554268,85.3239319393,86.1363326635,84.3065450651	3	hyperbolic	0.08	132000,,
150239	0.0,1.0,2.0,3.0,4.0,5.0,6.0,7.0,8.0,9.0,10.0,11.0,12.0,13.0,14.0,15.0,16.0,17.0,18.0,19.0	87.8164676319,140.435653833,161.973389624,179.697028262,190.068040578,195.560834324,200.775005496,207.291548389,212.332801583,214.947166875,215.556035447,214.893364341,220.153663573,223.149271814,218.618070306,225.6494817,220.626215294,222.00369611,226.773934821,222.438601583	3	hyperbolic	0.08	132000,,
151801	0.0,1.0,2.0,3.0,4.0,5.0,6.0,7.0,8.0,9.0,10.0,11.0,12.0,13.0,14.0,15.0,16.0,17.0,18.0,19.0	51.6600911058,100.729232479,127.214775263,144.76937272,152.963746662,158.909906086,162.249976026,169.235445811,169.470833901,177.27207441,177.317228454,181.652805168,181.727699826,179.595125068,181.378481754,182.092352186,184.453283227,185.482600802,183.97277527,189.363227834	3	hyperbolic	0.08	132000,,
148907	0.0,1.0,2.0,3.0,4.0,5.0,6.0,7.0,8.0,9.0,10.0,11.0,12.0,13.0,14.0,15.0,16.0,17.0,18.0,19.0	-118.253278892,-71.0324326831,-40.9955711678,-27.2535011767,-21.299571472,-13.1130828248,-6.58784090999,-0.0751639280202,0.11383313612,2.41120722816,2.94507366083,8.20735599173,12.6283303366,9.00294493244,10.9202088043,13.413202449,13.4783473514,14.496765191,16.7777691815,15.3582676732	3	hyperbolic	0.08	132000,,
148029	0.0,1.0,2.0,3.0,4.0,5.0,6.0,7.0,8.0,9.0,10.0,11.0,12.0,13.0,14.0,15.0,16.0,17.0,18.0,19.0	120.825241949,174.433105349,197.632356358,211.118091833,225.09957032,231.17680907,234.959295354,239.450371396,242.147561019,241.543770508,246.227606715,251.979604493,249.403356868,250.468764367,252.451839898,254.217414452,256.750152058,254.648681441,256.103111824,254.783926081	3	hyperbolic	0.08	132000,,
148188	0.0,1.0,2.0,3.0,4.0,5.0,6.0,7.0,8.0,9.0,10.0,11.0,12.0,13.0,14.0,15.0,16.0,17.0,18.0,19.0	116.615659346,162.376934381,193.073319869,204.548878401,215.589048264,220.831689705,225.612145206,233.854164116,231.881486616,237.116960067,239.663249459,240.247360421,244.936406569,242.643060191,247.179304827,247.118984592,250.35790539,251.443390536,246.840052598,250.864350395	3	hyperbolic	0.08	132000,,
150247	0.0,1.0,2.0,3.0,4.0,5.0,6.0,7.0,8.0,9.0,10.0,11.0,12.0,13.0,14.0,15.0,16.0,17.0,18.0,19.0	-77.8391572532,-27.8594949761,-6.24798043315,11.7269967038,21.0082654748,29.8116268864,29.5657821832,37.0429520515,41.8577720406,43.603866286,45.3126008472,46.8212403714,46.63463508,51.9226915456,49.9530006371,48.8102072176,52.1708522812,53.13063511,56.538656301,56.1750953431	3	hyperbolic	0.08	132000,,
148540	0.0,1.0,2.0,3.0,4.0,5.0,6.0,7.0,8.0,9.0,10.0,11.0,12.0,13.0,14.0,15.0,16.0,17.0,18.0,19.0	110.765454006,159.045701208,180.659181457,199.847975215,208.033829992,213.638348393,223.849169185,225.984410237,225.046598135,230.51596143,236.512856546,235.15088657,239.890794982,234.780742134,239.243283145,238.477791707,242.422334187,245.761225927,240.794591587,245.379263319	3	hyperbolic	0.08	132000,,
150570	0.0,1.0,2.0,3.0,4.0,5.0,6.0,7.0,8.0,9.0,10.0,11.0,12.0,13.0,14.0,15.0,16.0,17.0,18.0,19.0	-18.5897604335,31.3885564775,56.0915096581,68.2839429905,81.2832848764,86.6546153584,90.5652993314,91.6245711289,99.8024085513,98.2276608043,103.780682151,105.251543199,109.406074451,110.607354405,110.953993364,107.832369757,110.952030199,111.210555916,114.304873998,114.516734762	3	hyperbolic	0.08	132000,,
150013	0.0,1.0,2.0,3.0,4.0,5.0,6.0,7.0,8.0,9.0,10.0,11.0,12.0,13.0,14.0,15.0,16.0,17.0,18.0,19.0	81.7332923565,130.926904345,157.791864824,167.42185217,176.715961233,184.436747901,191.146635873,195.194568827,202.057015149,199.641896791,202.912527685,203.595582902,209.629140047,213.053468384,213.432288427,211.12833399,216.047227356,212.892967826,212.699799648,212.889609271	3	hyperbolic	0.08	132000,,
148781	0.0,1.0,2.0,3.0,4.0,5.0,6.0,7.0,8.0,9.0,10.0,11.0,12.0,13.0,14.0,15.0,16.0,17.0,18.0,19.0	95.3649763798,143.743804747,167.85713343,185.514055626,197.772982469,199.940008173,204.119706731,212.416999373,217.235582387,217.939531051,219.200192411,221.242557057,220.424518301,227.302191735,226.046172839,226.681906275,225.032785268,231.813604054,228.096794877,232.950967723	3	hyperbolic	0.08	132000,,
151418	0.0,1.0,2.0,3.0,4.0,5.0,6.0,7.0,8.0,9.0,10.0,11.0,12.0,13.0,14.0,15.0,16.0,17.0,18.0,19.0	-113.013199358,-57.9117011972,-31.4120206924,-17.41666643,-12.6249438868,0.448898193385,2.86378821961,6.35206247981,10.6595195913,14.7957298526,17.779690198,18.4688026251,20.3709189393,20.9259281061,23.9359467299,22.2863991031,24.5024615451,27.473204276,25.0353473213,26.5192544076	3	hyperbolic	0.08	132000,,
150994	0.0,1.0,2.0,3.0,4.0,5.0,6.0,7.0,8.0,9.0,10.0,11.0,12.0,13.0,14.0,15.0,16.0,17.0,18.0,19.0	7.89099226641,57.1320801673,80.432648342,99.7960535551,109.499060234,116.655789382,118.399760672,125.084480215,125.647506821,127.856440735,133.325380059,132.120011962,136.420900898,137.28491142,140.063633129,139.039892702,142.372424239,139.86339066,143.910251019,140.849042585	3	hyperbolic	0.08	132000,,
149715	0.0,1.0,2.0,3.0,4.0,5.0,6.0,7.0,8.0,9.0,10.0,11.0,12.0,13.0,14.0,15.0,16.0,17.0,18.0,19.0	-25.2995709387,29.2723430516,49.9492491823,66.7989442925,78.5495066937,83.297131399,88.7840033747,93.2713555745,96.1104608261,98.9093250998,101.851747585,105.848672747,107.822404306,107.256642619,108.194328802,107.152057529,109.612042229,110.128665112,110.694070675,114.280354044	3	hyperbolic	0.08	132000,,
148143	0.0,1.0,2.0,3.0,4.0,5.0,6.0,7.0,8.0,9.0,10.0,11.0,12.0,13.0,14.0,15.0,16.0,17.0,18.0,19.0	-125.626449873,-73.045528913,-49.9950697146,-33.9196331532,-22.7570790596,-16.3207318588,-10.5350342204,-6.50777035273,-3.53658449397,-3.59890299901,0.0409290771501,4.26833704459,3.859790135,6.35094800549,10.3948687487,6.01575914603,9.65259694977,11.7945573756,9.95479451843,10.5778830776	3	hyperbolic	0.08	132000,,
148918	0.0,1.0,2.0,3.0,4.0,5.0,6.0,7.0,8.0,9.0,10.0,11.0,12.0,13.0,14.0,15.0,16.0,17.0,18.0,19.0	-82.9236094043,-31.2440898774,-2.00210905358,9.50041163071,17.1644299655,25.127481406,33.2797889084,37.1048778362,41.410403603,40.3811555045,48.3937424385,48.4532502705,51.5832011967,50.2870925943,48.9356783009,54.5932776625,54.4538969674,54.9174692161,52.8979541451,53.4177172877	3	hyperbolic	0.08	132000,,
151885	0.0,1.0,2.0,3.0,4.0,5.0,6.0,7.0,8.0,9.0,10.0,11.0,12.0,13.0,14.0,15.0,16.0,17.0,18.0,19.0	92.5753318624,144.948037441,170.970598779,183.220272631,193.339433687,201.308053533,202.042114351,207.364158409,216.241193198,212.754539129,218.451906679,217.678279291,218.055611552,225.710848545,223.002863194,228.355719795,227.889411753,225.458797376,228.960929377,231.832777293	3	hyperbolic	0.08	132000,,
148197	0.0,1.0,2.0,3.0,4.0,5.0,6.0,7.0,8.0,9.0,10.0,11.0,12.0,13.0,14.0,15.0,16.0,17.0,18.0,19.0	-101.226605321,-50.2523090354,-27.0069463649,-9.7344347258,0.333935728253,6.38999226521,15.5681655728,14.4117767241,23.9469040134,25.1092744559,28.0103381474,26.1172066704,27.6260894653,31.0034175395,30.5128748966,33.7262822638,36.7467861481,34.719261245,34.8700298579,35.6556179805	3	hyperbolic	0.08	132000,,
324902	0.0,1.0,2.0,3.0,4.0,5.0,6.0,7.0,8.0,9.0,10.0,11.0,12.0,13.0,14.0,15.0,16.0,17.0,18.0,19.0	198.861541522,198.954454718,200.294055462,200.842529065,202.092739229,205.175038784,202.317452448,201.999898906,202.311045886,205.469058414,204.111173124,202.331143867,203.856404517,205.599469011,203.670296665,204.222679863,205.113184669,205.366329119,206.206813193,211.572931779	2	tan	0.08	308000,,
326327	0.0,1.0,2.0,3.0,4.0,5.0,6.0,7.0,8.0,9.0,10.0,11.0,12.0,13.0,14.0,15.0,16.0,17.0,18.0,19.0	198.250235284,199.802569694,201.432010983,202.714423385,203.777834718,203.599297976,203.702739389,202.023095479,202.766615617,202.656727286,204.294636098,204.43156925,203.509384641,205.081130913,205.480460404,205.086924975,204.776205063,205.660262482,204.864676997,210.030885993	2	tan	0.08	308000,,
327057	0.0,1.0,2.0,3.0,4.0,5.0,6.0,7.0,8.0,9.0,10.0,11.0,12.0,13.0,14.0,15.0,16.0,17.0,18.0,19.0	177.20349403,180.64960229,180.571505189,182.346541756,180.209731672,180.419122131,180.74309214,183.640460975,183.06694695,182.226646656,182.69770558,183.966202728,182.796287198,182.347196705,184.220640952,184.287641748,184.186134405,184.77417458,186.640134554,189.239414282	2	tan	0.08	308000,,
324541	0.0,1.0,2.0,3.0,4.0,5.0,6.0,7.0,8.0,9.0,10.0,11.0,12.0,13.0,14.0,15.0,16.0,17.0,18.0,19.0	211.643210306,213.393829934,216.435730533,215.678272488,215.973442548,215.45212999,216.084308685,219.184846685,219.089904065,217.654933107,218.448462749,218.736887764,218.96248445,218.68214305,220.792770826,218.133933586,219.461726178,219.571831469,220.780732032,223.466074134	2	tan	0.08	308000,,
324044	0.0,1.0,2.0,3.0,4.0,5.0,6.0,7.0,8.0,9.0,10.0,11.0,12.0,13.0,14.0,15.0,16.0,17.0,18.0,19.0	186.385511565,189.204931074,188.223750037,191.484261799,192.686875325,191.649514398,192.318451683,193.429406616,190.728609749,192.353861143,192.149184862,192.272503488,194.142074289,193.19372639,194.832533786,191.161693948,192.884114954,193.836780038,196.448081618,196.405946499	2	tan	0.08	308000,,
324482	0.0,1.0,2.0,3.0,4.0,5.0,6.0,7.0,8.0,9.0,10.0,11.0,12.0,13.0,14.0,15.0,16.0,17.0,18.0,19.0	202.013779135,203.052818385,205.930375661,204.988458201,206.358974066,206.903375239,206.333922709,207.577717959,206.368164634,208.59994629,207.673445108,206.416978352,206.800686097,207.065473929,208.589956253,206.213041409,207.494583458,207.105065067,208.26981512,212.437595125	2	tan	0.08	308000,,
325537	0.0,1.0,2.0,3.0,4.0,5.0,6.0,7.0,8.0,9.0,10.0,11.0,12.0,13.0,14.0,15.0,16.0,17.0,18.0,19.0	201.875591091,206.736937666,208.52839164,205.858573441,210.171612284,210.250128741,207.020959257,206.94965617,208.817336223,209.232196895,207.461476645,210.045428761,210.637484002,208.259225912,212.039068978,210.886506751,209.336930668,209.332992947,212.72814982,213.973955439	2	tan	0.08	308000,,
327684	0.0,1.0,2.0,3.0,4.0,5.0,6.0,7.0,8.0,9.0,10.0,11.0,12.0,13.0,14.0,15.0,16.0,17.0,18.0,19.0	206.040057225,210.601081678,212.493376099,211.291123571,211.737460059,213.757667711,213.924436662,212.944824987,213.597880259,212.293712833,212.673523916,215.146775646,215.142471703,213.659454629,216.688825154,213.50432755,213.690374494,218.081867422,216.068928756,219.936391526	2	tan	0.08	308000,,
324409	0.0,1.0,2.0,3.0,4.0,5.0,6.0,7.0,8.0,9.0,10.0,11.0,12.0,13.0,14.0,15.0,16.0,17.0,18.0,19.0	178.611134582,181.522513907,182.294571671,183.657907267,182.139108564,185.713306081,186.370585849,184.225959537,186.475992214,184.740040617,185.882591352,185.004331987,185.032074534,187.619769995,186.751891344,185.355701994,185.79885282,187.103013753,186.935008212,192.890639713	2	tan	0.08	308000,,
326104	0.0,1.0,2.0,3.0,4.0,5.0,6.0,7.0,8.0,9.0,10.0,11.0,12.0,13.0,14.0,15.0,16.0,17.0,18.0,19.0	179.67912092,181.816069698,184.364023469,181.912284998,184.255176166,183.952994209,185.94898028,186.65192325,185.199634516,185.044005212,187.195687568,183.934190731,187.651822581,187.859872322,186.17633126,184.566852975,184.942433155,189.262188802,187.336213168,192.814224969	2	tan	0.08	308000,,
326807	0.0,1.0,2.0,3.0,4.0,5.0,6.0,7.0,8.0,9.0,10.0,11.0,12.0,13.0,14.0,15.0,16.0,17.0,18.0,19.0	194.76282499,198.456830063,199.581858791,198.473375386,198.845626365,199.057705671,201.599724205,200.431254042,199.889325149,201.225278452,200.726944454,201.647756559,201.09368723,203.384953323,199.965229372,201.242930763,203.719729056,201.407958078,205.781056213,205.803788241	2	tan	0.08	308000,,
324443	0.0,1.0,2.0,3.0,4.0,5.0,6.0,7.0,8.0,9.0,10.0,11.0,12.0,13.0,14.0,15.0,16.0,17.0,18.0,19.0	187.879759507,192.281723215,193.516537614,192.87321519,194.078401023,196.375290656,194.72775388,193.623985439,194.546541786,194.776747816,195.225924517,194.268479158,196.286236564,194.6866916,197.685124672,196.599129543,197.80996995,195.562404597,198.267778798,202.111745763	2	tan	0.08	308000,,
325511	0.0,1.0,2.0,3.0,4.0,5.0,6.0,7.0,8.0,9.0,10.0,11.0,12.0,13.0,14.0,15.0,16.0,17.0,18.0,19.0	198.301302628,199.539208462,200.992160439,202.114002774,204.030129394,203.393070704,204.904557481,203.007977931,204.308684633,203.752297186,202.629064548,204.781495144,203.706361029,204.210253468,203.167706118,205.635453436,203.968160531,204.820225639,208.831233792,210.251824156	2	tan	0.08	308000,,
326992	0.0,1.0,2.0,3.0,4.0,5.0,6.0,7.0,8.0,9.0,10.0,11.0,12.0,13.0,14.0,15.0,16.0,17.0,18.0,19.0	183.048321551,184.358464242,186.939786857,186.999944551,186.199498772,187.790998905,185.635532497,188.787956392,188.933202637,188.909984389,188.209272178,187.374872229,188.280647266,189.992464729,188.511149705,190.773014968,188.080070401,188.265733702,191.23992663,194.775668613	2	tan	0.08	308000,,
325312	0.0,1.0,2.0,3.0,4.0,5.0,6.0,7.0,8.0,9.0,10.0,11.0,12.0,13.0,14.0,15.0,16.0,17.0,18.0,19.0	198.403380191,202.288578211,202.861983729,205.260031998,206.675877759,205.689451158,206.32280805,205.953177917,204.446720528,204.714171686,207.262002148,207.370482846,206.890819973,204.478684081,207.506405382,207.361265844,206.469979632,209.650077684,208.879181773,210.742440621	2	tan	0.08	308000,,
327444	0.0,1.0,2.0,3.0,4.0,5.0,6.0,7.0,8.0,9.0,10.0,11.0,12.0,13.0,14.0,15.0,16.0,17.0,18.0,19.0	212.837628577,217.58943275,215.786153338,219.747652846,220.424113922,217.22224728,217.379186704,220.764652797,217.4698737,218.677386101,218.368915178,219.691396855,220.031425625,219.554878214,219.134752288,221.573306854,220.421322506,223.543726806,221.874893527,226.839884555	2	tan	0.08	308000,,
326483	0.0,1.0,2.0,3.0,4.0,5.0,6.0,7.0,8.0,9.0,10.0,11.0,12.0,13.0,14.0,15.0,16.0,17.0,18.0,19.0	185.067686288,187.867505183,189.409721244,189.927169185,193.224609577,193.794812595,191.448263524,192.563331162,191.824411711,191.671403019,194.240968792,194.845232455,194.962796504,194.854012427,194.839695228,193.256577561,193.309308385,196.819018766,194.147749955,198.579016305	2	tan	0.08	308000,,
326595	0.0,1.0,2.0,3.0,4.0,5.0,6.0,7.0,8.0,9.0,10.0,11.0,12.0,13.0,14.0,15.0,16.0,17.0,18.0,19.0	177.908147327,183.425167983,182.631564702,184.343446293,185.304750526,183.88744394,184.919852635,185.975476947,182.830139195,185.276702354,186.152648857,185.891276736,185.331841546,183.950797704,186.695815108,185.609987914,184.948253887,187.019486511,188.786355944,191.227195172	2	tan	0.08	308000,,
325055	0.0,1.0,2.0,3.0,4.0,5.0,6.0,7.0,8.0,9.0,10.0,11.0,12.0,13.0,14.0,15.0,16.0,17.0,18.0,19.0	191.270008156,192.081317523,194.78548155,196.949930345,196.352430219,196.777702252,195.332968739,195.321286715,197.076519448,195.789729378,195.389422309,195.188361117,195.34306164,197.446088528,196.242421152,196.801289951,198.717167377,199.616983332,198.171469361,201.15368679	2	tan	0.08	308000,,
324908	0.0,1.0,2.0,3.0,4.0,5.0,6.0,7.0,8.0,9.0,10.0,11.0,12.0,13.0,14.0,15.0,16.0,17.0,18.0,19.0	205.505397349,207.661544521,207.908609485,210.013173364,208.845539949,211.264067669,208.753040089,211.440402332,209.273697978,212.777003824,210.327134741,210.614358517,211.277678997,211.262493961,211.866120534,210.774900329,212.929374006,214.810246598,213.671146501,216.685989572	2	tan	0.08	308000,,
324983	0.0,1.0,2.0,3.0,4.0,5.0,6.0,7.0,8.0,9.0,10.0,11.0,12.0,13.0,14.0,15.0,16.0,17.0,18.0,19.0	184.413142257,187.393987391,190.169097551,188.515727989,192.179265456,193.022377318,191.795631186,192.773335802,192.341116298,191.157605549,193.725052462,193.573007046,193.673620327,191.332789421,193.386212721,192.683480346,191.667695605,192.092956689,193.914877179,199.045006602	2	tan	0.08	308000,,
325991	0.0,1.0,2.0,3.0,4.0,5.0,6.0,7.0,8.0,9.0,10.0,11.0,12.0,13.0,14.0,15.0,16.0,17.0,18.0,19.0	194.957625616,199.41611787,201.525738547,198.549037842,199.744527071,201.940623289,202.385953687,202.442910912,199.471259496,202.431214943,200.005451127,200.083718436,199.976850429,203.394003496,201.673873808,203.401398154,203.982178363,203.661576546,204.96679361,206.435377323	2	tan	0.08	308000,,
324388	0.0,1.0,2.0,3.0,4.0,5.0,6.0,7.0,8.0,9.0,10.0,11.0,12.0,13.0,14.0,15.0,16.0,17.0,18.0,19.0	204.043042077,206.226941272,207.300065893,207.687275135,209.176970318,209.822178581,211.293535694,208.73015338,208.989470834,208.170726083,210.660420976,211.674528507,212.339626245,211.641962324,210.343006886,210.832639456,210.687663622,212.008679649,213.946026842,217.685367421	2	tan	0.08	308000,,
326194	0.0,1.0,2.0,3.0,4.0,5.0,6.0,7.0,8.0,9.0,10.0,11.0,12.0,13.0,14.0,15.0,16.0,17.0,18.0,19.0	187.463918898,189.30848824,191.199715786,189.304728499,192.428625642,192.773754252,191.367641295,194.103885962,193.018809914,190.967465612,190.8922261,193.7693583,192.318492845,193.892196849,193.060689757,192.772960301,193.097081791,194.242743459,196.899405195,198.584550229	2	tan	0.08	308000,,
327925	0.0,1.0,2.0,3.0,4.0,5.0,6.0,7.0,8.0,9.0,10.0,11.0,12.0,13.0,14.0,15.0,16.0,17.0,18.0,19.0	182.590332887,186.506847734,185.635781567,187.053750823,187.381921068,188.195675877,186.31465118,187.25275959,189.480400322,187.141614445,189.118792922,188.787545251,188.468281638,186.66575112,189.204306445,189.770972118,188.568090404,189.538359008,191.770662751,194.832932627	2	tan	0.08	308000,,
326605	0.0,1.0,2.0,3.0,4.0,5.0,6.0,7.0,8.0,9.0,10.0,11.0,12.0,13.0,14.0,15.0,16.0,17.0,18.0,19.0	199.784140423,204.245882997,205.421206451,206.781500327,206.421693606,206.11652652,204.745279293,206.960474654,204.366869258,205.548392177,207.15359809,207.681118703,205.419197091,206.927155476,207.849924617,209.23032745,209.100097987,210.007416418,209.179843276,212.421487484	2	tan	0.08	308000,,
324675	0.0,1.0,2.0,3.0,4.0,5.0,6.0,7.0,8.0,9.0,10.0,11.0,12.0,13.0,14.0,15.0,16.0,17.0,18.0,19.0	179.266787157,182.681987968,184.370763784,183.975237681,185.681571961,184.913156124,186.488618171,185.128105341,185.563846617,185.216416696,187.466551094,184.78488402,186.190269044,185.681208671,187.040203105,185.496897101,186.102833271,186.826884143,190.215402244,192.780407768	2	tan	0.08	308000,,
325655	0.0,1.0,2.0,3.0,4.0,5.0,6.0,7.0,8.0,9.0,10.0,11.0,12.0,13.0,14.0,15.0,16.0,17.0,18.0,19.0	188.645824034,188.553766969,189.96358807,190.789251198,190.67852016,192.364612244,191.835540959,194.195444687,192.301096368,193.314361803,195.036357206,193.4746986,192.723839157,193.997743027,192.189713964,194.172939392,192.85094618,196.708174001,194.295058687,200.932880628	2	tan	0.08	308000,,
324285	0.0,1.0,2.0,3.0,4.0,5.0,6.0,7.0,8.0,9.0,10.0,11.0,12.0,13.0,14.0,15.0,16.0,17.0,18.0,19.0	174.532670865,177.362218544,182.110637267,180.454699589,181.720021967,180.928951531,180.266702702,180.561493345,182.995396666,183.617577143,183.528886906,184.150918891,183.919570495,181.681557525,183.140884539,184.741320929,183.509676767,183.179526744,185.206944677,186.771226999	2	tan	0.08	308000,,
327515	0.0,1.0,2.0,3.0,4.0,5.0,6.0,7.0,8.0,9.0,10.0,11.0,12.0,13.0,14.0,15.0,16.0,17.0,18.0,19.0	210.762346066,216.977229376,217.172753558,215.76462733,218.092989056,217.401248469,219.50580148,218.602290239,217.4436783,219.417470876,219.091820456,219.932116699,219.265199463,221.326382734,221.236064218,218.676621408,220.684645898,220.722540602,222.300058112,227.31971611	2	tan	0.08	308000,,
327310	0.0,1.0,2.0,3.0,4.0,5.0,6.0,7.0,8.0,9.0,10.0,11.0,12.0,13.0,14.0,15.0,16.0,17.0,18.0,19.0	177.833590365,182.975756215,182.398935725,184.817041713,184.601945643,184.42619324,183.353949102,185.002109546,183.680257831,184.720301912,185.746348874,186.610742876,184.008195739,184.868516042,184.49532761,185.994506189,187.093270839,187.02051567,189.397795652,190.480362085	2	tan	0.08	308000,,
324975	0.0,1.0,2.0,3.0,4.0,5.0,6.0,7.0,8.0,9.0,10.0,11.0,12.0,13.0,14.0,15.0,16.0,17.0,18.0,19.0	209.000006008,212.491911339,212.447837517,214.956319028,213.462071406,212.767048901,216.770693251,216.386930748,213.466718755,215.777557567,217.34433521,217.649103005,215.224402877,216.386070809,216.623343431,218.356070949,217.762560814,216.45426666,217.123165313,219.994501173	2	tan	0.08	308000,,
326153	0.0,1.0,2.0,3.0,4.0,5.0,6.0,7.0,8.0,9.0,10.0,11.0,12.0,13.0,14.0,15.0,16.0,17.0,18.0,19.0	195.991296552,200.776577914,201.842592806,202.813730397,199.730244922,202.15934882,201.609028776,200.026898868,202.562429122,202.54794949,203.214287437,202.705706701,202.930195435,201.119349794,201.550967182,203.51614912,204.783567085,203.787093067,206.457702099,209.883577444	2	tan	0.08	308000,,
327445	0.0,1.0,2.0,3.0,4.0,5.0,6.0,7.0,8.0,9.0,10.0,11.0,12.0,13.0,14.0,15.0,16.0,17.0,18.0,19.0	208.413995897,212.789672322,210.633757721,213.469457581,211.55592277,212.611917912,211.698754258,213.918544394,214.249847194,212.629162059,212.117454001,215.551026237,212.846823327,216.298724771,214.701178229,214.166783503,213.601440871,217.359874338,217.890620149,221.763889198	2	tan	0.08	308000,,
324999	0.0,1.0,2.0,3.0,4.0,5.0,6.0,7.0,8.0,9.0,10.0,11.0,12.0,13.0,14.0,15.0,16.0,17.0,18.0,19.0	194.836691927,196.499754486,197.954725183,198.470924332,200.183664967,201.165460484,198.665322694,199.950094775,201.506694542,198.717312677,200.406825338,202.284538479,199.978949878,201.667437355,199.834844702,200.539415064,201.97686633,204.07583782,202.368091281,206.583343663	2	tan	0.08	308000,,
326687	0.0,1.0,2.0,3.0,4.0,5.0,6.0,7.0,8.0,9.0,10.0,11.0,12.0,13.0,14.0,15.0,16.0,17.0,18.0,19.0	205.735022735,210.900082656,208.916828352,208.976583132,212.308613961,213.147049084,212.608205852,211.716161574,210.350026458,211.833444704,212.801822081,212.790011167,212.842009041,211.075925747,211.837830531,211.920340603,212.726327114,213.705620991,217.125244029,216.72262642	2	tan	0.08	308000,,
326772	0.0,1.0,2.0,3.0,4.0,5.0,6.0,7.0,8.0,9.0,10.0,11.0,12.0,13.0,14.0,15.0,16.0,17.0,18.0,19.0	175.939595335,180.226243506,178.305689721,179.05987932,181.533777785,181.21334633,180.846110007,180.955758579,180.329362176,181.559331622,181.86099751,183.611387433,181.268403433,183.777339888,182.770693923,183.910838765,183.128481678,184.165866248,184.952241165,189.361139913	2	tan	0.08	308000,,
325974	0.0,1.0,2.0,3.0,4.0,5.0,6.0,7.0,8.0,9.0,10.0,11.0,12.0,13.0,14.0,15.0,16.0,17.0,18.0,19.0	190.406469106,193.124824575,194.988599161,195.943862472,195.776232103,196.903804639,196.158539669,195.701892847,194.151565443,194.828879879,198.085036392,195.360576532,197.210995665,198.166758841,197.092190252,196.875663152,199.166746,197.905552172,198.224517714,202.169316728	2	tan	0.08	308000,,
327673	0.0,1.0,2.0,3.0,4.0,5.0,6.0,7.0,8.0,9.0,10.0,11.0,12.0,13.0,14.0,15.0,16.0,17.0,18.0,19.0	211.578372706,211.143835415,212.798626235,216.665865125,215.300517811,214.152755523,216.678754207,214.918703127,214.994369068,217.863531194,215.518352508,216.156130032,216.33009388,217.859853218,217.378422565,216.780609701,217.905196161,217.979914149,219.506286257,220.960576098	2	tan	0.08	308000,,
324484	0.0,1.0,2.0,3.0,4.0,5.0,6.0,7.0,8.0,9.0,10.0,11.0,12.0,13.0,14.0,15.0,16.0,17.0,18.0,19.0	182.774912744,188.043734736,186.97217678,190.617317268,190.740669672,187.774398686,191.083239544,192.024846125,189.460151816,188.870995726,190.464632101,190.666325712,192.342494144,191.353372872,193.217434759,191.139173065,191.501642602,192.95005865,191.941024657,195.229418464	2	tan	0.08	308000,,
326656	0.0,1.0,2.0,3.0,4.0,5.0,6.0,7.0,8.0,9.0,10.0,11.0,12.0,13.0,14.0,15.0,16.0,17.0,18.0,19.0	184.511926931,185.53332042,188.762357348,187.999458925,190.369705768,189.818379263,190.458668123,188.603302563,191.252932802,189.429104454,190.272111216,191.381519185,190.619131564,191.994260022,192.112768318,190.44803973,192.461627379,190.733069299,194.345830003,195.491484552	2	tan	0.08	308000,,
326832	0.0,1.0,2.0,3.0,4.0,5.0,6.0,7.0,8.0,9.0,10.0,11.0,12.0,13.0,14.0,15.0,16.0,17.0,18.0,19.0	182.083909952,185.22225019,188.540462744,186.409237437,188.357971039,189.211288369,186.79628416,188.266691937,190.898754011,190.280256661,189.032950359,191.252310002,191.31060992,190.510122558,188.130219333,189.838379301,192.457266582,190.153386978,191.245476599,195.20286455	2	tan	0.08	308000,,
326459	0.0,1.0,2.0,3.0,4.0,5.0,6.0,7.0,8.0,9.0,10.0,11.0,12.0,13.0,14.0,15.0,16.0,17.0,18.0,19.0	210.572539295,214.462632535,215.828481547,217.925822365,215.658642696,218.222806101,219.631202727,217.973447652,218.583972503,218.050591141,217.906010178,217.932035168,219.892201651,220.551409525,217.777370407,220.855858368,219.282899448,221.572749654,222.08159508,226.19560046	2	tan	0.08	308000,,
326155	0.0,1.0,2.0,3.0,4.0,5.0,6.0,7.0,8.0,9.0,10.0,11.0,12.0,13.0,14.0,15.0,16.0,17.0,18.0,19.0	195.311192829,197.329241431,200.790810698,200.173417832,198.756031743,199.351435586,199.338308413,200.044082301,200.798695842,199.454971497,202.92737653,202.749932023,199.860927433,200.114525162,200.878619395,201.895616276,202.94787691,202.021588051,204.112420907,207.448087823	2	tan	0.08	308000,,
324350	0.0,1.0,2.0,3.0,4.0,5.0,6.0,7.0,8.0,9.0,10.0,11.0,12.0,13.0,14.0,15.0,16.0,17.0,18.0,19.0	196.700618237,200.385928246,203.736413466,204.448669796,204.051634532,204.109005759,203.218631534,205.63116862,203.050026987,203.450425379,205.309990281,205.190439001,204.826586479,205.951894301,203.894548937,205.552481844,206.437426799,205.02019401,209.162735988,212.391283469	2	tan	0.08	308000,,
326881	0.0,1.0,2.0,3.0,4.0,5.0,6.0,7.0,8.0,9.0,10.0,11.0,12.0,13.0,14.0,15.0,16.0,17.0,18.0,19.0	192.198434188,197.485312762,196.741195398,199.423469643,196.726139808,199.857443874,197.612610044,197.421958619,198.785396854,200.123962328,200.678880032,201.185703327,200.023083596,200.616141436,199.090175414,198.968067624,201.646912645,201.297005814,201.885433018,206.241017034	2	tan	0.08	308000,,
324429	0.0,1.0,2.0,3.0,4.0,5.0,6.0,7.0,8.0,9.0,10.0,11.0,12.0,13.0,14.0,15.0,16.0,17.0,18.0,19.0	178.437794833,179.513698282,184.321421755,183.881881339,183.424649265,182.972591164,182.600772868,184.419823398,182.849573831,182.804455278,184.7670876,185.364244884,185.447296203,184.136206644,185.711873546,186.141662268,187.751073792,185.990264824,188.68678139,190.485288477	2	tan	0.08	308000,,
324650	0.0,1.0,2.0,3.0,4.0,5.0,6.0,7.0,8.0,9.0,10.0,11.0,12.0,13.0,14.0,15.0,16.0,17.0,18.0,19.0	183.795374492,187.914694212,186.33488486,187.5867344,188.542533845,188.083342963,187.839431076,188.465282901,190.298002935,189.106824001,191.515539282,188.830870029,190.93557667,189.887627389,191.651363778,190.26297322,191.378990973,192.955806539,192.478734252,196.957577697	2	tan	0.08	308000,,
325857	0.0,1.0,2.0,3.0,4.0,5.0,6.0,7.0,8.0,9.0,10.0,11.0,12.0,13.0,14.0,15.0,16.0,17.0,18.0,19.0	191.277471998,194.849731494,197.208119653,193.99066182,196.166364942,198.115378112,198.520927563,195.300704896,197.877714006,195.721398966,195.898826805,198.185138225,196.581209293,196.437530857,198.960142358,196.775657671,198.104576938,198.406094051,200.14646923,202.487909298	2	tan	0.08	308000,,
325725	0.0,1.0,2.0,3.0,4.0,5.0,6.0,7.0,8.0,9.0,10.0,11.0,12.0,13.0,14.0,15.0,16.0,17.0,18.0,19.0	178.81587165,183.434581513,183.381060725,186.4549946,183.544610313,184.314120919,186.771162802,186.333374408,187.015038271,184.969138441,184.371389379,184.390820015,187.277912276,184.688602473,188.142333671,187.839161197,187.538662243,189.680723723,187.280152845,193.556662508	2	tan	0.08	308000,,
324875	0.0,1.0,2.0,3.0,4.0,5.0,6.0,7.0,8.0,9.0,10.0,11.0,12.0,13.0,14.0,15.0,16.0,17.0,18.0,19.0	215.103000252,217.446066976,219.214765244,217.681561636,216.749512936,218.491266602,217.523011347,218.223604757,218.060185494,218.955371086,220.191425776,217.814485318,219.39482394,220.524170988,220.913496144,221.23215578,220.854441773,221.24714118,223.656452943,225.632708481	2	tan	0.08	308000,,
326794	0.0,1.0,2.0,3.0,4.0,5.0,6.0,7.0,8.0,9.0,10.0,11.0,12.0,13.0,14.0,15.0,16.0,17.0,18.0,19.0	208.042842595,210.081188636,212.883238224,211.87407876,213.94544807,213.693703548,212.881252751,215.134665162,213.014087452,214.270048706,214.783824626,214.862251935,215.820040707,213.970710273,213.268546892,213.491132391,216.444183416,215.444825435,215.366467052,218.982207113	2	tan	0.08	308000,,
325941	0.0,1.0,2.0,3.0,4.0,5.0,6.0,7.0,8.0,9.0,10.0,11.0,12.0,13.0,14.0,15.0,16.0,17.0,18.0,19.0	212.748513399,217.535866071,219.454512865,218.786484658,219.518094405,217.216595104,217.722869075,221.365418264,218.474307929,218.582026241,218.8276877,221.030271139,221.034651711,220.950722973,220.662854671,222.371110199,220.230107691,220.562193645,224.777267976,225.851083136	2	tan	0.08	308000,,
324390	0.0,1.0,2.0,3.0,4.0,5.0,6.0,7.0,8.0,9.0,10.0,11.0,12.0,13.0,14.0,15.0,16.0,17.0,18.0,19.0	174.169482841,178.067556463,176.657436295,176.98150392,178.031499591,181.32046782,180.507761438,179.804475344,180.38740815,181.180402159,178.806343634,179.622443993,180.95278012,180.294579991,180.869318148,179.648080968,183.326823212,183.166923212,184.151121965,186.092786334	2	tan	0.08	308000,,
326086	0.0,1.0,2.0,3.0,4.0,5.0,6.0,7.0,8.0,9.0,10.0,11.0,12.0,13.0,14.0,15.0,16.0,17.0,18.0,19.0	207.882527349,208.735759365,212.057434713,210.185984516,213.396944443,212.485471761,214.025369774,210.905097281,213.733290427,212.900457041,211.347771917,213.537407155,211.648601955,214.344658179,213.814980278,215.49192727,215.529160641,213.799586691,217.862400342,220.813829584	2	tan	0.08	308000,,
324147	0.0,1.0,2.0,3.0,4.0,5.0,6.0,7.0,8.0,9.0,10.0,11.0,12.0,13.0,14.0,15.0,16.0,17.0,18.0,19.0	193.93206446,193.683856664,194.936748371,195.315921576,197.896904294,199.065658963,197.907594703,196.705422681,198.558257952,199.38791947,198.08706357,199.061226376,199.664096381,198.442311872,198.380941359,199.680064185,200.42449807,199.617477794,201.413560343,206.299150041	2	tan	0.08	308000,,
327272	0.0,1.0,2.0,3.0,4.0,5.0,6.0,7.0,8.0,9.0,10.0,11.0,12.0,13.0,14.0,15.0,16.0,17.0,18.0,19.0	195.347812435,200.383239418,202.70176557,201.657220056,200.500777195,201.586888761,202.13802985,203.666333241,203.559407462,203.559860626,201.494279592,202.429842881,201.658170225,204.456818163,204.915699713,203.455959801,203.235328598,204.118458525,204.46628765,207.669766315	2	tan	0.08	308000,,
324272	0.0,1.0,2.0,3.0,4.0,5.0,6.0,7.0,8.0,9.0,10.0,11.0,12.0,13.0,14.0,15.0,16.0,17.0,18.0,19.0	192.48553834,198.412653719,200.305247345,197.098515152,198.25073215,197.930433629,198.726512078,201.958893319,201.012702513,199.318704632,198.680928355,201.662995787,202.393298384,200.275350167,202.110731969,203.413290281,200.921115245,201.119335961,201.697675034,207.284959193	2	tan	0.08	308000,,
326190	0.0,1.0,2.0,3.0,4.0,5.0,6.0,7.0,8.0,9.0,10.0,11.0,12.0,13.0,14.0,15.0,16.0,17.0,18.0,19.0	178.910686166,179.704853404,182.932898841,182.789219415,181.799080233,184.907978541,181.223108444,182.293802034,182.114992071,183.645144763,183.222064723,184.160663203,185.879627398,183.16791642,185.164923996,184.02212309,183.852121395,186.505253897,185.822648827,189.222130587	2	tan	0.08	308000,,
327728	0.0,1.0,2.0,3.0,4.0,5.0,6.0,7.0,8.0,9.0,10.0,11.0,12.0,13.0,14.0,15.0,16.0,17.0,18.0,19.0	192.843334524,195.776362576,195.872726912,195.793137009,195.169894971,197.663628258,195.523305951,197.742984793,197.478830741,198.67996062,196.196790984,196.664761799,196.272107701,198.773596577,200.412258605,198.12375216,200.358140293,199.177009564,201.962581869,205.647995785	2	tan	0.08	308000,,
324123	0.0,1.0,2.0,3.0,4.0,5.0,6.0,7.0,8.0,9.0,10.0,11.0,12.0,13.0,14.0,15.0,16.0,17.0,18.0,19.0	195.699940807,197.741071559,199.209416546,198.296477516,200.36891054,200.01913607,202.416711973,202.042171279,201.209229019,202.410848269,203.106716229,199.498433077,200.17736495,203.296836192,200.372244507,201.401592484,201.631094477,203.140172527,203.123501752,209.430837791	2	tan	0.08	308000,,
325365	0.0,1.0,2.0,3.0,4.0,5.0,6.0,7.0,8.0,9.0,10.0,11.0,12.0,13.0,14.0,15.0,16.0,17.0,18.0,19.0	214.356049767,216.822928796,216.82778066,215.674286348,217.370133959,217.772406254,217.996405934,218.613471533,216.909388385,218.548120738,218.896715716,219.8488262,221.001393266,220.871977549,220.914492522,220.200457409,218.976697108,219.510153568,222.094508946,223.725796094	2	tan	0.08	308000,,
326690	0.0,1.0,2.0,3.0,4.0,5.0,6.0,7.0,8.0,9.0,10.0,11.0,12.0,13.0,14.0,15.0,16.0,17.0,18.0,19.0	180.827666872,184.541050109,186.114686288,187.52085818,185.392403091,184.835386065,187.097492269,185.856053098,188.221590986,185.994760082,186.678700422,185.951626447,187.111775756,188.906678481,187.162517135,189.561367793,188.239398162,187.745580971,192.303113046,193.193605501	2	tan	0.08	308000,,
327038	0.0,1.0,2.0,3.0,4.0,5.0,6.0,7.0,8.0,9.0,10.0,11.0,12.0,13.0,14.0,15.0,16.0,17.0,18.0,19.0	188.522371596,192.529081096,190.311327312,194.36016059,191.944555125,192.046446315,194.879746609,194.539955645,192.132934211,193.320875225,194.957396383,194.940985176,196.608181191,196.285679572,197.009332746,197.030122026,196.383778539,196.737011887,197.773729692,202.218808435	2	tan	0.08	308000,,
325249	0.0,1.0,2.0,3.0,4.0,5.0,6.0,7.0,8.0,9.0,10.0,11.0,12.0,13.0,14.0,15.0,16.0,17.0,18.0,19.0	185.656792878,187.580996315,190.207001636,191.908232397,190.414437611,192.318808899,192.258221733,191.710814901,192.232223482,190.059913321,191.135152676,190.334699789,190.626037423,192.254341897,194.047620982,191.422626212,191.521258325,192.226958536,194.681753203,196.482639664	2	tan	0.08	308000,,
324241	0.0,1.0,2.0,3.0,4.0,5.0,6.0,7.0,8.0,9.0,10.0,11.0,12.0,13.0,14.0,15.0,16.0,17.0,18.0,19.0	199.157638767,203.673396724,206.138190202,204.471201359,207.712675491,207.257313296,205.137876964,206.199772979,206.884254053,208.349417909,205.921026769,207.92212159,206.847069044,207.125310554,207.026904703,206.413853411,209.713288569,210.326962021,210.289661144,211.230628372	2	tan	0.08	308000,,
326896	0.0,1.0,2.0,3.0,4.0,5.0,6.0,7.0,8.0,9.0,10.0,11.0,12.0,13.0,14.0,15.0,16.0,17.0,18.0,19.0	175.152314667,177.59028084,182.180401641,179.691976325,182.862781973,181.270677941,180.503996005,181.526423657,180.703472283,182.138353854,183.848880652,181.69079189,181.634329111,183.941944554,184.36408228,183.987600453,185.203226004,183.658427024,183.716725241,189.581619583	2	tan	0.08	308000,,
324154	0.0,1.0,2.0,3.0,4.0,5.0,6.0,7.0,8.0,9.0,10.0,11.0,12.0,13.0,14.0,15.0,16.0,17.0,18.0,19.0	184.662337432,187.090833448,186.590239321,189.7243058,188.779721482,188.64287123,191.105591137,189.139648369,189.157448165,190.399352783,190.3245022,189.669098434,190.681708111,191.652942669,189.235872493,191.73139911,193.054227965,190.115365587,194.037586725,195.284030002	2	tan	0.08	308000,,
326202	0.0,1.0,2.0,3.0,4.0,5.0,6.0,7.0,8.0,9.0,10.0,11.0,12.0,13.0,14.0,15.0,16.0,17.0,18.0,19.0	185.011119181,186.590733747,188.229781622,187.120525262,188.318241598,189.901277193,189.996357209,191.403096576,192.037118341,191.243238868,189.127704632,189.016610059,192.732242901,192.206650221,191.323968569,190.758236017,191.455764731,194.433675037,192.227763428,198.086844503	2	tan	0.08	308000,,
326678	0.0,1.0,2.0,3.0,4.0,5.0,6.0,7.0,8.0,9.0,10.0,11.0,12.0,13.0,14.0,15.0,16.0,17.0,18.0,19.0	175.666902639,179.170836859,179.401617683,182.124696695,182.137149447,183.018036153,182.560801399,182.255392316,183.259184271,182.901798936,184.393543811,183.835131555,183.19746727,185.67767077,185.829742912,184.55174686,184.109340274,183.445724493,186.26100858,189.708971043	2	tan	0.08	308000,,
327509	0.0,1.0,2.0,3.0,4.0,5.0,6.0,7.0,8.0,9.0,10.0,11.0,12.0,13.0,14.0,15.0,16.0,17.0,18.0,19.0	193.081202592,199.508838792,199.453995883,199.75602574,198.331152793,201.800103075,201.815405934,202.345503221,201.474840514,199.418556258,199.384155931,200.453613842,199.493788123,202.561085879,203.355267236,200.982579399,200.527845612,201.97986736,202.729366724,206.715210938	2	tan	0.08	308000,,
325919	0.0,1.0,2.0,3.0,4.0,5.0,6.0,7.0,8.0,9.0,10.0,11.0,12.0,13.0,14.0,15.0,16.0,17.0,18.0,19.0	175.665319691,179.969266895,180.881014718,180.856327439,181.464664501,180.638673429,182.47019361,183.617791631,183.895636927,181.251722851,183.117538116,183.179940663,183.027643315,184.458688674,185.211411661,183.199899165,185.066537422,186.247365787,185.94276338,187.756490449	2	tan	0.08	308000,,
326081	0.0,1.0,2.0,3.0,4.0,5.0,6.0,7.0,8.0,9.0,10.0,11.0,12.0,13.0,14.0,15.0,16.0,17.0,18.0,19.0	179.126013583,182.555320733,183.962514027,183.612131556,183.217627403,182.739702888,182.644589245,184.162136648,183.758127836,184.709860381,184.195361823,186.005376821,184.615848388,183.051187152,184.528988461,184.638709445,183.889583123,186.142324936,189.400691519,190.339625392	2	tan	0.08	308000,,
325326	0.0,1.0,2.0,3.0,4.0,5.0,6.0,7.0,8.0,9.0,10.0,11.0,12.0,13.0,14.0,15.0,16.0,17.0,18.0,19.0	210.257062206,215.694877018,215.545309043,216.894226822,218.105039262,216.215378873,216.201862629,216.638051867,215.779731083,218.26633835,216.793739107,219.018032083,218.80008183,219.572799635,217.502618814,217.586837779,220.019203877,221.066801662,222.080970463,221.644448522	2	tan	0.08	308000,,
324572	0.0,1.0,2.0,3.0,4.0,5.0,6.0,7.0,8.0,9.0,10.0,11.0,12.0,13.0,14.0,15.0,16.0,17.0,18.0,19.0	189.268782142,193.301508045,191.504126982,193.849390648,191.999294872,195.705777247,195.337008732,192.887141112,195.79212915,193.66176303,193.822838747,195.350885436,193.620062526,193.633619777,195.244404273,194.626703161,196.835253561,195.951602698,197.983050759,200.669265232	2	tan	0.08	308000,,
324781	0.0,1.0,2.0,3.0,4.0,5.0,6.0,7.0,8.0,9.0,10.0,11.0,12.0,13.0,14.0,15.0,16.0,17.0,18.0,19.0	196.81448386,201.895643927,200.235878218,201.181131837,201.648361557,201.965130651,201.926957918,204.64008926,202.927836945,204.023256388,203.143145257,204.817502343,205.000879017,205.286111309,204.705145487,203.572068809,205.019105877,205.568742557,206.19588747,211.840036413	2	tan	0.08	308000,,
327338	0.0,1.0,2.0,3.0,4.0,5.0,6.0,7.0,8.0,9.0,10.0,11.0,12.0,13.0,14.0,15.0,16.0,17.0,18.0,19.0	179.227726075,180.888278434,181.406867726,182.537395336,181.41667663,183.939549781,182.422317313,184.511735778,184.282696005,182.270179075,182.546250803,182.695475962,183.428670936,185.468737722,185.707713721,185.037796719,186.399177339,185.387951832,184.93174834,190.463402002	2	tan	0.08	308000,,
325226	0.0,1.0,2.0,3.0,4.0,5.0,6.0,7.0,8.0,9.0,10.0,11.0,12.0,13.0,14.0,15.0,16.0,17.0,18.0,19.0	174.605074272,181.634654052,181.432871608,181.763954897,181.702219744,182.129626756,182.409245189,183.702002231,183.549426546,181.626405943,184.817483164,184.103590262,182.825737212,182.79469407,184.450430795,183.861473937,184.23043559,185.487655539,185.632981731,189.302167854	2	tan	0.08	308000,,
324008	0.0,1.0,2.0,3.0,4.0,5.0,6.0,7.0,8.0,9.0,10.0,11.0,12.0,13.0,14.0,15.0,16.0,17.0,18.0,19.0	209.751804202,211.830775288,214.308334097,213.928674216,214.652721566,213.800396799,216.927764824,214.702819935,215.750119629,216.603150543,217.488483933,216.362434384,214.838723922,214.959667456,217.298045415,216.830265259,218.22910354,218.042545905,219.057070967,223.386035062	2	tan	0.08	308000,,
326252	0.0,1.0,2.0,3.0,4.0,5.0,6.0,7.0,8.0,9.0,10.0,11.0,12.0,13.0,14.0,15.0,16.0,17.0,18.0,19.0	180.079551381,183.05094905,182.580959683,183.908681901,185.617428521,185.665934999,186.231219524,184.041917575,185.197138639,186.75519614,185.834368686,183.77651399,186.219251746,185.258019321,185.547974592,186.245757122,187.868364872,186.117813103,188.374881052,191.758838543	2	tan	0.08	308000,,
325681	0.0,1.0,2.0,3.0,4.0,5.0,6.0,7.0,8.0,9.0,10.0,11.0,12.0,13.0,14.0,15.0,16.0,17.0,18.0,19.0	208.831593288,212.576755548,212.861529008,214.1662798,217.377928309,216.037099371,217.711022124,217.079616014,215.798329071,216.670486101,215.454967081,216.96169269,218.128049999,217.021687565,216.338022444,219.787562187,217.640997829,217.935837903,221.101810733,224.169288631	2	tan	0.08	308000,,
327770	0.0,1.0,2.0,3.0,4.0,5.0,6.0,7.0,8.0,9.0,10.0,11.0,12.0,13.0,14.0,15.0,16.0,17.0,18.0,19.0	211.329959388,214.009008964,214.85445545,214.34523371,213.713989821,215.787548418,216.282230432,215.769396632,214.689957538,214.982863422,217.338387277,216.448634739,214.843499853,214.740800467,216.873952132,215.791967843,219.562349584,217.572042813,219.945854694,224.302305655	2	tan	0.08	308000,,
325806	0.0,1.0,2.0,3.0,4.0,5.0,6.0,7.0,8.0,9.0,10.0,11.0,12.0,13.0,14.0,15.0,16.0,17.0,18.0,19.0	198.523908244,202.030345782,205.748319237,206.215790021,207.151557622,203.898173668,206.313783265,204.642002282,204.60575906,207.832075711,205.095740752,206.590835757,208.306462612,206.555994374,208.731581963,207.999052295,206.00936815,207.215560252,209.069298518,212.301719197	2	tan	0.08	308000,,
325626	0.0,1.0,2.0,3.0,4.0,5.0,6.0,7.0,8.0,9.0,10.0,11.0,12.0,13.0,14.0,15.0,16.0,17.0,18.0,19.0	185.802749227,188.006365893,190.127379289,191.695379286,190.268433199,191.253040742,191.29666312,192.31906561,192.190913134,190.822984781,190.40458393,193.563598645,193.942298511,193.415592112,192.401863435,192.716192285,194.586482555,194.185329601,195.846712592,196.27472957	2	tan	0.08	308000,,
326329	0.0,1.0,2.0,3.0,4.0,5.0,6.0,7.0,8.0,9.0,10.0,11.0,12.0,13.0,14.0,15.0,16.0,17.0,18.0,19.0	204.004549702,204.932611792,205.788153052,206.856636282,207.539548588,208.407829176,207.857568126,207.405340641,206.72302649,209.818649511,208.723712058,210.518006462,208.79502241,208.663016644,209.149278188,208.715744785,208.903885027,210.303160074,211.518667213,215.709675511	2	tan	0.08	308000,,
325902	0.0,1.0,2.0,3.0,4.0,5.0,6.0,7.0,8.0,9.0,10.0,11.0,12.0,13.0,14.0,15.0,16.0,17.0,18.0,19.0	190.223689797,191.287397012,195.134140719,193.548490125,194.488361621,194.402547843,196.080784849,194.453528904,195.936076423,194.179477044,196.982732694,194.626989909,194.770699605,195.427530458,197.05172585,196.617647063,198.286286173,196.80876177,197.885846396,199.638304705	2	tan	0.08	308000,,
326223	0.0,1.0,2.0,3.0,4.0,5.0,6.0,7.0,8.0,9.0,10.0,11.0,12.0,13.0,14.0,15.0,16.0,17.0,18.0,19.0	213.409643483,216.310142772,217.362211441,218.690970883,216.421771275,216.768767554,218.00312345,219.464939601,217.041636982,217.498020922,218.039597949,217.71103224,218.847718634,220.283258794,217.448214146,218.223432391,221.332449438,222.16671468,221.789159582,226.326749428	2	tan	0.08	308000,,
327486	0.0,1.0,2.0,3.0,4.0,5.0,6.0,7.0,8.0,9.0,10.0,11.0,12.0,13.0,14.0,15.0,16.0,17.0,18.0,19.0	211.630238318,213.917996893,213.470279456,216.61556311,213.747429596,216.594865476,216.455058544,217.547427372,215.636027638,214.870718349,214.775171705,216.652078491,217.270560263,216.353852734,217.642267058,216.553962777,219.454435205,218.468903496,219.076280456,223.738803786	2	tan	0.08	308000,,
327738	0.0,1.0,2.0,3.0,4.0,5.0,6.0,7.0,8.0,9.0,10.0,11.0,12.0,13.0,14.0,15.0,16.0,17.0,18.0,19.0	184.925308025,190.966064724,188.970830156,191.71528369,190.20707915,193.235244577,190.51898064,190.948087519,192.456100707,192.996633167,194.273721019,193.663822837,193.780548444,191.731928503,192.554296799,194.085763893,193.148776458,196.217719109,194.814921648,200.094794618	2	tan	0.08	308000,,
326234	0.0,1.0,2.0,3.0,4.0,5.0,6.0,7.0,8.0,9.0,10.0,11.0,12.0,13.0,14.0,15.0,16.0,17.0,18.0,19.0	214.245027405,217.258062737,216.390292598,219.231766092,217.765501489,220.144422875,218.207183564,218.294106736,219.510730851,220.430040383,218.722777277,218.713486349,218.978635816,221.28866232,219.304726724,220.915578999,219.565235134,223.390948214,222.364231323,224.354209852	2	tan	0.08	308000,,
324204	0.0,1.0,2.0,3.0,4.0,5.0,6.0,7.0,8.0,9.0,10.0,11.0,12.0,13.0,14.0,15.0,16.0,17.0,18.0,19.0	177.975588918,179.239840876,182.51733146,184.296722632,184.379925012,183.15195656,182.848696294,185.514324703,184.775970823,182.458244058,183.114150459,184.279010436,186.170144202,184.268120844,183.010780831,185.184981436,185.397094007,184.6077878,187.53309377,189.520530352	2	tan	0.08	308000,,
325095	0.0,1.0,2.0,3.0,4.0,5.0,6.0,7.0,8.0,9.0,10.0,11.0,12.0,13.0,14.0,15.0,16.0,17.0,18.0,19.0	202.856229505,207.087038044,207.875948071,209.214394786,210.037903229,209.754989677,210.469248252,209.162701626,211.456094796,211.470725081,210.707842785,211.272103426,211.981306806,209.503612079,210.977064472,212.31576935,213.478323427,212.92131954,215.642823617,216.877002482	2	tan	0.08	308000,,
327408	0.0,1.0,2.0,3.0,4.0,5.0,6.0,7.0,8.0,9.0,10.0,11.0,12.0,13.0,14.0,15.0,16.0,17.0,18.0,19.0	209.31030734,215.027179576,215.210207101,215.385810726,215.66803404,217.795232312,218.301151756,218.129616178,216.538011071,217.521033976,217.863180286,216.053054411,217.088190944,216.44390944,217.345385325,217.100250247,218.896576749,219.693325099,219.468991073,222.137273364	2	tan	0.08	308000,,
325376	0.0,1.0,2.0,3.0,4.0,5.0,6.0,7.0,8.0,9.0,10.0,11.0,12.0,13.0,14.0,15.0,16.0,17.0,18.0,19.0	185.675152362,189.852790577,190.43808061,192.368959878,189.442357933,189.917514579,191.448678192,191.8263224,190.794332368,191.925491038,193.860167188,192.593522833,192.177415815,191.342239768,193.456761,192.27348109,192.955105915,195.322880395,195.402398606,198.016550871	2	tan	0.08	308000,,
325007	0.0,1.0,2.0,3.0,4.0,5.0,6.0,7.0,8.0,9.0,10.0,11.0,12.0,13.0,14.0,15.0,16.0,17.0,18.0,19.0	214.316926879,217.64108792,215.734139373,217.383764188,216.797198135,216.723463389,220.348342593,219.114515911,218.257940032,218.709555188,219.528755058,221.479713191,219.460889396,218.405108312,221.15777849,221.245857859,222.398878688,220.934172741,222.939798378,227.030108956	2	tan	0.08	308000,,
326689	0.0,1.0,2.0,3.0,4.0,5.0,6.0,7.0,8.0,9.0,10.0,11.0,12.0,13.0,14.0,15.0,16.0,17.0,18.0,19.0	183.112449993,185.00576818,188.356343059,186.275938448,187.084660418,188.656518726,189.765111027,186.804028581,187.819697645,188.947656367,188.065779267,190.23108201,188.423012834,189.418499227,190.972228956,189.23447474,189.237605151,190.49469886,192.389253869,193.98543971	2	tan	0.08	308000,,
324190	0.0,1.0,2.0,3.0,4.0,5.0,6.0,7.0,8.0,9.0,10.0,11.0,12.0,13.0,14.0,15.0,16.0,17.0,18.0,19.0	179.381148299,183.609738081,183.635684014,188.067188647,185.832255707,188.362900698,188.15683077,185.699951804,188.968417228,188.804635025,186.962306001,187.755387501,187.420340805,188.394451717,189.051675119,187.803633508,189.333144032,190.25270739,191.524569876,193.182824692	2	tan	0.08	308000,,
325311	0.0,1.0,2.0,3.0,4.0,5.0,6.0,7.0,8.0,9.0,10.0,11.0,12.0,13.0,14.0,15.0,16.0,17.0,18.0,19.0	210.135368063,209.564810703,211.868456624,212.398450173,214.110378596,213.545408681,215.279868257,214.364014198,213.568477508,213.40839272,212.974640218,214.130703855,213.665982113,216.152334765,214.897564448,217.620625991,217.719083514,214.778431252,218.458090327,220.60616096	2	tan	0.08	308000,,
324642	0.0,1.0,2.0,3.0,4.0,5.0,6.0,7.0,8.0,9.0,10.0,11.0,12.0,13.0,14.0,15.0,16.0,17.0,18.0,19.0	210.627714323,214.669408374,214.703033788,217.292339452,215.134443,217.93542001,217.760362668,218.863947394,219.005071641,219.331286733,219.429244458,219.73770279,219.875297882,217.589554547,217.176662839,219.122990461,218.304029352,220.009172944,221.57466376,224.125792242	2	tan	0.08	308000,,
324463	0.0,1.0,2.0,3.0,4.0,5.0,6.0,7.0,8.0,9.0,10.0,11.0,12.0,13.0,14.0,15.0,16.0,17.0,18.0,19.0	210.893429344,214.113471269,214.543700592,217.083390528,215.396403792,215.461535282,216.469492051,217.172103746,219.126211659,219.646801612,219.41379014,218.942085804,219.585175844,217.548233507,220.807368529,218.22145018,219.472460849,219.222926262,220.245320591,224.337114756	2	tan	0.08	308000,,
326393	0.0,1.0,2.0,3.0,4.0,5.0,6.0,7.0,8.0,9.0,10.0,11.0,12.0,13.0,14.0,15.0,16.0,17.0,18.0,19.0	197.509691029,198.907136286,200.199401134,199.957542243,202.736333522,200.753955254,201.984867133,202.142319779,203.875015898,203.072609758,205.135098404,204.565153851,205.299887548,205.00954638,202.355850902,204.690744991,206.430241638,206.505052873,206.388424935,208.366490917	2	tan	0.08	308000,,
327632	0.0,1.0,2.0,3.0,4.0,5.0,6.0,7.0,8.0,9.0,10.0,11.0,12.0,13.0,14.0,15.0,16.0,17.0,18.0,19.0	187.947180159,192.115611166,194.437362552,192.748337676,193.880874239,194.465074719,195.707475067,197.425651317,194.33705423,195.315569463,197.566798189,198.199179606,195.584377374,196.265730789,198.834447428,198.263048452,196.573656611,196.550479103,200.748804949,203.088467205	2	tan	0.08	308000,,
326091	0.0,1.0,2.0,3.0,4.0,5.0,6.0,7.0,8.0,9.0,10.0,11.0,12.0,13.0,14.0,15.0,16.0,17.0,18.0,19.0	180.53842002,185.295001,183.805954552,185.672469019,187.865455058,185.847311606,186.916968086,188.175683306,185.539184307,186.941218206,185.694423271,187.32010074,188.17145384,186.480740818,189.137529889,187.058656427,187.63106872,188.798505348,190.125511953,192.453186433	2	tan	0.08	308000,,
324703	0.0,1.0,2.0,3.0,4.0,5.0,6.0,7.0,8.0,9.0,10.0,11.0,12.0,13.0,14.0,15.0,16.0,17.0,18.0,19.0	202.764377555,208.529829644,206.725555597,210.553720132,207.964229775,209.54475235,209.055060243,209.036165818,210.738411135,211.969940948,209.408444725,212.040703975,209.837865439,211.663643124,213.388423305,210.793809049,212.441792896,210.879071895,215.791787182,217.598073973	2	tan	0.08	308000,,
327806	0.0,1.0,2.0,3.0,4.0,5.0,6.0,7.0,8.0,9.0,10.0,11.0,12.0,13.0,14.0,15.0,16.0,17.0,18.0,19.0	173.867602306,177.277020801,176.771104656,178.812011183,177.391370236,179.299201677,180.209498873,181.285187501,179.410912985,180.148060041,181.663026953,179.469638514,179.066936827,182.109283335,180.780160693,179.664246731,183.494487705,183.52439,182.434833288,188.093624969	2	tan	0.08	308000,,
324748	0.0,1.0,2.0,3.0,4.0,5.0,6.0,7.0,8.0,9.0,10.0,11.0,12.0,13.0,14.0,15.0,16.0,17.0,18.0,19.0	192.134531898,196.406808804,199.145709975,198.363484157,199.592888647,198.103498784,198.846971078,199.948744575,200.251424114,198.960226609,200.270273935,201.54734139,198.761523724,201.176088283,198.999913026,199.334952874,201.844819068,201.074538519,202.738805034,205.743828156	2	tan	0.08	308000,,
324315	0.0,1.0,2.0,3.0,4.0,5.0,6.0,7.0,8.0,9.0,10.0,11.0,12.0,13.0,14.0,15.0,16.0,17.0,18.0,19.0	210.488185634,213.814226622,216.305444878,215.489453371,215.731772672,217.676381845,218.169763516,217.489928073,216.810518036,217.406430432,216.371035536,219.257154524,217.390502741,216.470807542,218.946362376,216.17135907,219.102673363,219.831766957,221.190475512,224.851434014	2	tan	0.08	308000,,
327784	0.0,1.0,2.0,3.0,4.0,5.0,6.0,7.0,8.0,9.0,10.0,11.0,12.0,13.0,14.0,15.0,16.0,17.0,18.0,19.0	178.064626187,181.78205147,183.994724901,184.003424728,185.540349925,184.232928679,183.661731138,184.641648474,183.290113195,186.375475416,184.797970358,184.988697647,184.719344652,186.210414025,184.674127224,187.583421208,185.680202344,187.047293664,188.888912602,192.159682165	2	tan	0.08	308000,,
326157	0.0,1.0,2.0,3.0,4.0,5.0,6.0,7.0,8.0,9.0,10.0,11.0,12.0,13.0,14.0,15.0,16.0,17.0,18.0,19.0	182.115287017,183.961787426,185.090410281,185.032233238,186.487007908,186.382468744,185.57713489,187.870250693,186.622543704,186.24150836,187.456748144,187.399182007,188.15109752,189.548885704,189.433703039,187.349689305,190.240268979,191.315281387,192.537917336,192.852970486	2	tan	0.08	308000,,
326773	0.0,1.0,2.0,3.0,4.0,5.0,6.0,7.0,8.0,9.0,10.0,11.0,12.0,13.0,14.0,15.0,16.0,17.0,18.0,19.0	199.591024187,201.189128993,204.679097257,202.276439384,205.239200793,204.722427997,206.585704949,206.605988638,205.177848614,204.939376084,204.753565015,205.148411084,207.424671385,206.136969483,204.846163009,207.189715516,206.069839466,208.190635071,209.608256845,213.133873179	2	tan	0.08	308000,,
324128	0.0,1.0,2.0,3.0,4.0,5.0,6.0,7.0,8.0,9.0,10.0,11.0,12.0,13.0,14.0,15.0,16.0,17.0,18.0,19.0	183.477160274,186.407109433,189.424505185,188.274556102,190.746269826,190.441806297,187.606851537,189.243447341,189.834049756,190.472668921,190.070568708,190.610436077,190.523356044,192.029815643,192.869811951,192.463285452,191.10421283,190.25495037,191.642909155,196.468099883	2	tan	0.08	308000,,
324745	0.0,1.0,2.0,3.0,4.0,5.0,6.0,7.0,8.0,9.0,10.0,11.0,12.0,13.0,14.0,15.0,16.0,17.0,18.0,19.0	195.354062369,199.765780022,200.409374847,201.768642023,199.363094059,201.5598052,199.402529041,199.96636332,200.441631285,200.963474376,200.595347532,200.901762465,203.504405191,201.030042569,201.984780608,202.249858517,201.659536916,201.99451599,205.337669943,209.044629139	2	tan	0.08	308000,,
324689	0.0,1.0,2.0,3.0,4.0,5.0,6.0,7.0,8.0,9.0,10.0,11.0,12.0,13.0,14.0,15.0,16.0,17.0,18.0,19.0	209.743632762,211.496831079,214.353091943,213.663507806,215.863936966,216.584870144,213.308498186,216.979773406,215.448519234,213.862998589,213.96636285,215.058656309,214.35258394,217.87249425,217.490701274,216.630104427,217.566246112,216.432828134,219.712069779,222.257848933	2	tan	0.08	308000,,
325958	0.0,1.0,2.0,3.0,4.0,5.0,6.0,7.0,8.0,9.0,10.0,11.0,12.0,13.0,14.0,15.0,16.0,17.0,18.0,19.0	197.335507031,201.940491443,204.635335518,203.916570258,205.231984247,203.425572208,205.547889325,206.42404243,203.848128903,206.441040665,206.210065936,204.127284071,205.535917791,207.326471612,207.548083544,206.252713125,207.515872124,208.390221988,209.000786937,211.427142338	2	tan	0.08	308000,,
326316	0.0,1.0,2.0,3.0,4.0,5.0,6.0,7.0,8.0,9.0,10.0,11.0,12.0,13.0,14.0,15.0,16.0,17.0,18.0,19.0	207.022975811,210.641760502,210.95390104,212.240668224,213.154414123,213.666069685,210.21514847,212.48120629,214.168651053,212.642307508,213.001845531,213.935975119,214.918173032,211.287215359,214.788686219,215.017380285,212.446043616,213.384853934,214.427058701,219.227738113	2	tan	0.08	308000,,
325446	0.0,1.0,2.0,3.0,4.0,5.0,6.0,7.0,8.0,9.0,10.0,11.0,12.0,13.0,14.0,15.0,16.0,17.0,18.0,19.0	176.657465141,176.974064896,179.120409356,180.533425359,180.169352401,180.288954442,181.385955572,179.159809149,181.899148621,180.865209299,182.242908048,180.432455874,181.324884529,182.5354902,181.689750664,184.535224023,184.313102391,184.491542891,182.699557825,186.470168467	2	tan	0.08	308000,,
325571	0.0,1.0,2.0,3.0,4.0,5.0,6.0,7.0,8.0,9.0,10.0,11.0,12.0,13.0,14.0,15.0,16.0,17.0,18.0,19.0	209.943923376,212.315025379,213.138146587,213.941826033,215.529016688,214.19985357,213.64816835,215.544151912,216.481775247,214.409000138,215.766061752,218.075285773,217.513574991,215.402629575,218.494489007,218.653787048,218.796232913,216.296595691,221.308477056,222.136752646	2	tan	0.08	308000,,
324062	0.0,1.0,2.0,3.0,4.0,5.0,6.0,7.0,8.0,9.0,10.0,11.0,12.0,13.0,14.0,15.0,16.0,17.0,18.0,19.0	197.753083224,199.717653239,200.68871396,201.678512834,203.213623504,201.176340498,202.502281281,201.830210115,204.214317479,203.989155181,203.079145256,204.307449445,202.738593685,201.286693245,202.737960192,203.281718194,202.459992633,205.918541209,207.412969304,208.535454046	2	tan	0.08	308000,,
324799	0.0,1.0,2.0,3.0,4.0,5.0,6.0,7.0,8.0,9.0,10.0,11.0,12.0,13.0,14.0,15.0,16.0,17.0,18.0,19.0	207.813318739,210.981668214,211.216701003,212.579187168,213.647276712,214.735990786,214.053062669,212.289242528,215.966311518,215.395025427,215.248479442,213.318593533,213.790712934,213.752460209,215.633170548,213.950143042,216.604227288,217.223481525,218.6650027,222.167082492	2	tan	0.08	308000,,
325532	0.0,1.0,2.0,3.0,4.0,5.0,6.0,7.0,8.0,9.0,10.0,11.0,12.0,13.0,14.0,15.0,16.0,17.0,18.0,19.0	192.55535777,194.565476679,195.447507333,194.891706025,195.899111983,197.241107106,196.539738561,196.990761133,196.814388794,199.136167256,199.742206087,197.068792746,199.183167728,197.294887416,196.765002316,198.849198604,199.777658401,201.267967596,200.307835189,204.745707085	2	tan	0.08	308000,,
326751	0.0,1.0,2.0,3.0,4.0,5.0,6.0,7.0,8.0,9.0,10.0,11.0,12.0,13.0,14.0,15.0,16.0,17.0,18.0,19.0	180.913380368,182.084724072,181.950247642,183.536219885,184.260631802,184.798669825,186.019907638,184.863220074,186.415825482,185.693475184,186.311753527,187.364476368,186.285242798,186.170516077,188.030497366,187.460682388,186.939870216,188.410314407,186.689254278,192.71819554	2	tan	0.08	308000,,
327160	0.0,1.0,2.0,3.0,4.0,5.0,6.0,7.0,8.0,9.0,10.0,11.0,12.0,13.0,14.0,15.0,16.0,17.0,18.0,19.0	180.65658307,184.839186616,184.299378869,187.44294471,186.114701027,185.634866952,188.127020595,186.883304669,185.514154671,185.688410671,185.406479461,189.311978342,188.079465901,189.545824361,186.945158177,187.337253801,187.000890645,189.047543588,190.398190648,191.631136946	2	tan	0.08	308000,,
327221	0.0,1.0,2.0,3.0,4.0,5.0,6.0,7.0,8.0,9.0,10.0,11.0,12.0,13.0,14.0,15.0,16.0,17.0,18.0,19.0	211.748075833,215.976716176,216.090484143,217.326305317,216.748570318,216.685556271,220.255933154,217.223628567,220.02972719,219.439011745,219.533569605,218.030409532,220.79770285,220.514995551,221.626988389,220.245681844,220.751897755,222.186507767,222.049309579,224.194815543	2	tan	0.08	308000,,
326764	0.0,1.0,2.0,3.0,4.0,5.0,6.0,7.0,8.0,9.0,10.0,11.0,12.0,13.0,14.0,15.0,16.0,17.0,18.0,19.0	198.570189849,202.064573596,203.141211974,202.025479579,205.127146106,205.690503162,203.126493146,203.104224754,205.571475798,206.842433148,204.805330154,204.411057212,207.601044367,206.570969352,207.149721655,204.946192088,205.016667703,205.967739074,209.657807321,212.487226848	2	tan	0.08	308000,,
325633	0.0,1.0,2.0,3.0,4.0,5.0,6.0,7.0,8.0,9.0,10.0,11.0,12.0,13.0,14.0,15.0,16.0,17.0,18.0,19.0	197.303617398,200.028826917,201.09270728,199.799954505,202.131971762,203.965266785,203.628942968,201.741186432,201.197302027,204.675577952,203.404855042,201.195602113,204.384746826,205.427039025,202.436559398,204.052516903,205.073557762,203.245033044,204.674792997,210.687463386	2	tan	0.08	308000,,
326853	0.0,1.0,2.0,3.0,4.0,5.0,6.0,7.0,8.0,9.0,10.0,11.0,12.0,13.0,14.0,15.0,16.0,17.0,18.0,19.0	192.820903101,193.60434153,194.940335388,195.010346163,195.629836731,197.364550832,195.656321723,197.582809005,195.895561271,198.787305913,198.985861833,196.335042995,198.490458008,196.038544564,196.531302296,196.32854436,199.502353074,197.976613358,200.71936593,202.783185082	2	tan	0.08	308000,,
327008	0.0,1.0,2.0,3.0,4.0,5.0,6.0,7.0,8.0,9.0,10.0,11.0,12.0,13.0,14.0,15.0,16.0,17.0,18.0,19.0	188.790605375,190.853433404,192.921591796,191.61737504,190.529735723,193.420032429,191.346209996,194.822191294,192.118735744,193.425525449,192.621078472,193.930998486,195.31322927,194.746440902,192.73926149,194.092017077,193.231939647,195.607731196,196.634805598,198.132079057	2	tan	0.08	308000,,
327854	0.0,1.0,2.0,3.0,4.0,5.0,6.0,7.0,8.0,9.0,10.0,11.0,12.0,13.0,14.0,15.0,16.0,17.0,18.0,19.0	213.483315961,217.126452459,217.25408346,219.374229861,220.283234418,218.184299725,218.695380538,217.655378401,220.524239993,218.348224429,218.822309785,219.942287776,221.304299991,219.345041515,219.046677229,219.578591568,219.61009353,222.690935306,221.584423452,227.624374282	2	tan	0.08	308000,,
326154	0.0,1.0,2.0,3.0,4.0,5.0,6.0,7.0,8.0,9.0,10.0,11.0,12.0,13.0,14.0,15.0,16.0,17.0,18.0,19.0	204.365991396,205.661190572,209.207093704,207.2650481,208.510586458,208.433693056,210.667138812,209.236332782,207.600987726,210.251690712,211.158402032,207.781641625,210.735310441,209.103852749,211.836008813,211.929964023,208.988541469,209.87872219,212.528952308,217.133387007	2	tan	0.08	308000,,
325925	0.0,1.0,2.0,3.0,4.0,5.0,6.0,7.0,8.0,9.0,10.0,11.0,12.0,13.0,14.0,15.0,16.0,17.0,18.0,19.0	211.357564882,213.448096477,216.492875854,215.552860965,216.833688256,218.146157238,215.604482918,217.491133263,219.005581909,216.205085717,219.9715296,217.016102149,217.395076133,220.330549748,218.191764292,217.229871782,219.697102308,218.121241241,221.998697654,225.22715216	2	tan	0.08	308000,,
326230	0.0,1.0,2.0,3.0,4.0,5.0,6.0,7.0,8.0,9.0,10.0,11.0,12.0,13.0,14.0,15.0,16.0,17.0,18.0,19.0	184.397392262,189.129341961,189.610726532,189.909838452,188.858488744,191.355807601,189.223054771,189.09907748,190.192818575,189.841872345,191.669658702,192.9996671,189.664950849,191.685534543,190.839654325,191.762061596,192.709988216,193.642151898,195.444450148,196.723378246	2	tan	0.08	308000,,
326268	0.0,1.0,2.0,3.0,4.0,5.0,6.0,7.0,8.0,9.0,10.0,11.0,12.0,13.0,14.0,15.0,16.0,17.0,18.0,19.0	178.275252436,180.443416682,181.257278892,181.669623572,183.133399409,180.314928509,181.222783347,184.237103049,184.626942363,184.631813729,181.91701986,183.088154513,184.988435397,184.786181493,184.253635263,185.861864736,186.138178643,184.460124343,186.718966714,189.517922735	2	tan	0.08	308000,,
327946	0.0,1.0,2.0,3.0,4.0,5.0,6.0,7.0,8.0,9.0,10.0,11.0,12.0,13.0,14.0,15.0,16.0,17.0,18.0,19.0	176.78384042,178.920293643,179.495473259,181.148182329,184.192061937,181.07832677,183.188650836,183.153971438,182.46219222,183.568741139,182.969410862,184.169918182,184.021877323,182.899253218,182.517605005,185.890278073,184.570322084,187.444326203,186.90760334,188.782992851	2	tan	0.08	308000,,
327790	0.0,1.0,2.0,3.0,4.0,5.0,6.0,7.0,8.0,9.0,10.0,11.0,12.0,13.0,14.0,15.0,16.0,17.0,18.0,19.0	202.713102455,205.971173406,204.150860521,205.825325539,207.540895121,207.826800452,205.978013063,207.47297551,207.162446323,208.388231094,208.294781116,206.338908019,207.997025363,207.595337354,208.63924064,210.271734408,210.614677095,210.462595672,208.763729312,212.967783434	2	tan	0.08	308000,,
325181	0.0,1.0,2.0,3.0,4.0,5.0,6.0,7.0,8.0,9.0,10.0,11.0,12.0,13.0,14.0,15.0,16.0,17.0,18.0,19.0	199.615158717,204.379749682,202.486580028,203.05758679,206.115228649,204.031698299,206.690260994,205.462804389,206.701299087,207.31950457,207.382172986,207.416884226,206.806591873,206.047881254,205.582619047,206.738551637,208.981055218,208.186239338,209.106425322,210.508520995	2	tan	0.08	308000,,
327404	0.0,1.0,2.0,3.0,4.0,5.0,6.0,7.0,8.0,9.0,10.0,11.0,12.0,13.0,14.0,15.0,16.0,17.0,18.0,19.0	175.054050764,179.335025628,178.813718799,177.991706253,181.149899537,180.949113522,180.163585072,180.316934032,182.269007151,179.966596344,182.618791863,182.155768514,181.577891607,180.791887352,183.978306257,181.990003479,181.564714396,181.583550661,182.856483077,186.284127215	2	tan	0.08	308000,,
326080	0.0,1.0,2.0,3.0,4.0,5.0,6.0,7.0,8.0,9.0,10.0,11.0,12.0,13.0,14.0,15.0,16.0,17.0,18.0,19.0	179.849031955,184.385717844,184.597909466,184.882105108,186.935744393,186.120488371,184.001259033,185.470371927,185.079240865,184.918341482,186.070229508,185.217970624,186.92548226,186.860493006,187.568524817,186.031642773,187.846187805,188.946096171,188.215084392,191.674180026	2	tan	0.08	308000,,
325241	0.0,1.0,2.0,3.0,4.0,5.0,6.0,7.0,8.0,9.0,10.0,11.0,12.0,13.0,14.0,15.0,16.0,17.0,18.0,19.0	207.501538023,209.25292896,208.513850438,210.640890805,208.940945999,209.610622412,212.171657358,212.578347925,211.167227266,210.676100445,212.176870244,210.676753131,211.397834728,213.426403814,214.223761843,211.669632023,214.291424073,215.661974458,214.364778663,218.644917034	2	tan	0.08	308000,,
326529	0.0,1.0,2.0,3.0,4.0,5.0,6.0,7.0,8.0,9.0,10.0,11.0,12.0,13.0,14.0,15.0,16.0,17.0,18.0,19.0	192.958792334,195.427526945,198.230285899,198.502854723,198.893544906,198.147630228,200.42274851,200.684383105,199.217942322,201.266968195,199.013621164,199.995059496,199.66081336,201.637555123,202.269456677,199.754921315,201.757973833,202.610144996,203.133210051,206.807697427	2	tan	0.08	308000,,
326651	0.0,1.0,2.0,3.0,4.0,5.0,6.0,7.0,8.0,9.0,10.0,11.0,12.0,13.0,14.0,15.0,16.0,17.0,18.0,19.0	188.856738752,191.021776283,191.869088652,192.950433032,193.966874874,194.259696813,193.616430811,191.827593269,194.691612255,193.656394904,194.865119703,193.194105422,194.379948296,194.838875936,194.268895073,196.439947739,195.371195859,195.568524943,196.906438845,200.934363378	2	tan	0.08	308000,,
327631	0.0,1.0,2.0,3.0,4.0,5.0,6.0,7.0,8.0,9.0,10.0,11.0,12.0,13.0,14.0,15.0,16.0,17.0,18.0,19.0	177.011166383,181.308207882,179.054061385,182.846772716,181.415859044,183.617704744,182.910767103,181.448446866,181.352550968,183.248698439,183.399631885,184.062986688,185.00489241,182.858119783,182.421150168,185.25277432,185.332012564,186.574929243,184.833767639,190.439681403	2	tan	0.08	308000,,
326889	0.0,1.0,2.0,3.0,4.0,5.0,6.0,7.0,8.0,9.0,10.0,11.0,12.0,13.0,14.0,15.0,16.0,17.0,18.0,19.0	174.354748889,177.674076992,180.207502242,182.038820235,180.522137744,181.420480744,179.937375795,179.60444949,181.191523027,183.54611701,181.097010199,181.703739868,183.782866324,183.67698537,181.920290912,181.953037779,184.24891775,184.089911105,184.315158598,187.132468671	2	tan	0.08	308000,,
324840	0.0,1.0,2.0,3.0,4.0,5.0,6.0,7.0,8.0,9.0,10.0,11.0,12.0,13.0,14.0,15.0,16.0,17.0,18.0,19.0	204.576620918,208.437906132,209.365123257,211.420991116,212.525155183,212.224127327,210.612586751,212.214700555,213.226645839,210.59795828,212.835823465,214.434730963,211.237876066,212.247909136,211.341311598,211.870240937,213.367062151,215.081774162,216.714359387,218.328968265	2	tan	0.08	308000,,
324958	0.0,1.0,2.0,3.0,4.0,5.0,6.0,7.0,8.0,9.0,10.0,11.0,12.0,13.0,14.0,15.0,16.0,17.0,18.0,19.0	186.539748894,188.640275779,190.812331037,189.940162383,189.318678963,191.549059698,189.610294108,191.076196777,191.204275014,189.733034799,191.475964866,190.539261266,191.063992933,192.651916837,194.526233895,194.211928841,191.322056213,193.446295589,194.85392714,196.187809598	2	tan	0.08	308000,,
324468	0.0,1.0,2.0,3.0,4.0,5.0,6.0,7.0,8.0,9.0,10.0,11.0,12.0,13.0,14.0,15.0,16.0,17.0,18.0,19.0	190.628425656,193.194586583,197.198402376,198.093487528,196.492480687,198.314075647,198.877720139,199.374619483,196.117704539,196.685753989,199.249864378,199.207992684,199.007053343,197.700780217,198.488210405,198.669036033,198.970453668,199.708317216,199.159637713,206.234952386	2	tan	0.08	308000,,
325802	0.0,1.0,2.0,3.0,4.0,5.0,6.0,7.0,8.0,9.0,10.0,11.0,12.0,13.0,14.0,15.0,16.0,17.0,18.0,19.0	198.959510208,200.034720182,203.575009059,203.414015367,203.305953085,202.966061732,206.198044248,205.337621197,205.444168133,205.127997605,205.193895193,206.829840749,203.57777409,204.782462289,206.471929744,205.287203833,207.960188824,207.439316348,208.337704937,210.055105928	2	tan	0.08	308000,,
326449	0.0,1.0,2.0,3.0,4.0,5.0,6.0,7.0,8.0,9.0,10.0,11.0,12.0,13.0,14.0,15.0,16.0,17.0,18.0,19.0	191.297874417,192.887263943,194.573004591,195.716842403,194.7790327,196.12968098,197.290814163,197.291419313,197.769120945,194.664898731,194.80893121,197.549732155,197.080023987,197.444822157,197.116401612,198.268481798,198.936277635,198.800726008,198.843936813,202.145081875	2	tan	0.08	308000,,
325292	0.0,1.0,2.0,3.0,4.0,5.0,6.0,7.0,8.0,9.0,10.0,11.0,12.0,13.0,14.0,15.0,16.0,17.0,18.0,19.0	210.830093293,212.751040706,211.16913879,212.760803962,212.836725701,214.453792129,212.743622841,214.460803737,216.175303657,215.734436799,216.21840084,216.453382352,217.319556878,215.405453357,217.405447939,216.426198534,215.419581637,217.08818336,219.082459417,221.837579874	2	tan	0.08	308000,,
325058	0.0,1.0,2.0,3.0,4.0,5.0,6.0,7.0,8.0,9.0,10.0,11.0,12.0,13.0,14.0,15.0,16.0,17.0,18.0,19.0	190.574878358,194.30412422,192.206241115,192.300269322,193.982495562,193.819475966,196.106847886,196.629687842,197.023470571,194.857346017,197.469013102,194.581970494,194.535332445,196.014674428,195.071813287,195.706693616,195.227945866,196.555026961,199.817925272,203.741575138	2	tan	0.08	308000,,
325752	0.0,1.0,2.0,3.0,4.0,5.0,6.0,7.0,8.0,9.0,10.0,11.0,12.0,13.0,14.0,15.0,16.0,17.0,18.0,19.0	193.860886208,196.402982767,197.149115597,196.308987047,196.821796688,200.231389042,200.139142186,200.271728653,199.865400978,199.583064459,198.864886401,201.167755272,200.988544811,201.06882298,201.352697766,201.619639972,201.300089801,201.858141311,201.968625351,207.694160648	2	tan	0.08	308000,,
327929	0.0,1.0,2.0,3.0,4.0,5.0,6.0,7.0,8.0,9.0,10.0,11.0,12.0,13.0,14.0,15.0,16.0,17.0,18.0,19.0	209.651098105,213.240036447,213.121211098,213.729705064,214.192881627,215.431754351,218.013629436,215.532712336,217.871018591,215.09481254,218.426538889,216.048971705,216.474445558,217.12290276,215.513741247,218.084052099,218.918724905,219.215559655,221.154125489,224.711413085	2	tan	0.08	308000,,
327042	0.0,1.0,2.0,3.0,4.0,5.0,6.0,7.0,8.0,9.0,10.0,11.0,12.0,13.0,14.0,15.0,16.0,17.0,18.0,19.0	179.07904012,180.276768012,183.247815642,182.738533645,182.309772451,181.068019004,182.690850349,181.364862797,184.215575345,184.893734912,182.169339607,185.209294979,185.368070029,184.743249118,186.409516738,182.950990433,183.746230184,187.527763776,186.496164871,188.014273267	2	tan	0.08	308000,,
325538	0.0,1.0,2.0,3.0,4.0,5.0,6.0,7.0,8.0,9.0,10.0,11.0,12.0,13.0,14.0,15.0,16.0,17.0,18.0,19.0	211.895466681,213.204506996,213.998704301,215.922320874,215.791142441,216.080006381,216.138364296,215.753829868,217.954679182,218.131685103,216.331583286,218.215689275,219.374999998,217.718436674,217.315313266,216.918232414,217.49408853,219.702799382,222.39933833,223.407349415	2	tan	0.08	308000,,
324641	0.0,1.0,2.0,3.0,4.0,5.0,6.0,7.0,8.0,9.0,10.0,11.0,12.0,13.0,14.0,15.0,16.0,17.0,18.0,19.0	180.024162781,183.306073841,183.917461727,183.522070761,185.413134265,182.683157586,183.308816813,184.885906949,186.304800901,186.047983717,185.310002193,183.803928019,185.27319169,184.34406135,184.388536294,186.852169936,184.891012712,187.541778484,190.015056393,193.198291214	2	tan	0.08	308000,,
325340	0.0,1.0,2.0,3.0,4.0,5.0,6.0,7.0,8.0,9.0,10.0,11.0,12.0,13.0,14.0,15.0,16.0,17.0,18.0,19.0	193.972114219,198.676602536,198.674731339,200.149595768,197.399924455,200.953332117,200.712962552,198.472815136,200.721730987,199.742545613,200.621089178,200.677913389,199.17933419,198.810505651,198.987797706,201.201514669,200.238195954,203.348634261,205.254545713,205.665673532	2	tan	0.08	308000,,
325918	0.0,1.0,2.0,3.0,4.0,5.0,6.0,7.0,8.0,9.0,10.0,11.0,12.0,13.0,14.0,15.0,16.0,17.0,18.0,19.0	187.453249681,189.172441827,190.484603163,191.317295985,194.521406552,194.544741269,191.411124468,192.485872902,194.386492084,191.692702472,194.514156371,194.605056773,193.144757336,193.677723218,196.087208737,195.988174718,196.170279234,197.733979934,198.746531655,200.812313419	2	tan	0.08	308000,,
326645	0.0,1.0,2.0,3.0,4.0,5.0,6.0,7.0,8.0,9.0,10.0,11.0,12.0,13.0,14.0,15.0,16.0,17.0,18.0,19.0	179.993783591,185.165520282,183.974209155,186.669439363,183.848251101,187.214532165,186.738991722,187.57346734,186.853989616,185.977485569,185.564374101,185.044187247,186.574675324,187.281496228,186.833399008,187.97838608,189.001379254,189.181513692,190.684284551,192.31435428	2	tan	0.08	308000,,
327140	0.0,1.0,2.0,3.0,4.0,5.0,6.0,7.0,8.0,9.0,10.0,11.0,12.0,13.0,14.0,15.0,16.0,17.0,18.0,19.0	204.391269382,210.185067732,208.648982662,211.913838715,213.365248847,212.00353105,213.729123179,213.298686926,212.337599429,212.131781326,214.229401605,213.464532439,211.308045695,211.703951221,214.709408128,213.096038914,213.680342115,214.328934713,213.812699965,218.725853503	2	tan	0.08	308000,,
326381	0.0,1.0,2.0,3.0,4.0,5.0,6.0,7.0,8.0,9.0,10.0,11.0,12.0,13.0,14.0,15.0,16.0,17.0,18.0,19.0	204.354690659,204.771902915,205.801554639,207.021020339,207.401992885,206.666911209,207.327283491,210.485481805,208.620585855,207.219799531,209.566242821,209.003336827,207.553204964,209.933096267,209.219354977,210.015588402,209.516524922,211.118016076,211.200230855,214.193418845	2	tan	0.08	308000,,
324042	0.0,1.0,2.0,3.0,4.0,5.0,6.0,7.0,8.0,9.0,10.0,11.0,12.0,13.0,14.0,15.0,16.0,17.0,18.0,19.0	187.153081994,189.086419205,191.107525544,193.541618452,193.368717303,195.01830146,191.542099386,193.571668032,193.277829595,195.809766657,195.734121419,194.718414952,192.385074841,193.889199477,194.26187989,194.825034834,195.442962722,197.854449082,196.247263716,202.061636589	2	tan	0.08	308000,,
327873	0.0,1.0,2.0,3.0,4.0,5.0,6.0,7.0,8.0,9.0,10.0,11.0,12.0,13.0,14.0,15.0,16.0,17.0,18.0,19.0	187.874561686,191.123203468,189.207356617,192.302584042,191.068026833,190.203633641,192.053036342,193.93543265,193.789530229,191.089324801,193.464521385,192.910402209,192.117210404,191.266996377,192.258341173,192.117860287,194.420517351,192.656752117,194.328035909,200.186205241	2	tan	0.08	308000,,
325084	0.0,1.0,2.0,3.0,4.0,5.0,6.0,7.0,8.0,9.0,10.0,11.0,12.0,13.0,14.0,15.0,16.0,17.0,18.0,19.0	177.111667063,180.630487152,184.233687172,185.567223479,183.481585945,185.000797902,186.506057348,183.651431573,184.551129059,183.965895604,186.964554291,184.33648633,187.545511914,184.420110697,184.763792891,186.190601337,187.720277882,188.263598459,187.942503676,189.746062908	2	tan	0.08	308000,,
324002	0.0,1.0,2.0,3.0,4.0,5.0,6.0,7.0,8.0,9.0,10.0,11.0,12.0,13.0,14.0,15.0,16.0,17.0,18.0,19.0	207.56072636,211.383373002,212.893374354,213.97789235,213.868781913,214.655632569,214.242411245,215.699708908,214.275862221,214.673940467,216.403777349,214.420795217,214.781431937,214.954989596,214.913159606,217.012871331,217.702500049,218.372688678,220.763772051,222.269489402	3	tan	0.08	308000,,
326005	0.0,1.0,2.0,3.0,4.0,5.0,6.0,7.0,8.0,9.0,10.0,11.0,12.0,13.0,14.0,15.0,16.0,17.0,18.0,19.0	193.895586283,196.684809356,196.288067931,199.313266773,199.583892901,200.503236295,200.190968525,201.237025889,200.82228502,198.99576827,200.159972557,201.555622135,199.638769318,200.705890463,199.375514571,201.551611649,202.947513784,203.856802794,202.078140151,207.914731193	2	tan	0.08	308000,,
327547	0.0,1.0,2.0,3.0,4.0,5.0,6.0,7.0,8.0,9.0,10.0,11.0,12.0,13.0,14.0,15.0,16.0,17.0,18.0,19.0	190.310169298,192.035859828,194.745517672,195.225066582,192.437941575,193.78656154,195.497488002,194.595327243,196.147006821,195.595878252,193.424278808,195.279252824,196.340711229,194.931139511,194.960982959,195.482548201,194.816979156,198.749103944,198.256080872,199.455047461	2	tan	0.08	308000,,
325239	0.0,1.0,2.0,3.0,4.0,5.0,6.0,7.0,8.0,9.0,10.0,11.0,12.0,13.0,14.0,15.0,16.0,17.0,18.0,19.0	190.231882772,192.419204488,194.092973835,194.377352236,196.663730409,193.61622278,195.484390514,197.100624695,194.073572184,196.501675835,197.739560712,194.861155759,194.920283653,197.975689859,197.488057582,198.306165682,196.186386648,199.60051687,197.629043913,202.196409998	2	tan	0.08	308000,,
325151	0.0,1.0,2.0,3.0,4.0,5.0,6.0,7.0,8.0,9.0,10.0,11.0,12.0,13.0,14.0,15.0,16.0,17.0,18.0,19.0	181.552436721,186.711337636,185.45740324,185.944110379,188.644366242,186.090020755,187.88507375,188.037632673,188.107322443,188.7506851,189.33233508,190.385970331,188.132424915,189.501598719,188.745685368,187.651642769,190.953437416,189.124055558,192.373415298,194.07145423	2	tan	0.08	308000,,
325303	0.0,1.0,2.0,3.0,4.0,5.0,6.0,7.0,8.0,9.0,10.0,11.0,12.0,13.0,14.0,15.0,16.0,17.0,18.0,19.0	189.395466524,191.793788757,194.422508685,195.423365279,194.378707965,195.454845951,195.291527747,194.446276836,196.769802947,195.725919093,196.317831682,196.824026706,196.762543877,198.484004,196.058083904,196.336224648,198.360514625,198.54026007,200.501611048,203.768104524	2	tan	0.08	308000,,
324842	0.0,1.0,2.0,3.0,4.0,5.0,6.0,7.0,8.0,9.0,10.0,11.0,12.0,13.0,14.0,15.0,16.0,17.0,18.0,19.0	203.69732863,206.477072795,204.571904171,208.744050273,205.320362282,207.698320556,206.812925242,209.199759611,207.443883711,206.197520015,208.382431259,207.505124365,207.176949164,206.934488697,210.092492119,207.420561291,208.567532868,210.292367711,211.626211213,212.573858355	2	tan	0.08	308000,,
324605	0.0,1.0,2.0,3.0,4.0,5.0,6.0,7.0,8.0,9.0,10.0,11.0,12.0,13.0,14.0,15.0,16.0,17.0,18.0,19.0	179.145821592,182.819329336,186.472397489,184.678920242,185.090610132,187.549294094,185.062544316,187.058248817,185.044578389,185.541112766,186.641724865,186.445087392,187.079404827,188.830990103,187.3399447,186.494697556,186.74330549,189.522952882,189.028825966,192.015626224	2	tan	0.08	308000,,
326532	0.0,1.0,2.0,3.0,4.0,5.0,6.0,7.0,8.0,9.0,10.0,11.0,12.0,13.0,14.0,15.0,16.0,17.0,18.0,19.0	197.534509184,202.03474395,200.675243311,202.282686742,203.470701344,201.825073581,204.213790052,201.849308602,201.959385028,201.638205282,204.103816757,204.845226254,205.729385868,204.700412899,203.44488577,205.906484162,203.193328117,206.544474664,205.242450686,207.835744153	2	tan	0.08	308000,,
324813	0.0,1.0,2.0,3.0,4.0,5.0,6.0,7.0,8.0,9.0,10.0,11.0,12.0,13.0,14.0,15.0,16.0,17.0,18.0,19.0	201.495369452,201.703307809,202.667779324,203.229605367,207.062133644,206.429989225,206.606731457,204.149089591,206.865704536,207.690329226,207.897642979,207.363081009,207.697381332,207.769708687,205.299885155,206.829527417,209.616559231,208.046805811,208.956207165,214.075899623	2	tan	0.08	308000,,
325608	0.0,1.0,2.0,3.0,4.0,5.0,6.0,7.0,8.0,9.0,10.0,11.0,12.0,13.0,14.0,15.0,16.0,17.0,18.0,19.0	197.684799874,201.992585106,203.20130654,204.388039688,204.997282293,204.791162807,203.833636528,203.67539291,205.218845412,203.822801064,207.664506273,204.500782995,205.53603961,206.430037892,207.84011848,207.498209411,207.424813235,208.692625278,208.777710244,211.68933861	2	tan	0.08	308000,,
325164	0.0,1.0,2.0,3.0,4.0,5.0,6.0,7.0,8.0,9.0,10.0,11.0,12.0,13.0,14.0,15.0,16.0,17.0,18.0,19.0	211.790895242,213.0913079,212.672420235,216.44658071,215.109265493,215.891971719,215.946747438,214.774588846,215.642597707,216.398674704,217.41496731,215.583293427,215.753105831,217.173635475,218.608137357,217.704997945,217.323851226,218.259941204,221.031247553,222.997764174	2	tan	0.08	308000,,
324790	0.0,1.0,2.0,3.0,4.0,5.0,6.0,7.0,8.0,9.0,10.0,11.0,12.0,13.0,14.0,15.0,16.0,17.0,18.0,19.0	200.466260133,204.182640173,204.521013583,206.232718472,206.143102642,206.580486926,205.84975216,205.983735027,205.898993639,208.096317993,208.398342449,207.687594153,207.112551556,207.924026841,209.295960861,207.558360569,208.307462207,211.285585149,210.978752207,214.62295448	2	tan	0.08	308000,,
325823	0.0,1.0,2.0,3.0,4.0,5.0,6.0,7.0,8.0,9.0,10.0,11.0,12.0,13.0,14.0,15.0,16.0,17.0,18.0,19.0	198.539941756,203.474288751,202.682081737,206.849596728,206.49070801,206.925835706,206.013560353,207.687690734,204.989737536,206.167601444,206.545821686,207.463276645,206.206034091,206.33036155,205.622538246,209.183662314,206.559932033,209.516725313,207.68893408,213.238022391	2	tan	0.08	308000,,
327399	0.0,1.0,2.0,3.0,4.0,5.0,6.0,7.0,8.0,9.0,10.0,11.0,12.0,13.0,14.0,15.0,16.0,17.0,18.0,19.0	175.864914949,178.385237247,179.405654793,179.31270966,178.59046228,181.601712163,179.532748335,182.175406685,181.288480369,179.209389019,180.519352509,182.107098977,181.180368001,179.660540584,182.263014717,182.464830707,183.498797322,181.907856921,184.614526885,185.931919887	2	tan	0.08	308000,,
327182	0.0,1.0,2.0,3.0,4.0,5.0,6.0,7.0,8.0,9.0,10.0,11.0,12.0,13.0,14.0,15.0,16.0,17.0,18.0,19.0	188.480426775,191.845061355,191.450179644,193.70465151,192.969231773,191.844350761,194.206564695,194.606486479,194.276754401,192.651016563,193.044624115,196.369666358,194.108521113,194.710355278,196.70321101,193.847435105,194.91135015,197.292551133,196.960153418,201.598746257	2	tan	0.08	308000,,
327291	0.0,1.0,2.0,3.0,4.0,5.0,6.0,7.0,8.0,9.0,10.0,11.0,12.0,13.0,14.0,15.0,16.0,17.0,18.0,19.0	195.633302033,197.079693359,197.800753349,201.264321164,200.140215898,199.931898231,199.822844467,200.025685015,201.684943794,199.657348055,201.419113768,201.808369396,200.917868766,201.382329964,200.865105552,200.948321603,203.396081446,203.696154199,206.018152105,205.90306609	2	tan	0.08	308000,,
325940	0.0,1.0,2.0,3.0,4.0,5.0,6.0,7.0,8.0,9.0,10.0,11.0,12.0,13.0,14.0,15.0,16.0,17.0,18.0,19.0	206.832430344,209.787676009,212.689252615,212.579853248,211.973108647,210.634441112,211.232031649,214.449417729,212.74123463,214.843674856,213.269477859,214.604528369,213.248498472,212.45924744,214.175081378,213.478883184,213.095577559,213.06395132,214.766019904,218.927907432	2	tan	0.08	308000,,
324011	0.0,1.0,2.0,3.0,4.0,5.0,6.0,7.0,8.0,9.0,10.0,11.0,12.0,13.0,14.0,15.0,16.0,17.0,18.0,19.0	206.468289681,210.413005381,212.078419466,211.657868872,214.464797182,214.237261904,212.986919306,211.605712621,213.277245539,214.402675822,213.130184143,215.665758429,214.205099891,212.222902528,212.645979578,213.312855664,213.543988955,215.425951159,218.640307421,220.010653594	2	tan	0.08	308000,,
327347	0.0,1.0,2.0,3.0,4.0,5.0,6.0,7.0,8.0,9.0,10.0,11.0,12.0,13.0,14.0,15.0,16.0,17.0,18.0,19.0	176.041920908,178.5985235,180.812175183,179.78308641,180.033757817,179.432658568,181.272635342,180.368562336,180.733585558,180.894753664,182.0852552,179.683966644,180.106697129,180.959241356,181.938948489,182.7821357,182.919809552,181.741439798,185.629690745,185.844765495	2	tan	0.08	308000,,
327194	0.0,1.0,2.0,3.0,4.0,5.0,6.0,7.0,8.0,9.0,10.0,11.0,12.0,13.0,14.0,15.0,16.0,17.0,18.0,19.0	175.326432093,180.582206238,181.055834663,182.867512364,181.979639654,183.846767813,183.317091659,181.60295799,181.528416876,183.261222836,183.906169965,183.309806677,183.682394214,183.386137591,183.118327316,183.99904454,184.226008217,186.681564961,186.016313609,190.183702725	2	tan	0.08	308000,,
325424	0.0,1.0,2.0,3.0,4.0,5.0,6.0,7.0,8.0,9.0,10.0,11.0,12.0,13.0,14.0,15.0,16.0,17.0,18.0,19.0	179.496365426,183.422315092,185.499156277,187.182941322,187.735163262,187.113572598,185.975739211,185.619723343,187.209278614,188.435289723,188.696864627,188.089768688,186.657394714,188.509643186,186.195512931,189.660198451,189.909997604,189.459931291,188.307137931,194.619014506	2	tan	0.08	308000,,
326436	0.0,1.0,2.0,3.0,4.0,5.0,6.0,7.0,8.0,9.0,10.0,11.0,12.0,13.0,14.0,15.0,16.0,17.0,18.0,19.0	201.235655341,204.52032172,205.770201086,203.719460813,205.598369824,206.277265373,207.438728474,204.086842351,205.405656312,207.464930549,204.93287161,204.457404833,206.365222155,206.823127174,208.864368112,205.518682224,206.316041279,207.606449062,211.232512687,210.784703447	2	tan	0.08	308000,,
327434	0.0,1.0,2.0,3.0,4.0,5.0,6.0,7.0,8.0,9.0,10.0,11.0,12.0,13.0,14.0,15.0,16.0,17.0,18.0,19.0	209.361224225,210.767206696,212.622814939,213.706354761,211.956726986,213.52774338,214.066704326,213.397374309,213.504765482,213.16180723,214.767738544,214.639996559,213.516260899,213.402716351,213.468764534,214.824452436,216.968814874,216.534980192,216.87778225,218.687621813	2	tan	0.08	308000,,
327063	0.0,1.0,2.0,3.0,4.0,5.0,6.0,7.0,8.0,9.0,10.0,11.0,12.0,13.0,14.0,15.0,16.0,17.0,18.0,19.0	186.446642796,192.236149213,191.566685451,193.940867057,191.515113358,193.431981888,194.853558394,192.059255374,192.799089738,193.628384369,193.740439988,194.932862091,194.955701316,195.185324826,194.402077577,196.78863059,196.535284929,194.320110968,196.243834999,199.545459139	2	tan	0.08	308000,,
325092	0.0,1.0,2.0,3.0,4.0,5.0,6.0,7.0,8.0,9.0,10.0,11.0,12.0,13.0,14.0,15.0,16.0,17.0,18.0,19.0	196.031100651,200.168901129,200.550136289,200.464232798,203.882900025,202.897617547,202.005896186,203.878852769,202.026109547,201.337144756,202.715129045,202.092196087,203.937301343,201.857654213,202.914039664,203.118838993,204.034666964,205.350245652,204.504616371,210.521711939	2	tan	0.08	308000,,
326060	0.0,1.0,2.0,3.0,4.0,5.0,6.0,7.0,8.0,9.0,10.0,11.0,12.0,13.0,14.0,15.0,16.0,17.0,18.0,19.0	176.144584509,179.410289466,180.78783055,182.49944581,181.528631822,183.260405514,182.020523065,182.311726329,180.927999694,181.458953581,180.285995869,183.17728604,184.403446678,183.233802297,183.123911843,184.727412266,184.243608847,186.112383406,186.904060005,190.162483771	2	tan	0.08	308000,,
327637	0.0,1.0,2.0,3.0,4.0,5.0,6.0,7.0,8.0,9.0,10.0,11.0,12.0,13.0,14.0,15.0,16.0,17.0,18.0,19.0	200.239069541,202.003454323,204.803720709,202.415504953,203.421654597,204.262286067,205.94610918,205.459481908,203.00052941,205.367981337,203.857828063,205.736623227,206.312942177,204.542172035,206.764555864,205.919602805,206.422268777,205.841281686,207.253291263,211.184341681	2	tan	0.08	308000,,
324639	0.0,1.0,2.0,3.0,4.0,5.0,6.0,7.0,8.0,9.0,10.0,11.0,12.0,13.0,14.0,15.0,16.0,17.0,18.0,19.0	179.282244767,181.671734581,183.506650839,186.492746571,186.200449946,187.70541256,184.59093667,186.395316875,188.253844229,186.307041828,187.885015699,185.707284408,188.315127289,188.378145643,186.921845559,188.855116752,187.449022952,190.381716904,189.14620108,192.738796117	2	tan	0.08	308000,,
324681	0.0,1.0,2.0,3.0,4.0,5.0,6.0,7.0,8.0,9.0,10.0,11.0,12.0,13.0,14.0,15.0,16.0,17.0,18.0,19.0	177.378291018,182.944248371,180.388201992,184.212231961,183.866447617,181.912814811,185.475848508,184.237079303,183.580388789,182.08363925,183.81577098,185.680180142,182.760156183,185.176484718,185.084950776,186.249139391,186.992879104,184.571434957,186.690708675,189.958609416	2	tan	0.08	308000,,
326530	0.0,1.0,2.0,3.0,4.0,5.0,6.0,7.0,8.0,9.0,10.0,11.0,12.0,13.0,14.0,15.0,16.0,17.0,18.0,19.0	178.405623005,181.615532226,183.789377533,186.142947223,184.497978128,185.339942875,184.717321667,185.769334273,187.282880949,184.13195934,185.83823729,184.483114632,187.303295319,186.067618913,188.507535276,186.458836403,187.64393764,189.2426814,188.076638492,192.875577468	2	tan	0.08	308000,,
325553	0.0,1.0,2.0,3.0,4.0,5.0,6.0,7.0,8.0,9.0,10.0,11.0,12.0,13.0,14.0,15.0,16.0,17.0,18.0,19.0	199.249808769,202.745176826,205.682369531,204.415905392,206.621601034,204.395699626,205.292875718,204.950287265,206.190969566,207.372942079,205.670155058,206.571576507,204.963824685,207.856096918,206.818692802,209.502952931,206.538691782,209.130899684,211.568783524,213.094731122	2	tan	0.08	308000,,
327288	0.0,1.0,2.0,3.0,4.0,5.0,6.0,7.0,8.0,9.0,10.0,11.0,12.0,13.0,14.0,15.0,16.0,17.0,18.0,19.0	204.186523419,209.395196137,209.504412732,212.191670177,210.285231616,211.068104245,212.039799503,213.266830266,211.285567558,210.340610379,212.763943641,211.362224713,211.946118999,212.075193971,214.014081335,213.135090249,213.847667233,215.065074538,214.762796158,216.81771182	2	tan	0.08	308000,,
327296	0.0,1.0,2.0,3.0,4.0,5.0,6.0,7.0,8.0,9.0,10.0,11.0,12.0,13.0,14.0,15.0,16.0,17.0,18.0,19.0	183.601879167,187.304354458,191.141721259,189.523522288,188.679168683,192.503453193,192.731554041,190.633192749,191.906707252,191.636755926,193.5011938,191.651696636,191.853032803,194.249293156,190.682235251,190.81311604,193.593064023,194.460090084,193.435876695,198.995901855	2	tan	0.08	308000,,
326261	0.0,1.0,2.0,3.0,4.0,5.0,6.0,7.0,8.0,9.0,10.0,11.0,12.0,13.0,14.0,15.0,16.0,17.0,18.0,19.0	174.08371775,176.736243931,180.10859714,181.233240588,181.435876552,178.419629498,179.026693365,179.483376668,182.470803054,178.996833488,180.825757603,182.885209564,180.560568614,183.422324696,182.05512236,182.304644542,184.07549562,183.359735724,184.677770187,187.752548688	2	tan	0.08	308000,,
324254	0.0,1.0,2.0,3.0,4.0,5.0,6.0,7.0,8.0,9.0,10.0,11.0,12.0,13.0,14.0,15.0,16.0,17.0,18.0,19.0	180.319815502,184.286094557,186.903459669,187.959926426,186.191297992,188.017316806,186.86905627,185.438447132,185.801752502,187.676193936,186.45564003,186.66875501,187.074091632,188.577559898,186.617788553,189.260213879,189.821552734,190.661026872,191.062038413,192.919907739	2	tan	0.08	308000,,
324038	0.0,1.0,2.0,3.0,4.0,5.0,6.0,7.0,8.0,9.0,10.0,11.0,12.0,13.0,14.0,15.0,16.0,17.0,18.0,19.0	198.278913153,199.979343394,201.038018636,201.011511384,201.599609283,201.077494124,201.669673866,204.117080304,202.304960175,201.938396404,204.810523854,202.224113728,204.922234587,201.403287956,205.340891784,204.347953815,202.773762161,204.385363909,204.465524277,207.651446301	2	tan	0.08	308000,,
326502	0.0,1.0,2.0,3.0,4.0,5.0,6.0,7.0,8.0,9.0,10.0,11.0,12.0,13.0,14.0,15.0,16.0,17.0,18.0,19.0	177.325159347,182.297661586,185.055433088,184.528209493,184.421503398,185.304843791,186.675311373,186.349170518,184.483280062,184.839594409,187.459932279,185.001692227,186.089157075,184.52738874,188.324630444,188.523900453,187.547067097,186.356166705,187.430807735,193.058247817	2	tan	0.08	308000,,
281961	0.0,1.0,2.0,3.0,4.0,5.0,6.0,7.0,8.0,9.0,10.0,11.0,12.0,13.0,14.0,15.0,16.0,17.0,18.0,19.0	3.8902417404,4.29970733599,4.75177659733,4.86992068118,6.9129459605,9.58360905526,11.9691573758,16.613742749,19.6662483592,23.5590113528,23.1789958452,23.9937496369,19.2561027821,16.5759355978,11.4041170945,9.82424967607,5.86750167062,5.09616208512,4.35899484295,3.89959912732	4	norm	0.08	264000,,
282507	0.0,1.0,2.0,3.0,4.0,5.0,6.0,7.0,8.0,9.0,10.0,11.0,12.0,13.0,14.0,15.0,16.0,17.0,18.0,19.0	-17.773747312,-17.7859119041,-17.2805275402,-15.9548566715,-16.2439490921,-12.5573962303,-9.96765907903,-6.31958528204,-2.85351843017,0.870201051564,1.59190358382,0.349637149878,-3.19640608177,-5.74714482256,-9.28357927046,-13.186796106,-15.4491243444,-16.1221986349,-18.1422839711,-18.3851422638	4	norm	0.08	264000,,
280816	0.0,1.0,2.0,3.0,4.0,5.0,6.0,7.0,8.0,9.0,10.0,11.0,12.0,13.0,14.0,15.0,16.0,17.0,18.0,19.0	-11.0417359795,-10.6375075095,-11.0542250257,-9.87894332188,-8.8662406366,-6.51007420313,-4.47307617835,-0.421143591486,3.38758316109,6.80868393059,8.08204684153,7.57185769872,3.79835880195,0.126657269459,-4.47147370185,-5.9413975798,-9.42521928022,-10.1306548992,-10.8881511496,-10.9895966373	4	norm	0.08	264000,,
280146	0.0,1.0,2.0,3.0,4.0,5.0,6.0,7.0,8.0,9.0,10.0,11.0,12.0,13.0,14.0,15.0,16.0,17.0,18.0,19.0	-15.3252452752,-13.8142159258,-14.6643019268,-12.7258904068,-12.5711161251,-9.83066978441,-6.45615837076,-2.4651299075,1.9318548988,2.89520178158,5.46540768838,3.13069921146,0.917556036567,-2.90347483711,-6.90801248859,-10.3627405593,-11.6442163066,-14.6318221887,-13.5429789702,-15.0820801075	4	norm	0.08	264000,,
281857	0.0,1.0,2.0,3.0,4.0,5.0,6.0,7.0,8.0,9.0,10.0,11.0,12.0,13.0,14.0,15.0,16.0,17.0,18.0,19.0	-3.74157890567,-3.93601647534,-2.48426482022,-2.47895238762,-0.341555906928,1.67459251786,4.35526017147,8.28005821251,13.3665216841,16.2917817506,16.6610325962,15.7011159713,12.4652724093,8.92855491662,3.77507730496,1.52879144034,-1.41784350509,-2.51373833261,-2.01071050954,-2.86475525209	4	norm	0.08	264000,,
280183	0.0,1.0,2.0,3.0,4.0,5.0,6.0,7.0,8.0,9.0,10.0,11.0,12.0,13.0,14.0,15.0,16.0,17.0,18.0,19.0	-13.4271375247,-13.4235170874,-14.2626081956,-13.2453435525,-11.2037074114,-8.92894600352,-5.27354693087,-1.69959100153,2.66003585827,5.20529666852,6.75237531458,4.725126917,1.30053063841,-1.20270773132,-5.13889317423,-8.47265363054,-11.9417259857,-12.4053039596,-13.1880251974,-13.2090731511	4	norm	0.08	264000,,
280140	0.0,1.0,2.0,3.0,4.0,5.0,6.0,7.0,8.0,9.0,10.0,11.0,12.0,13.0,14.0,15.0,16.0,17.0,18.0,19.0	9.20129503584,9.65840672868,9.63740614761,11.4723287371,11.8138216784,14.0072538316,17.5061797654,21.6494699054,26.0513881175,27.4357879648,28.9334201854,27.3215147908,25.4263120925,21.6967599727,17.1025996094,14.605919056,12.1885067987,10.5135331396,9.10064177941,9.30685776569	4	norm	0.08	264000,,
283461	0.0,1.0,2.0,3.0,4.0,5.0,6.0,7.0,8.0,9.0,10.0,11.0,12.0,13.0,14.0,15.0,16.0,17.0,18.0,19.0	-14.2575758752,-14.2773973234,-13.4420171871,-13.4524805272,-12.3032445189,-8.78072321583,-6.66589753212,-1.37947159926,2.05901883705,3.51768098573,6.35879711372,4.73156562076,1.87975274669,-3.28537724429,-5.39952301396,-8.8096835037,-12.6485605739,-14.0247875127,-14.5744501878,-14.8201451226	4	norm	0.08	264000,,
282142	0.0,1.0,2.0,3.0,4.0,5.0,6.0,7.0,8.0,9.0,10.0,11.0,12.0,13.0,14.0,15.0,16.0,17.0,18.0,19.0	-11.1076524601,-10.1232859614,-9.06242960236,-9.52122835593,-7.77789971412,-5.41471559746,-2.84623622164,0.875826986754,5.17295746944,8.18187649445,8.68764890918,8.42761775806,6.37387715564,1.16694800979,-1.47326278085,-5.57791625375,-8.18332875952,-8.9965577822,-9.21334546934,-11.1709059001	4	norm	0.08	264000,,
281734	0.0,1.0,2.0,3.0,4.0,5.0,6.0,7.0,8.0,9.0,10.0,11.0,12.0,13.0,14.0,15.0,16.0,17.0,18.0,19.0	9.55647232655,8.88069433208,10.5510075341,10.4969976881,12.6755617096,14.9931261966,17.6650249021,20.7292504876,24.3336175531,28.0001498015,28.4641093394,28.121337175,24.6596859877,22.1199732271,17.5784612077,14.1801995189,12.2422973952,11.3636292667,10.7938337476,9.10301065426	4	norm	0.08	264000,,
282653	0.0,1.0,2.0,3.0,4.0,5.0,6.0,7.0,8.0,9.0,10.0,11.0,12.0,13.0,14.0,15.0,16.0,17.0,18.0,19.0	-17.5380372699,-17.2730849584,-16.018084228,-15.9079942363,-15.6468575072,-11.6619117764,-8.53404218356,-5.15607077418,-1.97674050493,2.04316511863,1.95398232065,0.647306075432,-2.14262751176,-5.62248728619,-8.89793209184,-12.3917205052,-14.0543675132,-17.0168513572,-17.6123374938,-17.3263001818	4	norm	0.08	264000,,
283826	0.0,1.0,2.0,3.0,4.0,5.0,6.0,7.0,8.0,9.0,10.0,11.0,12.0,13.0,14.0,15.0,16.0,17.0,18.0,19.0	5.41506568241,4.24318122466,5.2075098813,5.12967046618,6.69164227232,8.46411897921,11.6357740901,16.6799074489,19.8845756625,23.7444650002,23.7116943101,22.8926074941,20.9271525095,15.7226214346,11.9116045849,9.70635168766,7.11851958434,6.17453150665,4.85398497476,4.14583120076	4	norm	0.08	264000,,
282145	0.0,1.0,2.0,3.0,4.0,5.0,6.0,7.0,8.0,9.0,10.0,11.0,12.0,13.0,14.0,15.0,16.0,17.0,18.0,19.0	-15.1173676149,-16.7270396624,-15.472828801,-13.9030901436,-12.8753334958,-11.4690565346,-7.33605832843,-4.0992256045,0.457436596773,2.13735790703,4.63295895262,2.14125740535,0.0191986484614,-3.12910591942,-7.19702615575,-11.9234515444,-14.316587038,-15.3952260482,-15.1555093789,-15.2014927269	4	norm	0.08	264000,,
280792	0.0,1.0,2.0,3.0,4.0,5.0,6.0,7.0,8.0,9.0,10.0,11.0,12.0,13.0,14.0,15.0,16.0,17.0,18.0,19.0	18.4380449062,18.3470204169,20.0727455999,20.2504986913,20.2971460842,22.9132719858,27.7710883166,30.9475504614,35.2282024178,38.3054313452,38.8771210596,37.1026128792,34.9394561348,29.8156756575,27.2179378254,23.9635026066,20.4044141528,19.5777002249,19.3400078058,19.3468909984	4	norm	0.08	264000,,
280508	0.0,1.0,2.0,3.0,4.0,5.0,6.0,7.0,8.0,9.0,10.0,11.0,12.0,13.0,14.0,15.0,16.0,17.0,18.0,19.0	7.9653710242,7.18107249454,7.60541854349,8.26877403437,8.9132365744,11.9991596916,14.2533673101,19.5965560049,23.5052218398,25.922419155,27.4473662486,25.697177771,23.906658262,18.8061752631,15.4766722526,11.2995517265,10.0905747971,7.6310201729,7.70342024594,7.49092452443	4	norm	0.08	264000,,
281316	0.0,1.0,2.0,3.0,4.0,5.0,6.0,7.0,8.0,9.0,10.0,11.0,12.0,13.0,14.0,15.0,16.0,17.0,18.0,19.0	-20.5597935432,-19.9439499566,-19.6777142239,-18.1040252611,-17.7173539769,-14.0374051118,-12.3747623262,-7.41713835952,-3.78370233611,-0.997447980866,0.121102821632,-1.60881403901,-3.13582798845,-7.31026020871,-10.9688833448,-15.3451685939,-17.6189830574,-18.0516253337,-19.7799847787,-19.522568784	4	norm	0.08	264000,,
280841	0.0,1.0,2.0,3.0,4.0,5.0,6.0,7.0,8.0,9.0,10.0,11.0,12.0,13.0,14.0,15.0,16.0,17.0,18.0,19.0	0.653070178037,1.15041282952,1.67612593065,1.07761540419,3.54832223106,5.30328135389,7.7290613191,12.3512981512,16.0580113218,19.4067094817,20.0533024165,19.6435780203,17.1256735243,11.7026541712,8.68188353187,5.67878348712,3.26021337567,2.18125470255,1.14753640444,-0.328626634572	4	norm	0.08	264000,,
281240	0.0,1.0,2.0,3.0,4.0,5.0,6.0,7.0,8.0,9.0,10.0,11.0,12.0,13.0,14.0,15.0,16.0,17.0,18.0,19.0	18.4797746234,18.8298963474,20.5219460729,20.9170269134,22.7196192627,23.5906906924,27.7554959532,31.3748865675,35.5472082335,38.4731584912,40.1600318631,37.4260975606,34.63901417,31.7922227037,27.4608960956,23.3876323624,22.2683169614,21.3974266323,20.1715385773,19.5882437247	4	norm	0.08	264000,,
281351	0.0,1.0,2.0,3.0,4.0,5.0,6.0,7.0,8.0,9.0,10.0,11.0,12.0,13.0,14.0,15.0,16.0,17.0,18.0,19.0	15.1626898633,14.1882156998,16.1631930454,16.5528947276,16.8969643551,18.7426846226,22.9117740836,26.2859557082,30.0705155701,32.8139758129,34.3296491665,33.1443723049,31.2137992382,26.0421890537,23.6267151906,19.8510085421,16.6429369415,16.8653983906,16.2015741244,15.5910455235	4	norm	0.08	264000,,
282216	0.0,1.0,2.0,3.0,4.0,5.0,6.0,7.0,8.0,9.0,10.0,11.0,12.0,13.0,14.0,15.0,16.0,17.0,18.0,19.0	15.0078039028,15.1916222666,15.2882836121,17.2185710896,17.5770376084,20.2946399035,24.5517054333,26.9174228294,31.6649367316,33.4711553315,34.8874408955,33.6442148147,31.5671412456,26.7653299572,24.4789403367,21.0563790949,17.7902170169,16.9471690616,16.7759105798,15.8472495184	4	norm	0.08	264000,,
282585	0.0,1.0,2.0,3.0,4.0,5.0,6.0,7.0,8.0,9.0,10.0,11.0,12.0,13.0,14.0,15.0,16.0,17.0,18.0,19.0	3.23058888462,3.65107962871,3.37178482069,4.31850366938,5.53344282815,7.80840599899,11.7693487392,14.9090276247,19.9189520068,21.256684855,23.8673325274,21.3777973705,18.4784612769,14.6996772412,10.6256144741,7.44957388237,5.76504842648,4.54438346659,4.44185876502,3.35403557135	4	norm	0.08	264000,,
283047	0.0,1.0,2.0,3.0,4.0,5.0,6.0,7.0,8.0,9.0,10.0,11.0,12.0,13.0,14.0,15.0,16.0,17.0,18.0,19.0	2.88040638924,2.9989882625,4.64114443912,5.88378196879,6.75483544706,9.21223226839,12.3345958965,16.4005842037,19.385236318,22.1760021756,23.3517169519,21.9613533797,18.8414308243,14.9300135392,12.0259695081,9.17435435375,6.31801011067,4.94604547138,3.7535581798,4.17967307151	4	norm	0.08	264000,,
280365	0.0,1.0,2.0,3.0,4.0,5.0,6.0,7.0,8.0,9.0,10.0,11.0,12.0,13.0,14.0,15.0,16.0,17.0,18.0,19.0	10.0681694377,9.96972804053,10.524223507,11.1742420492,13.5889090097,15.0731255379,17.6876791234,21.6969231915,26.7045929506,29.2435438405,30.401276448,28.7926820793,26.771766402,21.6977549246,17.6519153194,14.4690660562,12.5916161292,10.9525651489,11.6652408455,11.0858797111	4	norm	0.08	264000,,
280303	0.0,1.0,2.0,3.0,4.0,5.0,6.0,7.0,8.0,9.0,10.0,11.0,12.0,13.0,14.0,15.0,16.0,17.0,18.0,19.0	-15.754275601,-15.5637043816,-14.5231204717,-13.8068226911,-11.7942139716,-9.31110339724,-7.65980629003,-2.68111881866,1.72662281004,4.69680605594,3.84200442933,3.12495829251,0.282058794099,-3.39595870989,-6.21806741629,-9.83270602172,-12.6730064658,-13.991682237,-14.7826681661,-14.7083045224	4	norm	0.08	264000,,
281618	0.0,1.0,2.0,3.0,4.0,5.0,6.0,7.0,8.0,9.0,10.0,11.0,12.0,13.0,14.0,15.0,16.0,17.0,18.0,19.0	-18.6523419587,-18.2909068781,-19.7158786032,-17.6154582786,-15.8327753144,-14.7654803628,-11.4479084084,-6.63396573853,-3.99570962433,-0.319731078824,0.895354442665,-0.102136711173,-3.92560149242,-6.62062177244,-10.7728601921,-13.8202260356,-15.8694576266,-18.2016239619,-18.3432125789,-19.8555885399	4	norm	0.08	264000,,
283196	0.0,1.0,2.0,3.0,4.0,5.0,6.0,7.0,8.0,9.0,10.0,11.0,12.0,13.0,14.0,15.0,16.0,17.0,18.0,19.0	-13.507698531,-13.5383566168,-13.9906749561,-12.288043973,-11.3550313006,-8.99725159796,-6.07176103527,-1.40256215302,1.27859764889,4.99403105314,5.87578236953,4.41186383017,2.58732807713,-1.827849817,-5.16576956823,-9.33622845407,-11.289248933,-13.3279772489,-13.489356606,-13.0133432349	4	norm	0.08	264000,,
283360	0.0,1.0,2.0,3.0,4.0,5.0,6.0,7.0,8.0,9.0,10.0,11.0,12.0,13.0,14.0,15.0,16.0,17.0,18.0,19.0	-8.71654136259,-7.33760112039,-6.68487690096,-7.26207332585,-5.48873969534,-2.15917973752,0.117065524088,5.03486076232,8.58680043025,10.8267279308,12.2271834002,11.8227062209,7.76761147807,4.93293874441,-0.00569009498466,-2.74962421639,-4.32156936909,-5.76514718495,-7.55614784265,-6.65658194018	4	norm	0.08	264000,,
281189	0.0,1.0,2.0,3.0,4.0,5.0,6.0,7.0,8.0,9.0,10.0,11.0,12.0,13.0,14.0,15.0,16.0,17.0,18.0,19.0	6.53594096768,6.98752887625,5.84870491242,6.73628228228,8.09470607764,11.351401815,14.6490854395,18.3226520342,22.7322771107,24.1908215627,26.8102062452,25.8731116292,22.0683644405,18.939288818,15.252479507,11.7715278305,8.11401824765,6.78753486997,6.96730411934,7.07917999533	4	norm	0.08	264000,,
282273	0.0,1.0,2.0,3.0,4.0,5.0,6.0,7.0,8.0,9.0,10.0,11.0,12.0,13.0,14.0,15.0,16.0,17.0,18.0,19.0	2.37575512698,1.85849824291,1.77767292095,2.77805835918,4.69012552417,7.91112066636,10.6909246869,15.0865436834,18.6983041014,21.9201377073,21.8936802159,21.0754033211,18.3225839319,14.8303928522,10.34429632,6.62166710383,3.80721912947,3.66386736345,3.192125163,2.74647037174	4	norm	0.08	264000,,
283208	0.0,1.0,2.0,3.0,4.0,5.0,6.0,7.0,8.0,9.0,10.0,11.0,12.0,13.0,14.0,15.0,16.0,17.0,18.0,19.0	-4.20183810704,-4.47709396764,-3.85891288501,-2.75752263015,-0.777930518284,0.976312371292,3.30663990849,7.25659370938,10.7122687477,13.8691164945,15.3732824256,14.2672739036,10.8694913854,8.28858342298,3.81373070378,0.350470832821,-2.03983304594,-3.62257639393,-4.54743701451,-4.08625574259	4	norm	0.08	264000,,
281400	0.0,1.0,2.0,3.0,4.0,5.0,6.0,7.0,8.0,9.0,10.0,11.0,12.0,13.0,14.0,15.0,16.0,17.0,18.0,19.0	-0.629066868484,0.342524362569,0.423894757514,1.79764429914,2.79975799373,4.44099134999,7.56872759765,10.9769512339,14.7896861183,18.16298179,20.5976822292,18.0645275987,15.7026720592,11.0354948062,7.06908796973,4.71613750802,1.6377107025,1.45436728098,-0.358048421244,-0.389332566294	4	norm	0.08	264000,,
283033	0.0,1.0,2.0,3.0,4.0,5.0,6.0,7.0,8.0,9.0,10.0,11.0,12.0,13.0,14.0,15.0,16.0,17.0,18.0,19.0	-15.117159953,-14.6951967192,-14.4101984475,-15.1478763643,-13.9757178928,-11.372735424,-7.27308525311,-4.17536385385,-0.433274228471,3.52581718614,3.24741471739,2.54690842037,0.921249922193,-3.70917048636,-7.65137502877,-11.3077879868,-12.299852738,-15.4268956396,-14.4419017938,-16.0371625787	4	norm	0.08	264000,,
283073	0.0,1.0,2.0,3.0,4.0,5.0,6.0,7.0,8.0,9.0,10.0,11.0,12.0,13.0,14.0,15.0,16.0,17.0,18.0,19.0	-10.117423155,-8.52363159658,-8.21753125811,-7.23378721295,-6.34224704423,-4.63959338519,-1.22010892828,2.49121532376,7.47657831731,10.3196319279,9.96105242153,9.31001274745,5.7819298436,2.24241547451,-2.07391310626,-4.82945381898,-6.93356731059,-7.81260263069,-8.6393534478,-9.36132665264	4	norm	0.08	264000,,
280559	0.0,1.0,2.0,3.0,4.0,5.0,6.0,7.0,8.0,9.0,10.0,11.0,12.0,13.0,14.0,15.0,16.0,17.0,18.0,19.0	12.8126847774,11.0738833105,12.8925604667,13.7038993875,15.2459433287,17.0041025598,19.9745012461,24.7188551225,27.8262207101,29.6489062596,31.5838161616,30.9596411812,27.8060803431,24.6204212511,19.007713812,16.3318399646,15.0143741489,13.4696147396,12.8703716106,12.2240491986	4	norm	0.08	264000,,
281078	0.0,1.0,2.0,3.0,4.0,5.0,6.0,7.0,8.0,9.0,10.0,11.0,12.0,13.0,14.0,15.0,16.0,17.0,18.0,19.0	11.9290148623,11.9604598307,10.9735624676,13.1863027302,13.453399074,16.9903057952,20.1867259945,23.1528269643,27.2866720578,30.3426479546,30.7663005395,29.3208755665,26.8418772503,22.4137349763,20.2447152587,16.2503504267,14.4291411799,12.3080163251,11.3805467214,11.0292080791	4	norm	0.08	264000,,
281849	0.0,1.0,2.0,3.0,4.0,5.0,6.0,7.0,8.0,9.0,10.0,11.0,12.0,13.0,14.0,15.0,16.0,17.0,18.0,19.0	19.4089193985,18.4795674374,18.7615446656,19.5461550434,22.0300929517,24.1139761272,26.7968571913,30.36358092,34.335653016,37.2949168444,39.2767520148,38.9204765738,35.4846620662,31.9363730468,28.1854707519,24.8256164396,22.5340663775,20.6346484882,19.4027445985,20.3116486365	4	norm	0.08	264000,,
282336	0.0,1.0,2.0,3.0,4.0,5.0,6.0,7.0,8.0,9.0,10.0,11.0,12.0,13.0,14.0,15.0,16.0,17.0,18.0,19.0	-14.9204930179,-15.7317023792,-15.139710558,-15.1746882656,-12.3558464732,-10.5882979675,-6.64840462603,-2.49780894618,-0.0655541521569,3.87256712752,4.01806085564,3.30356796503,0.569374721323,-3.54326561178,-6.43949937318,-10.7268733587,-12.0762815408,-15.0217938571,-14.058779891,-14.5188671723	4	norm	0.08	264000,,
283976	0.0,1.0,2.0,3.0,4.0,5.0,6.0,7.0,8.0,9.0,10.0,11.0,12.0,13.0,14.0,15.0,16.0,17.0,18.0,19.0	7.46521613834,6.81240169061,8.94784150243,7.89629696638,9.88580516198,12.0611920469,16.7607940724,20.4376786909,23.7484019237,25.8936840245,27.7641202103,26.6372557124,23.6216907942,20.5313407993,14.8189184061,11.6771950931,9.73868832499,8.86098960577,8.14533088634,7.59984027882	4	norm	0.08	264000,,
281666	0.0,1.0,2.0,3.0,4.0,5.0,6.0,7.0,8.0,9.0,10.0,11.0,12.0,13.0,14.0,15.0,16.0,17.0,18.0,19.0	-9.21743698625,-7.72360301526,-9.09845484987,-6.79406483401,-6.83376750593,-4.13284310981,0.231695552985,3.57155853414,6.63763325957,9.3338288149,11.6275476949,8.95722286639,7.99479805482,3.53164888154,-0.697312187739,-3.52687866737,-7.11589003248,-7.89403169863,-7.75800335887,-8.06470185726	4	norm	0.08	264000,,
280776	0.0,1.0,2.0,3.0,4.0,5.0,6.0,7.0,8.0,9.0,10.0,11.0,12.0,13.0,14.0,15.0,16.0,17.0,18.0,19.0	5.50813186382,5.73076936705,5.53947747735,5.53931679491,6.47590950085,10.1869375976,12.0910495335,17.3212887088,20.4709794181,23.9025390327,24.7721941237,23.4077297952,21.4519334986,17.5164969611,11.9263853569,8.99101297816,7.63658635003,5.3248726715,5.85363769788,4.50493632653	4	norm	0.08	264000,,
283542	0.0,1.0,2.0,3.0,4.0,5.0,6.0,7.0,8.0,9.0,10.0,11.0,12.0,13.0,14.0,15.0,16.0,17.0,18.0,19.0	18.5668674528,18.4408010346,18.5619543782,21.0867591983,21.869898022,24.7679611062,26.3309561774,30.7275792205,35.7451896673,38.5957146153,38.8983426652,36.7861911059,35.2179091653,31.7300650118,26.0805753914,24.2112900014,21.9346151165,19.8524011703,18.4869751895,19.9980515797	4	norm	0.08	264000,,
280203	0.0,1.0,2.0,3.0,4.0,5.0,6.0,7.0,8.0,9.0,10.0,11.0,12.0,13.0,14.0,15.0,16.0,17.0,18.0,19.0	-10.889426911,-10.3892261344,-11.4428692539,-10.9558915713,-9.06164634766,-5.503119703,-2.27216866436,0.385450029253,3.76955830478,7.01885422048,9.05498496391,7.44270993188,3.65138306035,0.157329494384,-2.58739061241,-5.74856248848,-7.87676108169,-10.5699995734,-10.674192238,-11.6614883955	4	norm	0.08	264000,,
281089	0.0,1.0,2.0,3.0,4.0,5.0,6.0,7.0,8.0,9.0,10.0,11.0,12.0,13.0,14.0,15.0,16.0,17.0,18.0,19.0	0.488013352667,1.61378662999,2.60946974011,2.74922208347,4.10857442372,7.12345088092,10.0950555082,14.2673061065,17.7124272289,19.8996016328,20.9656515493,19.3084351046,17.6558580116,12.6243122578,9.04015954862,5.68722810115,3.47106437593,1.79780840063,1.67095935525,1.46398522682	4	norm	0.08	264000,,
281327	0.0,1.0,2.0,3.0,4.0,5.0,6.0,7.0,8.0,9.0,10.0,11.0,12.0,13.0,14.0,15.0,16.0,17.0,18.0,19.0	11.7300917904,11.8714785146,12.0018331912,12.8895691784,13.3990837224,16.1105953615,19.8207335908,23.4358849794,27.557936655,29.4720512718,31.8983171372,30.4626369425,26.8844431286,24.2284596773,19.5098138344,16.8965832064,13.5001316705,13.0456345402,12.4573760232,11.4909467444	4	norm	0.08	264000,,
282975	0.0,1.0,2.0,3.0,4.0,5.0,6.0,7.0,8.0,9.0,10.0,11.0,12.0,13.0,14.0,15.0,16.0,17.0,18.0,19.0	3.3416174828,2.52852037569,2.51509136047,2.88156853816,4.9691878792,6.78922136035,10.2128168368,14.6987083333,19.349503205,21.8951629632,22.1880920857,21.4088324915,19.2285063591,14.3525390495,11.4877424281,6.90247454885,4.93893130586,4.17770278889,2.9766678319,2.67510091654	4	norm	0.08	264000,,
280333	0.0,1.0,2.0,3.0,4.0,5.0,6.0,7.0,8.0,9.0,10.0,11.0,12.0,13.0,14.0,15.0,16.0,17.0,18.0,19.0	1.86427217204,3.62138319533,3.58753244706,3.31464131303,5.41309265915,7.30066207997,11.2343900051,15.1650219917,19.306549588,21.6809760893,22.7448588161,22.2011275983,19.3134337157,14.6792983175,10.8441787918,8.31561930366,4.39159222547,3.14685518097,2.21067994655,2.25561021569	4	norm	0.08	264000,,
282424	0.0,1.0,2.0,3.0,4.0,5.0,6.0,7.0,8.0,9.0,10.0,11.0,12.0,13.0,14.0,15.0,16.0,17.0,18.0,19.0	-19.332247566,-17.8521111007,-17.4708477075,-16.7331151805,-15.3587753249,-13.1864771932,-9.59049547982,-7.37277909329,-3.03900776128,1.01383742608,0.721471684878,-0.461417081952,-3.70238615841,-6.81722350955,-9.96706892685,-13.547229661,-15.929678213,-17.3681411596,-17.6282552658,-17.9881872308	4	norm	0.08	264000,,
280763	0.0,1.0,2.0,3.0,4.0,5.0,6.0,7.0,8.0,9.0,10.0,11.0,12.0,13.0,14.0,15.0,16.0,17.0,18.0,19.0	-7.16731959431,-5.61274925646,-5.25616002229,-5.02548646789,-3.78974948234,-2.17130909477,1.24582056535,5.33175293518,10.0567521534,12.3628906968,13.7369442493,12.6880400834,9.12696373639,5.42478276327,1.27839790779,-2.30677673158,-2.71655652437,-5.18762325365,-5.20200985647,-6.46658724675	4	norm	0.08	264000,,
282755	0.0,1.0,2.0,3.0,4.0,5.0,6.0,7.0,8.0,9.0,10.0,11.0,12.0,13.0,14.0,15.0,16.0,17.0,18.0,19.0	-8.67999058228,-8.89322209014,-7.56929721088,-6.77741830215,-5.38304771931,-3.19981562854,-0.139450868072,3.59709133291,7.03980501693,10.3362435288,11.8632017409,10.5499682361,7.66069008417,4.35843466783,0.291682877087,-4.12224147133,-4.95254883115,-7.28040014898,-8.28421672849,-8.37123610099	4	norm	0.08	264000,,
282714	0.0,1.0,2.0,3.0,4.0,5.0,6.0,7.0,8.0,9.0,10.0,11.0,12.0,13.0,14.0,15.0,16.0,17.0,18.0,19.0	-13.8161710914,-12.9499545353,-11.625044076,-12.5545866565,-11.103658211,-7.18020545892,-5.72618606952,-0.219127481456,2.88786279044,6.04532789246,6.41602938555,5.45875025151,3.32279874376,-0.439449442073,-5.52966485243,-7.84460136939,-11.1440482008,-11.2227061886,-13.058546068,-12.603784486	4	norm	0.08	264000,,
280147	0.0,1.0,2.0,3.0,4.0,5.0,6.0,7.0,8.0,9.0,10.0,11.0,12.0,13.0,14.0,15.0,16.0,17.0,18.0,19.0	10.9212734495,10.7642552272,11.9461498285,12.7911333998,14.0785995404,16.0525308554,18.9889287476,22.3550311621,25.8824973523,30.1168059732,31.525266845,30.0278083838,25.9792224668,23.0612849979,19.7672706326,15.150187167,14.3996052405,11.6187137179,10.7006408223,10.0752174104	4	norm	0.08	264000,,
281423	0.0,1.0,2.0,3.0,4.0,5.0,6.0,7.0,8.0,9.0,10.0,11.0,12.0,13.0,14.0,15.0,16.0,17.0,18.0,19.0	-2.75065051422,-1.37454278176,-2.15539734203,-0.528123085484,1.59754392685,2.98134497068,6.21543499656,9.62587041198,13.7348495007,16.9034359675,17.4264361157,17.3010926162,13.8657814242,10.487532222,5.5653682148,2.76523029706,-0.22342987667,0.15961666678,-1.15451768219,-2.31946435473	4	norm	0.08	264000,,
280061	0.0,1.0,2.0,3.0,4.0,5.0,6.0,7.0,8.0,9.0,10.0,11.0,12.0,13.0,14.0,15.0,16.0,17.0,18.0,19.0	19.9371494342,19.3661185675,20.1396031256,20.7359023371,21.9671749996,24.0553386455,28.4970725423,31.6920875265,35.2356537775,39.261317093,39.3331171412,38.6689057713,35.8692578861,32.5687586387,27.4792029806,25.4519692875,21.5587966632,21.0477377928,20.1186864166,20.688468952	4	norm	0.08	264000,,
283988	0.0,1.0,2.0,3.0,4.0,5.0,6.0,7.0,8.0,9.0,10.0,11.0,12.0,13.0,14.0,15.0,16.0,17.0,18.0,19.0	-14.207949662,-13.3934180696,-12.7597569638,-13.3686261289,-11.0649549263,-8.27518014134,-5.21017245971,-2.01664677964,2.31164232472,5.12728257684,5.42140183894,4.78588023168,0.962381648436,-2.98012711303,-5.64610438787,-8.75195333208,-12.2337305084,-11.9449931615,-12.6247969303,-14.2057859876	4	norm	0.08	264000,,
280525	0.0,1.0,2.0,3.0,4.0,5.0,6.0,7.0,8.0,9.0,10.0,11.0,12.0,13.0,14.0,15.0,16.0,17.0,18.0,19.0	-10.8397364825,-11.7184834061,-12.1270462092,-9.54766428851,-8.99900386211,-7.5584937462,-3.40854895387,-0.45881468516,3.7921219411,6.88871109775,7.43408857247,7.3504418506,3.79932518607,0.123952535322,-3.18205503751,-6.75246986902,-9.01527347597,-10.5675306588,-10.5244900709,-12.2803970054	4	norm	0.08	264000,,
281496	0.0,1.0,2.0,3.0,4.0,5.0,6.0,7.0,8.0,9.0,10.0,11.0,12.0,13.0,14.0,15.0,16.0,17.0,18.0,19.0	-0.719269778911,-0.848461296351,-0.7098758534,-0.672469519826,1.84641853569,3.8207950842,7.18537187372,10.623356385,14.2669583407,17.8332103661,18.5120523915,17.1806736295,13.7036088047,10.8059212994,6.88367541327,3.64135229349,1.72455770791,-0.144961010146,-1.30312543088,-1.78806101497	4	norm	0.08	264000,,
282955	0.0,1.0,2.0,3.0,4.0,5.0,6.0,7.0,8.0,9.0,10.0,11.0,12.0,13.0,14.0,15.0,16.0,17.0,18.0,19.0	-7.17452144691,-6.02047595973,-6.96290963207,-5.36929184124,-4.46482169383,-2.68152716893,1.67855680231,4.48244520582,8.29158365416,12.5715029165,12.3847947046,11.2139565101,8.82664212462,5.09310601001,0.932075642213,-2.46542859039,-4.38256026276,-6.10901404858,-5.55473998175,-6.5198199574	4	norm	0.08	264000,,
281951	0.0,1.0,2.0,3.0,4.0,5.0,6.0,7.0,8.0,9.0,10.0,11.0,12.0,13.0,14.0,15.0,16.0,17.0,18.0,19.0	-12.2231255803,-11.0038787164,-12.0856968623,-10.1641859199,-10.2109178503,-7.84630287151,-4.09000875444,-0.519261407914,4.9767986713,7.12548889126,8.01087658993,6.05955300214,3.16329866619,0.279729805149,-3.01277747822,-7.62342829737,-8.50690135265,-10.2976614588,-10.6097610552,-11.4682724214	4	norm	0.08	264000,,
280468	0.0,1.0,2.0,3.0,4.0,5.0,6.0,7.0,8.0,9.0,10.0,11.0,12.0,13.0,14.0,15.0,16.0,17.0,18.0,19.0	13.2311760249,13.1340376598,14.2305632092,14.6024683537,15.7212412925,18.5055692186,20.8129291477,25.5534904257,29.6013372683,32.6097556562,33.5613911418,32.8923026604,29.8382048297,26.1035623696,21.6085510323,17.628004164,15.9670592348,13.8272863387,14.024013985,12.90925336	4	norm	0.08	264000,,
281009	0.0,1.0,2.0,3.0,4.0,5.0,6.0,7.0,8.0,9.0,10.0,11.0,12.0,13.0,14.0,15.0,16.0,17.0,18.0,19.0	9.89397399884,10.9104830747,10.3028508429,10.8459660541,12.5472573958,16.0402348409,19.2212524216,23.171343316,25.2658026455,29.2083579137,29.8117818827,29.3394768277,25.2491929851,21.8835778358,18.6513990814,14.8016991123,12.0753383303,12.2391647289,10.786422223,10.1979560904	4	norm	0.08	264000,,
280394	0.0,1.0,2.0,3.0,4.0,5.0,6.0,7.0,8.0,9.0,10.0,11.0,12.0,13.0,14.0,15.0,16.0,17.0,18.0,19.0	6.28530927274,6.39768803332,6.41117863808,7.2372348791,7.92738533792,9.4098419376,12.5979330974,16.5439223276,22.2718495077,25.1026161512,24.8319671351,23.8875910781,21.9957497742,18.221895106,13.9690358,10.1819160038,7.41655267688,6.53356932917,6.58384732844,5.58850331047	4	norm	0.08	264000,,
280162	0.0,1.0,2.0,3.0,4.0,5.0,6.0,7.0,8.0,9.0,10.0,11.0,12.0,13.0,14.0,15.0,16.0,17.0,18.0,19.0	3.15014058933,3.69715373142,3.83729320746,3.97665261454,5.9711359249,7.14630555323,11.4026688713,15.0442251661,19.2552976856,21.3205013655,23.3668120814,21.9127862169,19.1857691081,14.6303617952,9.97649598383,6.7474279838,4.74732369801,3.19629059423,2.40416696223,1.72461752158	4	norm	0.08	264000,,
282804	0.0,1.0,2.0,3.0,4.0,5.0,6.0,7.0,8.0,9.0,10.0,11.0,12.0,13.0,14.0,15.0,16.0,17.0,18.0,19.0	4.25883927017,5.2095974341,6.22889841641,5.64179989764,8.36819674229,9.99997813233,13.3025053207,16.7058972956,21.7117683921,23.5092415995,25.2597717127,23.7005080444,21.3331277821,16.1562869916,14.0717250397,10.6802692712,7.15930705335,5.54564414632,6.48072570132,4.28431507481	4	norm	0.08	264000,,
282590	0.0,1.0,2.0,3.0,4.0,5.0,6.0,7.0,8.0,9.0,10.0,11.0,12.0,13.0,14.0,15.0,16.0,17.0,18.0,19.0	-0.630356106514,1.04745178499,-0.230482138632,0.933421242659,2.18156929056,4.06251713546,8.91560232716,11.0678835992,15.4196581488,18.9746560817,20.5388386608,18.3621529186,15.3751057353,12.0393299644,8.61132595101,5.52684928993,2.23540793482,2.09335231867,0.254009481413,0.922657246112	4	norm	0.08	264000,,
280552	0.0,1.0,2.0,3.0,4.0,5.0,6.0,7.0,8.0,9.0,10.0,11.0,12.0,13.0,14.0,15.0,16.0,17.0,18.0,19.0	7.09240554625,8.07633777959,7.0554644856,9.27381006368,9.62067051159,12.599300815,14.8992356708,18.2731169748,22.8381934828,25.58304363,27.4138374142,25.6211541165,22.3304300556,19.8768849658,15.4513592505,12.0112100952,10.5494457798,8.24506130662,7.12966946494,7.44160193207	4	norm	0.08	264000,,
280398	0.0,1.0,2.0,3.0,4.0,5.0,6.0,7.0,8.0,9.0,10.0,11.0,12.0,13.0,14.0,15.0,16.0,17.0,18.0,19.0	5.55681063914,4.14688484909,4.92474858699,5.98411079615,6.89580269229,10.2791820387,12.1271472543,16.0535049921,21.4175231677,23.6962626865,24.2409379792,24.0091445607,21.2881434408,16.8805998348,12.2249786313,10.2044139295,7.11419451049,5.18561415163,4.99058781,3.88608777115	4	norm	0.08	264000,,
281198	0.0,1.0,2.0,3.0,4.0,5.0,6.0,7.0,8.0,9.0,10.0,11.0,12.0,13.0,14.0,15.0,16.0,17.0,18.0,19.0	-6.40379644014,-6.58805476622,-6.10779722093,-5.89896966985,-3.63103546462,-1.88406322018,0.339383842386,4.16549587924,8.21166908395,12.3610064921,13.4827179372,11.5980127394,8.84687443301,5.79849783367,0.267766134409,-2.50356002167,-4.38516601875,-6.04197400751,-6.58310205248,-6.40319485839	4	norm	0.08	264000,,
281210	0.0,1.0,2.0,3.0,4.0,5.0,6.0,7.0,8.0,9.0,10.0,11.0,12.0,13.0,14.0,15.0,16.0,17.0,18.0,19.0	-14.7451989045,-13.1694790181,-13.286297932,-12.7630130677,-10.6146313714,-9.10027634569,-6.30619522139,-2.44871121465,1.21738723806,5.486506901,6.67575981995,4.18048145481,1.42402792913,-1.91452320389,-6.87673939671,-8.78710896424,-10.7644604261,-12.9132815043,-12.7309924422,-14.3797518498	4	norm	0.08	264000,,
283587	0.0,1.0,2.0,3.0,4.0,5.0,6.0,7.0,8.0,9.0,10.0,11.0,12.0,13.0,14.0,15.0,16.0,17.0,18.0,19.0	10.9330047482,10.8115112695,11.8862392317,11.3838488771,13.5289381307,15.1505955718,18.9572804503,23.7437881735,27.3490522585,28.8507562634,30.3729540041,30.7410399426,26.112487804,23.2685055408,18.6207113406,16.5208934677,14.2037230961,12.3490231688,11.767175931,10.7785269035	4	norm	0.08	264000,,
280565	0.0,1.0,2.0,3.0,4.0,5.0,6.0,7.0,8.0,9.0,10.0,11.0,12.0,13.0,14.0,15.0,16.0,17.0,18.0,19.0	12.4390837803,13.4665501905,13.3518996967,14.6163268983,16.4762736728,17.7735764741,20.8575374264,25.3273995072,28.2332489388,31.5451314092,31.9331105493,31.8175856803,28.0543885115,24.4924579351,21.8028803851,17.9362854644,15.8222410664,14.8151982988,12.5176989763,13.8604207511	4	norm	0.08	264000,,
280253	0.0,1.0,2.0,3.0,4.0,5.0,6.0,7.0,8.0,9.0,10.0,11.0,12.0,13.0,14.0,15.0,16.0,17.0,18.0,19.0	-3.13658174619,-1.90665642262,-3.13422258924,-1.41915189871,0.764408510326,2.47078078792,5.8761122959,9.12558650372,12.9031751945,16.6865900784,16.2658908196,15.4971949374,13.5785283338,8.80837268743,4.62162961401,2.91767079862,-0.401107873937,-0.721149277595,-2.83013466965,-1.69174833104	4	norm	0.08	264000,,
283243	0.0,1.0,2.0,3.0,4.0,5.0,6.0,7.0,8.0,9.0,10.0,11.0,12.0,13.0,14.0,15.0,16.0,17.0,18.0,19.0	7.01933824876,6.21371432269,7.54496690241,7.75497391105,10.6581228907,12.7521229559,14.3453689464,19.1294074993,23.3587825527,24.8647673353,27.367195018,26.1215152198,23.5897021986,19.0580492219,15.5869968606,12.4763887353,9.51664461733,7.59716135186,6.93059472022,6.30313949978	4	norm	0.08	264000,,
282287	0.0,1.0,2.0,3.0,4.0,5.0,6.0,7.0,8.0,9.0,10.0,11.0,12.0,13.0,14.0,15.0,16.0,17.0,18.0,19.0	3.35481353445,3.8810638911,4.54530123942,4.20040752981,6.45712004181,8.26674145157,11.3207106145,16.3472202284,19.8440857258,23.3132635059,24.2189097074,22.493970569,20.4384806058,16.6411085377,11.6983739479,8.48197917229,5.80515405619,4.36517463456,3.57335023531,4.40240569064	4	norm	0.08	264000,,
280148	0.0,1.0,2.0,3.0,4.0,5.0,6.0,7.0,8.0,9.0,10.0,11.0,12.0,13.0,14.0,15.0,16.0,17.0,18.0,19.0	-0.845554691189,-1.31982794455,-0.00169126293708,-0.474476044781,2.29703793967,4.17397240951,8.33578558829,10.6912486611,15.3768415638,17.9540570214,19.1388274326,17.183601189,14.8906742352,10.3231081705,7.63046844421,4.61901596938,1.50730289345,0.972869873104,-1.04804379607,-0.783408570674	4	norm	0.08	264000,,
282382	0.0,1.0,2.0,3.0,4.0,5.0,6.0,7.0,8.0,9.0,10.0,11.0,12.0,13.0,14.0,15.0,16.0,17.0,18.0,19.0	11.5909020164,12.181671977,13.2943967986,13.9742528624,13.886914528,16.6096299073,19.5569461861,24.6933495019,28.4291282753,31.058007494,31.4453124855,29.9949861919,27.4503563244,23.5027250592,20.5854067787,16.5939873714,15.4635599985,12.5636682226,13.2274860822,12.7665311625	4	norm	0.08	264000,,
281055	0.0,1.0,2.0,3.0,4.0,5.0,6.0,7.0,8.0,9.0,10.0,11.0,12.0,13.0,14.0,15.0,16.0,17.0,18.0,19.0	-17.6295935106,-17.51981917,-17.5887746588,-16.3028932222,-15.8303477483,-14.1557437643,-9.08103260943,-7.10765997232,-1.7991824378,0.349553437168,1.73029150614,1.08265849052,-1.86115688855,-5.60713906923,-9.09242223534,-13.2633213616,-15.423365726,-16.5386151776,-18.2052798553,-17.9874167531	4	norm	0.08	264000,,
283709	0.0,1.0,2.0,3.0,4.0,5.0,6.0,7.0,8.0,9.0,10.0,11.0,12.0,13.0,14.0,15.0,16.0,17.0,18.0,19.0	10.333722489,10.3196845832,11.9425093486,10.9366476341,12.9017037444,15.7336454373,19.7788176399,23.7057256377,26.3360325527,30.113095836,29.8222040375,29.5473369789,26.1247776901,21.9228613007,18.289246626,15.4477293425,13.2039139244,11.1120848406,11.6743894173,10.1406413524	4	norm	0.08	264000,,
280760	0.0,1.0,2.0,3.0,4.0,5.0,6.0,7.0,8.0,9.0,10.0,11.0,12.0,13.0,14.0,15.0,16.0,17.0,18.0,19.0	0.511714503352,2.08226742397,1.50849886549,2.51028338147,3.47546501199,6.67853231749,9.64179770628,13.5078734006,16.3199819643,20.3758506016,20.3110089139,20.1210974095,16.8757530392,13.6796124675,9.26446177411,6.18754708725,4.27990062561,1.85987935869,1.36624574934,1.88125496081	4	norm	0.08	264000,,
280648	0.0,1.0,2.0,3.0,4.0,5.0,6.0,7.0,8.0,9.0,10.0,11.0,12.0,13.0,14.0,15.0,16.0,17.0,18.0,19.0	5.41075636592,5.90740236038,4.88322435627,5.63377097768,6.70927280465,10.1999554727,13.3110754833,16.0448053452,20.9043732788,23.4301474759,25.4408040887,22.8709461991,20.5557335013,16.5945876783,12.878986958,9.66809006379,6.99578830601,6.73902440191,5.76818542273,5.08138228821	4	norm	0.08	264000,,
282614	0.0,1.0,2.0,3.0,4.0,5.0,6.0,7.0,8.0,9.0,10.0,11.0,12.0,13.0,14.0,15.0,16.0,17.0,18.0,19.0	-4.28195724478,-3.2495497655,-2.33779704618,-3.21990924873,-1.53620040526,0.941247248435,4.70972352548,9.4113842611,12.3756944054,15.575469428,16.5424505564,15.3470953829,13.1983953506,7.57265223299,4.3281314679,1.77113026817,-1.80339545788,-1.87768027093,-3.2486015953,-3.25363776771	4	norm	0.08	264000,,
281539	0.0,1.0,2.0,3.0,4.0,5.0,6.0,7.0,8.0,9.0,10.0,11.0,12.0,13.0,14.0,15.0,16.0,17.0,18.0,19.0	16.8643184437,17.6127118476,16.3692614287,17.3534259603,20.136956985,22.0418801867,23.9900452601,27.7205075599,33.4354599483,34.5829310483,36.6849297694,36.3680415934,31.6475008109,29.3482153333,24.4616087453,21.9755868753,19.0730349432,18.1062795345,17.2586621268,16.0583151398	4	norm	0.08	264000,,
282644	0.0,1.0,2.0,3.0,4.0,5.0,6.0,7.0,8.0,9.0,10.0,11.0,12.0,13.0,14.0,15.0,16.0,17.0,18.0,19.0	9.46545343878,10.4057226169,10.1846050374,10.8820417718,12.4812756872,14.9765431113,18.1003547113,22.4101883007,25.345744225,28.7951765055,30.8388802235,28.3656051382,26.2256285099,21.4131068814,18.7389898341,14.6964183131,13.2149798391,11.7155943732,9.5999888852,10.7822865748	4	norm	0.08	264000,,
280434	0.0,1.0,2.0,3.0,4.0,5.0,6.0,7.0,8.0,9.0,10.0,11.0,12.0,13.0,14.0,15.0,16.0,17.0,18.0,19.0	-8.496247175,-8.48416809566,-9.27057849791,-8.02117067542,-6.43831401922,-4.14427431655,-0.285381850552,2.27529195733,7.26261796709,10.4722688577,10.7618129836,10.1755630404,6.70152313452,3.82114245692,-0.439704111446,-3.31661897748,-7.41897662832,-8.40044387188,-9.2121123042,-9.62381693845	4	norm	0.08	264000,,
281224	0.0,1.0,2.0,3.0,4.0,5.0,6.0,7.0,8.0,9.0,10.0,11.0,12.0,13.0,14.0,15.0,16.0,17.0,18.0,19.0	14.1868234833,13.9623336751,14.3949871679,14.8634980795,17.9082659577,19.8649610568,21.958560685,26.5796114851,30.3507868155,33.0833608137,35.3460603161,32.822352996,30.4308063981,25.8708878055,22.8272661639,18.7206529368,16.585539967,15.4512472346,14.3893651277,14.9051960156	4	norm	0.08	264000,,
281755	0.0,1.0,2.0,3.0,4.0,5.0,6.0,7.0,8.0,9.0,10.0,11.0,12.0,13.0,14.0,15.0,16.0,17.0,18.0,19.0	4.47653404933,4.04267348383,5.00666350468,5.52115089715,5.73408528928,7.8303045226,11.4180335554,15.0727945013,19.3670693921,21.4382847962,24.0425304574,22.0711726332,19.4441279518,16.420725527,11.3754947402,7.74065309776,6.74715378981,5.5792430098,3.58028128827,2.89335022613	4	norm	0.08	264000,,
283621	0.0,1.0,2.0,3.0,4.0,5.0,6.0,7.0,8.0,9.0,10.0,11.0,12.0,13.0,14.0,15.0,16.0,17.0,18.0,19.0	-2.3668272466,-1.99327014842,-2.27945552352,-0.781557240854,-1.18333935613,2.41023600073,5.43184040013,9.52535530737,12.8185475828,15.5795318824,16.8069726634,16.1551165543,13.1034823198,9.28594049927,4.65046452623,2.73312678984,-0.929346192047,-1.67134013669,-2.79973228343,-2.0916228951	4	norm	0.08	264000,,
283625	0.0,1.0,2.0,3.0,4.0,5.0,6.0,7.0,8.0,9.0,10.0,11.0,12.0,13.0,14.0,15.0,16.0,17.0,18.0,19.0	-10.3465031312,-10.6312416918,-10.5351519213,-9.89850118089,-8.75005885046,-5.30330946328,-2.48131746244,2.37757910966,6.05042717217,8.01561711268,8.80505788352,7.88343826448,4.86632980598,0.793445374369,-1.45780512805,-5.47840022303,-7.53947402853,-8.40106565676,-10.4144202242,-9.49042711664	4	norm	0.08	264000,,
281425	0.0,1.0,2.0,3.0,4.0,5.0,6.0,7.0,8.0,9.0,10.0,11.0,12.0,13.0,14.0,15.0,16.0,17.0,18.0,19.0	-5.81972343196,-4.5999797798,-3.77022639376,-4.25572283278,-2.74288598198,0.593305723328,2.81036241435,7.66973667232,11.2366526794,14.1671090739,15.004284917,13.7295820252,9.82045895207,7.39766047281,1.99507422813,-0.273510915068,-2.5212202882,-2.95397042547,-4.46041498188,-5.57022375085	4	norm	0.08	264000,,
281233	0.0,1.0,2.0,3.0,4.0,5.0,6.0,7.0,8.0,9.0,10.0,11.0,12.0,13.0,14.0,15.0,16.0,17.0,18.0,19.0	7.56076883588,8.56760041477,8.02167875592,8.93083883891,10.7428692434,13.0000499565,16.4214309759,20.1176490906,24.4082335787,26.3368178591,27.6572404991,27.6085229786,24.0376067496,20.5272812374,15.0110774143,12.4229048331,10.9394211706,9.96771387333,7.41728452377,7.24517345557	4	norm	0.08	264000,,
282151	0.0,1.0,2.0,3.0,4.0,5.0,6.0,7.0,8.0,9.0,10.0,11.0,12.0,13.0,14.0,15.0,16.0,17.0,18.0,19.0	7.41519841989,7.76538134287,9.48145925986,8.56821802158,10.2072373515,13.3091403776,17.1896268319,20.3580897085,23.5781138536,26.9736894631,27.2446229581,27.2072138797,23.7057813316,19.6404079573,15.4966512467,13.4146756311,9.94954494711,8.53766331477,8.10530887077,9.02666768081	4	norm	0.08	264000,,
282028	0.0,1.0,2.0,3.0,4.0,5.0,6.0,7.0,8.0,9.0,10.0,11.0,12.0,13.0,14.0,15.0,16.0,17.0,18.0,19.0	7.8180949964,7.27217739904,9.17289928947,9.72669596575,9.76762328826,11.975780208,16.3026836124,19.9193728186,24.368965057,26.2335007412,27.2383401063,26.3404753225,23.8927837211,20.2652271641,16.6707241974,12.5530035791,9.87526737465,8.86085536158,8.23611754928,7.22092940943	4	norm	0.08	264000,,
280159	0.0,1.0,2.0,3.0,4.0,5.0,6.0,7.0,8.0,9.0,10.0,11.0,12.0,13.0,14.0,15.0,16.0,17.0,18.0,19.0	9.55652150157,10.5496864712,10.230689508,10.2940660129,12.2015111234,14.1701359807,18.0939635788,22.8032575356,25.3702923076,29.4154602091,29.8245994453,28.7721997879,26.0394210137,22.5555460279,18.4076683765,14.5979174885,13.533672002,10.9835386696,10.8687020956,10.455394292	4	norm	0.08	264000,,
283824	0.0,1.0,2.0,3.0,4.0,5.0,6.0,7.0,8.0,9.0,10.0,11.0,12.0,13.0,14.0,15.0,16.0,17.0,18.0,19.0	6.08403183003,5.89707492734,7.11205395834,7.51817129913,9.61441321695,11.1710340793,15.1364552188,18.6122563458,22.6468395519,25.6167156459,27.147049519,25.9940618491,22.7286020748,18.6097926815,15.0972784848,10.285027608,9.74568795685,8.14658963342,6.00520217248,5.70713523157	4	norm	0.08	264000,,
280427	0.0,1.0,2.0,3.0,4.0,5.0,6.0,7.0,8.0,9.0,10.0,11.0,12.0,13.0,14.0,15.0,16.0,17.0,18.0,19.0	-18.7381180193,-19.5068825337,-18.4690028739,-17.6800515055,-17.2664523385,-13.742561448,-11.1091575805,-8.30604260317,-3.02329611362,-0.891323021615,-0.155961123316,-1.67845770409,-3.08297778382,-8.17216556461,-10.7505096407,-14.9082793847,-16.3577925565,-18.5453762484,-18.9010680161,-19.3939949094	4	norm	0.08	264000,,
282136	0.0,1.0,2.0,3.0,4.0,5.0,6.0,7.0,8.0,9.0,10.0,11.0,12.0,13.0,14.0,15.0,16.0,17.0,18.0,19.0	17.2527661336,16.4241666366,17.8500915109,18.0738794272,19.5944336666,22.3426876143,25.9468875817,29.2810645095,32.6269156187,36.5982324181,36.9154021169,35.17050181,32.2686820693,28.3825591457,25.1890936483,21.5394534709,18.6178379624,17.3176350396,17.6995010385,17.3056073334	4	norm	0.08	264000,,
281692	0.0,1.0,2.0,3.0,4.0,5.0,6.0,7.0,8.0,9.0,10.0,11.0,12.0,13.0,14.0,15.0,16.0,17.0,18.0,19.0	13.0840659477,12.8248861952,13.1783977149,13.5272362378,15.5893087669,16.5933821169,21.4297602805,23.7288741196,28.43909905,31.5340982727,31.9526050251,31.4925279793,28.2853157811,25.5754293925,19.8725496401,16.6944799189,16.2087426452,13.2805475521,12.965100354,12.4888368233	4	norm	0.08	264000,,
283135	0.0,1.0,2.0,3.0,4.0,5.0,6.0,7.0,8.0,9.0,10.0,11.0,12.0,13.0,14.0,15.0,16.0,17.0,18.0,19.0	-5.9365329538,-5.13424750287,-5.13481676327,-5.40282016004,-3.46966801658,-0.978346897048,2.08312453879,6.24004501287,9.13076996004,13.1415310567,12.9749410556,11.7871286896,9.10422236678,6.67305436263,2.0663133243,-2.22527308354,-4.44185650844,-5.93722954021,-6.63564004218,-6.14597765025	4	norm	0.08	264000,,
282156	0.0,1.0,2.0,3.0,4.0,5.0,6.0,7.0,8.0,9.0,10.0,11.0,12.0,13.0,14.0,15.0,16.0,17.0,18.0,19.0	3.41397025825,2.486807867,3.04851806206,4.81265068796,4.97049678871,8.10150515292,11.1220076765,15.9308294473,19.3923004502,21.8935242096,22.4495863559,21.8490395121,19.9353570356,15.4412586608,10.7821695853,7.8534620003,6.0906610361,5.43691248054,3.95578881793,3.39343547609	4	norm	0.08	264000,,
281768	0.0,1.0,2.0,3.0,4.0,5.0,6.0,7.0,8.0,9.0,10.0,11.0,12.0,13.0,14.0,15.0,16.0,17.0,18.0,19.0	-3.30385348343,-3.28489866944,-2.93225813478,-1.57126613504,0.0753510493536,1.6210270851,4.33634137311,7.86434480239,12.2205562015,14.8391292992,15.7908575047,14.8666358579,12.0258580421,8.7108314031,4.97061494271,2.15851107227,0.100567031253,-1.47138578479,-2.35850047291,-2.80250753215	4	norm	0.08	264000,,
281387	0.0,1.0,2.0,3.0,4.0,5.0,6.0,7.0,8.0,9.0,10.0,11.0,12.0,13.0,14.0,15.0,16.0,17.0,18.0,19.0	-13.8810516119,-13.7007615098,-13.573665777,-11.2721669996,-10.6054277883,-9.30485456466,-4.7540610284,-0.537260603541,2.96764193128,6.4005240914,5.8554874227,6.43818346325,3.34552061651,-0.773636291982,-4.35387943295,-8.20601055728,-10.1082304413,-11.3029735434,-12.6186309255,-12.9714069782	4	norm	0.08	264000,,
282349	0.0,1.0,2.0,3.0,4.0,5.0,6.0,7.0,8.0,9.0,10.0,11.0,12.0,13.0,14.0,15.0,16.0,17.0,18.0,19.0	9.52484585614,10.2366546666,11.8179951312,12.0855867594,12.1172804833,15.0111322246,19.4698413845,22.1751852388,26.098867113,29.3149509937,30.4857353812,28.854519691,25.6060619044,22.5310982766,18.3703068827,15.569416859,13.820479833,11.0165194928,10.0024186856,10.378184394	4	norm	0.08	264000,,
282649	0.0,1.0,2.0,3.0,4.0,5.0,6.0,7.0,8.0,9.0,10.0,11.0,12.0,13.0,14.0,15.0,16.0,17.0,18.0,19.0	9.72534971295,9.03773310456,9.92928544248,10.6627538237,10.4972782054,14.1937312793,17.0569645674,20.0746435297,24.0564128222,27.9163806337,27.8124753748,27.7456592709,24.2728847837,21.5533654585,17.0130774882,13.4417866403,10.7404165377,9.16178097831,10.1068324128,9.32840489113	4	norm	0.08	264000,,
283163	0.0,1.0,2.0,3.0,4.0,5.0,6.0,7.0,8.0,9.0,10.0,11.0,12.0,13.0,14.0,15.0,16.0,17.0,18.0,19.0	9.92173498421,9.94191553159,11.4344506589,11.0840880785,13.0513037688,15.9090536416,17.999686096,21.7314177249,26.361154634,29.8300576849,30.0713252845,29.1931063106,25.1635953671,21.7762866038,19.1449927379,15.0347259536,12.3484315737,10.5862557961,11.4816752787,10.3607952901	4	norm	0.08	264000,,
280202	0.0,1.0,2.0,3.0,4.0,5.0,6.0,7.0,8.0,9.0,10.0,11.0,12.0,13.0,14.0,15.0,16.0,17.0,18.0,19.0	-1.56599342704,-0.379481617481,0.471693995303,-0.101914465314,1.5700792098,3.45838808877,7.39103065823,12.1612294632,15.9231269849,18.975600374,18.9086752237,18.0558909208,14.1517021814,10.3951664037,7.37774304406,3.97430528671,2.55058773053,0.807476399563,0.586208342707,-0.120019149853	4	norm	0.08	264000,,
281565	0.0,1.0,2.0,3.0,4.0,5.0,6.0,7.0,8.0,9.0,10.0,11.0,12.0,13.0,14.0,15.0,16.0,17.0,18.0,19.0	-16.3582252502,-16.0607745442,-15.647215136,-15.4818666842,-13.86043186,-11.4999825268,-8.54113651973,-3.71546821554,-1.31090270706,1.68380587334,2.71705133493,2.51631575004,-0.0288205186264,-4.05008598568,-8.67572957091,-11.2750386291,-14.6735172849,-15.1891809207,-16.3107772135,-17.2439733311	4	norm	0.08	264000,,
282904	0.0,1.0,2.0,3.0,4.0,5.0,6.0,7.0,8.0,9.0,10.0,11.0,12.0,13.0,14.0,15.0,16.0,17.0,18.0,19.0	-16.5346273999,-17.6149084459,-17.2239400687,-15.1561796702,-13.9791627862,-12.0458327201,-8.56156546917,-6.10999216904,-1.15498922291,0.989898247731,2.60406906047,1.34629327439,-1.64105723491,-4.75471190386,-8.97426769385,-12.9615489756,-13.9494257325,-15.589303245,-16.5166805061,-18.1893074774	4	norm	0.08	264000,,
281462	0.0,1.0,2.0,3.0,4.0,5.0,6.0,7.0,8.0,9.0,10.0,11.0,12.0,13.0,14.0,15.0,16.0,17.0,18.0,19.0	-18.5396121899,-17.9594985236,-17.8139023206,-17.1974835614,-16.3429169831,-14.1314268125,-10.9238632517,-6.56712022417,-3.64495629409,0.451588625232,1.81143187212,0.171486396015,-3.85316948983,-7.22543867276,-10.4789317411,-14.8871289572,-15.2602230168,-16.7132833275,-18.5212823947,-18.2944850586	4	norm	0.08	264000,,
281454	0.0,1.0,2.0,3.0,4.0,5.0,6.0,7.0,8.0,9.0,10.0,11.0,12.0,13.0,14.0,15.0,16.0,17.0,18.0,19.0	19.3700900054,19.5202915019,19.4737553341,21.2735504304,21.6869685144,25.3461621539,27.4759657632,31.0472618825,36.3244737918,38.1596494757,39.8522741252,38.9663056336,34.9845688183,32.4895935587,26.791848096,24.694552433,23.1819395888,20.0038096778,19.4648773036,20.7364732199	4	norm	0.08	264000,,
282328	0.0,1.0,2.0,3.0,4.0,5.0,6.0,7.0,8.0,9.0,10.0,11.0,12.0,13.0,14.0,15.0,16.0,17.0,18.0,19.0	-6.74216737231,-6.66552012934,-5.79453821076,-5.83601952472,-3.61331602793,-2.42481826133,1.12192422343,5.0117262992,8.58331748501,12.5003704906,13.5004358403,11.1639700018,8.90003345349,5.94563817653,0.0808483776209,-1.27360777354,-4.61879043399,-6.43480144471,-5.79527329425,-7.78131072184	4	norm	0.08	264000,,
281378	0.0,1.0,2.0,3.0,4.0,5.0,6.0,7.0,8.0,9.0,10.0,11.0,12.0,13.0,14.0,15.0,16.0,17.0,18.0,19.0	-19.9310826686,-19.2221985493,-17.6954095406,-17.488854481,-16.3726730793,-15.0007710725,-10.4100498841,-5.96283371687,-3.53082884421,-0.00945575924415,1.3856837682,-0.231687233169,-2.41790388347,-7.38109748494,-11.290831578,-14.5619647618,-16.9421607934,-17.8304084249,-18.6318608315,-18.0857714947	4	norm	0.08	264000,,
283099	0.0,1.0,2.0,3.0,4.0,5.0,6.0,7.0,8.0,9.0,10.0,11.0,12.0,13.0,14.0,15.0,16.0,17.0,18.0,19.0	16.798704175,17.1195205362,17.3455329504,18.0011622611,20.4196246933,22.0111170024,24.6591462417,29.4038307742,32.8924360192,35.3651437246,36.0402040335,36.6543276341,33.5644205678,28.9554806426,25.9827177766,22.6137138929,19.8956169774,17.8485336155,16.9649172401,17.8674425465	4	norm	0.08	264000,,
283289	0.0,1.0,2.0,3.0,4.0,5.0,6.0,7.0,8.0,9.0,10.0,11.0,12.0,13.0,14.0,15.0,16.0,17.0,18.0,19.0	5.1632400321,6.05845398371,4.71691344638,6.49802526914,7.62022234604,9.83307529052,13.289858647,16.0600142957,21.6102515307,23.2032958759,24.3597698545,24.3107632818,21.5283055241,16.191140561,13.3250203718,9.21408597267,8.53342326322,5.70228547176,5.74263070341,6.05996289311	4	norm	0.08	264000,,
282750	0.0,1.0,2.0,3.0,4.0,5.0,6.0,7.0,8.0,9.0,10.0,11.0,12.0,13.0,14.0,15.0,16.0,17.0,18.0,19.0	1.204109088,0.879948564544,0.8485323569,1.79616082089,2.42693466236,4.43470919636,8.41033945626,11.5534359559,15.5526345788,19.0904588987,20.5967382968,18.7659734462,16.4089857597,13.3438219425,8.36514681759,4.57277691985,2.18195081047,2.12018185034,1.94850569153,0.488662067375	4	norm	0.08	264000,,
283692	0.0,1.0,2.0,3.0,4.0,5.0,6.0,7.0,8.0,9.0,10.0,11.0,12.0,13.0,14.0,15.0,16.0,17.0,18.0,19.0	-15.3169020627,-13.5522076257,-13.829985854,-12.2158834368,-11.4836519339,-8.64335222136,-5.58490671015,-2.66662366708,1.88032967837,4.00616135693,6.41060685077,3.65099753795,1.32895722196,-1.54941071553,-5.97971557348,-9.39165726261,-11.8113383663,-12.2454998166,-14.1581560419,-14.5404851522	4	norm	0.08	264000,,
280506	0.0,1.0,2.0,3.0,4.0,5.0,6.0,7.0,8.0,9.0,10.0,11.0,12.0,13.0,14.0,15.0,16.0,17.0,18.0,19.0	-6.76120522612,-6.16552233701,-5.86479732019,-4.56440030968,-4.93827128127,-1.05364415714,1.77645849738,5.21831236155,8.47770834745,11.5256733002,13.5361185758,11.9322229878,10.188506938,4.80085481966,2.12189267187,-2.48366265701,-3.25266173773,-5.72433580001,-5.49319035293,-6.58427307561	4	norm	0.08	264000,,
281430	0.0,1.0,2.0,3.0,4.0,5.0,6.0,7.0,8.0,9.0,10.0,11.0,12.0,13.0,14.0,15.0,16.0,17.0,18.0,19.0	6.37270264324,6.59663997665,7.12679774337,7.46452114826,7.95848370741,10.7062845609,14.8425528145,18.7985833573,23.0146344593,25.3396270337,25.6337808608,24.9724205346,22.1224207142,17.5888285753,14.9079796926,11.4300870313,8.32374566772,7.24741429291,6.84596060772,5.45654574047	4	norm	0.08	264000,,
281651	0.0,1.0,2.0,3.0,4.0,5.0,6.0,7.0,8.0,9.0,10.0,11.0,12.0,13.0,14.0,15.0,16.0,17.0,18.0,19.0	-7.85734360428,-6.43524243693,-7.87379076082,-5.34162078642,-4.45940411442,-2.61765200332,0.488653576112,3.50747538165,7.67363864206,11.0931559571,11.8456269467,11.4261024105,8.78840852261,4.28330553314,0.509585011817,-3.0952948334,-4.7607103877,-7.31140821012,-7.05410023748,-8.37951120559	4	norm	0.08	264000,,
281548	0.0,1.0,2.0,3.0,4.0,5.0,6.0,7.0,8.0,9.0,10.0,11.0,12.0,13.0,14.0,15.0,16.0,17.0,18.0,19.0	-11.7493528458,-13.2926590057,-12.7977928807,-11.6622983236,-10.2669149119,-7.97965175219,-3.6256814679,0.429732137614,3.5742681314,5.93541716619,6.47320526739,6.65824393806,2.68791429711,-1.27321719525,-3.40106393315,-7.85824416955,-10.3571264529,-10.6475364663,-11.4724785824,-12.8893455615	4	norm	0.08	264000,,
282440	0.0,1.0,2.0,3.0,4.0,5.0,6.0,7.0,8.0,9.0,10.0,11.0,12.0,13.0,14.0,15.0,16.0,17.0,18.0,19.0	5.52937799157,4.35513889653,6.14981378562,5.4410141855,8.73556603414,10.0689774416,12.5851266719,17.3101894077,20.1388317887,24.0652489068,25.6856157493,24.7446713532,20.7461043736,16.6193353439,13.766007861,9.81197473205,8.40689021954,6.63344872019,6.00157711934,4.41370973383	4	norm	0.08	264000,,
281552	0.0,1.0,2.0,3.0,4.0,5.0,6.0,7.0,8.0,9.0,10.0,11.0,12.0,13.0,14.0,15.0,16.0,17.0,18.0,19.0	12.5999673923,12.5794972275,13.2452764964,14.3964397352,14.4957105535,17.8381758313,20.6804962178,24.3383968258,27.7076898813,31.3650394819,31.9998559302,30.754546453,28.7388528627,24.0067474908,21.1151103409,18.41324255,15.660976948,13.0847319608,12.6372922296,12.1636827996	4	norm	0.08	264000,,
280237	0.0,1.0,2.0,3.0,4.0,5.0,6.0,7.0,8.0,9.0,10.0,11.0,12.0,13.0,14.0,15.0,16.0,17.0,18.0,19.0	-18.1298797157,-18.2199948602,-17.855322986,-18.3270611715,-15.3127991184,-13.6887614778,-10.763791842,-6.98290700875,-3.95643511177,0.0813567780304,1.55064505612,-0.924177105444,-2.12997756291,-7.29359374239,-10.0052239494,-14.1426304076,-16.9007126707,-17.1748539859,-18.1076139033,-19.6408689128	4	norm	0.08	264000,,
283207	0.0,1.0,2.0,3.0,4.0,5.0,6.0,7.0,8.0,9.0,10.0,11.0,12.0,13.0,14.0,15.0,16.0,17.0,18.0,19.0	3.77235415993,4.16949408294,3.35099519829,5.03304971594,5.309734292,8.85554495795,11.9664368452,15.8021315305,20.0307501005,21.4132135083,24.0715517837,21.974256133,20.4055060829,15.8291005778,11.6550810485,7.88561099536,6.17922373574,3.9644230899,3.19438317131,4.50912528633	4	norm	0.08	264000,,
283484	0.0,1.0,2.0,3.0,4.0,5.0,6.0,7.0,8.0,9.0,10.0,11.0,12.0,13.0,14.0,15.0,16.0,17.0,18.0,19.0	10.1555781498,10.1186358208,9.13712465603,10.3586869991,11.8075110783,14.1865359688,18.0490644929,21.1010451102,25.7122104973,28.9383275036,29.6795049021,28.8494630722,24.9836843664,21.4953189106,17.7605671485,14.8607309523,11.9059124277,11.4468581949,9.02142132029,8.65360966449	4	norm	0.08	264000,,
280421	0.0,1.0,2.0,3.0,4.0,5.0,6.0,7.0,8.0,9.0,10.0,11.0,12.0,13.0,14.0,15.0,16.0,17.0,18.0,19.0	-16.3599315463,-16.7315749515,-16.6027365526,-15.224813101,-13.4006654511,-10.6667385073,-8.33024720736,-3.47210351189,-0.227499309375,2.82555575431,3.75646403343,2.95039388404,0.318511828691,-3.26178818151,-7.21972663161,-10.4930954134,-13.5158842718,-14.1529083753,-15.4823361932,-15.893333434	4	norm	0.08	264000,,
281567	0.0,1.0,2.0,3.0,4.0,5.0,6.0,7.0,8.0,9.0,10.0,11.0,12.0,13.0,14.0,15.0,16.0,17.0,18.0,19.0	14.8959914393,15.0210185869,14.9893265153,16.3444014314,16.8885537886,18.6187974562,22.3876123406,26.8031093118,30.4817268897,33.4539485651,33.2186855572,32.8595504836,30.2646890702,26.1483413702,22.0963649479,18.1767614944,17.2899994889,15.7696294802,14.1902550551,13.357006087	4	norm	0.08	264000,,
281748	0.0,1.0,2.0,3.0,4.0,5.0,6.0,7.0,8.0,9.0,10.0,11.0,12.0,13.0,14.0,15.0,16.0,17.0,18.0,19.0	-3.92171453388,-5.01461056116,-3.176897339,-3.6300247626,-1.00962422859,1.00675717271,2.7459477757,7.87432872587,10.6518529689,15.1265636002,16.0597898716,14.0880205566,10.7461360826,7.32166332069,3.45807689027,0.407643178697,-2.42188762161,-4.24074736324,-4.95230548194,-3.68375776694	4	norm	0.08	264000,,
281436	0.0,1.0,2.0,3.0,4.0,5.0,6.0,7.0,8.0,9.0,10.0,11.0,12.0,13.0,14.0,15.0,16.0,17.0,18.0,19.0	-4.9714540145,-4.45911013959,-4.48796665291,-3.54007134577,-3.17143758064,0.335246233969,2.29294571913,6.38097203283,11.546280235,13.9067766215,15.2197425661,14.0906200346,11.7698886504,7.83943492159,3.85534089117,-0.822153779981,-2.45264308529,-4.35927991377,-3.9228127505,-5.43729353861	4	norm	0.08	264000,,
282268	0.0,1.0,2.0,3.0,4.0,5.0,6.0,7.0,8.0,9.0,10.0,11.0,12.0,13.0,14.0,15.0,16.0,17.0,18.0,19.0	-3.40207194779,-2.35425779246,-2.22112335524,-0.655356323551,-0.0312846688885,1.83870991232,5.01437725003,8.27097483433,12.2183463041,15.8504362485,16.5714520435,15.1695296246,12.1827975936,8.60485566162,5.52146601567,3.12940148379,-0.27747708549,-1.70880511759,-1.59626125899,-1.70564105079	4	norm	0.08	264000,,
283211	0.0,1.0,2.0,3.0,4.0,5.0,6.0,7.0,8.0,9.0,10.0,11.0,12.0,13.0,14.0,15.0,16.0,17.0,18.0,19.0	-1.442741722,-2.32447665653,-1.29124317645,-0.737886890384,-0.462731735371,1.55891821633,5.3798705207,10.5671964616,14.2598337802,16.3817560545,17.3414266719,15.5960244763,12.6439184809,8.81823917173,5.18928886355,2.86435050677,1.17260110422,-0.262071183209,-2.27392360741,-1.87923921919	4	norm	0.08	264000,,
280858	0.0,1.0,2.0,3.0,4.0,5.0,6.0,7.0,8.0,9.0,10.0,11.0,12.0,13.0,14.0,15.0,16.0,17.0,18.0,19.0	-3.64900182166,-4.6121703588,-3.77931780007,-2.05151262272,-0.815518798664,1.58868931892,4.10577355563,8.16003704492,11.7355731669,14.8736233669,16.5005393218,14.5100918155,12.408013828,8.81134725526,4.55333151605,0.308104143022,-1.26777052781,-2.25985361577,-3.21416188806,-3.5858419252	4	norm	0.08	264000,,
283689	0.0,1.0,2.0,3.0,4.0,5.0,6.0,7.0,8.0,9.0,10.0,11.0,12.0,13.0,14.0,15.0,16.0,17.0,18.0,19.0	-14.9167725962,-14.9302902559,-14.5154757834,-13.1038932603,-13.4071349512,-9.78218810944,-7.48807533457,-2.32870850176,1.61886618067,3.88278076885,5.43087296082,3.36997713585,0.226645348335,-3.03172632827,-7.18037807916,-10.6129922148,-12.4572226383,-12.9587901153,-15.5477650344,-14.1806441807	4	norm	0.08	264000,,
283369	0.0,1.0,2.0,3.0,4.0,5.0,6.0,7.0,8.0,9.0,10.0,11.0,12.0,13.0,14.0,15.0,16.0,17.0,18.0,19.0	-2.11971061084,-1.75029710217,-2.29146435765,-1.37217336913,-0.93906918,3.04063946726,6.18293238257,9.85147405168,12.3150247564,16.0043347091,16.4484015937,15.8103662966,13.5368742427,8.36690562418,5.29088235527,3.05329270691,-0.321588694075,-2.27812159298,-3.02267094649,-1.94638621602	4	norm	0.08	264000,,
282603	0.0,1.0,2.0,3.0,4.0,5.0,6.0,7.0,8.0,9.0,10.0,11.0,12.0,13.0,14.0,15.0,16.0,17.0,18.0,19.0	10.6768091772,9.76440904118,10.5204677208,10.8272614196,13.4233892571,15.90574683,18.9970707874,21.9735429089,26.9603497894,29.1383709928,30.1938750339,28.6459297403,25.5582928835,22.7979992043,18.933487747,14.1193544781,11.8993481848,10.4375254007,10.3062220888,9.83344434935	4	norm	0.08	264000,,
281981	0.0,1.0,2.0,3.0,4.0,5.0,6.0,7.0,8.0,9.0,10.0,11.0,12.0,13.0,14.0,15.0,16.0,17.0,18.0,19.0	-9.86050167821,-9.6958041587,-9.58623984194,-8.84870395931,-6.40792128512,-3.79043064446,-0.548391796937,2.54917408756,5.83575961065,8.67085473401,9.52743285044,8.97112129391,6.06417575468,2.0495757869,-2.31489563506,-4.02911037633,-7.80232482842,-8.99610147954,-9.26081656143,-9.0707685444	4	norm	0.08	264000,,
280949	0.0,1.0,2.0,3.0,4.0,5.0,6.0,7.0,8.0,9.0,10.0,11.0,12.0,13.0,14.0,15.0,16.0,17.0,18.0,19.0	18.7304546646,18.7129314871,19.0147792785,18.5764608037,19.9683505631,22.3651972272,25.3751535195,29.9552304967,34.1335467703,35.9249905149,38.5236176782,36.4621187978,32.9799743132,30.010661771,26.8071670049,21.7799184805,20.134579833,19.2622660234,18.6392518998,17.5899523102	4	norm	0.08	264000,,
281792	0.0,1.0,2.0,3.0,4.0,5.0,6.0,7.0,8.0,9.0,10.0,11.0,12.0,13.0,14.0,15.0,16.0,17.0,18.0,19.0	2.22129222044,2.08165389632,2.25602751964,2.59086695158,4.47487322227,7.29939469815,8.59067053259,13.8670088135,17.2428675657,19.9772225054,21.4672553688,20.5673178431,18.2158876832,13.6738256546,9.17538751439,7.30629127715,3.66001986743,2.78736913096,2.6066434573,2.45788944842	4	norm	0.08	264000,,
283437	0.0,1.0,2.0,3.0,4.0,5.0,6.0,7.0,8.0,9.0,10.0,11.0,12.0,13.0,14.0,15.0,16.0,17.0,18.0,19.0	9.03284029352,9.83041186279,9.02949604941,9.87362535873,11.9668101016,13.6578718108,16.5253142127,21.1495399806,25.1514039089,27.4141993283,28.815449913,27.7284114213,24.3322201357,20.5837608762,16.7929309824,12.9679906723,10.7998190744,9.31027795889,8.33157928897,9.58070681376	4	norm	0.08	264000,,
281053	0.0,1.0,2.0,3.0,4.0,5.0,6.0,7.0,8.0,9.0,10.0,11.0,12.0,13.0,14.0,15.0,16.0,17.0,18.0,19.0	7.62098725952,7.52601644711,8.65699265014,9.95673894389,9.89357505022,13.1165029634,16.5511931195,20.8005974302,24.8940923535,27.0790923109,28.4527337863,26.534402951,24.8899265674,20.246846227,16.6293499019,13.5031049144,11.2341178506,9.8143172613,9.15862362838,7.65218607755	4	norm	0.08	264000,,
282037	0.0,1.0,2.0,3.0,4.0,5.0,6.0,7.0,8.0,9.0,10.0,11.0,12.0,13.0,14.0,15.0,16.0,17.0,18.0,19.0	-10.0618160708,-10.7159922237,-10.4246142102,-9.74290638526,-8.80879619176,-6.2529847447,-1.85923397496,2.3606654609,6.26065406064,8.20698233032,9.18711149183,7.66414337716,4.71643153574,1.71254112036,-1.58074164591,-4.96977506011,-7.95144696524,-9.77138542581,-9.84844888235,-10.5631952715	4	norm	0.08	264000,,
283334	0.0,1.0,2.0,3.0,4.0,5.0,6.0,7.0,8.0,9.0,10.0,11.0,12.0,13.0,14.0,15.0,16.0,17.0,18.0,19.0	-14.4420269381,-15.1835709045,-15.5063714363,-14.6882985889,-12.1613001945,-11.0707247993,-7.43612691644,-3.19028297887,0.597959422728,4.42685878088,4.32379652514,2.66621692167,1.64814725494,-3.26988438799,-7.9123038899,-11.0458154396,-12.8354216366,-13.5443556579,-14.0027939569,-14.3994494801	4	norm	0.08	264000,,
281155	0.0,1.0,2.0,3.0,4.0,5.0,6.0,7.0,8.0,9.0,10.0,11.0,12.0,13.0,14.0,15.0,16.0,17.0,18.0,19.0	-3.21775791418,-2.64923779901,-2.56210090401,-2.74237313777,-1.48604588137,1.8886073854,4.84946991083,8.06820733708,12.6613974993,16.0739417464,16.8582637608,15.9265717108,11.6776278482,9.20401628328,4.12981869983,1.36103759528,-0.813027152938,-2.59375269885,-2.09750820342,-3.8473672723	4	norm	0.08	264000,,
281197	0.0,1.0,2.0,3.0,4.0,5.0,6.0,7.0,8.0,9.0,10.0,11.0,12.0,13.0,14.0,15.0,16.0,17.0,18.0,19.0	17.327648065,18.4801484352,19.1112469855,18.1475838866,19.6197174406,23.3867282016,26.130954673,30.6775086573,32.8219718375,36.9531592386,37.2308570683,36.8674584807,32.9959177526,29.1087944297,26.5152449881,22.1978293333,20.7254413687,18.3596933317,19.1759141357,17.382801886	4	norm	0.08	264000,,
280055	0.0,1.0,2.0,3.0,4.0,5.0,6.0,7.0,8.0,9.0,10.0,11.0,12.0,13.0,14.0,15.0,16.0,17.0,18.0,19.0	-7.46642299507,-7.9227666778,-7.68223751868,-5.71232614994,-4.43518948805,-3.27484114521,1.20850551349,4.26064696337,8.90825988222,10.2942295274,11.6319178895,11.2040636161,8.76713163755,3.96669734639,-0.0536989950328,-3.48065147218,-5.86819740268,-5.71496920486,-6.81703942549,-7.70491646409	4	norm	0.08	264000,,
282610	0.0,1.0,2.0,3.0,4.0,5.0,6.0,7.0,8.0,9.0,10.0,11.0,12.0,13.0,14.0,15.0,16.0,17.0,18.0,19.0	-3.93135402244,-3.67149640388,-4.15971857866,-3.50035433671,-0.539505191822,0.342684357406,4.76491174635,8.21049423495,12.4026453781,15.8070848795,15.7748836076,15.312191662,11.2946295774,8.65968583899,4.58873488914,0.248690080754,-1.29197478884,-3.3236714785,-4.09370953769,-4.10534676723	4	norm	0.08	264000,,
283383	0.0,1.0,2.0,3.0,4.0,5.0,6.0,7.0,8.0,9.0,10.0,11.0,12.0,13.0,14.0,15.0,16.0,17.0,18.0,19.0	-15.9717400211,-15.3461851424,-14.9450590179,-14.5043161165,-13.1018032065,-10.0743250138,-7.56294746977,-3.81689121317,-0.0351168145488,2.2793831061,5.08190235407,3.75900253642,-0.711348470667,-4.14189309039,-8.42408055326,-10.9411745803,-12.7079448911,-14.0127480085,-15.4853410945,-15.6687698151	4	norm	0.08	264000,,
280619	0.0,1.0,2.0,3.0,4.0,5.0,6.0,7.0,8.0,9.0,10.0,11.0,12.0,13.0,14.0,15.0,16.0,17.0,18.0,19.0	-16.3344900538,-16.3403040795,-15.8941540806,-16.7907255802,-14.3264383686,-13.118633573,-8.89500703274,-5.54591094256,-1.20998889175,1.15075049798,1.7705998762,2.43340947308,-2.11513311282,-4.9412556981,-9.13259536316,-11.6729868023,-14.9857569942,-15.9648256363,-16.3658224284,-17.6928775591	4	norm	0.08	264000,,
283171	0.0,1.0,2.0,3.0,4.0,5.0,6.0,7.0,8.0,9.0,10.0,11.0,12.0,13.0,14.0,15.0,16.0,17.0,18.0,19.0	-8.16880740562,-8.66956967134,-7.20497996456,-6.66730200142,-5.62150091662,-2.19141916753,0.416519059943,4.63063084073,7.08437373335,10.8810457718,12.0914124337,11.051207278,8.02407828394,4.654616834,-0.424717787791,-2.33532691059,-5.67967497038,-5.97918990326,-7.68693344074,-7.72591836591	4	norm	0.08	264000,,
283156	0.0,1.0,2.0,3.0,4.0,5.0,6.0,7.0,8.0,9.0,10.0,11.0,12.0,13.0,14.0,15.0,16.0,17.0,18.0,19.0	-10.9547976979,-9.04397765094,-8.62505223172,-9.06253335657,-7.2519466466,-6.07966383175,-1.69817436521,2.91702362644,6.7076528051,9.38227110748,10.6781411724,8.01580239843,6.84774015594,2.1414361599,-1.86956112273,-5.27317704418,-7.65834385976,-9.70815584361,-8.61392190843,-9.33885401094	4	norm	0.08	264000,,
283855	0.0,1.0,2.0,3.0,4.0,5.0,6.0,7.0,8.0,9.0,10.0,11.0,12.0,13.0,14.0,15.0,16.0,17.0,18.0,19.0	-11.5458569763,-11.8370602152,-10.9977110334,-11.7745710869,-9.69830214699,-7.20496069145,-4.61326243124,-0.79667988308,3.1020196966,7.34723665105,6.70946907682,7.26745421969,3.88898504689,-0.611082087338,-4.04519431225,-6.70127308672,-10.2269910523,-10.609499529,-11.2809107742,-11.2019706058	4	norm	0.08	264000,,
280676	0.0,1.0,2.0,3.0,4.0,5.0,6.0,7.0,8.0,9.0,10.0,11.0,12.0,13.0,14.0,15.0,16.0,17.0,18.0,19.0	-0.807230351547,-0.897004843926,-1.14497490057,0.516399145462,2.14393079092,4.23949191737,7.04865814091,10.8218317552,15.5738703514,17.6690382461,18.233774435,17.0396416643,14.9468611765,11.4475588773,6.70104196137,2.95966836771,1.67586478407,-0.368871550902,-0.0902127868545,-0.952255859778	4	norm	0.08	264000,,
283864	0.0,1.0,2.0,3.0,4.0,5.0,6.0,7.0,8.0,9.0,10.0,11.0,12.0,13.0,14.0,15.0,16.0,17.0,18.0,19.0	-12.8274718466,-13.0354507829,-13.5592162391,-12.5799433291,-11.0614199556,-7.85834688917,-6.46988286616,-0.72264960897,3.07110087011,5.85494665788,6.41688912403,5.86808001662,2.03631535502,-2.12174986429,-5.3815674206,-8.05733167528,-11.3351610467,-11.9611016837,-12.3504223885,-12.607692714	4	norm	0.08	264000,,
282261	0.0,1.0,2.0,3.0,4.0,5.0,6.0,7.0,8.0,9.0,10.0,11.0,12.0,13.0,14.0,15.0,16.0,17.0,18.0,19.0	0.688285231498,1.85523218044,1.52241121863,1.37612410156,3.86878287542,6.14004485654,8.74515798877,13.6327127031,17.4842092918,19.2212620284,21.6123607439,19.2835411675,15.9133545195,13.4921441519,8.39714279099,5.94323466715,3.70684347434,2.48425773568,0.836925372925,1.05303516863	4	norm	0.08	264000,,
282816	0.0,1.0,2.0,3.0,4.0,5.0,6.0,7.0,8.0,9.0,10.0,11.0,12.0,13.0,14.0,15.0,16.0,17.0,18.0,19.0	-19.3763609018,-19.4384062484,-19.3047717599,-17.9914545661,-17.6280053702,-14.4205580603,-11.7859027845,-7.44374074368,-2.58829969102,-0.978166044252,0.331628479153,-0.803004905345,-3.94384959498,-7.72124082081,-12.2253747183,-14.3867296065,-16.8245936352,-18.6081664389,-18.2694291999,-19.2676692973	4	norm	0.08	264000,,
282036	0.0,1.0,2.0,3.0,4.0,5.0,6.0,7.0,8.0,9.0,10.0,11.0,12.0,13.0,14.0,15.0,16.0,17.0,18.0,19.0	13.361779234,13.0303486937,12.9912102972,13.7365552716,16.1177371469,18.3364418703,20.3676970431,25.2633615787,27.7025653389,31.7460564529,32.5389927131,32.3549933363,29.062846844,25.2240532528,21.0479995856,17.2009214872,14.3861117406,14.3266150734,12.2098971023,11.938095134	4	norm	0.08	264000,,
282464	0.0,1.0,2.0,3.0,4.0,5.0,6.0,7.0,8.0,9.0,10.0,11.0,12.0,13.0,14.0,15.0,16.0,17.0,18.0,19.0	-7.13726773498,-7.62405934598,-5.83701403293,-6.02677156728,-4.94558249266,-2.6668992129,1.29794545838,5.61464407102,8.65765759834,12.4886164364,12.7037591218,12.3385371616,8.97491039592,5.01161251138,0.484700744975,-1.19487524499,-4.94111020808,-6.21616847093,-6.86494612047,-7.58595853182	4	norm	0.08	264000,,
283267	0.0,1.0,2.0,3.0,4.0,5.0,6.0,7.0,8.0,9.0,10.0,11.0,12.0,13.0,14.0,15.0,16.0,17.0,18.0,19.0	4.16763006653,3.24644200256,4.6811755762,4.07396327945,5.56868244506,8.5864414261,11.8414922519,16.4475574484,18.7968888417,21.7402137545,23.7752431845,22.2031642027,19.2574181598,15.6508206457,12.4373281117,8.02640531151,5.76246755818,4.31704392749,4.02649859358,3.09416535968	4	norm	0.08	264000,,
282317	0.0,1.0,2.0,3.0,4.0,5.0,6.0,7.0,8.0,9.0,10.0,11.0,12.0,13.0,14.0,15.0,16.0,17.0,18.0,19.0	1.75478967446,0.606537955668,1.54465263495,2.87841571288,3.01367597473,5.38327006392,9.90790187458,14.2065290047,16.9480815683,20.6979989165,20.8329310361,20.7976923771,17.4791860886,13.978986945,8.62772741029,6.13232054503,3.65586398102,2.60563161875,2.50351100148,1.86883106537	4	norm	0.08	264000,,
283568	0.0,1.0,2.0,3.0,4.0,5.0,6.0,7.0,8.0,9.0,10.0,11.0,12.0,13.0,14.0,15.0,16.0,17.0,18.0,19.0	16.9821188004,16.6836954631,16.2466564726,18.4467166026,18.9148043196,22.3055805046,24.6823340098,29.0717344241,31.7595745216,35.0601461671,36.7671723999,36.2233102347,32.917663523,28.531248445,23.8561011619,22.3619168173,19.504613835,18.5084764509,17.9951777089,17.3938333621	4	norm	0.08	264000,,
283014	0.0,1.0,2.0,3.0,4.0,5.0,6.0,7.0,8.0,9.0,10.0,11.0,12.0,13.0,14.0,15.0,16.0,17.0,18.0,19.0	-8.80803340993,-9.84923264274,-8.93445002525,-7.96069514841,-7.14743372027,-3.66336650091,-1.59408741806,3.31332164724,6.41957496592,8.97068344295,10.675105761,9.14378294116,7.39386270044,3.71032725001,-0.563199937112,-4.5843908428,-7.20270529409,-6.96412985547,-9.03290763085,-8.57952544253	4	norm	0.08	264000,,
280821	0.0,1.0,2.0,3.0,4.0,5.0,6.0,7.0,8.0,9.0,10.0,11.0,12.0,13.0,14.0,15.0,16.0,17.0,18.0,19.0	-4.77773851444,-4.14914231713,-4.61274238818,-3.61144445129,-1.37886672638,0.776788644848,3.24485161526,6.40949028817,10.5996857701,13.7128488806,14.2412024337,14.0120754822,11.6806198888,7.89144449393,4.02560598178,-0.300749450605,-1.33745382129,-2.91971472239,-4.15102903425,-4.44831766787	4	norm	0.08	264000,,
281915	0.0,1.0,2.0,3.0,4.0,5.0,6.0,7.0,8.0,9.0,10.0,11.0,12.0,13.0,14.0,15.0,16.0,17.0,18.0,19.0	18.3362228552,18.1099451043,19.8735968753,19.6274902988,22.3188612952,23.1279432073,27.0438581599,30.8819067006,35.0785680344,37.4816439428,38.2529608985,37.724241611,35.6663051461,31.7768630275,26.2381789339,22.9926350933,21.2775778819,20.7575615798,19.410289713,18.0662358444	4	norm	0.08	264000,,
281952	0.0,1.0,2.0,3.0,4.0,5.0,6.0,7.0,8.0,9.0,10.0,11.0,12.0,13.0,14.0,15.0,16.0,17.0,18.0,19.0	14.7362946133,13.6934790687,15.0465112696,15.9420727061,17.2419656595,19.3559894306,22.5496291512,26.3369706291,29.3576674897,33.7920388469,35.0959110121,33.7079570924,31.134791586,26.787366993,22.5333824571,19.3462885941,16.7070416758,15.2588363193,13.9401931868,14.7877487241	4	norm	0.08	264000,,
280107	0.0,1.0,2.0,3.0,4.0,5.0,6.0,7.0,8.0,9.0,10.0,11.0,12.0,13.0,14.0,15.0,16.0,17.0,18.0,19.0	-14.1626172696,-13.1302194376,-12.1147837781,-11.5922509881,-11.8280540659,-8.25692238253,-5.69543319571,-2.10569475544,3.16815465026,5.91040448336,6.66998411351,5.78404902738,2.39616904032,-2.1978329307,-5.59950621145,-8.81786396989,-11.4706369781,-12.1107232147,-12.6029322194,-14.3058530957	4	norm	0.08	264000,,
281017	0.0,1.0,2.0,3.0,4.0,5.0,6.0,7.0,8.0,9.0,10.0,11.0,12.0,13.0,14.0,15.0,16.0,17.0,18.0,19.0	17.259353091,16.1523998765,16.5769092741,16.8075851026,18.6603623152,22.3000779344,23.9944185083,29.1252410137,33.4633527738,34.7122539029,36.2660505127,35.9495042567,32.591646774,28.7601138862,24.599495455,22.39749831,20.0911449907,16.9210739398,16.4943317723,17.4528767418	4	norm	0.08	264000,,
283747	0.0,1.0,2.0,3.0,4.0,5.0,6.0,7.0,8.0,9.0,10.0,11.0,12.0,13.0,14.0,15.0,16.0,17.0,18.0,19.0	-5.87272704398,-7.05882440291,-5.64680448744,-4.470595084,-3.81331615288,-2.38986388924,2.2395050199,6.14700037073,10.1781620106,12.4183675606,13.5721063833,11.8054327048,8.83081731745,6.33194560371,1.64713759414,-2.55039450687,-4.06703455753,-4.91735200744,-6.31892669909,-5.76983215525	4	norm	0.08	264000,,
280596	0.0,1.0,2.0,3.0,4.0,5.0,6.0,7.0,8.0,9.0,10.0,11.0,12.0,13.0,14.0,15.0,16.0,17.0,18.0,19.0	3.44869041564,2.35537406222,4.10471660207,4.47656609837,5.36247437607,7.88434503584,11.7747021896,14.7634063077,19.3994610885,21.2580491301,23.2434105293,22.7735417421,18.9166770979,14.9663680204,11.7475495822,8.87331066195,5.991268361,4.73752745309,2.8680271342,3.6992050143	4	norm	0.08	264000,,
280923	0.0,1.0,2.0,3.0,4.0,5.0,6.0,7.0,8.0,9.0,10.0,11.0,12.0,13.0,14.0,15.0,16.0,17.0,18.0,19.0	-12.2597693128,-11.8462479158,-10.9072853184,-11.2956293933,-9.11570966325,-5.87459457708,-3.05708831606,0.763562363953,4.8390472648,6.70981431713,8.78504875716,8.06329758101,3.73909127928,-0.201003400287,-3.78754392529,-6.8036467202,-9.5028759474,-10.4166955452,-11.0180096708,-12.3563787837	4	norm	0.08	264000,,
281190	0.0,1.0,2.0,3.0,4.0,5.0,6.0,7.0,8.0,9.0,10.0,11.0,12.0,13.0,14.0,15.0,16.0,17.0,18.0,19.0	8.24453619348,8.69397038711,8.23671639798,8.53202266235,10.3994289867,11.5403589653,16.2706773216,19.8160418911,23.6336491629,25.7292221607,26.8880553841,26.5925438671,23.4259330951,19.2472291358,16.5315343042,13.2204428031,10.6813327219,8.03347105069,8.89695666222,8.56060891477	4	norm	0.08	264000,,
283970	0.0,1.0,2.0,3.0,4.0,5.0,6.0,7.0,8.0,9.0,10.0,11.0,12.0,13.0,14.0,15.0,16.0,17.0,18.0,19.0	-6.11103643977,-4.93322957344,-5.1327635834,-4.03840808145,-1.56300812951,-0.521392287888,3.36427792626,7.49995584772,10.3456194697,12.7479519141,14.0268316804,12.6785985109,11.6976554494,6.40032767628,3.98105976393,-0.99997258122,-2.54529118945,-3.93100732439,-4.83247352597,-4.24364333422	4	norm	0.08	264000,,
282592	0.0,1.0,2.0,3.0,4.0,5.0,6.0,7.0,8.0,9.0,10.0,11.0,12.0,13.0,14.0,15.0,16.0,17.0,18.0,19.0	16.2812080612,14.7381960239,16.0657739582,15.8208848719,18.9219289372,19.8008610815,23.9571442839,28.1867849771,30.9943800381,34.6567931871,36.0595324488,33.9323280176,30.563586767,26.6526868242,24.4196823703,20.8486123093,17.4561194368,17.6112955773,15.1878864972,15.1804488184	4	norm	0.08	264000,,
282702	0.0,1.0,2.0,3.0,4.0,5.0,6.0,7.0,8.0,9.0,10.0,11.0,12.0,13.0,14.0,15.0,16.0,17.0,18.0,19.0	8.19969556728,8.85252295741,9.4331305379,8.93341349539,10.7680481653,13.4073035266,17.3292102985,20.7225082956,25.2627003359,27.3533499052,28.6688365443,28.3218124299,23.6454684527,20.3269846527,16.1778010568,12.7252997467,11.6980751138,9.57954605336,8.19902995431,8.57871914288	4	norm	0.08	264000,,
283622	0.0,1.0,2.0,3.0,4.0,5.0,6.0,7.0,8.0,9.0,10.0,11.0,12.0,13.0,14.0,15.0,16.0,17.0,18.0,19.0	7.79194330202,7.03421623245,7.40439363411,8.57784683158,9.80289660001,12.8741548962,14.5958098588,20.3564056808,22.4969415045,26.228365325,27.3402705054,26.8308317612,23.1955392823,19.2523495152,15.7342867352,13.0585157974,10.0834045216,8.46096947847,7.58055148136,6.74306262065	4	norm	0.08	264000,,
281212	0.0,1.0,2.0,3.0,4.0,5.0,6.0,7.0,8.0,9.0,10.0,11.0,12.0,13.0,14.0,15.0,16.0,17.0,18.0,19.0	6.13844353693,5.61985085182,5.88222574285,6.56793665429,9.9351966236,10.5119330821,14.5479694585,18.097460524,21.5033140473,25.2440015171,25.6514808698,26.0552830723,22.7484347338,19.1751946352,14.7092527839,11.8367762875,8.73049211358,7.7305088855,6.49697064275,6.13629298284	4	norm	0.08	264000,,
281150	0.0,1.0,2.0,3.0,4.0,5.0,6.0,7.0,8.0,9.0,10.0,11.0,12.0,13.0,14.0,15.0,16.0,17.0,18.0,19.0	10.9804662663,10.767732275,12.2853565868,11.574872129,13.6000042504,16.5845622714,20.1368088327,23.250316738,26.0931791383,29.5205420298,30.8493035887,30.5651629566,27.1828206806,22.3442873899,18.9749066134,16.7196332279,13.6841243418,11.5646756562,11.7875829076,11.9829323506	4	norm	0.08	264000,,
281166	0.0,1.0,2.0,3.0,4.0,5.0,6.0,7.0,8.0,9.0,10.0,11.0,12.0,13.0,14.0,15.0,16.0,17.0,18.0,19.0	-6.16388008753,-5.2890140355,-6.2378413949,-5.3266877301,-3.12467669342,-0.853355263238,2.91716050319,5.94972292264,10.5211476197,13.3717941881,14.7102532761,13.346288999,10.1561393009,5.43775871183,2.1519511648,-0.0513580661652,-3.37660649217,-4.49579375895,-6.2503227163,-5.09049223041	4	norm	0.08	264000,,
281079	0.0,1.0,2.0,3.0,4.0,5.0,6.0,7.0,8.0,9.0,10.0,11.0,12.0,13.0,14.0,15.0,16.0,17.0,18.0,19.0	-15.3059122321,-16.0727132106,-15.8571560208,-14.9026398629,-14.2546466234,-10.2196709785,-8.53695695521,-4.71047066533,-0.694117996505,3.16317748527,3.01607519728,2.36290803844,0.8220548651,-3.68721829345,-8.24397982351,-11.1235215684,-13.8716515958,-14.0720893354,-15.1529834772,-15.0771819294	4	norm	0.08	264000,,
282258	0.0,1.0,2.0,3.0,4.0,5.0,6.0,7.0,8.0,9.0,10.0,11.0,12.0,13.0,14.0,15.0,16.0,17.0,18.0,19.0	-11.5476781673,-10.8122374531,-10.7417612939,-9.03005971478,-7.85742749893,-6.45920836016,-2.14884011573,1.8237077571,4.52799182454,7.88682698978,8.73953331149,7.66062092121,5.94854625681,0.734226184726,-3.1641009085,-5.30233680808,-8.62357004895,-9.87783052683,-10.6407181911,-10.450813903	4	norm	0.08	264000,,
280862	0.0,1.0,2.0,3.0,4.0,5.0,6.0,7.0,8.0,9.0,10.0,11.0,12.0,13.0,14.0,15.0,16.0,17.0,18.0,19.0	-17.1650865842,-16.4900443575,-15.9843692934,-15.6406581262,-13.1960971083,-11.0001893324,-7.88567316094,-5.15258156904,-1.20045510346,2.14238247331,2.93538450227,2.72583439359,-0.96815069645,-5.33848660076,-9.29958580097,-12.6257507554,-14.210798403,-16.5568892051,-16.3162704886,-15.9419432238	4	norm	0.08	264000,,
283578	0.0,1.0,2.0,3.0,4.0,5.0,6.0,7.0,8.0,9.0,10.0,11.0,12.0,13.0,14.0,15.0,16.0,17.0,18.0,19.0	14.0154907279,14.646846172,14.3756412407,15.7171388328,17.3083470225,18.9652779008,22.5662411202,25.1767978712,29.5187434598,32.1592349168,33.2638296745,32.5807154791,28.6979459713,26.246923498,22.7512226778,19.0156247931,16.5024460839,15.9226577907,14.5295123218,13.6028004807	4	norm	0.08	264000,,
283064	0.0,1.0,2.0,3.0,4.0,5.0,6.0,7.0,8.0,9.0,10.0,11.0,12.0,13.0,14.0,15.0,16.0,17.0,18.0,19.0	-13.3158279851,-13.57957445,-12.3317873511,-11.7470482876,-9.62749294892,-7.48720264743,-4.23768702551,-0.347378365418,2.38479832527,5.7945925117,6.83225405794,6.25875675996,2.4913761353,-0.60496470786,-4.91606262798,-7.46808065307,-10.7299609619,-11.2303617019,-13.3952728375,-13.2197435878	4	norm	0.08	264000,,
280620	0.0,1.0,2.0,3.0,4.0,5.0,6.0,7.0,8.0,9.0,10.0,11.0,12.0,13.0,14.0,15.0,16.0,17.0,18.0,19.0	-2.40237515339,-2.21973365395,-2.22677617209,-1.23251794066,-0.41488301806,2.74971879761,6.04556525656,8.53577877581,12.4668951242,16.3744695552,16.5061243466,15.975696244,13.4801464738,8.49488349517,5.12131439477,2.13341208799,-0.580577137233,-0.777527929613,-1.27413190487,-3.11798953568	4	norm	0.08	264000,,
280423	0.0,1.0,2.0,3.0,4.0,5.0,6.0,7.0,8.0,9.0,10.0,11.0,12.0,13.0,14.0,15.0,16.0,17.0,18.0,19.0	-17.066893988,-16.2933937072,-15.6744203226,-15.6314089099,-13.3994998421,-12.2108556301,-7.66277381861,-4.68662344141,-0.268937633614,1.51088859112,3.470751068,2.32731592177,-1.28562846519,-4.8482915203,-8.43760470267,-12.5845793957,-13.3257966986,-15.7561266939,-16.5770092896,-15.4856062278	4	norm	0.08	264000,,
283072	0.0,1.0,2.0,3.0,4.0,5.0,6.0,7.0,8.0,9.0,10.0,11.0,12.0,13.0,14.0,15.0,16.0,17.0,18.0,19.0	3.52589148773,3.25247295932,4.17231561237,4.46584850819,5.44402176505,7.65332901329,12.1051508042,15.5486780758,20.390746535,22.2272463511,22.8679616051,21.6244565834,18.5844622275,16.2514211386,11.6683018268,8.72119269509,7.12773968645,4.95404315046,4.02714704763,3.79043506152	4	norm	0.08	264000,,
281613	0.0,1.0,2.0,3.0,4.0,5.0,6.0,7.0,8.0,9.0,10.0,11.0,12.0,13.0,14.0,15.0,16.0,17.0,18.0,19.0	-11.6067640891,-10.3222421226,-10.7347480506,-9.716584437,-9.32478915593,-6.11398629153,-2.38838948257,0.0957542833879,3.56172695997,8.05040387674,7.65525238031,7.51931428395,3.77316188899,0.37486827996,-2.68081249373,-7.14125582976,-8.14625898305,-9.74264401313,-11.7921237575,-10.7098517899	4	norm	0.08	264000,,
281349	0.0,1.0,2.0,3.0,4.0,5.0,6.0,7.0,8.0,9.0,10.0,11.0,12.0,13.0,14.0,15.0,16.0,17.0,18.0,19.0	15.8167396792,15.0911433396,15.8890956998,16.2060649602,18.3861197123,20.4872870997,23.3659785928,27.001043342,31.2353333383,34.4701106576,35.9032873875,34.0082464503,31.5310677358,28.2445378498,23.938175408,20.8126705978,18.012641284,16.5121670235,15.5083409824,15.9562078023	4	norm	0.08	264000,,
283877	0.0,1.0,2.0,3.0,4.0,5.0,6.0,7.0,8.0,9.0,10.0,11.0,12.0,13.0,14.0,15.0,16.0,17.0,18.0,19.0	-4.40064795438,-4.41403015789,-3.8833856119,-4.21624297716,-2.10810417161,0.0683675179211,4.3248465019,7.94745454685,10.3928494973,14.0248179965,15.3772692562,14.1986516162,11.0552040279,6.56066771076,2.96197344919,0.271669841646,-0.937341037467,-4.211851055,-4.85372346624,-3.40022666922	4	norm	0.08	264000,,
283583	0.0,1.0,2.0,3.0,4.0,5.0,6.0,7.0,8.0,9.0,10.0,11.0,12.0,13.0,14.0,15.0,16.0,17.0,18.0,19.0	-10.2444263188,-10.3908155863,-9.49251783799,-9.85053465301,-8.20398826016,-5.53821700522,-1.76805586675,1.90249846083,6.39600318694,7.5715951037,9.20629306118,7.82626164056,5.55948514063,1.29210781997,-2.93255190632,-5.27818108454,-6.88756656752,-9.08191959045,-9.84136591686,-9.47249232686	4	norm	0.08	264000,,
281092	0.0,1.0,2.0,3.0,4.0,5.0,6.0,7.0,8.0,9.0,10.0,11.0,12.0,13.0,14.0,15.0,16.0,17.0,18.0,19.0	-14.2834115308,-15.2053596435,-14.344109162,-13.6328297838,-12.4318765943,-11.0844978993,-6.87810408804,-3.23277202636,0.634661924938,3.14603232565,4.65400818358,4.22963458638,0.905110516471,-3.06536595571,-7.35097037626,-9.50428825056,-13.4998097496,-14.2618125686,-14.4574020869,-15.5802399061	4	norm	0.08	264000,,
282348	0.0,1.0,2.0,3.0,4.0,5.0,6.0,7.0,8.0,9.0,10.0,11.0,12.0,13.0,14.0,15.0,16.0,17.0,18.0,19.0	-17.62313555,-17.3909044976,-16.5871736686,-17.665490211,-14.8114952753,-12.1228276045,-10.1636378239,-5.1018685357,-2.61203509144,0.119681931935,2.31269217667,1.76601429703,-1.47426294791,-6.36574884399,-9.52178578545,-12.2412679959,-15.1590856031,-17.3858224733,-18.3582796738,-18.4886078772	4	norm	0.08	264000,,
281086	0.0,1.0,2.0,3.0,4.0,5.0,6.0,7.0,8.0,9.0,10.0,11.0,12.0,13.0,14.0,15.0,16.0,17.0,18.0,19.0	5.46254344699,5.38357362458,6.41395873623,6.75588053249,8.24144566471,10.8248704465,14.1249061529,17.5260600662,21.8513486014,23.4295575975,26.099834438,23.4367725764,20.3795432156,17.9201285959,13.794070686,10.8995921531,8.56294266517,7.27064528181,6.35350557949,5.19791547584	4	norm	0.08	264000,,
282134	0.0,1.0,2.0,3.0,4.0,5.0,6.0,7.0,8.0,9.0,10.0,11.0,12.0,13.0,14.0,15.0,16.0,17.0,18.0,19.0	-6.07165531997,-6.48679714937,-5.30615521832,-4.67358240493,-4.37741825636,-2.06575207833,2.60526022678,5.41596151447,8.90154733275,11.7969735515,13.618774083,13.061477268,10.3510159931,5.30623659514,2.83144799557,-0.727716521745,-3.24610238795,-4.05486705801,-4.80194531534,-5.03756642649	4	norm	0.08	264000,,
282187	0.0,1.0,2.0,3.0,4.0,5.0,6.0,7.0,8.0,9.0,10.0,11.0,12.0,13.0,14.0,15.0,16.0,17.0,18.0,19.0	12.3615095273,14.351499316,13.6114502046,15.5193295974,16.2282275836,18.130197369,20.677887804,25.1993420962,29.5606279179,32.1391350398,32.408989941,31.6576397635,28.410513307,24.7544177142,21.9561128011,17.4397483131,14.9777657634,14.9537151601,14.7341821964,12.8407658739	4	norm	0.08	264000,,
281749	0.0,1.0,2.0,3.0,4.0,5.0,6.0,7.0,8.0,9.0,10.0,11.0,12.0,13.0,14.0,15.0,16.0,17.0,18.0,19.0	-2.96073047333,-2.44783119639,-2.29436554339,-1.7455267566,1.14429588691,2.81063214293,6.50944102789,10.3836722587,13.9145106268,16.8381510704,18.5492843559,15.8453136069,13.3917048841,10.4345152196,5.82983464084,3.82608270427,0.859677260304,-0.685661563231,-2.44568181785,-1.86131914761	4	norm	0.08	264000,,
282387	0.0,1.0,2.0,3.0,4.0,5.0,6.0,7.0,8.0,9.0,10.0,11.0,12.0,13.0,14.0,15.0,16.0,17.0,18.0,19.0	19.8703461409,19.2651332,19.7109683558,20.9954800951,21.5329193851,24.4481893897,27.6796369086,31.5263852782,36.5596822034,39.4107273775,39.9929266425,38.2781729628,36.0874985492,31.9535789844,27.4801484936,24.9849893581,23.071917374,21.1201273817,20.6593236112,20.2877946811	4	norm	0.08	264000,,
283172	0.0,1.0,2.0,3.0,4.0,5.0,6.0,7.0,8.0,9.0,10.0,11.0,12.0,13.0,14.0,15.0,16.0,17.0,18.0,19.0	3.16404123059,2.64448145609,3.7727325508,4.35458396954,4.05013383727,7.76021550007,9.5600338664,15.1454728811,18.5466607137,21.3548074954,22.9727151495,20.5487722604,17.4550704415,14.8187493698,11.410118786,7.17218961588,5.35906545971,4.32349569527,2.59462563038,2.77002093556	4	norm	0.08	264000,,
281504	0.0,1.0,2.0,3.0,4.0,5.0,6.0,7.0,8.0,9.0,10.0,11.0,12.0,13.0,14.0,15.0,16.0,17.0,18.0,19.0	-3.22695472532,-2.64863605887,-2.82190648675,-1.25702177939,-0.166950563297,2.05932825556,5.57208363217,9.48360604308,12.749391461,15.902156579,17.7271575669,16.6428109707,14.3999429112,9.08939783318,6.08681365583,1.83670861752,-0.389907154094,-0.96255688938,-1.95417681238,-2.27311047954	4	norm	0.08	264000,,
282967	0.0,1.0,2.0,3.0,4.0,5.0,6.0,7.0,8.0,9.0,10.0,11.0,12.0,13.0,14.0,15.0,16.0,17.0,18.0,19.0	-3.20528100272,-1.68739243793,-2.58773058269,-1.27561106074,-0.505328701469,1.49067232179,4.50126938598,8.93202764519,13.7014004428,15.9916643081,17.280194211,16.7457498668,13.3083776502,10.1996871388,5.70972286095,1.65902249409,0.246176167345,-2.00476760131,-1.52121271149,-2.73373877541	4	norm	0.08	264000,,
282423	0.0,1.0,2.0,3.0,4.0,5.0,6.0,7.0,8.0,9.0,10.0,11.0,12.0,13.0,14.0,15.0,16.0,17.0,18.0,19.0	16.4022791477,17.4361086217,17.7401927629,19.2559057265,20.4641397365,21.5704860913,24.5786433689,29.0470136584,33.7277465528,35.5491877764,36.2664266621,36.007418814,33.1356871257,29.9480210376,25.1329081524,22.7641273103,19.8431381581,17.5147447306,18.2736953908,17.4903115583	4	norm	0.08	264000,,
280032	0.0,1.0,2.0,3.0,4.0,5.0,6.0,7.0,8.0,9.0,10.0,11.0,12.0,13.0,14.0,15.0,16.0,17.0,18.0,19.0	-6.53980527895,-5.97542571093,-4.68372671464,-5.26598096894,-3.43529888131,-0.060776337982,1.36873624919,5.3309973,10.0345921016,12.9630215089,14.5678633745,12.2387036303,9.39640662093,5.66415595992,2.39360903978,-0.142293313457,-3.39436932047,-3.89951827881,-6.23516524131,-6.13276191619	4	norm	0.08	264000,,
282727	0.0,1.0,2.0,3.0,4.0,5.0,6.0,7.0,8.0,9.0,10.0,11.0,12.0,13.0,14.0,15.0,16.0,17.0,18.0,19.0	18.3540941332,17.4606010422,18.1722185608,17.9004398684,20.5660697702,23.0177336491,25.0295561426,29.9272203776,33.4495755437,35.8975089758,36.897948473,35.7853692667,33.5008351734,28.8816445189,25.6776713984,22.9678385504,19.2211945208,19.2684886823,17.0602958753,17.8233274811	4	norm	0.08	264000