ID	X	Y	func	noise	original_trajectory,,
306600	0.0,1.0,2.0,3.0,4.0,5.0,6.0,7.0,8.0,9.0,10.0,11.0,12.0,13.0,14.0,15.0,16.0,17.0,18.0,19.0	167.4683361536423,87.46365245646203,77.7370642591861,80.78048235848595,80.96304441115095,77.24720301467768,77.00394268608173,75.91781007681237,79.8900608497093,81.84983292690308,79.62683754311048,80.64341106363675,80.99155247454824,78.83052957713069,77.98743364570937,81.45595457448611,78.787452943645,81.24362926370887,81.05794352198794,77.93792208423864	exponential	0.12	306600,,
306601	0.0,1.0,2.0,3.0,4.0,5.0,6.0,7.0,8.0,9.0,10.0,11.0,12.0,13.0,14.0,15.0,16.0,17.0,18.0,19.0	61.58936118040177,61.72938754355067,62.30435421813002,61.72163943991068,61.68777676170539,-0.23429355964548826,-14.715155604561058,-15.569184647786646,-15.56410636961717,-10.953546095294303,-16.915540206637537,-17.254151778744433,-16.057772774513456,-11.914744454667128,-17.800271272345462,-15.321266895684227,-17.825898950025003,-12.450219174957876,-16.918750445305207,-11.412390976168744	exponential	0.12	306601,,
306602	0.0,1.0,2.0,3.0,4.0,5.0,6.0,7.0,8.0,9.0,10.0,11.0,12.0,13.0,14.0,15.0,16.0,17.0,18.0,19.0	91.32274348873347,93.24355972431897,50.40500844657362,46.06885693926787,43.13873558434393,45.35919696680063,45.41720428554396,43.476966591889216,43.947955304015956,45.505637047352614,44.63733457927504,43.58965606552434,42.419908486050254,42.87427754498768,44.530423788683436,42.17367025433502,45.450896602649564,42.62455653834905,45.46608110452865,42.80755485189408	exponential	0.12	306602,,
306603	0.0,1.0,2.0,3.0,4.0,5.0,6.0,7.0,8.0,9.0,10.0,11.0,12.0,13.0,14.0,15.0,16.0,17.0,18.0,19.0	11.299112434888983,11.892974833710895,10.74777183323718,12.523361789231238,11.198082012645884,-23.5852101795284,-27.74166320799467,-27.67728685390336,-28.388869457339954,-30.84411818880578,-32.67303371815016,-28.25692987315864,-27.2604355281583,-32.138946006817406,-29.57484801288008,-32.45242538705695,-29.48019723070617,-28.983115669238178,-27.705257299650512,-28.589446463300696	exponential	0.12	306603,,
306604	0.0,1.0,2.0,3.0,4.0,5.0,6.0,7.0,8.0,9.0,10.0,11.0,12.0,13.0,14.0,15.0,16.0,17.0,18.0,19.0	-90.51013578702512,-48.25166344900511,-45.561291515004164,-43.945820916437086,-44.48096533537063,-42.88952295879373,-44.753467132258,-41.99757827970196,-44.93531863716457,-42.70934765652016,-44.948594914362054,-44.20707217320442,-42.44399707410215,-44.5187102193358,-44.434548521914216,-42.82925839906554,-43.79646524604219,-44.878990146061895,-41.88552096556058,-44.53672521242273	exponential	0.12	306604,,
306605	0.0,1.0,2.0,3.0,4.0,5.0,6.0,7.0,8.0,9.0,10.0,11.0,12.0,13.0,14.0,15.0,16.0,17.0,18.0,19.0	-30.890205828844167,-32.91185678075678,-32.02404870240496,-32.81394304790128,-31.749289560576916,-31.514335777169293,-7.434475931673937,-2.5368265085196704,-1.3470747495714,-0.2977402332122338,-2.334866718056445,1.1937248058837582,-2.5954173356439942,0.005596473485591348,0.6668834172000488,-2.8986243127489835,0.4479606819452921,1.14724784415855,-0.7349544910994821,0.4157750827823303	exponential	0.12	306605,,
306606	0.0,1.0,2.0,3.0,4.0,5.0,6.0,7.0,8.0,9.0,10.0,11.0,12.0,13.0,14.0,15.0,16.0,17.0,18.0,19.0	-14.661066382700366,-13.347183137807669,-14.052713143543787,14.98209160671531,20.447206640474302,19.249683109343856,18.975277750155666,18.89213372279671,19.37587544112879,19.12869626715772,21.17045665416351,20.690252887812914,22.489675617168025,22.302860347830364,22.53155226101286,19.645961787641152,20.449569583749746,19.71528293561296,21.004458815523655,21.12913936567001	exponential	0.12	306606,,
306607	0.0,1.0,2.0,3.0,4.0,5.0,6.0,7.0,8.0,9.0,10.0,11.0,12.0,13.0,14.0,15.0,16.0,17.0,18.0,19.0	34.52993569345294,36.95075518449487,33.87530030177328,35.07374287071445,3.4045530350836612,-3.080803647399986,-7.5090847036378445,-8.048581202507178,-8.635950369616607,-4.932542642380519,-8.255185002293922,-8.672899037426202,-5.365022420962768,-6.471352360393157,-6.052464069599219,-6.850276557514544,-5.287405476098846,-4.898394363715578,-7.721591252792976,-4.66472112158817	exponential	0.12	306607,,
306608	0.0,1.0,2.0,3.0,4.0,5.0,6.0,7.0,8.0,9.0,10.0,11.0,12.0,13.0,14.0,15.0,16.0,17.0,18.0,19.0	-64.39963926130515,-68.49013424376828,-64.49690938583318,-67.52558072891455,11.381325289388634,18.384722234730184,31.36560214441751,21.746066332989876,24.70840308756475,28.527648716729416,31.3776247398901,24.03135538307602,30.69397701132134,25.255211817239488,21.639065094619518,22.738074446794556,29.52865518585549,30.117810527401293,29.960876546857566,21.109118269756923	exponential	0.12	306608,,
306609	0.0,1.0,2.0,3.0,4.0,5.0,6.0,7.0,8.0,9.0,10.0,11.0,12.0,13.0,14.0,15.0,16.0,17.0,18.0,19.0	-5.435734681475438,-4.799942814089899,-4.53259821170278,-2.8345921027108485,-5.427404481314998,3.14391182212794,2.165005080107321,3.3893829525467756,2.8553507606399133,3.0720335157572776,3.9488370296039683,2.866284967779202,2.0410490429306742,2.0411718326219868,1.9165939179123288,4.240191780695206,3.608901083100756,4.571109324963656,3.7648853535162523,1.747985627007722	exponential	0.12	306609,,
306610	0.0,1.0,2.0,3.0,4.0,5.0,6.0,7.0,8.0,9.0,10.0,11.0,12.0,13.0,14.0,15.0,16.0,17.0,18.0,19.0	6.462905656543427,11.026275839345942,5.444363011732378,7.037105479398797,-40.41216970578384,-44.108734280527955,-45.93008592908523,-45.98065673726685,-48.102599713226475,-47.60531742316036,-46.32218586404533,-48.27046393823048,-49.89613903728814,-46.89306671860554,-47.22052145471441,-46.217186207496795,-46.192722670371396,-50.387981937042426,-45.99761424980541,-47.035011318462466	exponential	0.12	306610,,
306611	0.0,1.0,2.0,3.0,4.0,5.0,6.0,7.0,8.0,9.0,10.0,11.0,12.0,13.0,14.0,15.0,16.0,17.0,18.0,19.0	-104.40986053037958,-105.2029606732058,-104.3050952113204,-106.13601131303292,-50.898771461777166,-48.20855759420513,-39.31462669247712,-43.72310865572637,-41.15503591057116,-39.74181910704594,-44.164570918251634,-45.41322044138271,-44.50209647384517,-45.54462953311653,-38.93241639552194,-39.0743252311183,-43.41377215984721,-44.16891822738648,-44.80765888353678,-42.69373162124967	exponential	0.12	306611,,
306612	0.0,1.0,2.0,3.0,4.0,5.0,6.0,7.0,8.0,9.0,10.0,11.0,12.0,13.0,14.0,15.0,16.0,17.0,18.0,19.0	-47.393898930926184,-43.64549055419276,16.335133486188965,21.426944603395658,19.3799768210149,21.330451545223024,18.725857082625108,22.31525855370086,24.13352703015367,19.68473256335443,21.776256190092628,21.60047685186913,21.108632222675737,23.04664874112632,24.481454842076456,23.014506278424125,21.53730789042531,24.641975465994932,20.638077023375185,23.269615491083528	exponential	0.12	306612,,
306613	0.0,1.0,2.0,3.0,4.0,5.0,6.0,7.0,8.0,9.0,10.0,11.0,12.0,13.0,14.0,15.0,16.0,17.0,18.0,19.0	84.04058322062289,82.36938051514551,39.07655163740738,31.675246205864077,33.48334461701767,33.578870010655,30.65445760601821,31.673963816735526,33.52992912215313,31.39643242906799,29.996706556411322,29.594920123286595,31.08936645174166,30.186403842240992,31.89520610108403,31.006353256929867,30.181423907914407,33.8490411642729,31.026692344542266,31.839281890418846	exponential	0.12	306613,,
306614	0.0,1.0,2.0,3.0,4.0,5.0,6.0,7.0,8.0,9.0,10.0,11.0,12.0,13.0,14.0,15.0,16.0,17.0,18.0,19.0	-46.71114455257142,-43.0274040586387,-47.033534889165715,-44.18096895162807,-45.250721794115634,-6.054023724603114,0.14102501463320283,0.008342424080886174,-1.5178612357775947,3.06756343456058,-2.3066458490231145,-2.7261756487587925,0.17410645374189543,2.28906392809039,1.2141182188344664,1.7929128919383912,0.17156595966870647,1.312722623929346,-0.730947743080607,-1.1394595360236237	exponential	0.12	306614,,
306615	0.0,1.0,2.0,3.0,4.0,5.0,6.0,7.0,8.0,9.0,10.0,11.0,12.0,13.0,14.0,15.0,16.0,17.0,18.0,19.0	-134.09370716292045,-128.09523237225412,-127.74024611552655,-80.57656980337889,-54.29705678149061,-42.35544796168851,-36.61355597428547,-41.929643857065216,-40.59938814884575,-37.84157803843947,-36.75851879212395,-38.42469826101673,-41.33750531172198,-35.62506439079414,-31.354967005582523,-37.59759904091898,-35.81084887900502,-37.42949491375128,-36.799919726636695,-32.35001150119854	exponential	0.12	306615,,
306616	0.0,1.0,2.0,3.0,4.0,5.0,6.0,7.0,8.0,9.0,10.0,11.0,12.0,13.0,14.0,15.0,16.0,17.0,18.0,19.0	31.99794753965198,30.381781141535345,30.204788072439005,30.42282077381083,30.50445349482255,8.436148039373707,1.552734423237792,2.083126857440961,1.4510987720846036,3.018873657003052,1.3839103509712551,0.20445042684226553,1.7301734150846235,2.727241485384074,-0.03740864341875079,1.367961648493843,-0.27643609400586827,-0.46704481180318835,3.1286170557306887,1.5920747361728607	exponential	0.12	306616,,
306617	0.0,1.0,2.0,3.0,4.0,5.0,6.0,7.0,8.0,9.0,10.0,11.0,12.0,13.0,14.0,15.0,16.0,17.0,18.0,19.0	-109.1446572921165,-114.46102524940062,-114.63780167544671,-115.19692324994972,-118.11287608916153,-113.51528650393679,-65.08497474954086,-40.55845562172563,-33.72779229296735,-22.909968147008467,-21.142359796141356,-26.359851451986316,-23.729315882530088,-20.12262174249047,-27.38354764106386,-30.109817355404264,-28.43003178733287,-29.01165969968507,-23.095014571018794,-26.780943347037365	exponential	0.12	306617,,
306618	0.0,1.0,2.0,3.0,4.0,5.0,6.0,7.0,8.0,9.0,10.0,11.0,12.0,13.0,14.0,15.0,16.0,17.0,18.0,19.0	21.665461990896958,19.85325968348515,23.15023937529603,19.401414644623188,23.579146844071055,-18.12151452737602,-33.50107518728311,-35.5114138649392,-34.492037784629765,-36.38460798290494,-36.401004056759916,-35.50308696255741,-34.99372785272674,-36.41365040440155,-34.657403727604766,-40.012565120934404,-37.43521674856927,-37.05999586219346,-39.42196304357256,-39.20585580297335	exponential	0.12	306618,,
306619	0.0,1.0,2.0,3.0,4.0,5.0,6.0,7.0,8.0,9.0,10.0,11.0,12.0,13.0,14.0,15.0,16.0,17.0,18.0,19.0	86.63078425880782,96.01294590780643,89.18092860823684,89.90085036235001,25.271749599097372,-0.22312695990216724,-3.0219758710499365,-4.809883565741814,4.0132165854778945,2.335311632138694,1.4223684833999346,-5.801421608258994,-2.299526153413126,3.36546092590813,0.7788812474433457,0.17836266008191418,-0.6326563326788691,4.21438299670181,-1.8570484429732121,-3.6271634518482387	exponential	0.12	306619,,
306620	0.0,1.0,2.0,3.0,4.0,5.0,6.0,7.0,8.0,9.0,10.0,11.0,12.0,13.0,14.0,15.0,16.0,17.0,18.0,19.0	112.34642161795662,114.10108642490314,112.33809663790166,30.68599967534262,19.569448980508383,18.263478917131042,21.94905720788186,19.091102576370517,19.465104523241735,23.55614296542203,16.242707471439825,17.095647812699116,24.41581165768539,20.055017194758232,23.66989617439412,16.979141404845603,21.020425351349832,24.359369681805454,19.104907050536763,23.559853796707134	exponential	0.12	306620,,
306621	0.0,1.0,2.0,3.0,4.0,5.0,6.0,7.0,8.0,9.0,10.0,11.0,12.0,13.0,14.0,15.0,16.0,17.0,18.0,19.0	-33.98184694741344,-34.81741309012954,-33.665427643313365,-34.65198071106822,-15.447798047947535,-15.149559551345307,-13.69120313324965,-13.20636232130674,-13.71462575877069,-13.999508976315251,-13.123101863127797,-14.699659381017996,-14.045681440119218,-13.844439255156251,-12.557561836776774,-13.848409107615279,-13.425671116035572,-14.853497836980933,-12.429370502849359,-13.701445795205855	exponential	0.12	306621,,
306622	0.0,1.0,2.0,3.0,4.0,5.0,6.0,7.0,8.0,9.0,10.0,11.0,12.0,13.0,14.0,15.0,16.0,17.0,18.0,19.0	-21.976444221327245,-21.683218136702273,-20.944431474920073,-21.48038117660422,-21.55972460567065,-19.980876028980326,-4.233376842743471,1.6674935135583453,1.2968317249102432,-0.40189314379252183,2.182143145598925,0.20166613439338385,0.9268426680821459,1.1603811084887026,-0.10813744314117643,0.9894898767774256,-0.344624491921715,0.07597052226887638,2.246806705551997,1.9553607979733434	exponential	0.12	306622,,
306623	0.0,1.0,2.0,3.0,4.0,5.0,6.0,7.0,8.0,9.0,10.0,11.0,12.0,13.0,14.0,15.0,16.0,17.0,18.0,19.0	14.252655808085404,13.006659080689655,-17.481368185754846,-22.081948248968583,-21.746223342422226,-20.674849740457198,-21.292464324933793,-21.258210280120817,-22.23360126945018,-21.186790249546323,-22.04134204569923,-20.2191196963733,-21.60135167168642,-20.737772004027377,-21.09312051516441,-21.64689995812064,-20.56142996717332,-22.857770476951448,-20.14433984966764,-22.783411611860032	exponential	0.12	306623,,
306624	0.0,1.0,2.0,3.0,4.0,5.0,6.0,7.0,8.0,9.0,10.0,11.0,12.0,13.0,14.0,15.0,16.0,17.0,18.0,19.0	-19.26239595355262,-18.055898127869348,2.147324183011664,8.80326030427107,11.254314203170217,11.685773111913154,13.505231455166223,14.3091320465631,12.070698684758321,13.52007125086671,13.514590756039132,13.393780765011021,11.499675558781258,13.073438062214795,12.017647360551027,11.99453445358885,13.158339777348912,13.35553766531407,13.2961815931318,13.648744626395462	exponential	0.12	306624,,
306625	0.0,1.0,2.0,3.0,4.0,5.0,6.0,7.0,8.0,9.0,10.0,11.0,12.0,13.0,14.0,15.0,16.0,17.0,18.0,19.0	-5.647841081314802,-6.36457642243202,-5.692505314199432,-3.9768332986993737,-3.5909326310934864,-1.6571199547529638,-1.7546243952850245,-2.7411029736797956,-0.36890512677553616,-0.27618261294279556,-0.5002627150081207,-1.8077704738311036,-2.3236364631324404,-2.572074427144533,-0.7133689392577098,-1.0847625054656695,-2.3634716053651634,-0.47585777211995706,-1.4828207684331132,-1.954546981094534	exponential	0.12	306625,,
306626	0.0,1.0,2.0,3.0,4.0,5.0,6.0,7.0,8.0,9.0,10.0,11.0,12.0,13.0,14.0,15.0,16.0,17.0,18.0,19.0	53.45695115283795,52.062242873317494,52.66686022759915,53.96502548599296,48.22544248845964,50.71552847151978,13.862258398081595,10.064076528156475,7.989496647360661,8.710886280078928,9.558480688235763,6.694101582817919,4.832225116009411,5.091932395853134,9.441425037635865,9.42272283184909,10.034964033243341,6.402606608883811,7.8232443238905205,7.838520807029394	exponential	0.12	306626,,
306627	0.0,1.0,2.0,3.0,4.0,5.0,6.0,7.0,8.0,9.0,10.0,11.0,12.0,13.0,14.0,15.0,16.0,17.0,18.0,19.0	-7.877682501693327,-8.683827107398395,-7.781931118201833,-7.006504439869014,-7.474329663926547,3.0443510669762404,3.913410404679376,3.833891911192055,2.498136007351665,4.93422335516781,4.738461830294791,3.730439679991942,4.599937788906947,2.410413210075729,4.4963454787256705,2.20189660848681,5.107205833189956,2.291015962204275,3.7246080174188085,4.506720966060969	exponential	0.12	306627,,
306628	0.0,1.0,2.0,3.0,4.0,5.0,6.0,7.0,8.0,9.0,10.0,11.0,12.0,13.0,14.0,15.0,16.0,17.0,18.0,19.0	115.45387530732731,109.04961231498213,113.46091874993604,109.94200829121775,76.11423763159777,63.6124688604337,54.17957658673458,48.13109312383941,50.53463746067102,52.288446069998585,49.790347150406625,48.43400577055468,50.74620971407538,51.609689318298294,45.58390876163278,46.73778574420048,51.96124681527968,51.654197098012276,45.97315829805729,49.90628825091715	exponential	0.12	306628,,
306629	0.0,1.0,2.0,3.0,4.0,5.0,6.0,7.0,8.0,9.0,10.0,11.0,12.0,13.0,14.0,15.0,16.0,17.0,18.0,19.0	13.864098090219612,14.580692743608186,14.330300197651203,13.425427696582206,13.38901813471527,-0.3352936144715697,-3.0905171882306655,-3.095357129969483,-5.262254925645404,-4.251660907707939,-4.435836771209867,-2.7268451130658855,-4.768635047979415,-4.902147400579692,-5.462690433412727,-4.04381687631987,-2.9530813946181516,-3.808230322055808,-3.9875047733829847,-5.617820957815475	exponential	0.12	306629,,
306630	0.0,1.0,2.0,3.0,4.0,5.0,6.0,7.0,8.0,9.0,10.0,11.0,12.0,13.0,14.0,15.0,16.0,17.0,18.0,19.0	-10.364204161617115,-9.128324970419227,-9.099241283856017,1.5691223324070993,3.808949945339254,5.004755514229768,5.331445185071415,3.849641769228259,3.2764309285645474,4.65222996712496,3.5994722285861998,3.6375501214210693,4.180868304170257,4.833139313486344,5.068816768647209,5.16126772579442,6.055864676584076,3.5178836320505797,4.894330958700282,3.4711318191589093	exponential	0.12	306630,,
306631	0.0,1.0,2.0,3.0,4.0,5.0,6.0,7.0,8.0,9.0,10.0,11.0,12.0,13.0,14.0,15.0,16.0,17.0,18.0,19.0	-16.25813936425499,-16.992340691776633,-17.660442644281968,-8.253403897498641,-4.703074426127117,-3.8504743350893746,-5.225264451887426,-4.283495645117528,-3.4743697678377945,-4.241635644456377,-2.884561444006548,-2.442343079535169,-4.449133121660957,-3.836918243188966,-4.426023656431548,-3.4682315639640686,-4.828158916273928,-5.146677552079519,-3.9698840527826453,-3.368517926646695	exponential	0.12	306631,,
306632	0.0,1.0,2.0,3.0,4.0,5.0,6.0,7.0,8.0,9.0,10.0,11.0,12.0,13.0,14.0,15.0,16.0,17.0,18.0,19.0	175.06178713913522,90.73310461000332,80.59853697252784,78.87384948268337,77.39451005910658,77.23126574593505,79.60989592672665,75.56721095027808,74.8101209775995,78.33700094124411,80.73977676485794,79.84313346925416,78.85234883384544,76.41737307990493,80.34003846028979,74.77935380534383,76.10764176335294,79.59179667299992,80.27792570864246,77.1128604408602	exponential	0.12	306632,,
306633	0.0,1.0,2.0,3.0,4.0,5.0,6.0,7.0,8.0,9.0,10.0,11.0,12.0,13.0,14.0,15.0,16.0,17.0,18.0,19.0	-9.757425521162205,57.85134796567941,65.53414769608787,70.16386307400603,67.1724239505975,71.27782188874716,69.85672801804802,67.95780828494034,69.56050091660718,72.03932908842673,71.64270715916741,69.04183199725408,70.9151556175672,67.6079834335289,67.47543589160334,70.66447373914521,67.07086862525459,71.83847361760397,67.75495869007463,71.1007120975454	exponential	0.12	306633,,
306634	0.0,1.0,2.0,3.0,4.0,5.0,6.0,7.0,8.0,9.0,10.0,11.0,12.0,13.0,14.0,15.0,16.0,17.0,18.0,19.0	16.768753554473523,16.918724593304606,18.41387370872854,17.996973772745754,15.86203549620849,16.18112720625104,-1.5209865511657856,-3.6947083816957513,-3.1493165028956978,-2.5197380021637805,-1.4643798126698933,-3.007140186160957,-3.8583620245035872,-3.1118661573709927,-2.086914734538828,-3.359919301488401,-2.5167571945679765,-4.331566992245156,-3.234764413854637,-1.9029758010485949	exponential	0.12	306634,,
306635	0.0,1.0,2.0,3.0,4.0,5.0,6.0,7.0,8.0,9.0,10.0,11.0,12.0,13.0,14.0,15.0,16.0,17.0,18.0,19.0	74.38681937264853,71.98920165512884,72.08791127251811,74.26520487377168,74.16168736375982,39.220629687961235,19.37860852682042,10.32122084711147,-4.227858377765973,-1.7606715037140086,-11.888492852574437,-11.910568326510964,-5.557750428094536,-12.44377386725618,-15.538305125916024,-9.317453084719368,-14.298951565940493,-6.300611501473214,-9.78375586300569,-12.843327621264608	exponential	0.12	306635,,
306636	0.0,1.0,2.0,3.0,4.0,5.0,6.0,7.0,8.0,9.0,10.0,11.0,12.0,13.0,14.0,15.0,16.0,17.0,18.0,19.0	-3.3722745235571487,3.048769079848679,2.387318626651358,3.2510577439656188,3.732963225547037,3.5279629023458625,2.5222663764886635,3.837269270510594,2.4803317098290485,1.8707431550221312,3.433770728701751,3.3874918534030165,2.660603430118756,2.9333890480674514,4.410112802461633,3.867044113647579,2.6560678879303827,4.179982592656845,3.149262128875306,2.649794585335947	exponential	0.12	306636,,
306637	0.0,1.0,2.0,3.0,4.0,5.0,6.0,7.0,8.0,9.0,10.0,11.0,12.0,13.0,14.0,15.0,16.0,17.0,18.0,19.0	32.87909956854173,30.4655784666133,35.1068754142002,32.02018826411317,31.1833790157632,30.458908131301786,-13.432987044120537,-23.082660930944204,-23.735457221920797,-23.089292307043028,-20.36653812599528,-18.951534000497688,-20.085884545236414,-22.131657228856877,-22.504647903140803,-21.387369908189175,-24.46130029082605,-19.26924692166522,-21.52134164062562,-23.58855601917606	exponential	0.12	306637,,
306638	0.0,1.0,2.0,3.0,4.0,5.0,6.0,7.0,8.0,9.0,10.0,11.0,12.0,13.0,14.0,15.0,16.0,17.0,18.0,19.0	-3.5422259042238124,59.59502367972933,69.94418693608448,71.40574617948072,71.08850113291462,69.95890379526926,69.65118998585776,67.93836417681779,69.83244015480844,67.66105217431348,68.32882546284823,70.89266415357599,69.61769351024031,70.3867374073906,69.11783282108797,68.21298243694588,69.3042327755021,69.64228063253854,68.02983028952607,70.96676885169524	exponential	0.12	306638,,
306639	0.0,1.0,2.0,3.0,4.0,5.0,6.0,7.0,8.0,9.0,10.0,11.0,12.0,13.0,14.0,15.0,16.0,17.0,18.0,19.0	-35.808974406363276,-40.221771431597816,-37.01566457551666,-40.10469288237741,-34.556844998244955,-37.00257425837384,8.15777112539272,17.93905544284587,23.727308746697037,25.341594318794403,24.640249598707147,23.105117934140566,23.290088610008546,27.755201924214006,29.752840390020896,29.03399897983219,27.002571150989965,28.563881254677703,22.72546880318462,23.40380955375039	exponential	0.12	306639,,
306640	0.0,1.0,2.0,3.0,4.0,5.0,6.0,7.0,8.0,9.0,10.0,11.0,12.0,13.0,14.0,15.0,16.0,17.0,18.0,19.0	-42.477863449656745,-42.6427415905063,-39.76040489870225,-33.7184584367819,-45.031240603680374,-33.16191596089463,13.659701131722642,41.99932012125351,51.80977849431293,52.04757905418791,65.77769357848823,56.095510266700586,65.1720000983787,66.39527360824104,60.67194455950094,67.64498013539546,55.381275281044225,56.552280570470835,61.15525066060084,55.55772275495928	exponential	0.12	306640,,
306641	0.0,1.0,2.0,3.0,4.0,5.0,6.0,7.0,8.0,9.0,10.0,11.0,12.0,13.0,14.0,15.0,16.0,17.0,18.0,19.0	1.0178795374066336,-0.09572399542877186,-0.0554714182041689,-6.186691003709084,-4.234000191927475,-6.490802433027938,-6.131169729593418,-4.269417713810156,-4.474441058007295,-4.960261122850846,-5.676041072298021,-6.874204359848876,-4.094596450290021,-4.485815729613742,-6.003148932375157,-6.136770059106309,-4.951278211804656,-6.736341500316117,-6.4878252211276255,-4.604867166699425	exponential	0.12	306641,,
306642	0.0,1.0,2.0,3.0,4.0,5.0,6.0,7.0,8.0,9.0,10.0,11.0,12.0,13.0,14.0,15.0,16.0,17.0,18.0,19.0	-21.7891203906265,-22.838694331496036,-21.22092518789372,5.0876226750101345,11.8356946706105,12.313627206203043,11.762524296007982,14.236693580819413,13.397258658733538,11.32294636161307,12.71136674572491,10.64389675586203,10.63289840590029,13.044658128936177,13.35742492615779,13.907496085774419,13.48879321667016,11.096492000311457,13.429645377979464,14.373683872652265	exponential	0.12	306642,,
306643	0.0,1.0,2.0,3.0,4.0,5.0,6.0,7.0,8.0,9.0,10.0,11.0,12.0,13.0,14.0,15.0,16.0,17.0,18.0,19.0	0.6511154201151346,1.3241647400848222,3.82687087730359,1.7972674097958679,2.093344137602928,2.2638437613199365,4.5232625226445276,3.9870703347648626,4.7005299706656425,4.1799388878130905,3.884933787970969,4.620494865302245,2.2263626263271483,4.8322081786438345,2.5271703350372716,4.028905408808358,4.087804973799867,4.26738723702001,4.822598191418483,4.478772954079167	exponential	0.12	306643,,
306644	0.0,1.0,2.0,3.0,4.0,5.0,6.0,7.0,8.0,9.0,10.0,11.0,12.0,13.0,14.0,15.0,16.0,17.0,18.0,19.0	-94.11952067029813,-46.34216117556775,-36.939054808323654,-36.997949085437895,-38.06318341221692,-38.67036781732037,-35.643251507209214,-36.816190819108655,-39.22305671303599,-36.707009580130325,-37.90943162929993,-37.740423792018625,-36.389571707986384,-38.51651820773194,-38.33942079501,-37.272949973074034,-35.84430586339399,-39.053871147678905,-36.12100661089165,-36.566180398424805	exponential	0.12	306644,,
306645	0.0,1.0,2.0,3.0,4.0,5.0,6.0,7.0,8.0,9.0,10.0,11.0,12.0,13.0,14.0,15.0,16.0,17.0,18.0,19.0	58.880164874212994,62.854734841969105,59.13930612836104,59.63010039369702,61.63310100695778,61.61211642933172,33.04810247921388,28.333591846630025,26.524790209753903,26.705539343355017,26.289110591437474,26.73648261512765,29.89188359951288,27.809714054615057,27.297720866327825,28.127423426233968,26.401521891417648,26.96476285625787,26.798440559913203,29.514901738596734	exponential	0.12	306645,,
306646	0.0,1.0,2.0,3.0,4.0,5.0,6.0,7.0,8.0,9.0,10.0,11.0,12.0,13.0,14.0,15.0,16.0,17.0,18.0,19.0	-22.947058569297756,-22.56352662161063,-23.84066873789316,-22.576089395482704,-21.76161691102289,-21.320298182013662,-3.8320792155791557,-2.448788533566634,0.16647862593942975,-1.0784405104507566,-1.27914531313717,-1.7639640866419013,-1.4171391827991615,-1.4235819276766504,-1.4520817513092548,-1.525559581897049,-0.6576152150959992,0.2442566982186255,-1.2933290761028111,-0.9659868767047768	exponential	0.12	306646,,
306647	0.0,1.0,2.0,3.0,4.0,5.0,6.0,7.0,8.0,9.0,10.0,11.0,12.0,13.0,14.0,15.0,16.0,17.0,18.0,19.0	97.8225463389515,103.15035009773003,98.84552471704345,101.22142909596754,40.88868039287988,33.814523935981626,30.750997426511304,28.5293095004932,27.97432107850964,35.72157755906082,35.37567635969351,31.782359061570506,28.662451002034686,34.96842772687858,32.13334333166635,31.868699392099177,33.29013464321682,29.234011937051683,29.74742704497079,34.77140247293688	exponential	0.12	306647,,
306648	0.0,1.0,2.0,3.0,4.0,5.0,6.0,7.0,8.0,9.0,10.0,11.0,12.0,13.0,14.0,15.0,16.0,17.0,18.0,19.0	178.3937445706266,173.49879351086543,178.43330971477434,169.07123352074444,167.88751292152034,99.34559673330688,75.64880956607873,77.54203639693102,79.82394454254903,78.97649969573511,73.0624439138376,80.33293960229999,70.77985325071131,77.4451077273433,81.75292701929364,77.24513061288658,74.11593655527423,83.03041771144109,79.56103557531608,80.3903777350346	exponential	0.12	306648,,
306649	0.0,1.0,2.0,3.0,4.0,5.0,6.0,7.0,8.0,9.0,10.0,11.0,12.0,13.0,14.0,15.0,16.0,17.0,18.0,19.0	77.34002592886436,75.35207666244347,2.180953635921929,-9.450295738725192,-13.155502879588843,-8.650825341969744,-10.464299889982803,-6.36339965545393,-13.284581068551574,-7.389821937857217,-12.126141579257334,-11.087811458877251,-11.339964413966026,-5.986229031193363,-8.49421519079623,-9.931440587381676,-12.212337703981358,-13.312452346844134,-10.737221558030285,-5.8512403596775515	exponential	0.12	306649,,
306650	0.0,1.0,2.0,3.0,4.0,5.0,6.0,7.0,8.0,9.0,10.0,11.0,12.0,13.0,14.0,15.0,16.0,17.0,18.0,19.0	38.46800980901625,5.144754659993476,3.6111092097577453,1.8070135801111444,3.29264703770404,2.6570149484785275,2.478862178722455,4.223234546266209,1.4278890551305945,4.143430737898086,3.5087297770215433,1.3693318054548334,3.916682443680557,1.4049327419754125,2.8099179226303583,1.666701034546039,1.296384362480778,1.8507024181079534,3.257610887409794,2.9136788384559553	exponential	0.12	306650,,
306651	0.0,1.0,2.0,3.0,4.0,5.0,6.0,7.0,8.0,9.0,10.0,11.0,12.0,13.0,14.0,15.0,16.0,17.0,18.0,19.0	-26.915469700875924,-27.997349508006316,-26.45738241971472,-28.76070118114611,-28.923180539464845,-15.455027408220756,-12.50118638009571,-12.660054301289302,-13.541459013489087,-14.660626225644387,-14.236112397425163,-14.76564996753648,-13.185456502762714,-15.067823041775391,-14.071071589768831,-14.29637232171534,-13.958887947019694,-12.399336953328053,-13.211776793278151,-14.561962879636948	exponential	0.12	306651,,
306652	0.0,1.0,2.0,3.0,4.0,5.0,6.0,7.0,8.0,9.0,10.0,11.0,12.0,13.0,14.0,15.0,16.0,17.0,18.0,19.0	-22.34197400570276,-23.624809585300852,-27.41810850402049,-25.608502218791454,-25.88337305484738,11.028203437175684,23.612697254421597,31.3990717401501,33.02195198502735,29.811295554703783,35.38635601558434,28.756860934853073,35.87199268638554,33.1123319141539,33.57746792114138,30.876767360734473,33.921137232685744,35.2952209039118,30.31134608893908,29.765276222235684	exponential	0.12	306652,,
306653	0.0,1.0,2.0,3.0,4.0,5.0,6.0,7.0,8.0,9.0,10.0,11.0,12.0,13.0,14.0,15.0,16.0,17.0,18.0,19.0	-56.76591398752787,-59.712570558691134,-58.631116551138675,-60.97835852111214,-30.372781679503966,-13.499404125177154,-12.621400816004686,-10.09836002107715,-8.172565598105415,-5.332238729672584,-9.051521727229874,-6.845757065256244,-6.192032167396889,-4.894220177961596,-4.767429911819109,-7.789428449105587,-9.995337162777549,-7.387566165905361,-9.096130350119601,-5.305379510692332	exponential	0.12	306653,,
306654	0.0,1.0,2.0,3.0,4.0,5.0,6.0,7.0,8.0,9.0,10.0,11.0,12.0,13.0,14.0,15.0,16.0,17.0,18.0,19.0	36.57517597904905,17.323130675753653,16.712142319652163,17.46680499719102,16.573154338706047,14.848769124379707,14.898725770388438,15.08594897796754,14.742981438197134,15.787952364226525,16.101422274293117,16.232121086921346,15.061904689813261,17.49618584902451,14.968724645058325,15.683459000307385,15.973495227854922,15.400340256332775,15.435235654227169,17.084279294837486	exponential	0.12	306654,,
306655	0.0,1.0,2.0,3.0,4.0,5.0,6.0,7.0,8.0,9.0,10.0,11.0,12.0,13.0,14.0,15.0,16.0,17.0,18.0,19.0	6.2380392017853765,-33.84515578307611,-37.0629819371713,-37.16256342812166,-37.778939278015585,-39.50424157033553,-37.538467302612744,-40.04541539042683,-39.79754783317169,-39.79895242258623,-38.396044975814846,-38.30191541567787,-38.198977785709744,-37.20057781223601,-37.80893108046897,-37.83534824763875,-39.60899477276321,-37.317390861393434,-37.291047021867655,-37.57271155455157	exponential	0.12	306655,,
306656	0.0,1.0,2.0,3.0,4.0,5.0,6.0,7.0,8.0,9.0,10.0,11.0,12.0,13.0,14.0,15.0,16.0,17.0,18.0,19.0	59.86855942097606,55.344618069798415,60.27667096488754,55.735115766478444,58.089376626599105,20.256154271707512,16.580640995156553,13.110803806473813,17.439903740620778,17.096325631516443,15.698829786006717,17.048051524794833,16.45500315892428,14.515824132784868,12.00061352054504,16.979293389838617,11.91560082708718,16.995508753615148,13.191290751039928,15.883681838969476	exponential	0.12	306656,,
306657	0.0,1.0,2.0,3.0,4.0,5.0,6.0,7.0,8.0,9.0,10.0,11.0,12.0,13.0,14.0,15.0,16.0,17.0,18.0,19.0	-29.656016548985694,15.349805278532344,22.221432161086714,24.520979884597146,24.659092300619026,25.168891361338225,22.644608460894464,23.872452340141432,24.750323879509267,23.00823042077425,23.74657097276924,22.47472650174279,24.693081798353692,23.240264795331345,23.39308292653201,23.98860156509948,22.80652029058054,24.539237815396202,23.29825696851426,23.19403997850905	exponential	0.12	306657,,
306658	0.0,1.0,2.0,3.0,4.0,5.0,6.0,7.0,8.0,9.0,10.0,11.0,12.0,13.0,14.0,15.0,16.0,17.0,18.0,19.0	19.398412371464158,18.15854123383709,-10.038488474196544,-13.199777826607978,-16.204743757072805,-14.408860172663847,-14.824711834582104,-15.2097794763266,-16.087185744445037,-15.565021564916387,-14.138945533719966,-13.724169719483756,-13.408195372505142,-14.125041420321207,-13.736959121442883,-13.903826030287695,-15.945792304920886,-14.32297408603961,-13.771000216922047,-14.132629400486204	exponential	0.12	306658,,
306659	0.0,1.0,2.0,3.0,4.0,5.0,6.0,7.0,8.0,9.0,10.0,11.0,12.0,13.0,14.0,15.0,16.0,17.0,18.0,19.0	50.908576333639736,48.20773875966755,51.41727355421935,51.51865616498836,16.568839310754363,14.311373036751563,8.585264327734524,12.568650518178794,11.55727889197238,10.688672449474732,12.144442045231498,8.813401062907857,12.942246143814431,11.351303896057738,11.504663128683994,12.918062157946476,11.035574896471127,8.845293636253858,10.093251711359416,9.245492066810286	exponential	0.12	306659,,
306660	0.0,1.0,2.0,3.0,4.0,5.0,6.0,7.0,8.0,9.0,10.0,11.0,12.0,13.0,14.0,15.0,16.0,17.0,18.0,19.0	61.24273357385564,57.520983828305425,31.94890200869809,18.640846125986457,11.687009503224559,10.691862288984646,8.936611650268395,3.3915160851169244,4.862010109214364,5.263757194225342,5.782088032020451,5.112285720204212,6.57564532704715,2.850936580764584,4.708915686090619,6.604213247493849,3.2098003398794575,3.224210195405551,5.501168122396232,3.0764628790202755	exponential	0.12	306660,,
306661	0.0,1.0,2.0,3.0,4.0,5.0,6.0,7.0,8.0,9.0,10.0,11.0,12.0,13.0,14.0,15.0,16.0,17.0,18.0,19.0	-45.64696362665646,-51.186251098319126,-45.50060656166136,1.4173121469080918,22.2709273390473,23.609805927466414,27.607686635408072,27.98174193109256,24.471699385034174,28.156171961864562,24.64000385362742,31.035571004139804,26.29410618711525,26.14173276919778,30.84390962242127,30.503579664074177,30.70096131628652,23.894701778704665,26.470030297347016,23.599662795135355	exponential	0.12	306661,,
306662	0.0,1.0,2.0,3.0,4.0,5.0,6.0,7.0,8.0,9.0,10.0,11.0,12.0,13.0,14.0,15.0,16.0,17.0,18.0,19.0	-15.476290181094795,-3.004974444087665,1.3996476426520141,3.7197323391375767,3.4719979003128816,3.741346409631958,5.476672663428082,4.0903058888310655,5.244401036636436,5.122821078494357,4.477691218421474,5.444641353664949,4.0707054150101065,3.0841178956834474,5.635052494750087,5.335967229918312,5.302464951806033,5.851238651455008,4.305657393017599,4.360157788899628	exponential	0.12	306662,,
306663	0.0,1.0,2.0,3.0,4.0,5.0,6.0,7.0,8.0,9.0,10.0,11.0,12.0,13.0,14.0,15.0,16.0,17.0,18.0,19.0	38.03733948046557,-18.470445807951798,-31.949094608937024,-33.13829868316502,-36.26903595497862,-32.77342540764315,-37.2055555253783,-33.12434136387871,-35.88924077255005,-33.00001792731239,-35.9671890194534,-37.13079041431181,-34.2498395730952,-36.17034105317747,-32.89967988630734,-33.49791713921822,-36.389324905616775,-35.195376723765115,-34.8881050784574,-33.752100095591295	exponential	0.12	306663,,
306664	0.0,1.0,2.0,3.0,4.0,5.0,6.0,7.0,8.0,9.0,10.0,11.0,12.0,13.0,14.0,15.0,16.0,17.0,18.0,19.0	10.773900032694522,9.425951710218094,10.472810688709796,8.273748200417975,8.26247232556112,-0.23278799010628237,-4.3794426570252805,-4.17787825651041,-3.7393523601312184,-2.574382332633691,-3.4582951087750295,-2.961929753383916,-3.997764195338885,-3.344700250274282,-2.2719240270269703,-2.4369334904236353,-2.2256676679473832,-3.7521646854243578,-3.55814408361643,-2.700766689123536	exponential	0.12	306664,,
306665	0.0,1.0,2.0,3.0,4.0,5.0,6.0,7.0,8.0,9.0,10.0,11.0,12.0,13.0,14.0,15.0,16.0,17.0,18.0,19.0	-24.784893948236203,-27.259329799964412,-24.770714713842125,-26.495841763086666,-27.20715673372547,-11.047065586985077,-8.815955705100603,-9.538665220045235,-9.14657399265522,-10.293582117990669,-10.74377535145745,-9.485420232045056,-9.050498188100855,-10.681194944500197,-10.358124102247624,-10.674937221255421,-10.692371654005214,-8.876374847517937,-11.471131897824845,-11.425628182661349	exponential	0.12	306665,,
306666	0.0,1.0,2.0,3.0,4.0,5.0,6.0,7.0,8.0,9.0,10.0,11.0,12.0,13.0,14.0,15.0,16.0,17.0,18.0,19.0	82.01647187693602,83.55574145973854,81.14384840477393,76.62547886962454,77.26925074210203,79.74468134943407,29.422312456319077,23.394787701463514,21.919993347445082,27.401515693993677,27.222004527563907,24.883941782447774,22.869434866187873,22.803900584143022,20.063405139717837,23.121922593788742,20.64748771808029,23.756755982114907,26.030352377318014,22.7064349327506	exponential	0.12	306666,,
306667	0.0,1.0,2.0,3.0,4.0,5.0,6.0,7.0,8.0,9.0,10.0,11.0,12.0,13.0,14.0,15.0,16.0,17.0,18.0,19.0	66.65392456919109,67.96592542630037,69.49200977686323,68.01039457431243,8.587532844097083,4.59648480103277,7.321390548852535,6.682390751632074,0.407582039242143,4.292770831510458,7.240954485596868,2.6318661509768035,4.63250628297112,7.548488907797099,3.4235984174561307,0.8342970477135332,6.682655552754038,7.338668534363389,1.5157686838504716,2.410689123505852	exponential	0.12	306667,,
306668	0.0,1.0,2.0,3.0,4.0,5.0,6.0,7.0,8.0,9.0,10.0,11.0,12.0,13.0,14.0,15.0,16.0,17.0,18.0,19.0	35.1827906109158,37.04101395335548,37.16572419475685,36.32795884860668,38.156686702269496,38.585302844666884,8.71192287302221,5.619445184907217,5.997860899542382,5.915174889040377,6.575715119302461,7.195135199301748,5.293760628367008,7.921285046918368,5.80558917403459,3.9364930190004688,5.6551453502322335,6.126703777037403,4.6113002432354975,7.654924685879892	exponential	0.12	306668,,
306669	0.0,1.0,2.0,3.0,4.0,5.0,6.0,7.0,8.0,9.0,10.0,11.0,12.0,13.0,14.0,15.0,16.0,17.0,18.0,19.0	7.971057117578067,6.361345756328637,3.5309838404451277,4.1904429833401196,3.3168336380500394,1.7400296758709302,2.3635666474044346,3.704063203795862,3.755551138521995,3.9590567183371315,2.938422795028594,1.8950497370159816,2.9897436601256087,2.2648401661528736,1.8986639528471316,2.0589738438213336,1.6611580627896931,3.3150669607151757,2.991199920462505,4.189611491063517	exponential	0.12	306669,,
306670	0.0,1.0,2.0,3.0,4.0,5.0,6.0,7.0,8.0,9.0,10.0,11.0,12.0,13.0,14.0,15.0,16.0,17.0,18.0,19.0	-33.640924302852255,-31.44865759465337,-36.53856227584184,-31.90489453787194,-39.94514621068411,-42.19930703330337,37.644387988780586,45.190443941493726,47.18631070526247,49.808370371531815,51.70952931607632,52.98744898041361,46.54729346177666,49.64078476949094,50.20840670841206,50.87026951750964,49.65966230537952,48.23981700992146,52.35536586761888,42.915177166967545	exponential	0.12	306670,,
306671	0.0,1.0,2.0,3.0,4.0,5.0,6.0,7.0,8.0,9.0,10.0,11.0,12.0,13.0,14.0,15.0,16.0,17.0,18.0,19.0	-73.28076494519347,-72.42381806533163,-72.31331579945248,-71.55632492889887,-73.49045347025901,-70.36424301610629,-20.690170883576815,-14.090756907424705,-3.6221101037535157,-6.761076804540072,-2.8068315978782308,-5.604488640666676,-3.375812242022595,-1.7794133252256032,-7.127621258819106,0.0038684959978273386,-7.0445602315468205,0.43241237589607134,-6.002245498529107,-4.497007748506267	exponential	0.12	306671,,
306672	0.0,1.0,2.0,3.0,4.0,5.0,6.0,7.0,8.0,9.0,10.0,11.0,12.0,13.0,14.0,15.0,16.0,17.0,18.0,19.0	121.80742410753746,119.88885027334166,120.19418969991924,122.40512688640294,60.73398411847168,58.71323660565195,56.40632743100432,55.68601542731139,60.1596392273764,55.67057235620491,56.94717000505056,57.1345691285162,54.86740466667535,56.18504430440807,53.8378826567467,57.64398631263506,58.6222999495233,61.471151834443916,61.161502612629356,56.35366865120028	exponential	0.12	306672,,
306673	0.0,1.0,2.0,3.0,4.0,5.0,6.0,7.0,8.0,9.0,10.0,11.0,12.0,13.0,14.0,15.0,16.0,17.0,18.0,19.0	-51.45855271709464,-54.48407233817642,-54.8211839710594,-51.388816066621104,-48.57734599740972,1.5450951977746747,20.266265683541114,26.83136282906622,20.045992276121233,25.15023069571829,25.216524667858184,20.879147250157335,27.692206363078952,22.248497808612207,23.046686045266398,24.111687180186234,23.810406284808447,27.527467164862056,23.794446373128405,23.067136127857093	exponential	0.12	306673,,
306674	0.0,1.0,2.0,3.0,4.0,5.0,6.0,7.0,8.0,9.0,10.0,11.0,12.0,13.0,14.0,15.0,16.0,17.0,18.0,19.0	28.550806467343644,26.367999234353185,28.273255322110423,29.307550929995358,27.0156350280607,-12.900122112948806,-14.437321953452663,-19.542168026235462,-19.70905826071923,-20.719937333120576,-18.496165956484678,-18.606136632833557,-16.11969105607073,-19.970876300125724,-18.748197080455185,-16.4094986029158,-20.854711082232765,-18.53555340566425,-20.110667503820896,-16.404887898618842	exponential	0.12	306674,,
306675	0.0,1.0,2.0,3.0,4.0,5.0,6.0,7.0,8.0,9.0,10.0,11.0,12.0,13.0,14.0,15.0,16.0,17.0,18.0,19.0	-75.43138290646482,-75.55771204566409,-32.04912367073759,-11.75292603351588,-7.694693502139014,-3.6787579508811135,0.16605885027231182,-0.9084838069519587,-4.226043844442499,1.4721944126628603,-1.587563877950854,-3.1838981399464377,-4.217615117697294,-3.496365107365491,-0.12335000723783708,0.6928210365726725,1.5620569225380816,-4.762498996647355,-1.6762448694441998,-3.05270301265817	exponential	0.12	306675,,
306676	0.0,1.0,2.0,3.0,4.0,5.0,6.0,7.0,8.0,9.0,10.0,11.0,12.0,13.0,14.0,15.0,16.0,17.0,18.0,19.0	51.278104011093646,52.5742497294791,54.06018286315652,55.38611393881374,57.27368732564153,-9.138490046511649,-25.42353862896349,-29.00898850773434,-32.823459287536565,-36.13369012974485,-29.96676761972751,-28.10267257351444,-31.805845385303737,-33.090459042434134,-37.48818353947124,-33.741292456722604,-30.202771476860534,-35.625788452628804,-34.21896890065083,-34.09995217229607	exponential	0.12	306676,,
306677	0.0,1.0,2.0,3.0,4.0,5.0,6.0,7.0,8.0,9.0,10.0,11.0,12.0,13.0,14.0,15.0,16.0,17.0,18.0,19.0	-0.27300317777987715,-1.0008201068431397,-1.1318656342700386,1.25445417702009,-17.392110533794725,-22.654787402267335,-23.95550657220942,-22.01121331623538,-23.8129787199995,-21.67203908282275,-23.377569705310265,-22.56139583452325,-23.410488274042248,-22.478855273892684,-24.031629274363784,-23.650248991104085,-24.087759190529532,-24.26658194809099,-22.75775810166467,-21.463521093417366	exponential	0.12	306677,,
306678	0.0,1.0,2.0,3.0,4.0,5.0,6.0,7.0,8.0,9.0,10.0,11.0,12.0,13.0,14.0,15.0,16.0,17.0,18.0,19.0	133.59052371420978,131.2649722955091,77.7992504755542,59.92984448259506,58.69875151395834,58.768932886425446,58.295936965032716,59.4827594322247,53.30310393794486,58.733792688746526,55.696667009393344,54.6590842492217,58.22915868916946,55.2614847793162,56.85843169944958,56.886317910804884,55.29697922122304,54.889773740302395,59.83053211375904,59.34378021919188	exponential	0.12	306678,,
306679	0.0,1.0,2.0,3.0,4.0,5.0,6.0,7.0,8.0,9.0,10.0,11.0,12.0,13.0,14.0,15.0,16.0,17.0,18.0,19.0	-31.819350141493132,-30.511237643149094,-30.855089526214876,-33.771619001592825,36.311742156230004,48.67104027614493,48.17813368595191,53.53210976357686,51.281877233003534,53.33929229277048,49.304409147235255,50.2915461390456,50.41902018692768,54.58632454001827,47.89997160925221,52.00239758679559,51.85069840325699,56.7806066666577,48.93660870356473,53.0292602218548	exponential	0.12	306679,,
306680	0.0,1.0,2.0,3.0,4.0,5.0,6.0,7.0,8.0,9.0,10.0,11.0,12.0,13.0,14.0,15.0,16.0,17.0,18.0,19.0	-29.938917580676893,-30.785988405285583,-29.70189532433111,-14.230438054742882,-10.2820904739722,-9.817892857869074,-10.056914279777416,-10.334258166306311,-12.10998220381055,-10.043001527084865,-12.164383026654754,-11.292341697113628,-9.905412544032176,-9.683059799619198,-9.965930364505347,-11.389997477628,-12.4631904735589,-11.19919028465167,-10.167863461588674,-9.838534704142877	exponential	0.12	306680,,
306681	0.0,1.0,2.0,3.0,4.0,5.0,6.0,7.0,8.0,9.0,10.0,11.0,12.0,13.0,14.0,15.0,16.0,17.0,18.0,19.0	-77.27255463307527,-10.105726969535686,-1.5695596778650613,-0.4922487698428551,0.2537163528216002,-0.7494442972261285,-2.7475432920372524,0.6935979369094027,-0.8033926346390778,-3.6595785293437366,-0.43378194081850296,-0.9917321110881597,0.20530526190086498,-2.936207551061003,0.30594012444804103,-1.6324691771122293,0.2640620926627863,-2.5270954264620347,0.8126597119393085,-3.5822757216548107	exponential	0.12	306681,,
306682	0.0,1.0,2.0,3.0,4.0,5.0,6.0,7.0,8.0,9.0,10.0,11.0,12.0,13.0,14.0,15.0,16.0,17.0,18.0,19.0	-3.677179413990224,32.09913218362091,41.62762905005498,43.67466068562843,44.755227723576,45.66028855217003,46.232087677274784,44.45663243814351,45.58414996985539,44.46194152651959,44.1410855415318,43.46045855222282,44.66100771936116,45.36286266891269,45.01983319988682,44.810264753654366,45.91449061377902,44.82777404917406,45.64418660795537,45.18002942896087	exponential	0.12	306682,,
306683	0.0,1.0,2.0,3.0,4.0,5.0,6.0,7.0,8.0,9.0,10.0,11.0,12.0,13.0,14.0,15.0,16.0,17.0,18.0,19.0	-63.403997479194715,-61.193295745793634,-63.27824869789916,-64.03431232740527,-62.29581981544759,-35.16631570042246,-31.150211639430964,-30.314297102973175,-26.916028497239658,-29.069129659264977,-28.14830348382476,-29.43383660906526,-28.856103614941578,-30.0275939146684,-30.545854121441742,-27.602306096757832,-28.27294903385046,-29.946255105377006,-29.494430645870903,-28.813003925511243	exponential	0.12	306683,,
306684	0.0,1.0,2.0,3.0,4.0,5.0,6.0,7.0,8.0,9.0,10.0,11.0,12.0,13.0,14.0,15.0,16.0,17.0,18.0,19.0	30.003770232899527,28.103892065794184,29.3596304745193,29.755894232197793,29.686930809862588,30.30428927589773,9.216759661818774,5.400274083887938,7.048430393152887,6.163394087092718,7.02240358664299,6.5538177253106475,4.53679101849407,6.630713679586045,5.527937107750585,7.393600056226527,6.231939706613252,4.346064702208623,4.285608707325831,6.103273100129277	exponential	0.12	306684,,
306685	0.0,1.0,2.0,3.0,4.0,5.0,6.0,7.0,8.0,9.0,10.0,11.0,12.0,13.0,14.0,15.0,16.0,17.0,18.0,19.0	-45.40063274843229,-42.68948430136536,-45.18798680974683,-44.98645546364255,-45.17613429134721,-12.178804826379057,-8.591823809497388,-8.97143863238911,-8.903876559679691,-7.315478093560631,-8.090666254698803,-8.511856489510228,-7.932079000438251,-7.241880389735091,-8.30126187522351,-8.2214812366852,-10.655767770182027,-9.320908213401077,-8.647850844906921,-9.296507811976413	exponential	0.12	306685,,
306686	0.0,1.0,2.0,3.0,4.0,5.0,6.0,7.0,8.0,9.0,10.0,11.0,12.0,13.0,14.0,15.0,16.0,17.0,18.0,19.0	29.07461097954318,28.641659342099246,27.492806826137258,28.229738641648353,10.667808858818814,8.635729535451594,9.693076323827064,10.212758024862245,8.85764679243751,8.009544376603642,8.105170090413951,8.965446070017219,9.092726869651573,10.70571467494659,10.053115376280946,10.632530051619693,10.25021228342165,10.084671444840216,10.27396407382989,8.638327351343339	exponential	0.12	306686,,
306687	0.0,1.0,2.0,3.0,4.0,5.0,6.0,7.0,8.0,9.0,10.0,11.0,12.0,13.0,14.0,15.0,16.0,17.0,18.0,19.0	2.9925304565838022,3.8779088598784472,3.5909918784053083,1.827191767916732,-11.239027532776376,-13.108009956113328,-13.144946623403422,-12.046043518349169,-14.572659424509474,-14.645360600351312,-13.950189593558862,-13.882301228335827,-13.252395522197777,-12.97251859044525,-12.64103714012507,-14.604372946556698,-14.488675749866733,-12.492618652865504,-14.818078717442829,-12.761966571745203	exponential	0.12	306687,,
306688	0.0,1.0,2.0,3.0,4.0,5.0,6.0,7.0,8.0,9.0,10.0,11.0,12.0,13.0,14.0,15.0,16.0,17.0,18.0,19.0	20.66658267963349,20.998905287657717,21.123767606169686,19.594926617975194,20.233813249171735,-0.5252184778233504,-4.18209844613214,-5.818906253840812,-3.544629939899469,-2.9996885790706753,-4.380566945049328,-2.9287072235377725,-5.749567714077786,-4.023464371299342,-4.631466690639977,-3.845801993377096,-4.74894533559677,-3.5862884434480975,-5.259861979778899,-4.987540687338908	exponential	0.12	306688,,
306689	0.0,1.0,2.0,3.0,4.0,5.0,6.0,7.0,8.0,9.0,10.0,11.0,12.0,13.0,14.0,15.0,16.0,17.0,18.0,19.0	-16.874329575302674,-16.731542731366954,-18.03831956523377,-16.821223344608132,-2.9428284058555514,-0.5019456722703288,0.7843409176204654,-0.2012404239073564,-0.860171623626319,0.6516805796190941,0.9802149892417451,0.9562015841676784,-1.6303825851219507,0.06541312555884682,-1.4978311237997401,-1.1728780086983555,0.3677827023972094,0.6611617392701783,-0.18971939326170378,-1.0100833937372018	exponential	0.12	306689,,
306690	0.0,1.0,2.0,3.0,4.0,5.0,6.0,7.0,8.0,9.0,10.0,11.0,12.0,13.0,14.0,15.0,16.0,17.0,18.0,19.0	-24.200261344209224,-23.842922994820135,4.8677853716444925,14.107460294439488,13.4395831349937,14.68953235962476,16.226748651217576,16.292802379739655,16.013929993418422,15.563453265275399,16.965217838067037,15.671607685277998,16.568196666951923,13.584451456821117,14.57741698468603,14.603891901040603,15.805064819759455,15.138086665014526,17.040958475581064,14.738086776849451	exponential	0.12	306690,,
306691	0.0,1.0,2.0,3.0,4.0,5.0,6.0,7.0,8.0,9.0,10.0,11.0,12.0,13.0,14.0,15.0,16.0,17.0,18.0,19.0	-42.24373580784465,-47.25144800642278,-45.54206051759257,-46.015570800887595,-43.03676018633107,-4.44384345115089,-1.9855463541232874,-0.05413121877210312,1.6643167288911378,1.0490570282945673,-2.121546125497088,2.7066599577037795,-0.5487613101354321,-2.0718782776060247,1.5406731414757282,1.8193713640948042,1.4304573274197963,-1.726207599484221,-2.162550496227906,2.1467449190484333	exponential	0.12	306691,,
306692	0.0,1.0,2.0,3.0,4.0,5.0,6.0,7.0,8.0,9.0,10.0,11.0,12.0,13.0,14.0,15.0,16.0,17.0,18.0,19.0	-55.936590032201785,30.195428045627096,43.271322854165376,46.46977566105405,47.38257674694822,47.46547507217722,42.870607871671204,44.04186575653273,42.37741741913944,43.61010364450196,43.32402630382637,43.97946810358971,44.19193883314389,42.5775870648936,46.57519792161924,47.823315613841565,46.2970506006723,47.74019212543502,46.60190485407668,43.9380968943476	exponential	0.12	306692,,
306693	0.0,1.0,2.0,3.0,4.0,5.0,6.0,7.0,8.0,9.0,10.0,11.0,12.0,13.0,14.0,15.0,16.0,17.0,18.0,19.0	-47.40914187286508,1.540945788515403,9.058761848734031,6.635963507718519,7.2922295253522496,7.0655261318026295,7.315285562193132,9.82287434179742,8.760285575617925,7.677337574781016,9.80612411463794,8.40649594355551,7.47144149949491,7.307169001303982,9.513576506322423,9.636413771730007,9.744589803575638,7.3240349395275235,8.624306849646354,9.978595232510882	exponential	0.12	306693,,
306694	0.0,1.0,2.0,3.0,4.0,5.0,6.0,7.0,8.0,9.0,10.0,11.0,12.0,13.0,14.0,15.0,16.0,17.0,18.0,19.0	40.27784788625346,39.650302518819174,41.41167641367526,43.62345533812858,39.88854804170657,44.32709764419328,13.437993776949975,9.791208841411382,7.163888404517511,5.642647819644973,7.927832032591677,4.833103164797258,6.6926727898978475,8.233124003862127,6.763379838211081,7.899155622364852,4.98570019041908,8.379648270160782,4.843375339848629,5.7504812653753	exponential	0.12	306694,,
306695	0.0,1.0,2.0,3.0,4.0,5.0,6.0,7.0,8.0,9.0,10.0,11.0,12.0,13.0,14.0,15.0,16.0,17.0,18.0,19.0	42.36233874478081,43.70197639774707,40.48697460221147,-9.499084070987607,-30.119219644370897,-32.380389480811466,-35.973192386972684,-38.37919806020151,-40.090304807532995,-39.01198776596503,-35.9384362120431,-42.3891613710775,-40.66984170774389,-38.12155073743325,-38.15032505284838,-41.234691459606466,-42.57135983564626,-42.65768125027767,-44.898666423505745,-36.926466114926555	exponential	0.12	306695,,
306696	0.0,1.0,2.0,3.0,4.0,5.0,6.0,7.0,8.0,9.0,10.0,11.0,12.0,13.0,14.0,15.0,16.0,17.0,18.0,19.0	94.95747273332813,47.51729183130627,40.4196026887064,39.95892498507658,40.18091538773741,39.15633615296404,40.008216939375046,38.026538344677526,37.66531051977445,37.459585951231645,37.869472839641205,39.82375773097731,37.70804462875053,37.406498717588136,36.830464372534045,39.17146393689955,39.96366387324775,38.068761139612604,37.061857266289536,39.331102423074626	exponential	0.12	306696,,
306697	0.0,1.0,2.0,3.0,4.0,5.0,6.0,7.0,8.0,9.0,10.0,11.0,12.0,13.0,14.0,15.0,16.0,17.0,18.0,19.0	-7.948827331891858,-10.424221294531463,-8.274057051770413,5.877630474409035,10.12201277320166,8.03818475856285,8.144446477301367,8.438900928024747,9.19246223504099,10.067255300244994,8.964970635086909,9.234369458925261,10.546019556569501,9.877921267836564,9.445742195399523,10.345387927798045,9.885991640500823,10.700357551295587,8.991636974095554,9.954336461740365	exponential	0.12	306697,,
306698	0.0,1.0,2.0,3.0,4.0,5.0,6.0,7.0,8.0,9.0,10.0,11.0,12.0,13.0,14.0,15.0,16.0,17.0,18.0,19.0	193.96021339612747,190.5761815441699,191.7591944434812,107.20609630535598,97.59602626651619,94.79331122474659,95.50620177401026,91.67457803063559,95.33656952763276,101.2105267961139,98.50173668368878,92.71114800528687,91.90561559465472,93.09714493997826,98.89778528267007,96.25615726793121,97.13866734713281,95.55673754483466,98.11503026798401,98.71803694158312	exponential	0.12	306698,,
306699	0.0,1.0,2.0,3.0,4.0,5.0,6.0,7.0,8.0,9.0,10.0,11.0,12.0,13.0,14.0,15.0,16.0,17.0,18.0,19.0	-49.538192832882885,-21.711356698111732,-18.258227102958273,-15.989114534824838,-17.68775813485016,-17.087681642761545,-18.363614321772932,-16.804386167478892,-16.562575890656454,-18.002225278085856,-17.624826380269894,-17.875114311374816,-16.723203458961848,-17.158951916940623,-16.16218594742368,-17.108334554451325,-16.602174850701786,-17.31441937587036,-17.5529804491434,-17.514300425870022	exponential	0.12	306699,,
306700	0.0,1.0,2.0,3.0,4.0,5.0,6.0,7.0,8.0,9.0,10.0,11.0,12.0,13.0,14.0,15.0,16.0,17.0,18.0,19.0	3.204674262186831,3.6077217400552257,2.4979223625982296,3.474902519582848,1.9713107657861197,4.362189699558278,5.379564434204105,4.334155191276028,5.762295195617119,5.784628531255649,4.0028537344445265,4.5914913044106616,6.043762895642957,4.939014931652531,3.490075779724483,5.8227280323944814,3.9329799716036704,4.79496833773587,6.1095035340278905,5.69133944092136	exponential	0.12	306700,,
306701	0.0,1.0,2.0,3.0,4.0,5.0,6.0,7.0,8.0,9.0,10.0,11.0,12.0,13.0,14.0,15.0,16.0,17.0,18.0,19.0	-6.098206719173703,63.893685319630166,83.3778995432111,84.16766234124191,85.79040831706584,86.60177197638733,85.31377065078485,85.57032613357836,90.45887356749546,88.8058384542869,85.73421908416609,89.80893112215344,89.68067654120648,87.75077639919502,85.04922051799197,88.63722321541168,87.05004799290985,90.14181813995006,88.79984775335313,90.57292293980514	exponential	0.12	306701,,
306702	0.0,1.0,2.0,3.0,4.0,5.0,6.0,7.0,8.0,9.0,10.0,11.0,12.0,13.0,14.0,15.0,16.0,17.0,18.0,19.0	23.834532156785208,21.928932748396605,-40.737708604079145,-55.62432724103068,-65.47752018017707,-65.09356813175431,-62.15264304340176,-62.76081974281015,-61.42048272574849,-62.879378165197764,-63.34346486358806,-63.61854927603988,-66.90386228992327,-62.521636253840235,-62.172184061931006,-66.85788221162058,-65.7166736323884,-65.25713325455307,-62.840352690599296,-68.11243296256325	exponential	0.12	306702,,
306703	0.0,1.0,2.0,3.0,4.0,5.0,6.0,7.0,8.0,9.0,10.0,11.0,12.0,13.0,14.0,15.0,16.0,17.0,18.0,19.0	36.24379299174811,40.52984705523598,36.41398411581291,36.81903665542307,-38.04621207685181,-47.39537447999631,-47.04542229058126,-43.00867970233431,-49.9611824789799,-45.68669607705266,-51.91911547348258,-52.11346856898469,-44.73180740720232,-47.03961945836817,-50.202165388072096,-44.386938040015686,-44.2144275776442,-43.41582122777178,-49.21434876284644,-48.73221731395385	exponential	0.12	306703,,
306704	0.0,1.0,2.0,3.0,4.0,5.0,6.0,7.0,8.0,9.0,10.0,11.0,12.0,13.0,14.0,15.0,16.0,17.0,18.0,19.0	26.209030468673546,-40.354090504044905,-58.22671138675253,-65.7964273902076,-63.2059394131157,-68.17580209630928,-64.36263728139993,-68.16302384427688,-68.13506766603058,-67.37456491173043,-63.83947470597286,-67.8443482989037,-68.21657186675792,-64.53010334551723,-67.78619518347548,-65.78954776682248,-66.42706700079701,-64.99958444793788,-66.321581109882,-67.98130756942996	exponential	0.12	306704,,
306705	0.0,1.0,2.0,3.0,4.0,5.0,6.0,7.0,8.0,9.0,10.0,11.0,12.0,13.0,14.0,15.0,16.0,17.0,18.0,19.0	116.87451832314872,119.44594671618444,120.11629425358515,73.91132993164254,55.949515169474054,55.61428632480833,54.80314772424925,53.097128633615775,53.50332281635717,52.18427052802768,55.901627277378275,49.735615667450794,53.91346284692395,53.283784916506214,54.303567838887176,51.3886252978565,49.09320522828252,51.81022490890219,55.29838746907401,49.82043298523647	exponential	0.12	306705,,
306706	0.0,1.0,2.0,3.0,4.0,5.0,6.0,7.0,8.0,9.0,10.0,11.0,12.0,13.0,14.0,15.0,16.0,17.0,18.0,19.0	19.71656170153625,-58.18973589580469,-74.22418133011301,-77.09011206736731,-75.43550993509946,-78.42676751032181,-76.85541725154499,-74.0170608353081,-77.08862729889172,-74.16919813623508,-77.19674085544874,-74.08198637091816,-74.30171043405369,-75.24742556628706,-76.013121299616,-77.5753489834582,-78.38101017630447,-75.67847372034677,-76.7844709289092,-73.47590827683159	exponential	0.12	306706,,
306707	0.0,1.0,2.0,3.0,4.0,5.0,6.0,7.0,8.0,9.0,10.0,11.0,12.0,13.0,14.0,15.0,16.0,17.0,18.0,19.0	-100.04516565390244,-102.19974634959983,-98.08035045778185,-99.85976522402514,-96.72994666865291,-32.50140764962127,-22.85373348343976,-21.258415873381356,-19.42624700750201,-13.430374724681984,-17.78584759683471,-12.370502383594438,-13.128267712360024,-16.62708279500257,-15.32219201258255,-14.994409311646535,-17.501755873638686,-10.088232793756832,-10.922651142334606,-13.156283158237501	exponential	0.12	306707,,
306708	0.0,1.0,2.0,3.0,4.0,5.0,6.0,7.0,8.0,9.0,10.0,11.0,12.0,13.0,14.0,15.0,16.0,17.0,18.0,19.0	82.08191038329429,80.94693041908424,80.87321903258605,28.633909049362746,17.694837606839947,11.120941760915043,7.265446509229386,11.133993463842332,5.110911345576679,11.95335700752357,9.197479858621447,11.551633103854257,8.866599749898429,5.933758193697885,8.712531247715564,6.604599303159601,9.26388921627096,4.950251637456642,10.362465510425741,11.218133189564972	exponential	0.12	306708,,
306709	0.0,1.0,2.0,3.0,4.0,5.0,6.0,7.0,8.0,9.0,10.0,11.0,12.0,13.0,14.0,15.0,16.0,17.0,18.0,19.0	-21.163816479303343,-22.94685606507585,-23.386872637850104,-24.44967814864913,4.541713912243652,5.179133803599191,6.454245537155285,7.706230944844989,6.562032159744144,7.232632512232989,7.310766221323604,7.2157263372589275,8.780834157592272,8.604244024508352,6.763916080910668,8.08286374427377,6.307005591186915,6.7964602663952665,8.516983762107085,7.852662509666761	exponential	0.12	306709,,
306710	0.0,1.0,2.0,3.0,4.0,5.0,6.0,7.0,8.0,9.0,10.0,11.0,12.0,13.0,14.0,15.0,16.0,17.0,18.0,19.0	4.667530798843334,5.288045257173973,6.879246700775887,-5.884539621605949,-12.945240519698316,-18.281424079327266,-18.347430224274888,-21.083807197020157,-21.281003861905226,-21.435649401412807,-19.370394076294914,-21.38194156020945,-21.54207148773455,-22.20833957963448,-21.256548119635887,-20.145216844444324,-21.493685685504527,-21.257700827251277,-22.185534714643726,-22.05460683447597	exponential	0.12	306710,,
306711	0.0,1.0,2.0,3.0,4.0,5.0,6.0,7.0,8.0,9.0,10.0,11.0,12.0,13.0,14.0,15.0,16.0,17.0,18.0,19.0	68.88707434817786,63.813601793270124,65.42041213082409,62.29647150050826,5.63504279899559,-3.8657903701257412,0.8490233610244632,-2.714574145134812,0.4922607611970272,0.7860821683409167,-4.8103941297133,-4.259188788983716,0.9933148076995262,-1.0332360860472563,1.5552210125329111,-1.4980559695280544,2.2338243063135894,-3.0304615943749615,-4.597323567121964,0.13563382257519335	exponential	0.12	306711,,
306712	0.0,1.0,2.0,3.0,4.0,5.0,6.0,7.0,8.0,9.0,10.0,11.0,12.0,13.0,14.0,15.0,16.0,17.0,18.0,19.0	63.55396166857203,61.43017603756636,61.25124690363586,11.980989062911066,9.397164346663294,5.897953151103557,7.5545867912701645,10.359969897451828,7.9675528712652905,9.05871655166381,4.9724128683964,4.68355712512386,7.528428571327392,7.824200139703361,8.413374164713774,6.01565440940164,9.567422462049102,7.5888582362542145,8.694423925347964,7.981457696099074	exponential	0.12	306712,,
306713	0.0,1.0,2.0,3.0,4.0,5.0,6.0,7.0,8.0,9.0,10.0,11.0,12.0,13.0,14.0,15.0,16.0,17.0,18.0,19.0	-166.9241539798636,-167.9475602886572,-166.39303971353104,-79.89523873005079,-75.08207812584502,-75.36998239818378,-67.3989339804877,-68.5949402422032,-76.30884196213344,-68.78496016982595,-70.16916541334518,-74.16159260811608,-67.4499350475778,-73.69067520509817,-69.21992241708246,-75.16705232938696,-75.02330536604434,-75.44580022320885,-71.85907683030499,-68.7153598436556	exponential	0.12	306713,,
306714	0.0,1.0,2.0,3.0,4.0,5.0,6.0,7.0,8.0,9.0,10.0,11.0,12.0,13.0,14.0,15.0,16.0,17.0,18.0,19.0	34.369176466396,34.30985159910238,36.66794639299566,33.26356292399856,32.07230011379127,14.984086816313816,6.973208964494425,0.5782233780199846,-6.940771723361649,-6.593354728087521,-7.757797453000093,-12.240949697982899,-14.710929882170353,-10.164199257678344,-14.521408771991224,-10.253861631020664,-13.974901430024792,-13.42491404040357,-13.775440144661266,-16.083000478091645	exponential	0.12	306714,,
306715	0.0,1.0,2.0,3.0,4.0,5.0,6.0,7.0,8.0,9.0,10.0,11.0,12.0,13.0,14.0,15.0,16.0,17.0,18.0,19.0	-74.15069922169874,-4.026531433203592,6.335051238099896,9.339686520812526,8.283920264347183,10.74582755386737,9.678850456403994,6.6913359218172594,9.468145450828203,10.733516506506557,8.330528630746686,7.348174184923626,6.595725594991092,7.610757721589788,7.254825012265588,10.274409247284307,10.751855324443351,9.46092659053549,6.8954977369861785,8.215216454426587	exponential	0.12	306715,,
306716	0.0,1.0,2.0,3.0,4.0,5.0,6.0,7.0,8.0,9.0,10.0,11.0,12.0,13.0,14.0,15.0,16.0,17.0,18.0,19.0	16.618921716155157,14.31277046021042,-0.1283128590201017,-2.2119835630872617,-0.9091905478404633,-2.9831221227617966,-0.5521452905559846,-1.7687432258889615,-0.9157956360280732,-2.8183787505973212,-0.5619593712000249,-0.6268348968667772,-2.190770900064331,-1.773699947345697,-0.47904792747198577,-0.8544400273915084,-1.9592412363047274,-1.9916374082463957,-0.39475233674803084,-1.7646968015596143	exponential	0.12	306716,,
306717	0.0,1.0,2.0,3.0,4.0,5.0,6.0,7.0,8.0,9.0,10.0,11.0,12.0,13.0,14.0,15.0,16.0,17.0,18.0,19.0	-133.8256680610102,-133.33006776155466,-139.4556446285933,-134.5301030598811,-138.29241528358753,-137.53334453402977,-65.01035617160089,-58.981731137332766,-53.30938926934524,-49.1862798878651,-45.037153259011475,-45.454316549693104,-48.63195030342937,-48.6844034282005,-45.12606908132695,-48.33555376681468,-45.43005166156501,-49.52967936910264,-53.276618348053056,-43.80612798561366	exponential	0.12	306717,,
306718	0.0,1.0,2.0,3.0,4.0,5.0,6.0,7.0,8.0,9.0,10.0,11.0,12.0,13.0,14.0,15.0,16.0,17.0,18.0,19.0	-0.4894123280315128,0.9400674450761883,0.016365355426440686,0.565158870727636,-12.877697068086599,-13.93556793589113,-13.09780556119404,-11.950915124007349,-13.21944028509282,-12.849144075103828,-12.690184573862341,-13.964986114082222,-12.946828606779217,-14.481252462109705,-14.36076682837784,-12.527020567924177,-14.317828401731823,-14.120021313033797,-12.965500328363756,-12.521156294410998	exponential	0.12	306718,,
306719	0.0,1.0,2.0,3.0,4.0,5.0,6.0,7.0,8.0,9.0,10.0,11.0,12.0,13.0,14.0,15.0,16.0,17.0,18.0,19.0	3.769818558603678,-14.417059794789152,-18.935535028551687,-21.922113521513623,-22.557851005489287,-21.758651285351302,-22.0952458467618,-22.68651712078418,-22.788466505655585,-22.406187947010842,-20.356016423803066,-20.34986931349681,-22.32924668257608,-23.185115282351983,-21.80240914146264,-20.584446908600977,-22.532888576428522,-20.272080990960248,-21.992750356830516,-22.44604106932702	exponential	0.12	306719,,
306720	0.0,1.0,2.0,3.0,4.0,5.0,6.0,7.0,8.0,9.0,10.0,11.0,12.0,13.0,14.0,15.0,16.0,17.0,18.0,19.0	-54.58277854520191,-53.947700379677144,-55.94339761390929,-21.01760926530206,-12.555645993602361,-11.339122134859204,-10.350410779019969,-10.165158943006768,-13.05258732269461,-14.760828138408735,-13.770431318870848,-12.80319855518452,-12.03985036224961,-12.685876212370243,-10.830951391829627,-14.713031652378294,-14.412120826287353,-11.52238137050659,-10.741930308651432,-13.28031019993605	exponential	0.12	306720,,
306721	0.0,1.0,2.0,3.0,4.0,5.0,6.0,7.0,8.0,9.0,10.0,11.0,12.0,13.0,14.0,15.0,16.0,17.0,18.0,19.0	-15.41917161622019,-15.428546741049772,-10.628648376422518,-15.771145719952145,41.44091087573921,43.84268248785245,46.72293843045178,50.794476641308194,48.43685440549827,49.82680136865575,51.610411019481745,49.887276042806484,51.88444836763856,51.22297598962444,46.13414815655573,49.39448563187874,44.71281919116293,49.47095180346836,51.52162483143532,50.15737897444418	exponential	0.12	306721,,
306722	0.0,1.0,2.0,3.0,4.0,5.0,6.0,7.0,8.0,9.0,10.0,11.0,12.0,13.0,14.0,15.0,16.0,17.0,18.0,19.0	11.893364881470477,9.616410425653875,-1.9599080206177195,-4.199936699330335,-3.1857928811894545,-3.928881709759123,-3.2098130099370765,-2.812052213952723,-2.6792573905464074,-1.9279578531347241,-2.130146372542583,-1.9629559380275234,-4.172666011910401,-2.4857500384685074,-2.6099981307959106,-2.4217208728310573,-2.071375618524491,-3.458876615743316,-2.801376682187609,-4.493585576387649	exponential	0.12	306722,,
306723	0.0,1.0,2.0,3.0,4.0,5.0,6.0,7.0,8.0,9.0,10.0,11.0,12.0,13.0,14.0,15.0,16.0,17.0,18.0,19.0	-75.69973927931491,-76.12832352758184,-77.30562566652077,-51.62473634239666,-42.280870711949824,-38.21609942745414,-36.90607418365529,-36.479932148825235,-36.19783183609193,-38.40595857896526,-37.12825957901877,-39.45619805277236,-36.263239228339124,-35.759498870210976,-36.455573633393975,-35.823469783919144,-38.67593165703344,-38.83413844176274,-39.46074969519711,-36.36342071964387	exponential	0.12	306723,,
306724	0.0,1.0,2.0,3.0,4.0,5.0,6.0,7.0,8.0,9.0,10.0,11.0,12.0,13.0,14.0,15.0,16.0,17.0,18.0,19.0	-83.77876297913362,-83.08352804431358,-83.30761952109361,-37.132717366311624,-24.631268718929014,-16.478463434716243,-18.044888735684072,-18.496397708003105,-16.430986393003657,-17.425433679425765,-15.251325791977672,-19.6038737211182,-18.29030353692657,-15.722339215680902,-19.807653854556918,-15.618256741263865,-19.332938738136157,-18.822805943072815,-19.197744528042385,-21.117523578709882	exponential	0.12	306724,,
306725	0.0,1.0,2.0,3.0,4.0,5.0,6.0,7.0,8.0,9.0,10.0,11.0,12.0,13.0,14.0,15.0,16.0,17.0,18.0,19.0	34.42204065810411,29.992970824221135,30.227365377068118,31.752261700014238,31.75122342663221,-4.5119331510057945,-10.953579734583345,-7.926117605616491,-12.02105100470438,-8.662023801530808,-7.856541346934999,-7.589103912385388,-6.845973657943944,-10.662729549788777,-7.200752711520787,-10.882557699874909,-9.261785423262646,-10.609504420015892,-11.606260574163535,-7.708895079664238	exponential	0.12	306725,,
306726	0.0,1.0,2.0,3.0,4.0,5.0,6.0,7.0,8.0,9.0,10.0,11.0,12.0,13.0,14.0,15.0,16.0,17.0,18.0,19.0	-5.130866070261605,-4.583265575776884,-0.2743032884473131,0.9764467102358233,-0.6175414779256414,-0.04337487273657292,-0.5147962156698799,-1.3172877546278496,0.8114257819932938,0.5122124729358734,-0.5967971639791556,1.134239402437735,0.8763836650543055,0.9877652299582329,0.4480573857693231,-0.40100981793774326,0.6661965444719248,-0.5458321730707293,0.2912652122126648,1.1358128631585882	exponential	0.12	306726,,
306727	0.0,1.0,2.0,3.0,4.0,5.0,6.0,7.0,8.0,9.0,10.0,11.0,12.0,13.0,14.0,15.0,16.0,17.0,18.0,19.0	32.207302887126644,34.43363688529219,36.50717555303109,29.82611723535458,-29.380360648621462,-41.03860460762884,-37.24861881932175,-39.13818493397218,-41.82323895782286,-41.471641305236204,-36.97918230862563,-42.96634302004391,-42.37791219814378,-42.15156563162075,-37.97101895274006,-39.813506857821665,-42.984482218719606,-39.27654596703,-40.73997831711835,-37.18019368291808	exponential	0.12	306727,,
306728	0.0,1.0,2.0,3.0,4.0,5.0,6.0,7.0,8.0,9.0,10.0,11.0,12.0,13.0,14.0,15.0,16.0,17.0,18.0,19.0	-67.1318434195636,-52.854489229313174,-43.65615858254751,-38.82744379784889,-34.951907162847384,-34.60333045616145,-31.00019493668325,-29.88883673776785,-30.818529376033464,-28.453812148257416,-27.981518237626986,-27.475918919686364,-28.897219372927065,-29.519790575341435,-29.39501177526306,-29.939601088455202,-28.4018845496757,-26.913627846275563,-28.78141629136966,-28.301931552385497	exponential	0.12	306728,,
306729	0.0,1.0,2.0,3.0,4.0,5.0,6.0,7.0,8.0,9.0,10.0,11.0,12.0,13.0,14.0,15.0,16.0,17.0,18.0,19.0	90.27665598876509,91.6225078331149,89.59892675683705,52.87612237135302,38.95170197017612,36.75990551135632,37.29805115431443,37.3374156073665,40.46121524676868,38.07599239837554,36.10001081712385,39.353844051149444,37.87149440736528,36.21014179402537,38.57696898380285,37.409142876726655,38.3208495352917,39.74390491503927,36.81769622913893,36.49804781344258	exponential	0.12	306729,,
306730	0.0,1.0,2.0,3.0,4.0,5.0,6.0,7.0,8.0,9.0,10.0,11.0,12.0,13.0,14.0,15.0,16.0,17.0,18.0,19.0	26.16657059946396,27.923490044349013,27.614164029039728,26.424036900121813,28.36248249612156,26.894889559005072,1.657680159804712,-0.49414264795129326,-1.8527656200980347,0.1929483953985008,1.0560042344606693,0.09714165630020273,-0.47769925690585435,-2.3625528848173523,0.9766428087401081,0.6821554887678388,0.5172568789930136,0.11157088891439683,-2.433979431659092,-1.4966510961003985	exponential	0.12	306730,,
306731	0.0,1.0,2.0,3.0,4.0,5.0,6.0,7.0,8.0,9.0,10.0,11.0,12.0,13.0,14.0,15.0,16.0,17.0,18.0,19.0	4.524250069300434,5.225260719350045,5.709268837830674,3.809453450138548,3.6238956196723464,-9.353293659268218,-15.035949127465376,-16.61856686123477,-16.993734007040153,-14.859452095771635,-14.71659735839281,-16.106216226597763,-15.85708876727801,-15.547173118081773,-16.341169447286735,-16.25320832185345,-16.1053937238254,-16.48493043190369,-15.163480831183664,-15.595980610715317	exponential	0.12	306731,,
306732	0.0,1.0,2.0,3.0,4.0,5.0,6.0,7.0,8.0,9.0,10.0,11.0,12.0,13.0,14.0,15.0,16.0,17.0,18.0,19.0	-146.35592363234255,-151.10702712384096,-145.1308437932504,-147.28498128200917,-79.23492631624788,-70.68652436557757,-63.50865485252219,-70.16114885999184,-69.16088940285852,-66.80007551720246,-72.21926505858774,-68.3118668504366,-63.916417637976934,-66.74014430624213,-63.873770833751266,-67.41818044923923,-69.27335786289326,-68.63862536226752,-65.52172436066714,-64.85913681225661	exponential	0.12	306732,,
306733	0.0,1.0,2.0,3.0,4.0,5.0,6.0,7.0,8.0,9.0,10.0,11.0,12.0,13.0,14.0,15.0,16.0,17.0,18.0,19.0	-6.417396490678941,-8.812464524902007,-7.016497916896508,2.259323076359829,5.025429474050141,4.854300896055029,3.2955825642171326,3.7597437274325007,4.497329918290855,5.3680707507274965,6.214324271274053,4.0693604539846495,4.06815076107636,5.313318230869314,4.606368179808766,5.032945884172127,5.802939189462779,5.503092638208663,4.5301780534808875,4.330138350181877	exponential	0.12	306733,,
306734	0.0,1.0,2.0,3.0,4.0,5.0,6.0,7.0,8.0,9.0,10.0,11.0,12.0,13.0,14.0,15.0,16.0,17.0,18.0,19.0	24.59136362363936,26.491157150514944,24.74587251369996,26.300636605727167,6.525211821134192,5.3953532320161806,4.971509943132988,4.407100859449665,5.107761615198758,6.595587787692193,5.477976699362732,6.368035156936119,5.687691286654139,6.39503294819413,6.3966438627416045,4.026996768562137,3.818014331345921,5.11307310825271,4.2826229770996775,4.619234435127249	exponential	0.12	306734,,
306735	0.0,1.0,2.0,3.0,4.0,5.0,6.0,7.0,8.0,9.0,10.0,11.0,12.0,13.0,14.0,15.0,16.0,17.0,18.0,19.0	32.354571566050524,28.039317286476233,32.35617041143481,-6.231263344615453,-14.511673184849588,-21.921504920119816,-21.01660100486504,-20.04805843750105,-21.197278350208844,-22.25862906790765,-22.838389316492545,-23.82125186327485,-22.72728676865566,-23.13998408629543,-23.01364154861833,-23.700932910415464,-23.250356756462732,-22.033461768770184,-23.782259351149172,-20.22056231492092	exponential	0.12	306735,,
306736	0.0,1.0,2.0,3.0,4.0,5.0,6.0,7.0,8.0,9.0,10.0,11.0,12.0,13.0,14.0,15.0,16.0,17.0,18.0,19.0	25.701912463316084,23.972138530612785,22.107837767659973,20.963383782534045,20.78079570504795,23.87679908703969,-20.31545161817757,-29.514453184230323,-28.106423266952497,-35.07168251439985,-35.656646386372515,-29.93782011382845,-32.144708255005014,-33.569466415640555,-30.36041530126122,-29.106723030827016,-34.909768771358706,-33.46896091861289,-35.606483884237164,-29.97491149186226	exponential	0.12	306736,,
306737	0.0,1.0,2.0,3.0,4.0,5.0,6.0,7.0,8.0,9.0,10.0,11.0,12.0,13.0,14.0,15.0,16.0,17.0,18.0,19.0	0.9253208684627303,-0.9136481237474126,-1.0090453132208506,-0.9327539943742211,4.445571521570063,6.591810420676147,8.02249247525275,7.631734263353667,9.631140975447641,7.060910681569632,8.341181749213591,8.733982940401516,9.228609165287958,8.28200303797876,8.743736499221395,7.3028098784814715,7.7030912849521025,9.43078483514152,6.913892943080042,8.479008187337921	exponential	0.12	306737,,
306738	0.0,1.0,2.0,3.0,4.0,5.0,6.0,7.0,8.0,9.0,10.0,11.0,12.0,13.0,14.0,15.0,16.0,17.0,18.0,19.0	44.958529164211264,51.350559160417674,45.18764029793556,44.1842695625268,-8.302947706341634,-25.138136014496958,-38.92989871593576,-38.81136551870412,-42.39975415329063,-39.95102629953691,-39.898803928397015,-34.53039443500637,-40.57733490735089,-41.00460334297922,-42.534865049536336,-35.337881612752,-35.73671259458487,-34.4139823878703,-33.7011843693608,-34.07153414119105	exponential	0.12	306738,,
306739	0.0,1.0,2.0,3.0,4.0,5.0,6.0,7.0,8.0,9.0,10.0,11.0,12.0,13.0,14.0,15.0,16.0,17.0,18.0,19.0	65.5013139547266,68.51544047913411,65.3101919216374,68.01853956885151,70.41334740951743,68.96079746944554,35.08009505309823,28.36524308928581,28.07984721116356,25.85384963913714,28.12448673561141,27.133559725599767,27.07420881297831,24.282756225785214,27.5161090726932,28.46959483752178,23.25732900497123,25.50182145885539,26.946145672044462,27.625331498133736	exponential	0.12	306739,,
306740	0.0,1.0,2.0,3.0,4.0,5.0,6.0,7.0,8.0,9.0,10.0,11.0,12.0,13.0,14.0,15.0,16.0,17.0,18.0,19.0	-25.46192887299798,-26.015817650104392,-25.56327091234964,-23.042332121649572,-27.087084932313772,-27.33100519255742,5.973808459756992,9.709948550086269,11.719767617787474,11.418807260352919,13.286129756309554,10.58383697106685,9.557653884518096,12.900895435863552,11.530119661736947,13.904721925056847,12.617961046138543,9.260758665823156,13.891275423824636,9.19760770059439	exponential	0.12	306740,,
306741	0.0,1.0,2.0,3.0,4.0,5.0,6.0,7.0,8.0,9.0,10.0,11.0,12.0,13.0,14.0,15.0,16.0,17.0,18.0,19.0	-52.84251380958456,-34.462482055232236,-26.554418590129096,-25.932538374105846,-25.931579329537886,-25.71834430607704,-24.963349354916826,-25.83654203471429,-24.010034841241794,-24.89695316044135,-23.954525040359353,-24.67789568677207,-25.826760624481025,-23.010300275850103,-23.744543225051853,-24.23992600822616,-25.586903522871552,-24.051872448969025,-24.398746345366842,-23.86132730514439	exponential	0.12	306741,,
306742	0.0,1.0,2.0,3.0,4.0,5.0,6.0,7.0,8.0,9.0,10.0,11.0,12.0,13.0,14.0,15.0,16.0,17.0,18.0,19.0	23.169783657099526,21.260173633951013,23.041757258343946,23.261252842526318,-8.364053354679404,-8.777090745625996,-11.643126381900794,-12.584198480175392,-10.912260937133322,-9.128630570227237,-9.970869667748135,-11.784661483815727,-11.214168823888116,-9.193350598733794,-9.004478810793655,-11.007746567773097,-10.852971909704502,-11.72111178551736,-10.084599074581654,-9.198289202347212	exponential	0.12	306742,,
306743	0.0,1.0,2.0,3.0,4.0,5.0,6.0,7.0,8.0,9.0,10.0,11.0,12.0,13.0,14.0,15.0,16.0,17.0,18.0,19.0	18.721525674510353,13.606388747039858,16.929536110590412,11.748224945555656,15.632415571443211,12.41046745798873,-35.13652779152845,-43.8642260056631,-50.72013527662351,-50.681385295037316,-54.52738612703616,-48.15138568721503,-53.93989822380817,-50.43674684166045,-53.19193406320846,-46.6006519729639,-52.902757818588555,-52.051421691498014,-52.37093593382514,-51.877224598199284	exponential	0.12	306743,,
306744	0.0,1.0,2.0,3.0,4.0,5.0,6.0,7.0,8.0,9.0,10.0,11.0,12.0,13.0,14.0,15.0,16.0,17.0,18.0,19.0	-13.247885135119674,-14.755733185872796,-15.564592768735517,-5.160567341757499,-3.623790535198718,-5.22637075225327,-4.264147678625088,-4.713482294468685,-3.5548823251880486,-4.339222379114724,-2.805113514531477,-5.235260028335461,-3.1288506027807186,-3.4156453055959166,-5.305327044712896,-3.189225447339901,-4.560685890847936,-5.08661185070609,-3.762565761208612,-4.80374288396742	exponential	0.12	306744,,
306745	0.0,1.0,2.0,3.0,4.0,5.0,6.0,7.0,8.0,9.0,10.0,11.0,12.0,13.0,14.0,15.0,16.0,17.0,18.0,19.0	-39.02622997330863,13.314706257133317,26.587925338979694,32.636314821173436,33.47927130246774,32.203709571755155,33.23604269689546,31.53908572301633,35.18706488373176,34.61152154362512,31.20905165773988,34.59329202404673,34.60753347224857,31.283197091849086,36.02471821138296,36.05661060501472,33.486358284068444,32.8850552715205,31.011042748084165,34.90555542727088	exponential	0.12	306745,,
306746	0.0,1.0,2.0,3.0,4.0,5.0,6.0,7.0,8.0,9.0,10.0,11.0,12.0,13.0,14.0,15.0,16.0,17.0,18.0,19.0	-36.94434138266183,-42.41728429296664,-41.653658101655225,-40.32423049783807,-8.155051014800808,5.7812139714681585,11.095179204971373,17.27420029587482,19.36328250520251,17.446632253012517,19.966267640494717,17.227513780000432,19.541278652761022,20.77357445580662,19.180525677416224,18.500565538746486,17.535471869759903,16.071430535004456,14.933580804695382,15.154234848401796	exponential	0.12	306746,,
306747	0.0,1.0,2.0,3.0,4.0,5.0,6.0,7.0,8.0,9.0,10.0,11.0,12.0,13.0,14.0,15.0,16.0,17.0,18.0,19.0	-35.08742283594431,-2.7412256612320838,3.268496650164863,1.8594649760730009,1.1211692077722624,3.619101765515191,2.295725086101093,1.1894741495551813,2.956658561904706,3.455831332132441,2.300371302641563,3.1532926556820846,4.085655729137896,1.9164056386549302,2.961210867506001,4.07047230578113,1.9695179643702758,3.606917813373345,1.3714486841845208,3.126116035962899	exponential	0.12	306747,,
306748	0.0,1.0,2.0,3.0,4.0,5.0,6.0,7.0,8.0,9.0,10.0,11.0,12.0,13.0,14.0,15.0,16.0,17.0,18.0,19.0	43.050025909237604,41.55653006955808,39.95882066898147,45.727899392429244,42.57556368984112,44.352147459174574,-1.2615034892317922,-5.313365461224656,-7.298014379087484,-5.091746588865846,-9.927831795514342,-7.431318040950243,-9.586625671271948,-7.665768970812258,-6.982418209324544,-7.00852708209683,-10.31611929759928,-10.377282103994762,-4.855607192730705,-8.744566082684395	exponential	0.12	306748,,
306749	0.0,1.0,2.0,3.0,4.0,5.0,6.0,7.0,8.0,9.0,10.0,11.0,12.0,13.0,14.0,15.0,16.0,17.0,18.0,19.0	19.818565544934028,20.392110672787418,18.907657812958448,21.2998668040189,19.608799677199514,8.89333144967151,9.251946736643204,8.179170194444328,9.393075210486288,8.779548189103712,8.653316084509763,9.31482569787475,8.502934105831581,6.59193173418149,8.085504523600305,7.8567940325977235,8.014460507990702,9.360656903094345,9.36765718988092,8.576573766636537	exponential	0.12	306749,,
306750	0.0,1.0,2.0,3.0,4.0,5.0,6.0,7.0,8.0,9.0,10.0,11.0,12.0,13.0,14.0,15.0,16.0,17.0,18.0,19.0	-185.47499260729205,-176.08882432676404,-182.60613113823962,-186.86214813299011,-103.8386511985062,-81.84877041401157,-85.38975549911773,-84.12936360841844,-77.86113075966911,-80.38382176562291,-83.63623324171458,-79.04571335522562,-84.89247070408574,-76.97037873730191,-88.20403413389697,-84.05966811247538,-76.11879705631496,-79.034246632155,-86.98239427324458,-86.49555911779704	exponential	0.12	306750,,
306751	0.0,1.0,2.0,3.0,4.0,5.0,6.0,7.0,8.0,9.0,10.0,11.0,12.0,13.0,14.0,15.0,16.0,17.0,18.0,19.0	-52.095227724365,-53.69414709384063,-49.55604237294648,15.227834435216044,19.855318060471927,22.74524412483412,21.839670855385272,23.294451735532054,24.776254477889264,24.79647476717842,20.85920935973086,21.48455238968974,20.41305099891744,26.315857352077664,26.55113157649301,20.433987176877874,21.553806162631968,22.780299899813112,19.484690309292755,23.78175713833099	exponential	0.12	306751,,
306752	0.0,1.0,2.0,3.0,4.0,5.0,6.0,7.0,8.0,9.0,10.0,11.0,12.0,13.0,14.0,15.0,16.0,17.0,18.0,19.0	-11.582335690163205,-8.16151653695136,-6.726701167095335,-12.06589677064165,-7.823972264530411,-12.565366048910363,35.24065287283879,40.96435130434922,49.361499881732996,48.4384429716743,47.86641902709347,50.928389273250964,48.244719556756955,50.7799574371614,44.98602613764838,46.50356137165263,47.67933005961418,46.831655653320134,44.941244551642804,50.07860516993157	exponential	0.12	306752,,
306753	0.0,1.0,2.0,3.0,4.0,5.0,6.0,7.0,8.0,9.0,10.0,11.0,12.0,13.0,14.0,15.0,16.0,17.0,18.0,19.0	-58.100636841087336,-57.90808815633898,-62.06591278011054,-60.214863202434344,-5.115445505278446,-2.623924492705615,0.9809979546173511,-0.9310154437832275,-2.5988292180007395,1.789304486520867,-4.436155343554279,-0.2232633361707801,0.634764110784258,1.121880328840619,-4.428883144678989,-0.43016746308693826,-2.6061930583648487,-0.07891980255857672,-4.515470976832494,-1.4731570588025562	exponential	0.12	306753,,
306754	0.0,1.0,2.0,3.0,4.0,5.0,6.0,7.0,8.0,9.0,10.0,11.0,12.0,13.0,14.0,15.0,16.0,17.0,18.0,19.0	-45.434655653616524,-46.68308131095374,-45.67472494887873,-44.716189022538686,-48.18452027516845,-47.25134960160483,-10.11308204838408,-6.467825039894704,0.4720378437960596,-3.611022902301328,-1.0297593558362221,2.359123406632654,2.5461373715968,-0.526839351100264,-2.310343463676456,1.0410951270373074,-2.815153376964893,2.159567625155203,0.11807031073499967,-3.1090022832352266	exponential	0.12	306754,,
306755	0.0,1.0,2.0,3.0,4.0,5.0,6.0,7.0,8.0,9.0,10.0,11.0,12.0,13.0,14.0,15.0,16.0,17.0,18.0,19.0	28.797659841404972,30.634014497704914,31.391739838402863,29.2473828169336,29.148523612044364,13.630198167111363,9.47629334308543,5.982466580922641,5.1153868198179095,6.123269981345511,6.017363992900036,5.143498489734378,7.255931488941141,4.945667731406559,6.803511834211049,5.575485794454906,5.092813383155801,5.936058639359252,5.98240337362618,5.852648495336137	exponential	0.12	306755,,
306756	0.0,1.0,2.0,3.0,4.0,5.0,6.0,7.0,8.0,9.0,10.0,11.0,12.0,13.0,14.0,15.0,16.0,17.0,18.0,19.0	-3.3688985224630636,-1.1182933973912776,1.160903371374636,2.175561512323325,2.770762052633587,3.607436190990742,5.4256569456916415,3.0141716927026634,3.1855348744777356,5.204468206873285,5.164289083956993,4.494900533254842,4.296443947016619,3.974402482890499,5.296651166738057,5.2740604096104065,4.615599086278591,4.689648396461954,2.5454182253947994,2.9611648920187945	exponential	0.12	306756,,
306757	0.0,1.0,2.0,3.0,4.0,5.0,6.0,7.0,8.0,9.0,10.0,11.0,12.0,13.0,14.0,15.0,16.0,17.0,18.0,19.0	-30.060271025627184,-28.56891659817597,-30.434703203016955,-22.860895980449,-19.158821278721035,-15.584811775518357,-14.278965637763598,-12.667370734205813,-11.768896403674944,-10.970247438690874,-10.397567864669774,-10.220403940800688,-11.922402943987462,-10.42687124286454,-8.856755298706256,-9.216869745600711,-9.855422966402255,-9.717059779277792,-10.7950705596449,-11.687276849244606	exponential	0.12	306757,,
306758	0.0,1.0,2.0,3.0,4.0,5.0,6.0,7.0,8.0,9.0,10.0,11.0,12.0,13.0,14.0,15.0,16.0,17.0,18.0,19.0	68.44034095206052,74.47742302005742,70.9151558816875,70.81498849648588,-0.051467958504062494,-7.77883796792181,-11.249687321054077,-16.169130994524323,-17.206968692463686,-12.644399917764638,-11.413378806945047,-12.9673742882195,-19.205178984305736,-16.6894348356962,-13.279582733156296,-14.00873132866576,-19.9640345039634,-19.668726293285047,-11.069753629884435,-17.19956348633051	exponential	0.12	306758,,
306759	0.0,1.0,2.0,3.0,4.0,5.0,6.0,7.0,8.0,9.0,10.0,11.0,12.0,13.0,14.0,15.0,16.0,17.0,18.0,19.0	11.87646902259092,10.266041530626088,12.305201182189679,10.344985835550268,6.9501251612069215,5.89926053132407,6.626901625741208,5.036649803993615,5.568466956345251,4.775453204116934,6.248158155790081,5.2339964029953565,5.931940700876286,4.846998290696501,4.974224959163483,5.653929390543924,5.784842415004721,5.462777154893995,4.513331557081893,5.1125792903469085	exponential	0.12	306759,,
306760	0.0,1.0,2.0,3.0,4.0,5.0,6.0,7.0,8.0,9.0,10.0,11.0,12.0,13.0,14.0,15.0,16.0,17.0,18.0,19.0	-51.102195091451094,-52.69946969976357,-53.6135071331426,-53.121926620862055,-54.867325308665436,-11.63013290591156,0.32110325954389296,4.392736639534226,4.199161265737395,4.862449856100548,11.711874323601704,8.524547366938096,11.095392318864507,4.8524050469494755,10.496987759512463,8.233431633373048,8.483779350171691,7.273896896498697,11.291430586895055,8.07510187149219	exponential	0.12	306760,,
306761	0.0,1.0,2.0,3.0,4.0,5.0,6.0,7.0,8.0,9.0,10.0,11.0,12.0,13.0,14.0,15.0,16.0,17.0,18.0,19.0	0.6435253373194261,1.2440729735645544,0.3778642559965917,-0.8318742011741573,11.553511948332318,10.634315890860972,11.740499403032569,11.779403207124938,13.088592120521755,12.00395011985634,11.158695384172841,11.125000743765824,11.302052711310385,11.934647066655577,12.322619222149521,10.738382969437236,13.665961712777126,12.546042213321643,11.528696321040377,12.575644376147324	exponential	0.12	306761,,
306762	0.0,1.0,2.0,3.0,4.0,5.0,6.0,7.0,8.0,9.0,10.0,11.0,12.0,13.0,14.0,15.0,16.0,17.0,18.0,19.0	-32.57974218541394,-30.219120811949836,-28.606068390128762,6.325926811599238,28.638409727930384,36.09228707574224,36.53151964072671,36.50537647607918,38.020379719887906,37.922770702428885,40.04141290799832,42.4617021169878,42.78091984586369,42.62571801328426,42.18702637781109,38.51177487039636,39.538214250384726,41.43412389389499,37.90134805614353,42.58276503983888	exponential	0.12	306762,,
306763	0.0,1.0,2.0,3.0,4.0,5.0,6.0,7.0,8.0,9.0,10.0,11.0,12.0,13.0,14.0,15.0,16.0,17.0,18.0,19.0	66.95453591241107,65.05833703649907,13.965784638650035,6.751784545906055,6.027099748716275,6.737267085511718,8.546299599733246,7.176860305611139,6.037263620436988,4.877332344943157,5.799195923591344,8.025867021448354,8.223745147080939,5.987816355104774,6.437438964947279,8.421355561502436,5.284928787518583,8.082833329930464,7.5702736475472285,6.290724620329489	exponential	0.12	306763,,
306764	0.0,1.0,2.0,3.0,4.0,5.0,6.0,7.0,8.0,9.0,10.0,11.0,12.0,13.0,14.0,15.0,16.0,17.0,18.0,19.0	-128.47883483215824,-133.80169462142544,-129.86144002725908,-66.30815190033722,-60.906889363157156,-59.18772224694428,-55.38404263934208,-57.48069387975046,-55.111054675730145,-56.524402382838126,-53.72643134072299,-60.63353090579565,-56.75945178232689,-56.72968198962173,-60.302940164365175,-58.78342369843002,-59.47724450772313,-56.237226352156746,-53.92650005511364,-52.76232718775986	exponential	0.12	306764,,
306765	0.0,1.0,2.0,3.0,4.0,5.0,6.0,7.0,8.0,9.0,10.0,11.0,12.0,13.0,14.0,15.0,16.0,17.0,18.0,19.0	-71.13763479996797,-68.44645370567726,-70.20782597367987,-64.24378456142155,-70.72553038839561,-67.58506342458892,-16.60409344287125,-3.144910679638539,-2.271714401781322,-4.264859073079498,-9.570182167564665,-7.926733148355185,-9.187976813262312,-6.770890930517455,-2.798856039107779,-9.769042818810115,-9.55541514266544,-7.119145327312587,-6.0129556841440355,-8.491737439739046	exponential	0.12	306765,,
306766	0.0,1.0,2.0,3.0,4.0,5.0,6.0,7.0,8.0,9.0,10.0,11.0,12.0,13.0,14.0,15.0,16.0,17.0,18.0,19.0	95.38663194368837,92.51680924481406,96.84058190081629,95.7259743453284,46.27189418656169,35.620052641404996,32.84641191304457,33.89460356498294,36.57236324957125,32.53351737318462,34.56167854070158,33.04350370525393,34.090865933425555,36.14007662301832,32.58181482547111,32.621180156844936,34.41025721526512,36.52660366185964,32.30734183325308,32.8106916068817	exponential	0.12	306766,,
306767	0.0,1.0,2.0,3.0,4.0,5.0,6.0,7.0,8.0,9.0,10.0,11.0,12.0,13.0,14.0,15.0,16.0,17.0,18.0,19.0	96.32345688535229,96.91986358200874,95.96162496915026,68.99713138038229,57.411540299762535,50.71334900791241,41.61674904969092,42.19999873821445,36.25265203365788,36.100074156842865,36.661946108174874,33.64805483491134,35.49235034550117,36.32195873823651,36.28510825416381,38.6717821488831,37.92661975897251,34.37153868010543,38.62852060861309,36.44892194991789	exponential	0.12	306767,,
306768	0.0,1.0,2.0,3.0,4.0,5.0,6.0,7.0,8.0,9.0,10.0,11.0,12.0,13.0,14.0,15.0,16.0,17.0,18.0,19.0	-24.02743895073732,-21.092335572990976,-25.655770600160437,37.32441089117964,49.628792633384045,54.05105816220441,60.118202769630955,55.68847165843407,54.223178325128316,55.43184606229852,59.31045898394298,54.850249901745,56.47007816077458,55.69400404063707,58.33321577535965,52.414815798967965,58.87506280588179,54.658459519114366,54.66192955794289,58.855095610480454	exponential	0.12	306768,,
306769	0.0,1.0,2.0,3.0,4.0,5.0,6.0,7.0,8.0,9.0,10.0,11.0,12.0,13.0,14.0,15.0,16.0,17.0,18.0,19.0	13.13667376818768,8.478772161124589,8.820077556474576,7.122245027415423,7.044344723972244,7.482690598005478,8.394768966094967,8.855641877792296,8.21409225851843,6.8397277440063196,7.73276048294958,6.439991629501555,8.250867121249827,8.510499882427485,6.876178112237763,6.378613983379031,8.30625056875975,8.676738854924782,9.095522649883584,6.352786101054392	exponential	0.12	306769,,
306770	0.0,1.0,2.0,3.0,4.0,5.0,6.0,7.0,8.0,9.0,10.0,11.0,12.0,13.0,14.0,15.0,16.0,17.0,18.0,19.0	87.46240388559721,52.34652379045084,42.726852706764376,40.29048439729263,39.39572173468343,40.000791701055746,39.96064573229316,40.21359626466385,37.962737169784205,38.02391535236163,39.86495247207993,37.21954139041613,39.02112410214238,37.71567324215162,37.408326171741976,40.007693462104896,38.29822171649087,37.91429784081777,38.90855332018443,38.74445449416982	exponential	0.12	306770,,
306771	0.0,1.0,2.0,3.0,4.0,5.0,6.0,7.0,8.0,9.0,10.0,11.0,12.0,13.0,14.0,15.0,16.0,17.0,18.0,19.0	13.982390865532803,11.832664277437726,9.740945039240781,13.898566826999367,12.773365685398844,-22.34226947084479,-25.535679314915345,-26.581387019761568,-28.8283040495432,-26.889130321517744,-28.384315513191275,-27.309928745524235,-30.35096478025143,-30.478537397846342,-29.219970674294515,-28.391525244777128,-28.37232341121073,-27.40599007327081,-31.811495484306548,-29.673119746887764	exponential	0.12	306771,,
306772	0.0,1.0,2.0,3.0,4.0,5.0,6.0,7.0,8.0,9.0,10.0,11.0,12.0,13.0,14.0,15.0,16.0,17.0,18.0,19.0	-147.40520098645996,-137.525279082079,-147.27484853594837,-137.6832411680604,-142.91279540043303,-141.6265973553913,-77.45493565183523,-61.383103847218166,-56.90185381454483,-65.76678026162944,-61.37727465181341,-65.77663380026553,-58.676934623345545,-66.73749722865657,-63.70590184567831,-64.97387243851405,-59.11963374490709,-65.1019493438788,-57.42467426956456,-58.345447844585905	exponential	0.12	306772,,
306773	0.0,1.0,2.0,3.0,4.0,5.0,6.0,7.0,8.0,9.0,10.0,11.0,12.0,13.0,14.0,15.0,16.0,17.0,18.0,19.0	59.420586004452005,55.5986685220482,55.23843549224246,52.59542326461105,59.56418391168383,64.34294968552996,-23.381134581045124,-32.060930107231535,-32.73429602091261,-29.40129835893491,-37.14316589442989,-36.347624935371954,-39.92329024613308,-38.496301591669564,-37.56964992153048,-35.55071392397664,-36.618268500867195,-31.4013111285742,-37.49410837701605,-37.333181804672655	exponential	0.12	306773,,
306774	0.0,1.0,2.0,3.0,4.0,5.0,6.0,7.0,8.0,9.0,10.0,11.0,12.0,13.0,14.0,15.0,16.0,17.0,18.0,19.0	25.235820046787296,24.227169094684285,-30.67763261450375,-32.718508681120824,-36.18408548728273,-38.415282903750544,-34.58097032719366,-36.6139005775525,-33.517137867252536,-34.00256932140601,-36.23239431518137,-34.335573294155715,-37.462354236069345,-35.4843290285752,-38.603536643032385,-34.729333138562275,-38.179579225135235,-34.307121135657646,-37.140367287062865,-38.638379243444724	exponential	0.12	306774,,
306775	0.0,1.0,2.0,3.0,4.0,5.0,6.0,7.0,8.0,9.0,10.0,11.0,12.0,13.0,14.0,15.0,16.0,17.0,18.0,19.0	-74.36678346480345,-73.34072774791406,-67.68640736434092,-71.555125196365,-71.02937335837066,-11.466188443122771,-7.731556048957897,-3.04401941504502,-4.907633183628871,2.3386769493414428,0.6255971095734532,2.2371267400183537,-0.45833120970690244,-5.147423426569788,-1.2296817045813755,2.2325306798099147,3.1406676510826097,2.3120608764907007,-5.372885092165075,2.8194057198059004	exponential	0.12	306775,,
306776	0.0,1.0,2.0,3.0,4.0,5.0,6.0,7.0,8.0,9.0,10.0,11.0,12.0,13.0,14.0,15.0,16.0,17.0,18.0,19.0	38.72364253004167,36.62575412461426,38.50816405553394,36.07630716384775,39.01800369745122,36.403089700743294,22.154035753005424,14.75831487643742,11.244431205676252,10.423807069812833,10.215443275473724,9.25525901564056,10.529214639850714,9.220992013672134,9.928373240252396,9.95140889637431,10.097528618982745,7.053612043718782,7.716279671071967,6.663087277520307	exponential	0.12	306776,,
306777	0.0,1.0,2.0,3.0,4.0,5.0,6.0,7.0,8.0,9.0,10.0,11.0,12.0,13.0,14.0,15.0,16.0,17.0,18.0,19.0	2.5478099644822336,3.0650989019626342,2.406943932605789,4.024407035499681,4.000825281238799,4.917448087814102,7.095362981695864,7.381343173332362,7.334925707850399,5.292590834418397,6.7700882019930235,6.666452822305325,4.847588956569593,5.691012253345013,7.174148583749297,6.339544899834442,4.640636349787211,4.735221790579888,5.983387622679629,7.233954102002791	exponential	0.12	306777,,
306778	0.0,1.0,2.0,3.0,4.0,5.0,6.0,7.0,8.0,9.0,10.0,11.0,12.0,13.0,14.0,15.0,16.0,17.0,18.0,19.0	132.18157090117057,133.1157338840942,66.04071930789276,44.18456570245169,45.54615995082123,37.18830867253754,39.47594842937334,43.44339205642899,36.785497593869145,42.575874993769375,41.82687130129163,38.75950383071001,40.63494692269592,39.84930772591099,36.84118045988601,43.9565966098103,38.71385453954671,43.67191480442158,37.59014430945277,36.863146326273274	exponential	0.12	306778,,
306779	0.0,1.0,2.0,3.0,4.0,5.0,6.0,7.0,8.0,9.0,10.0,11.0,12.0,13.0,14.0,15.0,16.0,17.0,18.0,19.0	-3.7077470480461825,-1.800111309099662,-1.02689083722544,-1.2395096968173172,-2.5277429041110624,1.2160216139783941,0.9845039806537604,1.6364764085760863,3.5086699870172655,1.807884209762254,1.3194497992880285,2.052923447229443,3.6857880009590778,3.6843900053811636,0.9596591169625165,3.7309450922703924,1.440803714278343,3.9162231026791634,3.615857248144894,1.1299452209266725	exponential	0.12	306779,,
306780	0.0,1.0,2.0,3.0,4.0,5.0,6.0,7.0,8.0,9.0,10.0,11.0,12.0,13.0,14.0,15.0,16.0,17.0,18.0,19.0	67.0607798501487,65.55661246774889,69.09312887853196,69.50155635402972,69.77213127991858,31.995641472178896,24.83162534735989,24.86867859319383,24.069741560460404,27.123079745058305,27.53730494928902,24.706747175691667,26.034050040207696,22.84974934158047,22.90552329101965,25.996563963562764,24.218775805745768,24.735901185559555,23.392924249506216,28.112498156048968	exponential	0.12	306780,,
306781	0.0,1.0,2.0,3.0,4.0,5.0,6.0,7.0,8.0,9.0,10.0,11.0,12.0,13.0,14.0,15.0,16.0,17.0,18.0,19.0	20.58697110129384,20.139099245057608,-34.05309018874155,-47.759184071726835,-51.2937353067208,-53.61418923019926,-49.99052995929956,-54.48387431498553,-52.331345691984495,-52.80729521685853,-50.451977663966325,-52.629744100478426,-51.5539329658732,-48.576742369319994,-48.77569398320158,-49.38815118119904,-52.78118365856514,-49.29572306711266,-49.280625903043685,-48.22596174160854	exponential	0.12	306781,,
306782	0.0,1.0,2.0,3.0,4.0,5.0,6.0,7.0,8.0,9.0,10.0,11.0,12.0,13.0,14.0,15.0,16.0,17.0,18.0,19.0	12.603324527799813,18.390795026416725,12.433722602408409,20.56156703730467,12.586494181343589,15.126011677312519,-18.717614804195918,-30.455332461483145,-41.79035472812597,-43.797345719952176,-38.528430555553655,-41.35934373380263,-46.171964281707716,-40.977586448024695,-46.19114046638329,-43.63044840575047,-41.56746802373263,-44.85344730352548,-40.18872910752061,-46.93041169675145	exponential	0.12	306782,,
306783	0.0,1.0,2.0,3.0,4.0,5.0,6.0,7.0,8.0,9.0,10.0,11.0,12.0,13.0,14.0,15.0,16.0,17.0,18.0,19.0	41.44148083584513,42.84407227312548,40.7335346094247,41.03052530240159,43.57735797954157,42.432317282906574,15.335215785523866,12.13599975543382,8.545490301414764,8.50410459247191,12.109682399624353,9.00226866444696,11.849722832181811,8.747823658803888,12.639149554022843,9.563176163610228,11.804740132848181,11.664399435474495,11.86756530090344,8.617618003214645	exponential	0.12	306783,,
306784	0.0,1.0,2.0,3.0,4.0,5.0,6.0,7.0,8.0,9.0,10.0,11.0,12.0,13.0,14.0,15.0,16.0,17.0,18.0,19.0	66.2363922120226,69.79770087549453,69.16469037798184,40.766487373959954,28.83387918243227,29.835254280660216,27.118065017964682,28.372590326937306,29.702594813677866,26.534442121809057,28.530050530342074,25.831830089645784,25.48439441560271,27.138627017785755,25.966892411397215,28.708345354472264,27.859473048215886,26.400970298858503,25.842039956350536,27.423749002407558	exponential	0.12	306784,,
306785	0.0,1.0,2.0,3.0,4.0,5.0,6.0,7.0,8.0,9.0,10.0,11.0,12.0,13.0,14.0,15.0,16.0,17.0,18.0,19.0	23.55482627670916,21.927589769251504,23.174998011220595,22.001359831194414,-8.989109301627623,-12.750236115640579,-12.722956840149264,-12.657352834680042,-11.823121009440557,-13.958906097413477,-12.147063472253665,-13.515993245539978,-10.405495072974333,-13.41640182826623,-11.244652897117952,-12.02039686962758,-11.845068372199702,-12.191678160653062,-12.813922196537067,-11.726083098101101	exponential	0.12	306785,,
306786	0.0,1.0,2.0,3.0,4.0,5.0,6.0,7.0,8.0,9.0,10.0,11.0,12.0,13.0,14.0,15.0,16.0,17.0,18.0,19.0	181.85076982437846,187.3373721400976,184.25890871272063,184.4701205986433,177.5733550848435,98.7374605231056,84.32510082439998,84.66101953754301,81.01411505064456,78.1629337552035,89.09172696269825,83.99078970274546,83.25840731367191,81.05285743863055,78.92294722915189,81.14097954610565,88.29790625974259,89.5778644719541,88.23191634179092,89.60281268746634	exponential	0.12	306786,,
306787	0.0,1.0,2.0,3.0,4.0,5.0,6.0,7.0,8.0,9.0,10.0,11.0,12.0,13.0,14.0,15.0,16.0,17.0,18.0,19.0	12.766304731643801,12.841340076500565,8.809232144443381,7.841686669744104,6.99763404117728,4.708581729114525,6.501166883529612,5.761696676131449,5.24179185488715,6.205721921016062,6.990760010009084,6.51471124864167,7.130272516067869,4.598314433071864,5.910006711023326,7.29217947194729,6.597392957024988,6.523772436265829,6.027986682105114,7.0502682756952115	exponential	0.12	306787,,
306788	0.0,1.0,2.0,3.0,4.0,5.0,6.0,7.0,8.0,9.0,10.0,11.0,12.0,13.0,14.0,15.0,16.0,17.0,18.0,19.0	150.85359952192135,154.89261057489685,148.83806528484754,144.8358296782597,144.52534469945851,145.22524810569936,63.946269625128636,52.23698399108305,56.66633199996899,54.82522135253668,56.67154030957406,46.156972717028935,44.37051140893597,51.462639982572426,49.64614714472955,52.53155171631442,55.80038865384716,53.773917271998535,53.001731458981794,44.13545708026767	exponential	0.12	306788,,
306789	0.0,1.0,2.0,3.0,4.0,5.0,6.0,7.0,8.0,9.0,10.0,11.0,12.0,13.0,14.0,15.0,16.0,17.0,18.0,19.0	-182.96295316564536,-179.1250278885008,-179.8346737923115,-96.93248015407785,-92.67126287883912,-92.6491357503646,-86.04223086043064,-91.71847913867671,-87.92407055624116,-87.74761905316936,-86.93592427288597,-91.1709293534603,-89.31967710628419,-90.44973656313825,-91.84338904651865,-89.710493557179,-92.15931108622462,-87.18980844728667,-84.58763175264072,-92.40485565236898	exponential	0.12	306789,,
306790	0.0,1.0,2.0,3.0,4.0,5.0,6.0,7.0,8.0,9.0,10.0,11.0,12.0,13.0,14.0,15.0,16.0,17.0,18.0,19.0	142.4856930130785,144.5827059485312,139.12890973114193,86.5090693549918,60.51037804744915,49.39372190078476,56.57679927163302,49.263154299830525,46.816353049633534,51.21394844711461,52.883357917582906,48.58087730311102,48.013693184366105,51.30994486313284,52.22930224558742,50.67722650798974,51.96698878670208,52.947438347474154,46.823218234701585,54.66191270108109	exponential	0.12	306790,,
306791	0.0,1.0,2.0,3.0,4.0,5.0,6.0,7.0,8.0,9.0,10.0,11.0,12.0,13.0,14.0,15.0,16.0,17.0,18.0,19.0	9.928262201004213,9.044010774033097,11.120224075191137,9.347957277360772,6.845940305439336,5.707614360158859,5.267562517514214,7.41873958900291,6.333548101890889,5.994451949582407,5.914220429313936,7.765023851508508,7.290670650224345,5.275176078005342,5.324700150367854,8.007761367194473,5.807394972597811,7.164638368576687,6.235831138284343,7.138921607608357	exponential	0.12	306791,,
306792	0.0,1.0,2.0,3.0,4.0,5.0,6.0,7.0,8.0,9.0,10.0,11.0,12.0,13.0,14.0,15.0,16.0,17.0,18.0,19.0	-48.62661584421418,-23.64518120188668,-19.431450092366006,-17.94811235053054,-18.808846246678705,-18.44715330086297,-16.863839817249826,-17.46243992642156,-17.016594561029677,-17.761725191062702,-19.332613392433608,-16.615448096070995,-19.044162470545903,-18.83728573375815,-18.295283537193665,-17.606021485338644,-17.692688588526607,-17.98486823708394,-17.373037880516605,-19.269310595441407	exponential	0.12	306792,,
306793	0.0,1.0,2.0,3.0,4.0,5.0,6.0,7.0,8.0,9.0,10.0,11.0,12.0,13.0,14.0,15.0,16.0,17.0,18.0,19.0	-28.73082692419498,-29.23592088315289,-26.807911481966208,-28.37575015996719,-27.550900244902795,2.5002304227529626,9.941273929272965,11.677729015853258,6.9911481102150965,10.055172224397234,10.477228527961833,8.967417316956128,10.463334735900043,9.580727540511099,9.885238931702112,8.57924030920181,9.401604829398455,7.198783697506098,6.863252798789346,9.528995496987974	exponential	0.12	306793,,
306794	0.0,1.0,2.0,3.0,4.0,5.0,6.0,7.0,8.0,9.0,10.0,11.0,12.0,13.0,14.0,15.0,16.0,17.0,18.0,19.0	-1.7140158199057554,-3.28208078134278,-3.0582640931549068,-1.7826272420825269,-0.23690886365587926,0.8840444443413579,-1.390127630584885,-0.47457495066775396,-1.5595656163906644,-1.3286809143266842,-1.4286524815554584,0.013279219465278515,-0.3371833853844789,0.8108542776856146,0.0685048743003735,-1.7533166395844042,0.9312445985561603,-0.807764454851622,0.5395191981523291,0.9812337137796958	exponential	0.12	306794,,
306795	0.0,1.0,2.0,3.0,4.0,5.0,6.0,7.0,8.0,9.0,10.0,11.0,12.0,13.0,14.0,15.0,16.0,17.0,18.0,19.0	35.66644540024366,-14.855076154521353,-21.04031620132584,-21.14052517990765,-20.411980634412984,-20.540445998328618,-20.248961736558364,-19.964323830195873,-21.707348866421842,-21.967292993686723,-18.377876448748527,-19.085368163103425,-20.180950098871115,-18.445459032762326,-20.902148342006882,-19.079694138221345,-19.37745105944242,-20.0544896194297,-20.29700079942754,-21.36066642004526	exponential	0.12	306795,,
306796	0.0,1.0,2.0,3.0,4.0,5.0,6.0,7.0,8.0,9.0,10.0,11.0,12.0,13.0,14.0,15.0,16.0,17.0,18.0,19.0	-4.320910037379136,-3.2601866947199554,-3.6479432234994675,-1.8005220772674662,-6.658000838519232,-4.198148075279541,29.952981746211307,31.8799761862058,30.549865642816123,32.45184095974679,33.5481398530999,35.43548332049062,31.351821858932293,31.62626008582438,31.939803655479675,31.38206173730141,32.58377882977652,34.905965857824256,32.981449253368766,31.935223614155934	exponential	0.12	306796,,
306797	0.0,1.0,2.0,3.0,4.0,5.0,6.0,7.0,8.0,9.0,10.0,11.0,12.0,13.0,14.0,15.0,16.0,17.0,18.0,19.0	-10.217177294102179,-8.69325233370088,-10.51571451016735,-8.992053912234006,-3.714477122749564,-3.628263096038137,-2.84659838360059,-1.5622765786248658,-1.4638172208925078,-1.3403912854573197,-2.3659558524243396,-0.8333490365921987,-2.1067120869839413,-2.4361602154924085,-3.294253682583152,-1.4298903929688218,-2.311838639367545,-1.3384303956901829,-0.8276597828716329,-2.7238963815752455	exponential	0.12	306797,,
306798	0.0,1.0,2.0,3.0,4.0,5.0,6.0,7.0,8.0,9.0,10.0,11.0,12.0,13.0,14.0,15.0,16.0,17.0,18.0,19.0	74.41338873608797,73.89871359602708,36.37066552944634,32.77666636977472,32.495301588342144,29.974512774377253,30.61063085560656,31.155652675664737,29.93207260474215,29.20598026081338,31.062351746246378,29.968406152868294,31.220181520527422,30.19086393896729,31.007486725183618,32.66651488022653,29.348792312540642,30.139050613543137,29.019783472439737,31.505726160267958	exponential	0.12	306798,,
306799	0.0,1.0,2.0,3.0,4.0,5.0,6.0,7.0,8.0,9.0,10.0,11.0,12.0,13.0,14.0,15.0,16.0,17.0,18.0,19.0	37.27397622143524,35.3803034436642,-28.638294999543888,-31.78291948562455,-32.25500843329243,-30.4531139878749,-30.886903879237302,-30.630398716989106,-36.48378010953265,-34.4902957756728,-32.87788790623678,-34.41352152463625,-35.38836109021872,-34.26876194818226,-33.48804249445274,-36.04229912337939,-30.129211005387976,-32.55946759051497,-31.02627082266697,-31.926595223879776	exponential	0.12	306799,,
306800	0.0,1.0,2.0,3.0,4.0,5.0,6.0,7.0,8.0,9.0,10.0,11.0,12.0,13.0,14.0,15.0,16.0,17.0,18.0,19.0	506.41488949669576,638.0719337499324,743.3314448674375,835.8413385259967,852.9017350808896,887.1187182585043,942.6028875991241,980.6606663012035,1013.0871498584282,1019.7613177040548,1011.0309415086653,1045.3161746517417,1044.6814817558566,1048.9247262030592,1064.232719506064,1069.871388252502,1079.2389313072329,1122.265974094027,1127.738315650785,1101.3311445558622	hyperbolic	0.12	306800,,
306801	0.0,1.0,2.0,3.0,4.0,5.0,6.0,7.0,8.0,9.0,10.0,11.0,12.0,13.0,14.0,15.0,16.0,17.0,18.0,19.0	178.50849828648944,170.0966498588123,164.51734915865177,205.84454530427078,245.15575592186087,269.7537191168585,286.6094827756872,302.3048424718657,308.85259436135436,307.72688967528177,314.7395215574016,323.1994245622391,329.7282794715567,327.89354632679743,342.95401849010136,338.6461211196446,344.6202771258934,340.86481064964664,345.9133268572772,355.3480234849948	hyperbolic	0.12	306801,,
306802	0.0,1.0,2.0,3.0,4.0,5.0,6.0,7.0,8.0,9.0,10.0,11.0,12.0,13.0,14.0,15.0,16.0,17.0,18.0,19.0	503.0873045265775,490.09544229569195,519.3955494139067,517.1924814475425,512.7544228879915,640.0295532752765,744.7416503453634,779.9129300517274,857.2413928737822,875.5423521092507,907.6941772227779,962.5221088565688,972.8433959396507,984.5739276068816,991.0364211090395,1043.4000957812805,1018.1800462842325,1060.6824926522677,1033.3865624659238,1059.1056594072593	hyperbolic	0.12	306802,,
306803	0.0,1.0,2.0,3.0,4.0,5.0,6.0,7.0,8.0,9.0,10.0,11.0,12.0,13.0,14.0,15.0,16.0,17.0,18.0,19.0	4.284458319311373,4.101019723756894,15.940258896171157,5.574491924090802,5.431444659653079,33.912165188111715,63.78234792254598,77.6606533862046,94.1329404044447,98.58703480800244,99.64416431100227,105.3738620002303,113.36435325365397,124.40804914320142,115.86955929713177,121.94317570505558,124.28712769195701,131.45777907396098,129.242557627434,140.02013534383752	hyperbolic	0.12	306803,,
306804	0.0,1.0,2.0,3.0,4.0,5.0,6.0,7.0,8.0,9.0,10.0,11.0,12.0,13.0,14.0,15.0,16.0,17.0,18.0,19.0	-150.89820188085545,-97.57931712461207,-98.69229218931201,-70.30710337476916,210.46712351279564,346.84464271014207,435.2258866789504,511.1099679209791,493.10373594956997,509.16611276919184,576.1455940103499,577.0398378439131,650.54379609219,627.4590146198376,612.2514343965022,688.4300011518635,708.6474204008059,678.2360171520916,670.8604512905242,678.6071267041552	hyperbolic	0.12	306804,,
306805	0.0,1.0,2.0,3.0,4.0,5.0,6.0,7.0,8.0,9.0,10.0,11.0,12.0,13.0,14.0,15.0,16.0,17.0,18.0,19.0	-51.47896390690632,-54.24057042790743,-53.392110239762474,-51.56110062766929,-40.76883017428007,-26.029478468090975,-22.02229940004795,-13.215881136396916,-4.618676131568563,-6.443217814883489,-1.5651886153190944,0.296743959250918,10.634849161335197,13.031042116886866,11.5693748343855,16.21006763328805,18.58864088807725,16.98421513331928,17.322974234203947,17.390701038587935	hyperbolic	0.12	306805,,
306806	0.0,1.0,2.0,3.0,4.0,5.0,6.0,7.0,8.0,9.0,10.0,11.0,12.0,13.0,14.0,15.0,16.0,17.0,18.0,19.0	-185.7200800164317,-193.14225611795666,-186.62863289265547,-148.98648382570275,-124.63954786489282,-108.20949843524946,-74.00290610678456,-57.35542185253996,-58.600228199819526,-30.14389095064388,-22.92427570072121,-22.55388626246281,-9.958030532130067,-15.539619048655794,1.753927090206787,9.623812086542074,17.975113498865966,7.920416037374139,28.10629988624663,29.350468109357763	hyperbolic	0.12	306806,,
306807	0.0,1.0,2.0,3.0,4.0,5.0,6.0,7.0,8.0,9.0,10.0,11.0,12.0,13.0,14.0,15.0,16.0,17.0,18.0,19.0	8.854168386401717,-18.72454280357308,1.3156612435304709,161.65954865750308,203.49081536963638,303.98277960554907,311.4914025423382,368.0855248182012,404.47758522617835,425.761087737438,410.5772224710026,464.0821322459658,473.74272288637457,452.87134807408495,447.9055948246166,492.7278922405811,471.9855192229163,506.40137413961514,468.5144563288046,488.39728310854963	hyperbolic	0.12	306807,,
306808	0.0,1.0,2.0,3.0,4.0,5.0,6.0,7.0,8.0,9.0,10.0,11.0,12.0,13.0,14.0,15.0,16.0,17.0,18.0,19.0	298.12134763710435,259.1555809110368,303.40283273623226,403.3810693535135,464.6002293566869,578.6679704420287,585.37889656075,668.4727974787197,720.5612403047506,717.0763354818403,736.8467763740634,780.4991678340184,811.0026797712563,810.193953133386,826.7631716562704,819.1902980000398,847.2635367791145,878.4083350150851,876.9563921428896,903.6143456332179	hyperbolic	0.12	306808,,
306809	0.0,1.0,2.0,3.0,4.0,5.0,6.0,7.0,8.0,9.0,10.0,11.0,12.0,13.0,14.0,15.0,16.0,17.0,18.0,19.0	20.044643994655644,33.19772964133996,50.80091615868247,60.821283908229816,71.54647200891067,74.5688602226662,89.60019823942302,95.35068860348733,98.49810532261522,103.95412016370452,110.65118319486581,113.66881958196983,110.39240179317017,117.26107553915298,123.91370261053223,126.17143561967546,121.31053634699202,123.37491633762856,128.2229215363931,132.23819869087328	hyperbolic	0.12	306809,,
306810	0.0,1.0,2.0,3.0,4.0,5.0,6.0,7.0,8.0,9.0,10.0,11.0,12.0,13.0,14.0,15.0,16.0,17.0,18.0,19.0	-64.50016271479306,-61.79937238774017,-69.60137177943123,-16.272038205152874,4.440391205018734,16.093265234711062,20.822736742663622,28.259472869016044,29.544517643953697,28.385295670862433,28.561695873021065,39.50045270262852,37.67926233205405,39.345275607639834,37.45634106054703,33.66084282057973,38.5159972587159,43.543336108654586,45.01264817598982,36.54050044584527	hyperbolic	0.12	306810,,
306811	0.0,1.0,2.0,3.0,4.0,5.0,6.0,7.0,8.0,9.0,10.0,11.0,12.0,13.0,14.0,15.0,16.0,17.0,18.0,19.0	270.1628525214439,245.12912532561188,332.65486867415876,387.9375112893161,421.66370349384755,470.6272929141402,537.8085587086639,577.1416840917366,617.1685332388668,611.9126251485462,658.7137007857494,663.2804697170844,696.4153942942182,690.729579729802,738.3467922468465,759.0105204399877,739.9090066413236,770.8180357911705,779.8169078338746,762.1687314910218	hyperbolic	0.12	306811,,
306812	0.0,1.0,2.0,3.0,4.0,5.0,6.0,7.0,8.0,9.0,10.0,11.0,12.0,13.0,14.0,15.0,16.0,17.0,18.0,19.0	71.30629775249058,87.06381551168228,75.28685752009889,72.3735695849091,138.7274576381535,163.13960713159588,189.4755338334329,226.88045324153137,242.96019966650965,249.15858104971812,282.1402010402651,296.68921842766775,291.36962794904156,315.6738033794907,328.60294480185337,311.2218037528788,328.1087896079496,327.0408002586868,337.25763772359187,360.8103129104603	hyperbolic	0.12	306812,,
306813	0.0,1.0,2.0,3.0,4.0,5.0,6.0,7.0,8.0,9.0,10.0,11.0,12.0,13.0,14.0,15.0,16.0,17.0,18.0,19.0	-244.6696041317061,-246.25993330673745,-257.34507488206117,-255.77502966559834,-228.92577389594476,-164.7402251063532,-125.2115021836844,-86.32967878102494,-45.267238604984584,4.359044951678726,9.411259997094078,37.112966411723335,55.28501895412603,70.83267211018835,99.43831877161142,118.8603008531876,153.1472787169394,137.18204602259954,183.61169948873885,195.8319286217213	hyperbolic	0.12	306813,,
306814	0.0,1.0,2.0,3.0,4.0,5.0,6.0,7.0,8.0,9.0,10.0,11.0,12.0,13.0,14.0,15.0,16.0,17.0,18.0,19.0	49.5289527790808,119.39589888606112,166.53138355657268,230.82137409418982,265.5123082917456,321.47637879619157,344.19355934967143,356.46672301648016,370.8925049470415,422.3993658246095,449.24784608284693,436.0307813548968,464.9861577588234,456.63751866014707,477.7579860722559,500.0603720538502,504.4776925655028,509.56844065723453,536.777540050637,552.6199885007932	hyperbolic	0.12	306814,,
306815	0.0,1.0,2.0,3.0,4.0,5.0,6.0,7.0,8.0,9.0,10.0,11.0,12.0,13.0,14.0,15.0,16.0,17.0,18.0,19.0	-155.06324897104295,-156.127304067672,-116.64430856679304,-82.51586318840913,-78.40797455076566,-58.35686937455421,-29.63687725501498,-21.015121512135664,-14.28395215633526,-1.3695107898401488,-9.426433025196673,-4.544240062912337,4.193485524295028,13.171966733940195,20.646512133660252,21.683607969448587,34.247260677537014,22.924689973686128,30.804076336993205,42.2355601603563	hyperbolic	0.12	306815,,
306816	0.0,1.0,2.0,3.0,4.0,5.0,6.0,7.0,8.0,9.0,10.0,11.0,12.0,13.0,14.0,15.0,16.0,17.0,18.0,19.0	-403.73694198775536,-413.92365087717656,-409.5316746317349,-392.0701111299315,-313.4652054587217,-185.45527178057097,-132.6374468762588,-96.23913193888768,-68.78890731038268,-68.43707419174768,-6.629750188825369,-26.894529391702804,-2.878632022825343,8.030554784825597,69.20320775499442,40.281745913615566,84.09496962466949,48.9954050778141,70.40463814654623,63.65989989375794	hyperbolic	0.12	306816,,
306817	0.0,1.0,2.0,3.0,4.0,5.0,6.0,7.0,8.0,9.0,10.0,11.0,12.0,13.0,14.0,15.0,16.0,17.0,18.0,19.0	472.97361570094426,480.82471836006977,481.77119518048636,471.6645053379489,580.6409094640175,632.6164288793796,716.7695190012059,755.370650730039,823.5221770213445,818.4259943801557,838.0765706810004,912.4786247482818,901.0713747576256,969.5604834583028,978.3551736215395,1000.6870259121424,1000.3635492858064,1028.6691259331142,1032.6049946906833,1018.1740355802897	hyperbolic	0.12	306817,,
306818	0.0,1.0,2.0,3.0,4.0,5.0,6.0,7.0,8.0,9.0,10.0,11.0,12.0,13.0,14.0,15.0,16.0,17.0,18.0,19.0	-26.61071542773898,66.33854415558753,133.95659197262486,177.83064701226536,227.4834157587221,263.59403827526654,285.51742598214946,301.0484698491736,317.16481244853793,326.16374494650404,372.0244029057284,363.7348791758059,374.21438485858005,378.94356720447195,394.9768521691518,416.9688657979968,421.60214601565696,438.89375934747807,445.70389943170056,426.1753331787806	hyperbolic	0.12	306818,,
306819	0.0,1.0,2.0,3.0,4.0,5.0,6.0,7.0,8.0,9.0,10.0,11.0,12.0,13.0,14.0,15.0,16.0,17.0,18.0,19.0	500.62184195895645,514.2509225453026,529.1976822772738,515.223273932122,495.4549565116071,582.677227059723,711.8108867105949,735.4444387107802,824.8548251342941,838.6570967552462,897.6351929991604,908.8519808472099,942.8459874654507,984.5573054563536,992.0664200700883,1013.5921185855018,1048.8779362054129,1054.506995701349,1045.3591099982157,1113.780151962384	hyperbolic	0.12	306819,,
306820	0.0,1.0,2.0,3.0,4.0,5.0,6.0,7.0,8.0,9.0,10.0,11.0,12.0,13.0,14.0,15.0,16.0,17.0,18.0,19.0	237.6249782618812,234.64792911010326,234.77076090376374,248.7271273571339,263.20949283418133,343.3902697097204,417.23582341062934,482.44890141291216,547.348215993829,607.725973157786,604.1873791867692,666.9353824618797,650.8689043159015,706.8872860981713,719.2762792754827,701.0081790645143,721.1368922367997,730.5318939102947,754.4592885133497,748.270934660967	hyperbolic	0.12	306820,,
306821	0.0,1.0,2.0,3.0,4.0,5.0,6.0,7.0,8.0,9.0,10.0,11.0,12.0,13.0,14.0,15.0,16.0,17.0,18.0,19.0	-82.6235905404112,-82.02594676900397,-80.4848986451742,-84.69449464256282,-53.6724892879594,-32.73877018327141,-15.48121218304923,-13.447303362803211,6.972261928309862,5.420665814741895,12.895697719114864,20.802417778792247,29.326396430797743,38.08357808207754,43.23364591900017,47.30543127776289,43.548891379017306,40.28493320784189,52.85476614737202,45.492924582980365	hyperbolic	0.12	306821,,
306822	0.0,1.0,2.0,3.0,4.0,5.0,6.0,7.0,8.0,9.0,10.0,11.0,12.0,13.0,14.0,15.0,16.0,17.0,18.0,19.0	395.29539932435426,399.9325813273853,337.43657862910527,739.7307288176504,833.023406517764,938.0433441675045,1017.0494657176473,1079.8802216624156,1135.8691440674302,1103.602231624936,1158.3684350229482,1187.2204157652418,1196.1512235516227,1195.3504817273429,1199.062612316301,1229.7599657134938,1232.5059174547393,1170.4865032565826,1193.2386904923942,1254.3426527054983	hyperbolic	0.12	306822,,
306823	0.0,1.0,2.0,3.0,4.0,5.0,6.0,7.0,8.0,9.0,10.0,11.0,12.0,13.0,14.0,15.0,16.0,17.0,18.0,19.0	97.03057225283011,95.8139552417201,92.02300889826013,94.64271657593098,111.84966704183336,128.3961689645331,143.82285020280793,156.4365943728728,166.77806625880916,169.75019089420994,172.5720153485708,179.92478805513505,184.09154630071578,185.30554999369684,194.0906113546402,195.1679310676671,198.36355779216004,191.1021840058236,192.22904281626597,196.27474851534504	hyperbolic	0.12	306823,,
306824	0.0,1.0,2.0,3.0,4.0,5.0,6.0,7.0,8.0,9.0,10.0,11.0,12.0,13.0,14.0,15.0,16.0,17.0,18.0,19.0	-365.95626521435076,-374.7379510584409,-310.2483292545921,-184.9762240540191,-67.8073928277633,-9.659984912420612,57.63291566045825,116.40574611027017,135.08548013324065,193.99428604258696,195.6000665939439,254.7779578456802,246.11676845314952,295.7569127142508,276.96758997123044,322.00029447295697,330.8439551173697,321.9213782498854,350.6119181838472,324.165023620944	hyperbolic	0.12	306824,,
306825	0.0,1.0,2.0,3.0,4.0,5.0,6.0,7.0,8.0,9.0,10.0,11.0,12.0,13.0,14.0,15.0,16.0,17.0,18.0,19.0	-15.702999240619125,-10.990328549155898,-10.790040397835394,179.08555906083427,237.37786802860225,252.9916985832373,250.62215242893416,264.5500206588561,284.2682310984002,274.0209628769154,292.852705385233,281.2199006173718,282.7444282199569,276.57798349852004,286.9882262459796,292.41851180746863,276.90633912465535,289.7315424757308,287.8497017724259,293.2196937262354	hyperbolic	0.12	306825,,
306826	0.0,1.0,2.0,3.0,4.0,5.0,6.0,7.0,8.0,9.0,10.0,11.0,12.0,13.0,14.0,15.0,16.0,17.0,18.0,19.0	-93.8701346475318,-94.22493941658799,-95.81719545985023,8.732455829065316,19.88751936928412,26.60264235481924,39.98303126968791,39.38036589959327,44.4718949944192,35.19592740896998,40.920171025845306,36.96150364724201,40.11686504129061,37.679094265351935,36.631448583431535,43.90823447690522,44.22520865013743,48.81194898870932,39.010725160627814,46.1100047275672	hyperbolic	0.12	306826,,
306827	0.0,1.0,2.0,3.0,4.0,5.0,6.0,7.0,8.0,9.0,10.0,11.0,12.0,13.0,14.0,15.0,16.0,17.0,18.0,19.0	42.98570675630926,347.8240572252497,479.22488652276155,596.3430363132095,671.0960947761545,720.3415681986504,715.2981033045384,775.3990890726561,771.4421486486808,832.361238586805,829.7297030649885,833.5306591896859,864.4374542416612,869.3485099920086,839.8683400250092,856.258967788479,892.3444418795764,923.5429819097992,913.0690954020134,910.1832175280591	hyperbolic	0.12	306827,,
306828	0.0,1.0,2.0,3.0,4.0,5.0,6.0,7.0,8.0,9.0,10.0,11.0,12.0,13.0,14.0,15.0,16.0,17.0,18.0,19.0	178.66891334606086,169.660933928811,152.40571341727775,139.56722956482025,146.01970049611683,281.4244339627815,317.6884502888106,406.6051093011647,432.07390823377654,469.76518202880516,482.63847463811845,499.4238393880561,500.3928915884539,514.0944920602183,528.4623521178021,546.4250263250196,589.1188501011728,583.1124794500596,587.1736529193453,599.9907400914715	hyperbolic	0.12	306828,,
306829	0.0,1.0,2.0,3.0,4.0,5.0,6.0,7.0,8.0,9.0,10.0,11.0,12.0,13.0,14.0,15.0,16.0,17.0,18.0,19.0	149.77172921195512,136.16332663359006,132.03619402882015,131.01325427735588,118.87364223530768,247.0421291628263,335.04527239867866,415.0761888201472,428.6347112325544,466.4698584621071,485.9144255275254,501.5010748372656,530.4668432488936,569.3235027357366,544.5885832711512,587.2461040639847,601.6356794736804,589.4688510274202,613.6800549965839,621.2407785501936	hyperbolic	0.12	306829,,
306830	0.0,1.0,2.0,3.0,4.0,5.0,6.0,7.0,8.0,9.0,10.0,11.0,12.0,13.0,14.0,15.0,16.0,17.0,18.0,19.0	189.2633221227468,153.48123603415684,156.32635318862444,161.19597318601032,288.39454049113374,343.2719452006072,386.86589220785925,405.5017983934514,432.76150301023097,464.75016859619177,508.16677086648815,536.4551577457283,517.9540776534062,524.1472825905101,543.2478767642266,570.8609810698348,563.1982009816089,598.0316287336109,591.0065239653769,596.9693387765876	hyperbolic	0.12	306830,,
306831	0.0,1.0,2.0,3.0,4.0,5.0,6.0,7.0,8.0,9.0,10.0,11.0,12.0,13.0,14.0,15.0,16.0,17.0,18.0,19.0	-100.99623279292967,744.4398506361898,781.4620950328144,776.0681918023184,800.2445659313876,800.9553789826726,806.9954175820302,789.8061314723017,788.5112277746919,796.2531662543056,803.9210479601127,824.3108298243794,786.8383590912815,829.6892561519805,835.9988353773945,795.6209076388004,808.479744598138,838.6580213772172,830.4271497308113,823.7579318335149	hyperbolic	0.12	306831,,
306832	0.0,1.0,2.0,3.0,4.0,5.0,6.0,7.0,8.0,9.0,10.0,11.0,12.0,13.0,14.0,15.0,16.0,17.0,18.0,19.0	-111.8369466247284,-118.57898607660665,-122.42293315357549,-134.6077861178415,-79.6252463903893,-38.64838943669075,-4.76120110611086,16.129347145426323,40.647616733499206,41.53226099245646,70.8633137491008,64.28149329090309,85.4314582946385,96.46943441179424,96.84266985625736,115.70870759016363,108.04367800942046,105.8411497059945,110.49861531634099,120.12687171701529	hyperbolic	0.12	306832,,
306833	0.0,1.0,2.0,3.0,4.0,5.0,6.0,7.0,8.0,9.0,10.0,11.0,12.0,13.0,14.0,15.0,16.0,17.0,18.0,19.0	286.61413454053184,296.30597924957743,271.5197875838304,306.08294087087745,293.56398596850715,430.9798212169708,543.2920570085623,620.52852377037,642.7165906228067,750.4843652370976,744.4298720587469,783.0779770054189,770.9983132617836,804.8956694486676,825.3492528240973,873.383281830643,826.8764594553513,859.8554356799459,896.2576772608404,859.4723119721174	hyperbolic	0.12	306833,,
306834	0.0,1.0,2.0,3.0,4.0,5.0,6.0,7.0,8.0,9.0,10.0,11.0,12.0,13.0,14.0,15.0,16.0,17.0,18.0,19.0	519.530509901865,537.3210079945188,541.6353950736991,496.4918853990562,589.8992823867004,700.7015106710985,758.2725796518087,811.7036932474412,858.9069275330594,885.416571561386,919.6670528960203,922.2369623660404,925.7470022188911,973.9369433827504,973.7432114533569,1015.1641942386455,1028.12404739103,1024.4332027579048,1019.3553583185362,1051.6734951786693	hyperbolic	0.12	306834,,
306835	0.0,1.0,2.0,3.0,4.0,5.0,6.0,7.0,8.0,9.0,10.0,11.0,12.0,13.0,14.0,15.0,16.0,17.0,18.0,19.0	-567.2231632195634,-605.7790737008451,-549.4241713569594,-611.18088437117,-559.9266077146514,-216.17928548121984,-94.19835489581772,-15.851685310894709,7.568557081211907,78.66560669960108,101.87567708063739,78.44186413343505,128.49492036590914,110.52296912629106,137.6973838276284,112.52012509860242,174.15298737692683,117.24580976437778,174.94364407164335,160.41757050958802	hyperbolic	0.12	306835,,
306836	0.0,1.0,2.0,3.0,4.0,5.0,6.0,7.0,8.0,9.0,10.0,11.0,12.0,13.0,14.0,15.0,16.0,17.0,18.0,19.0	-92.62029106262847,-91.91880095626728,-78.45459807115685,-68.56152327931792,-55.67956761258271,-50.20264991815937,-41.69618516871219,-39.33409744866085,-27.712840585881423,-22.48436795725587,-26.918347918262995,-17.4956314270958,-18.610285505841446,-16.190011323573472,-12.552876932862276,-4.686225069363402,-7.369918648267856,0.254998200677619,3.1901275744831423,-0.14802215906281901	hyperbolic	0.12	306836,,
306837	0.0,1.0,2.0,3.0,4.0,5.0,6.0,7.0,8.0,9.0,10.0,11.0,12.0,13.0,14.0,15.0,16.0,17.0,18.0,19.0	773.4791711007348,806.042136124815,833.8840993561463,1230.815038450507,1334.5285697542763,1474.1945865132266,1555.4176773061447,1524.1147600156928,1571.6225078608304,1587.3887411498881,1631.4432058577659,1664.3548907607383,1696.860937831617,1653.3976379843052,1722.5820523599248,1661.3269677247392,1718.4437410094024,1717.273919112029,1672.6990308129846,1694.276175330591	hyperbolic	0.12	306837,,
306838	0.0,1.0,2.0,3.0,4.0,5.0,6.0,7.0,8.0,9.0,10.0,11.0,12.0,13.0,14.0,15.0,16.0,17.0,18.0,19.0	151.71276236811894,204.94830841250206,206.89615785936988,162.7544155601627,150.82389904789116,372.54056678955806,517.5687153234868,577.0794152508313,667.0993948632214,645.4441281683557,718.1372356689801,725.3093364008738,814.1964233921151,800.5915849092813,778.112694128294,856.6070143370272,866.1297917508751,845.1748004676358,903.8056787766991,898.4867260067861	hyperbolic	0.12	306838,,
306839	0.0,1.0,2.0,3.0,4.0,5.0,6.0,7.0,8.0,9.0,10.0,11.0,12.0,13.0,14.0,15.0,16.0,17.0,18.0,19.0	-312.163567336422,-144.25703714993682,-61.710593985787455,19.43485166957464,53.495828486216226,99.69368267361511,124.83788756981465,189.90147442632218,215.26980241255654,223.21289000871536,231.63927834846612,244.1759579786539,258.2695666467622,239.4211073895358,292.587435146394,296.510089289786,270.51611044652964,295.57798244986475,287.727289667323,282.04366635741104	hyperbolic	0.12	306839,,
306840	0.0,1.0,2.0,3.0,4.0,5.0,6.0,7.0,8.0,9.0,10.0,11.0,12.0,13.0,14.0,15.0,16.0,17.0,18.0,19.0	-699.9888472560602,-730.8433041501802,-695.5862709313125,-658.0833968976118,-680.4597911731036,-491.4539944003061,-348.71157877851135,-216.44761807520257,-170.02145795265574,-91.55364935466844,-121.36645145769432,-18.72777392313651,8.445812729129443,-51.96797997968747,44.58680004586631,39.32561771680889,3.090757625988317,41.10675481796022,18.416667646479254,41.649508438863336	hyperbolic	0.12	306840,,
306841	0.0,1.0,2.0,3.0,4.0,5.0,6.0,7.0,8.0,9.0,10.0,11.0,12.0,13.0,14.0,15.0,16.0,17.0,18.0,19.0	2.1890425631099646,10.74936026734115,73.11624151109817,110.9551926554019,124.33510838960775,159.19348630233472,162.77544979226184,186.12576561185912,210.92042358018327,201.44348728756796,219.92823469305975,216.69292174225703,222.70820949748511,237.40995383947362,231.11946081071355,243.28672095413725,254.80988921371716,265.26226908848105,256.4294925155449,247.65551689642362	hyperbolic	0.12	306841,,
306842	0.0,1.0,2.0,3.0,4.0,5.0,6.0,7.0,8.0,9.0,10.0,11.0,12.0,13.0,14.0,15.0,16.0,17.0,18.0,19.0	261.48456159559373,279.7891077513391,608.678591648358,767.4224750112024,842.0151551998542,871.4918558069573,914.1875689667951,949.1388913259179,996.8372560442631,987.5230864178371,997.7140748432073,1002.2334083301588,999.0200296372067,1016.3017439147685,1056.8371248561555,1070.084527607518,1043.7732223539,1023.0818322977511,1070.4269598230417,1033.1995882238662	hyperbolic	0.12	306842,,
306843	0.0,1.0,2.0,3.0,4.0,5.0,6.0,7.0,8.0,9.0,10.0,11.0,12.0,13.0,14.0,15.0,16.0,17.0,18.0,19.0	-308.69273529403847,-50.08552379994791,11.531114423659972,34.16910068733546,32.68908736955939,35.807210635957176,58.51899154902651,59.78256663746066,63.78004649369353,70.4312469050812,67.07137776733612,67.94538327595808,61.52049678730992,61.59555761720799,69.32877310939074,81.46360996311364,71.27004633262436,62.14718392726542,81.50161909967278,76.29582012159432	hyperbolic	0.12	306843,,
306844	0.0,1.0,2.0,3.0,4.0,5.0,6.0,7.0,8.0,9.0,10.0,11.0,12.0,13.0,14.0,15.0,16.0,17.0,18.0,19.0	371.0018883909004,363.70864840637927,357.4945018550257,541.1941167393068,663.8964595077812,745.2818444467871,784.8120990985454,798.5090482440469,884.8948105394272,918.8322232948192,920.4126206649798,934.0929252650092,963.8108608849509,992.1385328825104,982.2363151612828,988.535306977157,1025.1735474658485,987.4458790979315,993.2660963724186,1024.8201832327945	hyperbolic	0.12	306844,,
306845	0.0,1.0,2.0,3.0,4.0,5.0,6.0,7.0,8.0,9.0,10.0,11.0,12.0,13.0,14.0,15.0,16.0,17.0,18.0,19.0	-4.9565897162074375,-16.524896436738683,32.2705557194588,86.69678548553165,102.39190941356794,136.42268151764472,148.89346401541314,159.91869904361533,195.3810875519354,206.22271526799568,211.74966114966406,240.4480322203571,239.01701306731934,249.6112429904118,254.2775325641768,288.2624957605453,295.86715378791314,295.8499256280047,287.7816449205256,301.1304828145367	hyperbolic	0.12	306845,,
306846	0.0,1.0,2.0,3.0,4.0,5.0,6.0,7.0,8.0,9.0,10.0,11.0,12.0,13.0,14.0,15.0,16.0,17.0,18.0,19.0	684.9498748762857,674.4037584813107,644.7492968505371,674.1283397223849,639.3439154209298,811.4978000323986,929.4152869788836,980.142240364831,1057.9932278583613,1087.7691564914567,1084.5298555389236,1115.8188335417608,1145.2863255121629,1167.2422276825346,1199.0880595496378,1274.1685882192198,1260.5916077260508,1281.7926461535094,1320.4645198237085,1270.4177435865865	hyperbolic	0.12	306846,,
306847	0.0,1.0,2.0,3.0,4.0,5.0,6.0,7.0,8.0,9.0,10.0,11.0,12.0,13.0,14.0,15.0,16.0,17.0,18.0,19.0	-469.0651580229566,-450.73009070987877,-407.56424873490516,-292.8195455496367,-286.35034319053955,-206.51021728103268,-153.8703370355288,-122.65161999291968,-124.1677992755022,-71.61818579249444,-40.264384405622366,-44.20597895228343,-10.599408128008179,0.7035633135502621,29.30469818913292,26.17527586209951,28.701102829969273,47.80918373939039,67.19954610659698,78.00246532382823	hyperbolic	0.12	306847,,
306848	0.0,1.0,2.0,3.0,4.0,5.0,6.0,7.0,8.0,9.0,10.0,11.0,12.0,13.0,14.0,15.0,16.0,17.0,18.0,19.0	184.18401410209344,219.8156204555941,249.89575650759207,263.57800715255473,288.4936807650564,291.1298211133005,305.78457138941246,324.1129444845924,326.0947302033089,328.58801328072855,335.34258830769335,334.1334687669222,341.98511242688846,353.4949992682631,347.61161366474215,354.4031155759694,360.1548406933907,367.2922249314636,366.2556117898489,366.89340869826566	hyperbolic	0.12	306848,,
306849	0.0,1.0,2.0,3.0,4.0,5.0,6.0,7.0,8.0,9.0,10.0,11.0,12.0,13.0,14.0,15.0,16.0,17.0,18.0,19.0	-6.619097716791034,-5.234395434372728,83.9341820664851,98.65379832164184,107.27705217135674,114.00824973170032,113.92546767619186,111.28323147743481,113.80151529390245,117.443821617971,116.6235159377432,118.88809571042361,113.84272497666745,113.9038334280041,119.04099724732778,114.74305777825322,115.00141864745595,118.06800704707526,116.06440843674338,117.06453322539716	hyperbolic	0.12	306849,,
306850	0.0,1.0,2.0,3.0,4.0,5.0,6.0,7.0,8.0,9.0,10.0,11.0,12.0,13.0,14.0,15.0,16.0,17.0,18.0,19.0	425.14306412438486,404.8895020020507,417.30377705918005,401.90069797045487,714.6535940095182,775.9134119390089,800.5075831248628,844.7310711244171,835.276974246362,890.2652870768918,882.8303345729973,886.6142159975648,868.591803299935,881.9481944947582,876.3457931447728,888.7391804845995,902.4864703018305,881.2094020614051,914.8428517172576,918.5572620205974	hyperbolic	0.12	306850,,
306851	0.0,1.0,2.0,3.0,4.0,5.0,6.0,7.0,8.0,9.0,10.0,11.0,12.0,13.0,14.0,15.0,16.0,17.0,18.0,19.0	77.5773554713895,69.16877458792135,70.27527525427584,187.44805107814068,248.38857059853157,324.1840492994237,345.6608941842607,369.7589918018343,395.43863821890636,394.2770653688839,424.1223228323392,445.25205048158585,425.18201119884304,435.1610287677467,471.9881330081683,460.08259061021096,485.2802109190829,468.2666577505694,481.8503445733631,493.41787816062896	hyperbolic	0.12	306851,,
306852	0.0,1.0,2.0,3.0,4.0,5.0,6.0,7.0,8.0,9.0,10.0,11.0,12.0,13.0,14.0,15.0,16.0,17.0,18.0,19.0	752.3181340388946,653.1710537290866,708.3616696198446,663.954145413454,736.8476026788678,1419.1741192928648,1449.8154289897805,1443.0859836603404,1448.5382776917518,1510.9907836995314,1513.364221939005,1464.976975798108,1471.1515184398081,1490.892912945867,1492.366067846271,1524.333287192251,1520.2577942142882,1536.5820572848793,1486.6654616914936,1512.3280362687815	hyperbolic	0.12	306852,,
306853	0.0,1.0,2.0,3.0,4.0,5.0,6.0,7.0,8.0,9.0,10.0,11.0,12.0,13.0,14.0,15.0,16.0,17.0,18.0,19.0	-7.8637751033688605,-13.65325418301242,-9.181960056456356,-3.96272163298382,30.75907538167381,45.672419197345356,71.85840991295758,101.17691904481049,106.71328119951406,128.27134316595334,134.83324655392065,145.19047109337643,161.5866777233842,172.17608902389725,184.6665979164897,185.31945603914278,184.99312717906963,185.9133784898565,201.42784344125585,204.8759733736227	hyperbolic	0.12	306853,,
306854	0.0,1.0,2.0,3.0,4.0,5.0,6.0,7.0,8.0,9.0,10.0,11.0,12.0,13.0,14.0,15.0,16.0,17.0,18.0,19.0	-216.4264770491346,-236.17628240102744,-224.09056565340643,-214.52415319633343,-187.52277000666842,-163.7497323171032,-144.10730034258123,-102.25765921671265,-94.95908418467857,-75.96038177678136,-66.94512952258381,-50.00275724833105,-50.251291604560066,-16.12732730128036,-25.807400714610623,-4.009631314249674,-12.889849847780738,-1.3334855502739913,10.140325147227884,15.722965308726344	hyperbolic	0.12	306854,,
306855	0.0,1.0,2.0,3.0,4.0,5.0,6.0,7.0,8.0,9.0,10.0,11.0,12.0,13.0,14.0,15.0,16.0,17.0,18.0,19.0	153.72584988235263,158.73161828188614,168.36741259083186,168.2218065947499,253.09503158668247,275.9379419786404,307.0540339477816,353.6280755546642,378.9416215925379,365.6479866827397,388.41567660709103,402.10005572347865,420.57320069439834,432.7671023715342,424.8903357963601,441.365624965972,425.8947450064985,429.712846801199,448.52539483149053,448.30779720116664	hyperbolic	0.12	306855,,
306856	0.0,1.0,2.0,3.0,4.0,5.0,6.0,7.0,8.0,9.0,10.0,11.0,12.0,13.0,14.0,15.0,16.0,17.0,18.0,19.0	-147.18495596388874,-158.6199779382329,-138.97562909679073,-102.73251899629867,-63.514638968361325,-24.878231749467233,-13.595292617036733,26.908777547932317,38.42392833306823,58.49287516385169,64.27055655173098,76.19511138481451,96.29051290368955,102.25303774571933,110.35838603639547,141.77173379111105,136.55141055759768,143.51984236638717,144.9387510178066,136.9951462615267	hyperbolic	0.12	306856,,
306857	0.0,1.0,2.0,3.0,4.0,5.0,6.0,7.0,8.0,9.0,10.0,11.0,12.0,13.0,14.0,15.0,16.0,17.0,18.0,19.0	-72.31352706784293,444.7908334703385,491.2445782221747,539.0277225168094,513.4600972439092,539.041336564399,544.6101695056659,525.8646209866929,552.810092188414,542.4909782883077,568.6195857522515,552.1062245676683,570.7590803755057,568.51244351422,576.9548037593319,540.7521628164151,551.7656318495538,540.9174402615963,559.1856804875072,558.229376693523	hyperbolic	0.12	306857,,
306858	0.0,1.0,2.0,3.0,4.0,5.0,6.0,7.0,8.0,9.0,10.0,11.0,12.0,13.0,14.0,15.0,16.0,17.0,18.0,19.0	48.939191405616036,65.86982516457843,133.06360229723984,179.38172224077402,250.79079962505844,250.5469710538333,302.54479753151344,314.8510406570479,372.67648517369344,382.50172478682293,416.6243398812592,426.5345617939165,449.5652770004994,430.928061963022,463.5997741504756,470.6678322452065,464.6806609618517,508.0609438761946,514.3578768188623,517.9037777805412	hyperbolic	0.12	306858,,
306859	0.0,1.0,2.0,3.0,4.0,5.0,6.0,7.0,8.0,9.0,10.0,11.0,12.0,13.0,14.0,15.0,16.0,17.0,18.0,19.0	-20.49427753337691,9.233891754184164,-32.87258710144815,613.3309429095544,744.7173222761546,787.3784785753695,844.6321661188351,905.0885819781595,840.8828388458728,876.865735974965,877.0134553994444,889.8666641736448,943.9736692040618,898.7748989838936,912.6424548156645,908.1222995785715,951.6648362697545,929.4173732267313,889.7701971471869,915.1645565299185	hyperbolic	0.12	306859,,
306860	0.0,1.0,2.0,3.0,4.0,5.0,6.0,7.0,8.0,9.0,10.0,11.0,12.0,13.0,14.0,15.0,16.0,17.0,18.0,19.0	414.92156715060776,410.8916819693169,356.85165631681275,382.6278035673282,470.065351083659,535.3882677329944,617.8737981065295,653.0489920782768,704.0959326106322,746.1161405074852,761.6369290451084,811.8447334144032,843.8477481672703,845.9403321913783,853.8133104962635,897.2476253382815,951.4029815792851,928.0200553411971,932.4673401575718,993.3816798343425	hyperbolic	0.12	306860,,
306861	0.0,1.0,2.0,3.0,4.0,5.0,6.0,7.0,8.0,9.0,10.0,11.0,12.0,13.0,14.0,15.0,16.0,17.0,18.0,19.0	-85.21655861114102,-96.5409809845781,-83.96641739385645,-52.055789712010224,-44.71658878076265,-9.61526029677519,8.201441078123509,25.950760749800764,29.827737013789687,49.341064563985356,49.00430683342887,58.54889190849117,61.59812165369435,74.11325040596233,83.68268953606133,87.76233214262328,96.78456787905102,86.55561899080976,107.52856646302624,104.06990042072623	hyperbolic	0.12	306861,,
306862	0.0,1.0,2.0,3.0,4.0,5.0,6.0,7.0,8.0,9.0,10.0,11.0,12.0,13.0,14.0,15.0,16.0,17.0,18.0,19.0	238.1619350894549,246.925619516487,295.3410289666611,349.10105834464025,381.42338948286,390.06762741717125,416.6143515492348,444.14197638771816,464.9441303770783,460.98414359828723,498.48416364160596,487.18793285745977,492.24725679112964,515.5136513855753,512.2101259548415,529.9873399604173,546.5680143017598,539.5561756576308,543.0047122886355,551.8581267961137	hyperbolic	0.12	306862,,
306863	0.0,1.0,2.0,3.0,4.0,5.0,6.0,7.0,8.0,9.0,10.0,11.0,12.0,13.0,14.0,15.0,16.0,17.0,18.0,19.0	-27.586069126992925,-44.04109805275586,29.398790122619488,49.04556083602204,96.15318611627136,108.09712128712194,148.60323089894462,161.261527513084,181.07836740564068,192.2251635961128,209.7573452152535,220.9496941392174,218.38336579687467,236.15096034814525,257.5445922955391,260.50483783548293,261.69353916683417,280.55885931308427,273.11159905535044,277.4210336469633	hyperbolic	0.12	306863,,
306864	0.0,1.0,2.0,3.0,4.0,5.0,6.0,7.0,8.0,9.0,10.0,11.0,12.0,13.0,14.0,15.0,16.0,17.0,18.0,19.0	190.8867031022067,191.42529709439248,192.9161849518541,334.03392035841216,385.6563525374707,397.4362939095578,422.9767227378931,445.7827235276533,445.22824548396085,467.0781344233952,447.0615658598107,470.6816036632572,474.05674424156445,461.72392571115233,460.1676585765997,479.8022897838363,468.59988911309495,492.4165465748285,468.68741022478775,474.4365577948008	hyperbolic	0.12	306864,,
306865	0.0,1.0,2.0,3.0,4.0,5.0,6.0,7.0,8.0,9.0,10.0,11.0,12.0,13.0,14.0,15.0,16.0,17.0,18.0,19.0	-506.16035465717613,-510.19447263890396,-503.7151708221702,-488.2116498472172,-438.14410774528085,-335.16403952004157,-297.49514405091827,-211.89199978301133,-178.65753021529213,-124.39210921694075,-146.8574386084747,-119.43548913219831,-79.1110712175269,-73.69339439952097,-27.133471750936394,-2.813379056531005,3.1102707355100847,41.71793539731328,40.39045964058374,46.22480484990729	hyperbolic	0.12	306865,,
306866	0.0,1.0,2.0,3.0,4.0,5.0,6.0,7.0,8.0,9.0,10.0,11.0,12.0,13.0,14.0,15.0,16.0,17.0,18.0,19.0	529.3593557480916,655.0749855522126,749.378198511336,830.9794807368648,868.579422591552,940.5932371004576,955.2285087334312,1034.761399804344,1049.3921211160782,1037.4264364454395,1062.1376141528556,1093.880663357986,1120.1076640362621,1137.8374436594631,1152.7219522745936,1147.0278552447078,1193.0098415294406,1190.2950386255275,1185.577885478345,1194.200560389915	hyperbolic	0.12	306866,,
306867	0.0,1.0,2.0,3.0,4.0,5.0,6.0,7.0,8.0,9.0,10.0,11.0,12.0,13.0,14.0,15.0,16.0,17.0,18.0,19.0	-158.41849963778395,-105.66678801728563,-70.46993636528977,-36.59864267913021,-26.332308286733593,-15.475557203530286,-0.3000739438111282,0.9558116634167106,3.673022824087326,8.403427963737073,11.760739452105724,29.629815568989613,20.872437638484143,22.74545541982627,35.72890056579038,26.905333975122346,37.52183375859266,34.58852246519177,43.38042894606065,35.07808455881187	hyperbolic	0.12	306867,,
306868	0.0,1.0,2.0,3.0,4.0,5.0,6.0,7.0,8.0,9.0,10.0,11.0,12.0,13.0,14.0,15.0,16.0,17.0,18.0,19.0	48.35680754904038,25.934752981329986,29.487061623550517,37.958975192912014,35.79805088194072,175.53123085910076,227.12127239423495,251.92074307374338,252.73417827394564,256.24523029724196,278.33722552981055,256.9171132533913,277.1369524822594,267.29253602044736,285.9166712053732,298.6405397653355,271.02038103936104,278.50742924400396,285.3196318886991,279.9317722402734	hyperbolic	0.12	306868,,
306869	0.0,1.0,2.0,3.0,4.0,5.0,6.0,7.0,8.0,9.0,10.0,11.0,12.0,13.0,14.0,15.0,16.0,17.0,18.0,19.0	-146.02838952612504,-161.7036473173788,-153.25655580262472,-154.64630510296791,-128.51373449148917,-108.35562672277257,-100.15273551552963,-82.06543990769676,-68.5256934786852,-45.361910043605505,-49.448946670075415,-41.34492620730023,-22.095194884110896,-13.80441923708733,-17.323764197123126,-7.905867560467442,-10.96648717549229,7.602220979893161,-2.7010708287493514,11.734508015422307	hyperbolic	0.12	306869,,
306870	0.0,1.0,2.0,3.0,4.0,5.0,6.0,7.0,8.0,9.0,10.0,11.0,12.0,13.0,14.0,15.0,16.0,17.0,18.0,19.0	395.9603966487022,376.6317348482268,611.3678682500008,696.1206844993271,729.2687853309492,721.3974343399128,732.9745312421669,742.462584122683,750.4883451446882,761.9690235626949,771.7754384885941,759.1442749134721,781.4784099937149,775.6095469802447,763.2676785691154,783.5710620101135,785.3515023198458,769.048690332435,785.0172645935319,788.663908523607	hyperbolic	0.12	306870,,
306871	0.0,1.0,2.0,3.0,4.0,5.0,6.0,7.0,8.0,9.0,10.0,11.0,12.0,13.0,14.0,15.0,16.0,17.0,18.0,19.0	-677.4680765028685,-691.1268268356425,-411.4295094337155,-224.44802452070832,-184.97866361823515,-48.644839207426116,-14.714310235594326,-12.088682532003645,67.52412341787192,32.08070310365781,118.1992557570203,130.10664797501624,88.13391926673467,171.1560491737107,169.98730709067547,160.42630247229317,125.2914999837028,149.950266578379,168.42235827145646,217.68946769232048	hyperbolic	0.12	306871,,
306872	0.0,1.0,2.0,3.0,4.0,5.0,6.0,7.0,8.0,9.0,10.0,11.0,12.0,13.0,14.0,15.0,16.0,17.0,18.0,19.0	-290.8337064059925,-308.2281598332747,-328.2666076119774,-333.66812549622307,-295.9859367913944,-189.06059615215554,-102.65408427401704,1.2153418141616612,-6.591171487428596,64.53674950529398,108.12889456454371,135.86688270470154,150.95569715577102,161.36931153500603,228.00360968408512,184.16027860546012,237.84533095479617,252.3584588524987,282.51752717116176,297.77576987591556	hyperbolic	0.12	306872,,
306873	0.0,1.0,2.0,3.0,4.0,5.0,6.0,7.0,8.0,9.0,10.0,11.0,12.0,13.0,14.0,15.0,16.0,17.0,18.0,19.0	585.6025381743109,806.8359000855694,936.5256043707741,1019.6358933142869,1086.2482044453627,1108.7836850256003,1165.1403665433222,1200.0326278126345,1185.9155832248741,1201.2683402481782,1216.1519367226917,1236.7718425595003,1248.831859983113,1285.311839434372,1296.2038327830685,1279.8360715384365,1279.9219999238016,1283.6363315976641,1293.3246505153697,1296.165344721674	hyperbolic	0.12	306873,,
306874	0.0,1.0,2.0,3.0,4.0,5.0,6.0,7.0,8.0,9.0,10.0,11.0,12.0,13.0,14.0,15.0,16.0,17.0,18.0,19.0	-384.351429621273,-382.7581222473546,-377.5458355142583,-355.0853182488506,-320.7981753339819,-257.43492243073825,-221.45921513788545,-179.57101622582192,-156.09491145251022,-110.70623763219191,-95.02064478988814,-88.72327898162064,-72.0853967007568,-24.805571731156363,-29.83709022489552,-8.435734307232622,-0.1246766441608429,7.369895854604977,28.398752915147384,44.30466895315368	hyperbolic	0.12	306874,,
306875	0.0,1.0,2.0,3.0,4.0,5.0,6.0,7.0,8.0,9.0,10.0,11.0,12.0,13.0,14.0,15.0,16.0,17.0,18.0,19.0	-621.1195665460864,-584.4506035995806,-373.5439468497982,-283.1102364814379,-205.01289743367414,-129.16050289956968,-77.49111344174912,11.211688634792495,43.54463125218774,71.19489541684402,57.60803024885399,60.244414837593695,110.8066841389691,114.14633537009968,179.40056684705098,177.66662326029962,143.27607963398032,166.47747089480356,178.39500308703418,182.3294801898528	hyperbolic	0.12	306875,,
306876	0.0,1.0,2.0,3.0,4.0,5.0,6.0,7.0,8.0,9.0,10.0,11.0,12.0,13.0,14.0,15.0,16.0,17.0,18.0,19.0	-203.5846338397268,-204.36154613476958,-117.28771918745284,-47.719482419256224,-27.84633099741623,13.000957502805932,44.25185371784434,64.58456460021978,110.43369199799147,130.35323516654472,124.19885578126645,150.94223733376532,180.80335889659173,176.02188600446317,187.63311715388596,218.31841115875568,190.25546241935226,220.20747719940843,239.92955110292755,239.52944913379986	hyperbolic	0.12	306876,,
306877	0.0,1.0,2.0,3.0,4.0,5.0,6.0,7.0,8.0,9.0,10.0,11.0,12.0,13.0,14.0,15.0,16.0,17.0,18.0,19.0	-47.64229805061799,-45.78099182630815,-43.418324696457255,-37.1006048499209,196.4665242297314,225.6155356332069,235.4372199320017,245.10226212636607,237.19607368753634,228.81015365436147,224.28341049102832,236.2324453162227,241.52120072751478,241.33488890383262,253.6338593094633,244.98777349552734,247.2236742184955,230.45503230758783,240.03574485647243,253.61058590922363	hyperbolic	0.12	306877,,
306878	0.0,1.0,2.0,3.0,4.0,5.0,6.0,7.0,8.0,9.0,10.0,11.0,12.0,13.0,14.0,15.0,16.0,17.0,18.0,19.0	-238.74750645097757,-256.63400614397403,-216.24618457212986,20.46614651377746,90.20615263277259,138.07902155504857,166.7711433264847,168.87155435277379,222.24191748719625,223.90138139852735,201.8578953043692,232.59311065789407,254.77397520561556,230.39664542395974,224.09376209187468,232.11160494054394,258.8478070348317,266.7093955088758,267.91277809493135,244.18193002724882	hyperbolic	0.12	306878,,
306879	0.0,1.0,2.0,3.0,4.0,5.0,6.0,7.0,8.0,9.0,10.0,11.0,12.0,13.0,14.0,15.0,16.0,17.0,18.0,19.0	448.6355663174177,436.6242660496127,412.75988473953424,511.5778460405398,611.8146036172458,698.9381116159354,804.1463122934222,852.5698893828999,878.7927458701956,880.1876266339814,947.0212858796762,945.5414075472765,988.8862831095128,984.5088032972862,993.267789093439,1052.1047525054194,1055.5313200537396,1039.8722488131689,1076.295251226436,1100.3227674516986	hyperbolic	0.12	306879,,
306880	0.0,1.0,2.0,3.0,4.0,5.0,6.0,7.0,8.0,9.0,10.0,11.0,12.0,13.0,14.0,15.0,16.0,17.0,18.0,19.0	-2.259499275029758,-1.6409373694002198,-3.161018211240066,15.351594239000471,25.814629879895723,41.15886781815847,45.41192821208563,47.995592453498915,56.168783208500166,62.58610059775683,67.4243861625391,71.08578566568879,68.45597104376048,69.32356471926177,72.03280277848674,79.27762436328638,78.33339634740112,82.27649518480159,79.10726499057213,77.26880810049889	hyperbolic	0.12	306880,,
306881	0.0,1.0,2.0,3.0,4.0,5.0,6.0,7.0,8.0,9.0,10.0,11.0,12.0,13.0,14.0,15.0,16.0,17.0,18.0,19.0	-551.1553283643418,-542.7933957418684,-524.275826257124,-409.9107569119615,-328.74695225784046,-300.36066031742087,-224.06390877346428,-208.6430794530109,-156.65723576558202,-139.4100582324295,-111.4342459343456,-85.21824827984716,-52.741754465965585,-41.06538882102086,-0.5492959558466737,-26.428484546167624,13.279066254523855,39.601186649174906,10.778401498025687,50.2736941529929	hyperbolic	0.12	306881,,
306882	0.0,1.0,2.0,3.0,4.0,5.0,6.0,7.0,8.0,9.0,10.0,11.0,12.0,13.0,14.0,15.0,16.0,17.0,18.0,19.0	445.93253866300967,610.9351310743357,666.4857917361941,762.7807632139783,816.0578364205478,844.2476395431324,846.9465113142014,883.521493816677,920.2857582750777,923.1337572755774,942.281373375037,963.3866504735372,951.3286982803963,972.6885055664757,966.877991574834,975.5714981581534,998.6617715197112,1002.8851493860791,1002.1128891296297,997.8411791725493	hyperbolic	0.12	306882,,
306883	0.0,1.0,2.0,3.0,4.0,5.0,6.0,7.0,8.0,9.0,10.0,11.0,12.0,13.0,14.0,15.0,16.0,17.0,18.0,19.0	648.6093106753103,647.1951690625516,651.135205774191,654.1606345889105,797.8984314472918,930.1915214805738,1011.6832021856283,1042.3743614907062,1088.2036056531942,1200.782540154856,1195.3593832844565,1257.125651690414,1235.863375195156,1302.1039047904628,1261.7645883356588,1301.6670143637625,1310.248599460627,1314.4250952391735,1376.394021495731,1343.7793153863508	hyperbolic	0.12	306883,,
306884	0.0,1.0,2.0,3.0,4.0,5.0,6.0,7.0,8.0,9.0,10.0,11.0,12.0,13.0,14.0,15.0,16.0,17.0,18.0,19.0	252.14856972295124,297.7898405341035,324.735258817087,348.6827988757623,374.44580823081424,401.9783980679474,439.505097964705,443.46888951432686,471.52782183908846,482.73257617668526,488.4499547582674,490.11519473900967,506.6596420247524,513.7805367845767,531.0774145720587,545.4155612213827,545.1424584352683,561.3765539249284,545.4173129234531,555.4148168237354	hyperbolic	0.12	306884,,
306885	0.0,1.0,2.0,3.0,4.0,5.0,6.0,7.0,8.0,9.0,10.0,11.0,12.0,13.0,14.0,15.0,16.0,17.0,18.0,19.0	159.69666502550464,170.37350242866185,170.65357970474966,203.59112566871954,228.91848592662708,260.84932562028894,264.8410980478732,286.2114046417304,297.6958532319536,308.45411924801886,320.9619975923297,317.4993462631441,323.58330174912413,327.81231478215597,328.47778249855094,350.8585490606297,348.98260355436946,354.4350010929202,357.6552711403177,353.8369082872585	hyperbolic	0.12	306885,,
306886	0.0,1.0,2.0,3.0,4.0,5.0,6.0,7.0,8.0,9.0,10.0,11.0,12.0,13.0,14.0,15.0,16.0,17.0,18.0,19.0	-83.14561896101701,99.1783850522607,158.86996293250155,213.4710339450197,213.00151700956707,247.45801923627258,246.67651738831984,261.991647584582,255.97846009925897,254.39150075728202,253.93391500978845,269.2647073400501,257.3134861012484,284.60925628930704,273.60930259795646,266.0723021893066,278.49546395013743,286.86836969280023,282.96147066604783,280.801062915637	hyperbolic	0.12	306886,,
306887	0.0,1.0,2.0,3.0,4.0,5.0,6.0,7.0,8.0,9.0,10.0,11.0,12.0,13.0,14.0,15.0,16.0,17.0,18.0,19.0	-187.22206663322203,-123.1045290678926,-78.72552369983488,-47.61401970036226,-13.708196089711123,5.948007915541922,35.26476353360624,69.81755459879125,86.94355881761729,89.24105863023635,99.77063573013086,103.5376232996976,139.77786385212912,145.3326800496273,164.40863665808257,176.47874601846146,185.75780265631144,182.9854131527757,177.07185448016162,178.1408117059372	hyperbolic	0.12	306887,,
306888	0.0,1.0,2.0,3.0,4.0,5.0,6.0,7.0,8.0,9.0,10.0,11.0,12.0,13.0,14.0,15.0,16.0,17.0,18.0,19.0	-0.5155846551418861,21.68811578857358,30.75677690647274,277.3748119583424,354.1283408590862,388.6119532858646,419.8963816157667,444.62603647372794,444.43672247308285,440.9389421287436,461.2481956159428,472.0980593571333,450.57114700076636,480.8731667547005,502.4675627929903,502.4459616249011,514.1852542673088,491.28870946632844,483.79337236532103,470.05888455687204	hyperbolic	0.12	306888,,
306889	0.0,1.0,2.0,3.0,4.0,5.0,6.0,7.0,8.0,9.0,10.0,11.0,12.0,13.0,14.0,15.0,16.0,17.0,18.0,19.0	-52.2494792519216,-31.836516949012083,-26.20596316248413,-13.664296630590364,-8.337301862640999,-1.2052050915461407,4.15996460180542,8.994917488920429,9.079148139180127,14.94820360087543,16.005298449214017,22.97665579827177,21.97136438833123,21.61631521491826,22.652662347633246,28.885791388240605,26.265218823330876,30.88711351426317,29.49146662519047,29.768232839451834	hyperbolic	0.12	306889,,
306890	0.0,1.0,2.0,3.0,4.0,5.0,6.0,7.0,8.0,9.0,10.0,11.0,12.0,13.0,14.0,15.0,16.0,17.0,18.0,19.0	291.4561145337023,294.82381762181507,301.30629883259667,312.410313262888,320.5542630714892,374.6464493228188,425.0884267406592,477.01170048552564,499.05626805507126,543.4953779207503,570.8548286396373,562.7986721753496,594.3447423813645,609.2071530962486,591.0679511273336,598.4261348850596,610.7467756409001,649.5886355559437,653.1191359618201,636.7198006163749	hyperbolic	0.12	306890,,
306891	0.0,1.0,2.0,3.0,4.0,5.0,6.0,7.0,8.0,9.0,10.0,11.0,12.0,13.0,14.0,15.0,16.0,17.0,18.0,19.0	-4.980369642776878,95.95999555511,177.55118448534145,234.0737420086514,253.43275188280282,289.88142902132097,322.7426612856275,357.5964783656542,389.41087085570007,411.83692095104533,433.90821763363437,441.3038370435305,453.1389229327963,473.6830620140251,508.23491807536726,526.3580829295422,499.09399606366475,515.812027860732,558.9275979725027,540.1547332798609	hyperbolic	0.12	306891,,
306892	0.0,1.0,2.0,3.0,4.0,5.0,6.0,7.0,8.0,9.0,10.0,11.0,12.0,13.0,14.0,15.0,16.0,17.0,18.0,19.0	-37.78796626972531,-36.20650269663286,-39.14966083684886,-38.853012639150336,-6.965009942228161,-2.310737377115018,21.078058929761397,27.051679935876727,29.4291980750097,41.087781514222456,41.78366680727443,47.0455520942769,56.55363483283216,53.995219892674726,62.680037004885904,60.19105268060407,63.404608242658796,69.97283156952923,74.08769293428,73.5344186849104	hyperbolic	0.12	306892,,
306893	0.0,1.0,2.0,3.0,4.0,5.0,6.0,7.0,8.0,9.0,10.0,11.0,12.0,13.0,14.0,15.0,16.0,17.0,18.0,19.0	-68.94809590023027,-57.694852571075515,78.17915791531459,148.77013244376286,190.72564951937198,222.96012018215586,233.97262557540424,279.9860626897595,289.9231960429222,288.28107573537744,302.05001554545345,310.97780453044555,317.027083703175,308.78516685512125,322.15341613017415,295.28287883018123,332.0413346942001,313.7642239109846,319.02867689053096,310.7172723138254	hyperbolic	0.12	306893,,
306894	0.0,1.0,2.0,3.0,4.0,5.0,6.0,7.0,8.0,9.0,10.0,11.0,12.0,13.0,14.0,15.0,16.0,17.0,18.0,19.0	434.0453483669557,458.4449616888218,418.4839968071489,477.404091776729,585.2824574706596,693.9195404907011,756.7812685505319,837.3077627490438,841.702419775257,899.7853637880294,919.7862804341243,991.9954118929444,981.16874062582,1025.6190544630294,1023.9494993523595,1035.1079235998964,1032.5412212702217,1047.9923334087282,1079.4435143740332,1036.9607056664815	hyperbolic	0.12	306894,,
306895	0.0,1.0,2.0,3.0,4.0,5.0,6.0,7.0,8.0,9.0,10.0,11.0,12.0,13.0,14.0,15.0,16.0,17.0,18.0,19.0	94.51108466747749,99.56438932462088,92.4995724236683,104.40221777462966,154.2495776856362,192.21795805369288,211.24934771168947,223.731707497707,231.34399943109452,240.83159601990104,246.7891789979779,236.22254826283276,254.60650360145104,240.16893514135478,255.42659755153602,254.98245365304183,262.794881851705,264.5839656613359,264.70735117481433,253.35854726638445	hyperbolic	0.12	306895,,
306896	0.0,1.0,2.0,3.0,4.0,5.0,6.0,7.0,8.0,9.0,10.0,11.0,12.0,13.0,14.0,15.0,16.0,17.0,18.0,19.0	-190.64195700917787,-167.19302133916892,-142.3216444613161,-119.0849680191055,-76.07930721014291,-62.82994605179648,-46.71736455769215,-19.905709900365196,-26.360077781723618,0.2295221752022485,12.712138565057415,7.81344148348839,23.577013975022368,29.847545001693334,34.8077415482897,38.294726885690466,42.52136039979757,60.38877914179906,67.64232459570076,54.8359952325944	hyperbolic	0.12	306896,,
306897	0.0,1.0,2.0,3.0,4.0,5.0,6.0,7.0,8.0,9.0,10.0,11.0,12.0,13.0,14.0,15.0,16.0,17.0,18.0,19.0	526.4104226095425,521.6486560728883,499.8510786744497,497.51432291710813,587.0587055628869,659.9979535156957,725.8831900068664,765.901310118445,820.2179591622614,832.0907704176748,877.8582147609843,890.9018263745686,928.8308383695503,967.4908504018485,974.6290297866498,972.591837837369,1022.700739777129,1045.3229310111308,1026.0735363326758,1083.683926091481	hyperbolic	0.12	306897,,
306898	0.0,1.0,2.0,3.0,4.0,5.0,6.0,7.0,8.0,9.0,10.0,11.0,12.0,13.0,14.0,15.0,16.0,17.0,18.0,19.0	152.95569827294906,151.18619205779936,130.23988051711567,138.74088782714244,133.4384364031021,187.31074867084232,217.50810378968325,271.9845693598257,286.7070942253241,314.8753553034044,330.5993201780275,366.7525810775643,381.1895508767941,387.8815216646826,398.68558556100777,390.63256638420125,416.3484442563895,431.28672917475717,430.2114562149189,437.74074065315665	hyperbolic	0.12	306898,,
306899	0.0,1.0,2.0,3.0,4.0,5.0,6.0,7.0,8.0,9.0,10.0,11.0,12.0,13.0,14.0,15.0,16.0,17.0,18.0,19.0	396.61210838437404,376.7108291528304,499.04641585694145,638.7546823421269,688.0661960159898,795.8880405329769,823.232592750453,862.5041225269795,893.4463766183133,910.0356094985796,954.7372146484838,982.5897736415448,1000.2454026402952,989.290575406473,1061.8205444136847,1073.6580097876777,1067.4261253371155,1053.6732681665503,1058.1043631754183,1108.5927837796362	hyperbolic	0.12	306899,,
306900	0.0,1.0,2.0,3.0,4.0,5.0,6.0,7.0,8.0,9.0,10.0,11.0,12.0,13.0,14.0,15.0,16.0,17.0,18.0,19.0	-622.8467294596586,-554.0747960912443,-552.1175005001614,87.98919544231262,89.10968016064885,92.2620459669107,116.53752635637716,139.28084031354808,117.59436370905689,121.89890762994764,150.12168086760346,138.2013603687434,111.0779018933963,130.45946905632184,102.40223400966443,160.84328732261054,95.84166542378773,137.20328035023067,87.5925427888667,154.40538531275183	hyperbolic	0.12	306900,,
306901	0.0,1.0,2.0,3.0,4.0,5.0,6.0,7.0,8.0,9.0,10.0,11.0,12.0,13.0,14.0,15.0,16.0,17.0,18.0,19.0	-134.04434060151507,-131.0424372563835,-107.87054711740794,-94.18213090610055,-70.54967760747098,-56.873324677320184,-59.9462677796802,-48.559811453213044,-41.22427106077376,-32.36823520476602,-23.986893509526553,-17.754735218594035,-14.171345569569013,-13.454476067357234,2.2065142277918426,0.193143318572794,-2.8352628911104603,-1.2978438553035403,10.641131645941101,7.923210158798469	hyperbolic	0.12	306901,,
306902	0.0,1.0,2.0,3.0,4.0,5.0,6.0,7.0,8.0,9.0,10.0,11.0,12.0,13.0,14.0,15.0,16.0,17.0,18.0,19.0	38.72776350183594,55.06000263257073,64.01501401484802,78.14184843716171,81.77182868735865,94.73051504588335,104.2224753748528,105.91299851883466,114.31433416125148,120.83265206752837,119.70684216272832,126.26474921740855,137.15434206423242,139.48117287036646,136.12054533592627,143.29006359765296,143.87466371475352,142.3281140016013,153.39244365747447,146.62447944134388	hyperbolic	0.12	306902,,
306903	0.0,1.0,2.0,3.0,4.0,5.0,6.0,7.0,8.0,9.0,10.0,11.0,12.0,13.0,14.0,15.0,16.0,17.0,18.0,19.0	-592.3824374698842,-549.1624126462548,-627.0417917703619,-571.7766106533564,-523.4303997505689,-129.30984293344602,76.29246218617402,154.24831748359384,130.6966444344563,207.45512868220158,270.0575932076099,217.31157077720968,232.6171612953708,237.73547238996457,323.23481030631797,268.5571588974391,295.50543195544856,326.5878686112271,360.88452481798095,291.0930862243488	hyperbolic	0.12	306903,,
306904	0.0,1.0,2.0,3.0,4.0,5.0,6.0,7.0,8.0,9.0,10.0,11.0,12.0,13.0,14.0,15.0,16.0,17.0,18.0,19.0	258.0992400600603,252.95753392117055,311.38035512698895,336.0079906196434,373.79094747563863,413.90928091297246,429.91874472691336,469.3905699832669,464.7877317640914,503.07896097430626,494.53797503332515,527.417589767811,539.6487636385555,545.548571590871,562.5510635509279,555.8632675991112,557.1999101104935,581.1463823015363,590.4108627344832,575.3118082113563	hyperbolic	0.12	306904,,
306905	0.0,1.0,2.0,3.0,4.0,5.0,6.0,7.0,8.0,9.0,10.0,11.0,12.0,13.0,14.0,15.0,16.0,17.0,18.0,19.0	-217.45772115885458,-221.72267817534234,-206.9986355999757,-208.33651938848132,-53.15189624684305,-28.178812132176972,-0.6903748433832675,-5.489854054872666,-10.074111611456516,2.9061848644969643,2.8823329012688816,13.725099068328603,3.9426306042240356,11.069757052909011,15.782637962474752,19.104047766981807,13.888060960311947,23.27665457330008,22.922090807721844,9.818250722608099	hyperbolic	0.12	306905,,
306906	0.0,1.0,2.0,3.0,4.0,5.0,6.0,7.0,8.0,9.0,10.0,11.0,12.0,13.0,14.0,15.0,16.0,17.0,18.0,19.0	-261.47238814984024,-258.66763004242154,-286.27660104659986,-203.0277614450804,-117.56000479082067,-82.79037104994904,-41.55015807538601,-5.868870837894008,-2.153341766647941,29.24117580092644,84.2356292921645,90.14384193814266,106.31331484694027,110.10267899068316,111.42591012924368,121.29186741107645,163.19617784948178,151.05737487746205,142.1491118248856,168.82908402497748	hyperbolic	0.12	306906,,
306907	0.0,1.0,2.0,3.0,4.0,5.0,6.0,7.0,8.0,9.0,10.0,11.0,12.0,13.0,14.0,15.0,16.0,17.0,18.0,19.0	148.4289962235032,154.97188683223067,181.59358336982496,311.9618473588658,441.33249988173327,459.6908396829414,513.0580765011538,528.9287584176652,571.0504110810655,589.986593341878,580.8316490710806,600.2040022692081,608.2244974877407,592.2588570619051,589.4881177682585,631.8897422870152,597.1431765743973,636.9973377449179,620.6213756373115,616.2682052318796	hyperbolic	0.12	306907,,
306908	0.0,1.0,2.0,3.0,4.0,5.0,6.0,7.0,8.0,9.0,10.0,11.0,12.0,13.0,14.0,15.0,16.0,17.0,18.0,19.0	128.78533999925276,101.42532954465143,118.8688532212054,125.19070570531792,224.12523842739648,291.7871705792653,368.93253788586105,414.8700496604662,435.27952082723453,432.26114921922056,492.6113686835778,504.4868396685911,494.18256836387957,522.8817635051581,494.90511306827307,550.149993708583,528.9653718287645,551.0451553520995,554.8836907361587,543.1516033703663	hyperbolic	0.12	306908,,
306909	0.0,1.0,2.0,3.0,4.0,5.0,6.0,7.0,8.0,9.0,10.0,11.0,12.0,13.0,14.0,15.0,16.0,17.0,18.0,19.0	500.9548986432189,622.3856054019991,725.5313814912284,762.053875349879,832.5419173191905,892.9862875779313,895.4232298034822,965.1379447668024,972.2436936118875,997.2944977217724,1007.1977491819262,1012.5599605948398,1034.2331693691567,1085.6421286812779,1072.320300638156,1114.5969139871434,1083.2694204779323,1123.1132002053384,1150.3859218439734,1122.4866782674578	hyperbolic	0.12	306909,,
306910	0.0,1.0,2.0,3.0,4.0,5.0,6.0,7.0,8.0,9.0,10.0,11.0,12.0,13.0,14.0,15.0,16.0,17.0,18.0,19.0	31.934173902897683,51.800511067016394,49.35097196893832,55.8342321939518,64.41315343446398,148.06892838293894,231.90235200652944,273.89240269552226,351.27578866963046,403.92181632700533,458.42033095329595,517.8149111479388,557.7478199469738,548.2182883334716,588.0134239758668,573.3769336884426,645.8219489294715,631.9828023796997,649.839948713119,647.3012888966744	hyperbolic	0.12	306910,,
306911	0.0,1.0,2.0,3.0,4.0,5.0,6.0,7.0,8.0,9.0,10.0,11.0,12.0,13.0,14.0,15.0,16.0,17.0,18.0,19.0	150.39361371923533,150.4984688994791,147.33472407928932,162.04483424264265,165.7839160351988,196.56844253637638,225.96712557836307,249.8983483363544,277.2590832991764,300.8427809034042,324.29995526597907,335.7250132757668,332.42748900768345,356.2693361183418,358.0664542001431,365.8184875210686,364.48171724302216,361.96860783294494,368.89988791085057,371.8326863749547	hyperbolic	0.12	306911,,
306912	0.0,1.0,2.0,3.0,4.0,5.0,6.0,7.0,8.0,9.0,10.0,11.0,12.0,13.0,14.0,15.0,16.0,17.0,18.0,19.0	431.74628058295264,435.92236690340366,507.35300963213996,591.9230816480373,658.9810615253906,687.0567882627408,742.6297765036684,776.3049369689576,764.375364049146,791.2418896170996,833.5065208875894,867.122816439738,877.9598142122157,897.7967592012701,892.7663763648832,901.5911230028123,900.8856886674447,935.4249538056067,921.6457206881375,979.2341425066022	hyperbolic	0.12	306912,,
306913	0.0,1.0,2.0,3.0,4.0,5.0,6.0,7.0,8.0,9.0,10.0,11.0,12.0,13.0,14.0,15.0,16.0,17.0,18.0,19.0	42.02365827590561,44.84247774501248,41.98144486764773,45.478378599599424,89.33234423402283,123.87307218394852,168.81715772689415,174.5198997675255,196.21342610777845,227.2260438784768,219.28790208180018,246.92100769501263,234.3965847093688,250.2786611270899,267.76094581061477,262.68959764126424,259.41129949019387,282.91021978198853,275.0726045109939,277.97912114642537	hyperbolic	0.12	306913,,
306914	0.0,1.0,2.0,3.0,4.0,5.0,6.0,7.0,8.0,9.0,10.0,11.0,12.0,13.0,14.0,15.0,16.0,17.0,18.0,19.0	-277.23451182124694,-136.90048965858904,-75.54945102083477,-18.288323576636685,4.382405867348382,20.205859378260072,55.17652978927521,49.26994149738886,77.48074036908389,67.08872209518307,88.09993538432957,76.14183732206499,83.35000213689557,83.2837455476963,106.18285915134851,118.10339519626632,95.22655792560153,115.272648888351,125.38868797634035,125.04152381735872	hyperbolic	0.12	306914,,
306915	0.0,1.0,2.0,3.0,4.0,5.0,6.0,7.0,8.0,9.0,10.0,11.0,12.0,13.0,14.0,15.0,16.0,17.0,18.0,19.0	-267.1850367688043,-276.70884904297486,-281.03952530528545,-261.15662236230764,-193.30751715058017,-116.11777347121512,-98.17624286804906,-45.85763429441633,-57.66445869787131,-40.29840179628246,-19.250518379550527,-4.143701239027621,-9.462014377484024,10.574565739469278,2.046644803541085,23.249748392670085,38.50790882647357,41.33898391533859,29.909857602929264,30.47961297515525	hyperbolic	0.12	306915,,
306916	0.0,1.0,2.0,3.0,4.0,5.0,6.0,7.0,8.0,9.0,10.0,11.0,12.0,13.0,14.0,15.0,16.0,17.0,18.0,19.0	-532.1936772527011,-486.6179469906067,-535.9253699430546,-523.0604938128647,-185.94305128862868,-53.25358387587755,67.39313620246787,166.57112483143698,137.76823196844146,250.60348303129973,203.3068655274974,257.24020981291585,340.47407102593996,262.23326558687086,284.56812571329647,310.47803514768145,351.4643409467294,359.3404434948294,308.5015699872172,378.3745727976618	hyperbolic	0.12	306916,,
306917	0.0,1.0,2.0,3.0,4.0,5.0,6.0,7.0,8.0,9.0,10.0,11.0,12.0,13.0,14.0,15.0,16.0,17.0,18.0,19.0	24.222702552062174,22.485133775263428,31.614606951468364,22.478016143964897,51.691549128723665,68.93404491026737,84.45768187414266,102.62885536951096,113.4685750544147,121.33714723977968,134.3541617267213,127.5045268036835,133.5135569898005,149.2373009312075,153.95798078617142,145.7464695829655,155.23985376004833,154.75386798113936,162.80743542368702,159.25051906541782	hyperbolic	0.12	306917,,
306918	0.0,1.0,2.0,3.0,4.0,5.0,6.0,7.0,8.0,9.0,10.0,11.0,12.0,13.0,14.0,15.0,16.0,17.0,18.0,19.0	-120.86060036970312,-129.88207714673365,13.703419728329067,110.90578251853097,130.83224248189734,179.30409781853717,192.7152403772439,185.9525906245891,211.7607457442628,228.601511970915,245.13384006146,248.31282506380677,227.83299141654277,257.5008683615739,242.04470935050654,250.90025372010027,248.10243585494845,267.1354268700064,249.22812311024848,274.9660697066323	hyperbolic	0.12	306918,,
306919	0.0,1.0,2.0,3.0,4.0,5.0,6.0,7.0,8.0,9.0,10.0,11.0,12.0,13.0,14.0,15.0,16.0,17.0,18.0,19.0	-162.7458319459561,-159.42267686106857,-169.34972307991995,-133.56804766558054,-72.68940467774702,10.190480471380795,69.97443680375892,119.6704862439633,136.28178548940272,174.9365560941367,214.47040723439756,241.24978700857804,232.90661116132563,243.06094925913584,232.25063932560326,278.1961969190553,269.727925602577,262.5609709672666,283.18977509757946,317.471252759815	hyperbolic	0.12	306919,,
306920	0.0,1.0,2.0,3.0,4.0,5.0,6.0,7.0,8.0,9.0,10.0,11.0,12.0,13.0,14.0,15.0,16.0,17.0,18.0,19.0	140.61268677293572,166.67250179678186,216.41729171089364,246.63961800835713,271.3777547490713,321.17572154457685,345.83918918191955,368.5393543108421,403.8813819897209,420.91308819484675,444.7959169557056,436.61580743667184,467.835234728818,486.1399230079169,486.1310923051138,494.44172657049415,511.38192908199534,495.1736935330656,499.4608779782819,532.8674948870853	hyperbolic	0.12	306920,,
306921	0.0,1.0,2.0,3.0,4.0,5.0,6.0,7.0,8.0,9.0,10.0,11.0,12.0,13.0,14.0,15.0,16.0,17.0,18.0,19.0	-159.99293275393035,-178.17554252693495,-151.0781215728447,-90.98207265960748,-55.94401832284497,-2.993123856469765,23.78972155938783,40.05117640917226,44.88280829177842,46.75239578818744,81.1559672759544,71.33446096844025,91.46595750281938,94.55447894948907,85.74838117305174,98.07291550924526,94.64209889698691,115.30570531327982,100.8818345995021,118.10085653650867	hyperbolic	0.12	306921,,
306922	0.0,1.0,2.0,3.0,4.0,5.0,6.0,7.0,8.0,9.0,10.0,11.0,12.0,13.0,14.0,15.0,16.0,17.0,18.0,19.0	474.93373310407577,482.99399834755445,470.85919355367616,478.7013090308445,457.06558291031195,628.4084244172981,729.5345095035838,783.4696093473322,788.251691253136,821.8159590402582,867.4330142003264,901.7641040823419,927.9545371390764,890.623862941569,945.4329845229771,960.5023459768865,926.7827571763876,926.0371945345985,986.3068942648756,984.3818060668026	hyperbolic	0.12	306922,,
306923	0.0,1.0,2.0,3.0,4.0,5.0,6.0,7.0,8.0,9.0,10.0,11.0,12.0,13.0,14.0,15.0,16.0,17.0,18.0,19.0	-153.91857130215445,-142.4255344605952,-149.9577449584479,-137.07087356470507,-111.54455472868543,-89.00201615329365,-72.70644203715992,-69.69010318121363,-45.61572162359802,-38.38186730220565,-36.653248464975334,-26.960462360849775,-5.804888418500553,-7.73649356344356,-7.218191312079227,12.501980347790692,17.274184693471142,7.458131078738518,14.953752474587901,21.42268839623503	hyperbolic	0.12	306923,,
306924	0.0,1.0,2.0,3.0,4.0,5.0,6.0,7.0,8.0,9.0,10.0,11.0,12.0,13.0,14.0,15.0,16.0,17.0,18.0,19.0	182.45551807212516,188.18570008203926,167.65974406042346,164.0637867524588,217.87891814411705,294.03257181535514,403.2295092531865,419.7406681160967,519.4286152601035,527.7620377448862,563.7799940783566,569.7674756245464,655.7051557801847,666.2781030807433,684.4297534325584,699.8416689834704,721.3841694343024,724.2921635302029,751.2892065065525,751.1128656907513	hyperbolic	0.12	306924,,
306925	0.0,1.0,2.0,3.0,4.0,5.0,6.0,7.0,8.0,9.0,10.0,11.0,12.0,13.0,14.0,15.0,16.0,17.0,18.0,19.0	-257.06881979346787,-259.47103848258047,-201.70755434402443,-162.13761339140154,-103.80857810886084,-93.19662822444238,-44.83330273876075,-25.462537826729772,-11.985699151481754,-14.957774941047518,22.408956866415622,31.37655206023547,18.83676257532511,29.85232607840635,35.065534540543695,50.91994112409523,48.46228909179024,62.85550308062017,84.67997117058263,88.39265958519556	hyperbolic	0.12	306925,,
306926	0.0,1.0,2.0,3.0,4.0,5.0,6.0,7.0,8.0,9.0,10.0,11.0,12.0,13.0,14.0,15.0,16.0,17.0,18.0,19.0	-42.43071613778479,-36.88196215278225,-26.024543220127548,30.564325575245306,76.45310131390015,114.27764062894042,149.32334490546458,159.31796776699747,159.05863395953665,186.76539278433432,174.79941420919576,189.77929638895077,184.8022953128135,184.90919069869705,198.811156338772,211.64353225161668,202.86362546562555,222.15235119540475,217.6900336615413,225.29551020705995	hyperbolic	0.12	306926,,
306927	0.0,1.0,2.0,3.0,4.0,5.0,6.0,7.0,8.0,9.0,10.0,11.0,12.0,13.0,14.0,15.0,16.0,17.0,18.0,19.0	-391.3248042688483,-366.27490492628357,-97.512217134852,-61.90514820250553,-14.493461627397494,-10.972163886757016,7.909955412690408,8.299266202471358,0.07470253604196841,3.939533589858115,9.774581518618163,20.997393475586023,39.59122658430368,23.789507029906986,23.99720379942454,19.929564550220164,9.464698451601748,39.905437295773424,12.169271043287722,28.444720666030662	hyperbolic	0.12	306927,,
306928	0.0,1.0,2.0,3.0,4.0,5.0,6.0,7.0,8.0,9.0,10.0,11.0,12.0,13.0,14.0,15.0,16.0,17.0,18.0,19.0	77.65729242953596,49.07472374179741,61.18500066621598,145.88905582740676,238.98474828384096,262.2736314613749,335.2030539711707,337.7094572622168,393.09320145521565,409.04863701101937,407.06469896280777,457.60581957802174,442.2918287903889,467.38348215988924,478.0987941162847,493.97137017720127,492.6239897162433,533.7728795761213,542.6855159671173,514.9327267353698	hyperbolic	0.12	306928,,
306929	0.0,1.0,2.0,3.0,4.0,5.0,6.0,7.0,8.0,9.0,10.0,11.0,12.0,13.0,14.0,15.0,16.0,17.0,18.0,19.0	476.65493687149706,496.75003173130875,501.1529301441655,485.71342774445026,500.9744208087824,681.6448638958112,822.3530563861535,870.8006993992699,879.9198064342787,884.0948539736089,959.052760394934,962.8914116373252,942.1137876122798,936.9180921246827,986.3292267391289,951.6347671928509,1012.9330567587936,1009.3658527261816,1021.5883899498492,1003.9801528315522	hyperbolic	0.12	306929,,
306930	0.0,1.0,2.0,3.0,4.0,5.0,6.0,7.0,8.0,9.0,10.0,11.0,12.0,13.0,14.0,15.0,16.0,17.0,18.0,19.0	-549.8368405651928,-585.3696567194057,-617.4612545088931,-291.72425650475753,-214.39643948758902,-59.465438994494605,13.54671889884446,-13.193263045549884,63.30766701390098,82.85796051617888,137.38433825500135,159.28337465015238,180.57536873412653,171.43740146939103,211.67942880213695,207.4767600119602,227.52405422200115,210.07518838321812,196.26065044516974,221.52863607507436	hyperbolic	0.12	306930,,
306931	0.0,1.0,2.0,3.0,4.0,5.0,6.0,7.0,8.0,9.0,10.0,11.0,12.0,13.0,14.0,15.0,16.0,17.0,18.0,19.0	263.4143840245132,277.3026769619538,259.98983120709414,386.7299694408558,412.6642174503536,512.6933098721752,540.6881700068141,608.2822038263553,634.4408521055103,649.2718773531593,722.3449649714582,745.0493858496335,777.1756190805214,747.6626463956684,800.5682555987455,832.1735868200432,808.0764757358984,862.2861015386012,856.0107498373643,828.2336841051635	hyperbolic	0.12	306931,,
306932	0.0,1.0,2.0,3.0,4.0,5.0,6.0,7.0,8.0,9.0,10.0,11.0,12.0,13.0,14.0,15.0,16.0,17.0,18.0,19.0	-161.7552559803757,-168.3576957762004,-9.354420969894193,57.961045981080076,113.15829140471817,123.67083036996317,170.4837383184954,175.74457587647706,191.03273191893123,238.98224853313243,231.02766875756066,264.97799451995337,238.1955381387907,269.3896200757705,282.631328629467,268.048103140699,267.004424493869,280.2112939728702,307.4646805696025,309.3570572883689	hyperbolic	0.12	306932,,
306933	0.0,1.0,2.0,3.0,4.0,5.0,6.0,7.0,8.0,9.0,10.0,11.0,12.0,13.0,14.0,15.0,16.0,17.0,18.0,19.0	10.473138924293778,2.381983475804481,4.0081433831621025,39.072625594427976,62.75208263820956,72.14921148150876,80.01230758150898,100.53633322583278,109.63179992690834,109.80989482507641,118.07515021999329,127.63648350655524,124.02164510124334,134.56148087168015,126.05702837573433,138.71129492268884,137.71077677390954,149.0941259944599,145.00395942827626,143.5201000585212	hyperbolic	0.12	306933,,
306934	0.0,1.0,2.0,3.0,4.0,5.0,6.0,7.0,8.0,9.0,10.0,11.0,12.0,13.0,14.0,15.0,16.0,17.0,18.0,19.0	-263.05367723367664,-226.84349524044177,352.40354210359624,378.36818505502765,360.1910546198304,372.21691802021957,381.70550943733394,401.49329647110244,367.5425702458052,382.9432510399256,352.84485594898814,353.3141512941848,370.88517478584566,384.3186623848498,364.63438714649834,369.2879040253933,393.19381749530874,398.82519560988925,409.335379326679,400.24734210644095	hyperbolic	0.12	306934,,
306935	0.0,1.0,2.0,3.0,4.0,5.0,6.0,7.0,8.0,9.0,10.0,11.0,12.0,13.0,14.0,15.0,16.0,17.0,18.0,19.0	93.35516683000202,204.6321107185834,271.9025032687523,313.5691095326184,331.89597381582064,354.77988827280547,378.05599480640257,414.1743163156876,419.542781805716,423.4415723750457,440.2458453738159,455.150262237598,460.4637990377395,478.2215829195633,499.79549726084156,501.9906531900904,500.0399311491102,518.4258647554914,507.31351330778114,518.3963545782774	hyperbolic	0.12	306935,,
306936	0.0,1.0,2.0,3.0,4.0,5.0,6.0,7.0,8.0,9.0,10.0,11.0,12.0,13.0,14.0,15.0,16.0,17.0,18.0,19.0	222.64693540150094,229.9775505392203,352.2286737788305,395.948918954839,495.6481296631647,544.3934438228043,574.2942297570728,605.5284104413253,648.8111268844829,687.0122553418242,699.3327481288943,710.6766953610788,746.0033277141596,721.1743300778609,742.748996126831,748.9835162691137,783.738587983104,808.9309518704549,768.8007212495232,810.5124724049076	hyperbolic	0.12	306936,,
306937	0.0,1.0,2.0,3.0,4.0,5.0,6.0,7.0,8.0,9.0,10.0,11.0,12.0,13.0,14.0,15.0,16.0,17.0,18.0,19.0	79.71198528851515,81.10429023247474,70.81955926067762,80.90997328112955,95.4112978779587,105.19974634711701,121.18365146346204,127.090908625911,137.5313064136726,138.18739216232348,145.8171386937307,145.95372728461723,156.78583822891363,155.8952884480882,158.6342919283509,166.12823378718682,162.84836613262814,168.79997303974517,172.8539249534427,173.07073279072816	hyperbolic	0.12	306937,,
306938	0.0,1.0,2.0,3.0,4.0,5.0,6.0,7.0,8.0,9.0,10.0,11.0,12.0,13.0,14.0,15.0,16.0,17.0,18.0,19.0	-223.90547968134544,-216.75635455508012,-200.8305980716846,-163.1171373202081,-129.69226981829337,-90.45920662755705,-47.662485449082624,-5.453619874333242,4.17138743044697,31.009313352273892,29.08299155230813,45.086286076207955,69.78939699154694,95.77000230002915,117.15301543273671,123.78687143364363,124.01856767145821,116.37366341062153,142.84963860603594,136.45960584823698	hyperbolic	0.12	306938,,
306939	0.0,1.0,2.0,3.0,4.0,5.0,6.0,7.0,8.0,9.0,10.0,11.0,12.0,13.0,14.0,15.0,16.0,17.0,18.0,19.0	395.11566113289507,380.88582767923964,465.25655771513493,531.5409073008307,626.0378406013697,679.5334199878997,718.5595415227356,776.0534750565585,843.2034937010847,831.5963882587666,884.2318836619692,873.955561430889,946.4693446006863,974.9676055946956,944.278908827082,993.390757893596,969.7998589619081,1000.9609671716764,1056.391218149011,1032.3204380171862	hyperbolic	0.12	306939,,
306940	0.0,1.0,2.0,3.0,4.0,5.0,6.0,7.0,8.0,9.0,10.0,11.0,12.0,13.0,14.0,15.0,16.0,17.0,18.0,19.0	-160.87924386518208,-150.92703162434373,-154.60019079818986,-165.77700457810647,-117.98476109285039,-109.1479768391861,-92.52153531462298,-61.75070847768052,-58.39970408977884,-44.86499036566869,-33.329998570624355,-34.46242456824896,-22.163858685560086,-17.75113129204871,-6.451068285065617,-1.4612886363345865,-6.1900622470876385,5.690469496369474,5.937846791978046,10.204164377950747	hyperbolic	0.12	306940,,
306941	0.0,1.0,2.0,3.0,4.0,5.0,6.0,7.0,8.0,9.0,10.0,11.0,12.0,13.0,14.0,15.0,16.0,17.0,18.0,19.0	-98.72531006227968,-92.17402040703503,-88.26575981632472,-89.80536202909936,-76.63016954778101,-46.885215642932536,-31.299596113055003,-20.82929632195892,-0.17830941765967623,10.635044858173487,14.165625500925415,32.3513371123523,29.686934568932003,47.939834627701316,49.68706176897956,55.26273718200541,56.46328377255111,68.8705495869017,65.04327558163538,71.88120525088279	hyperbolic	0.12	306941,,
306942	0.0,1.0,2.0,3.0,4.0,5.0,6.0,7.0,8.0,9.0,10.0,11.0,12.0,13.0,14.0,15.0,16.0,17.0,18.0,19.0	458.296782044096,647.1145719407237,793.8907679968673,848.0474636413696,881.8717887967763,950.915797911906,946.589544050749,973.7789449968575,1027.6904718765477,995.5080839836899,1022.9537312461505,1023.0217202538665,1064.7483479170025,1054.9215600549421,1081.1480583854166,1059.284476243384,1093.897414778442,1083.1249957065772,1062.159996039306,1060.4133339622608	hyperbolic	0.12	306942,,
306943	0.0,1.0,2.0,3.0,4.0,5.0,6.0,7.0,8.0,9.0,10.0,11.0,12.0,13.0,14.0,15.0,16.0,17.0,18.0,19.0	185.46653068618528,208.16329474566044,258.24519831209466,282.66208354192275,297.1189184145355,326.8058892868481,328.9176085299321,356.3713196678193,361.30547097391263,389.00344604454733,406.54432705975313,394.7936592400936,422.5928431601212,424.0831824901443,427.54256522287176,447.1345865885943,449.6536747842012,438.1668531362285,443.3494780955806,461.6344838988758	hyperbolic	0.12	306943,,
306944	0.0,1.0,2.0,3.0,4.0,5.0,6.0,7.0,8.0,9.0,10.0,11.0,12.0,13.0,14.0,15.0,16.0,17.0,18.0,19.0	263.17920570597016,270.7665732548352,228.8065790644282,456.3825193590701,532.0362025320422,627.9487919778996,717.6723793794401,719.5998463581998,768.4884714707871,791.3432038143835,850.1492436131622,836.4091690374029,849.7616272225216,860.3091484040166,907.682635646452,923.0491635507792,927.6243378299505,910.069414188323,941.3093274196159,920.0108880779344	hyperbolic	0.12	306944,,
306945	0.0,1.0,2.0,3.0,4.0,5.0,6.0,7.0,8.0,9.0,10.0,11.0,12.0,13.0,14.0,15.0,16.0,17.0,18.0,19.0	172.04426341646854,133.28537367719792,181.42333450707696,148.50105150253637,241.28906778164747,304.91097310558035,397.5720370977672,405.37178782386115,444.19600545949845,511.7787842073505,528.4881437124761,551.2630999905014,602.5445965893475,630.1881536812915,627.2687548247068,657.7952146428684,677.5127711973574,661.7878920441551,705.167042915491,709.0466679202772	hyperbolic	0.12	306945,,
306946	0.0,1.0,2.0,3.0,4.0,5.0,6.0,7.0,8.0,9.0,10.0,11.0,12.0,13.0,14.0,15.0,16.0,17.0,18.0,19.0	375.75529501793926,355.41981931968616,345.8044579251706,385.49705752230955,443.1005406409906,496.81410500057734,575.3976890524763,593.6707885673958,650.2495467570059,654.534441944927,733.6347989103471,707.2749258007536,734.1909669334652,778.8554334860858,809.2701915710147,831.3485816425984,822.9660014433557,840.8093610777144,847.7140739041645,872.0159186539995	hyperbolic	0.12	306946,,
306947	0.0,1.0,2.0,3.0,4.0,5.0,6.0,7.0,8.0,9.0,10.0,11.0,12.0,13.0,14.0,15.0,16.0,17.0,18.0,19.0	-128.98421790792196,-155.75391966783923,-156.65149827739543,-73.71228694571786,1.5762974750862782,43.720297942551895,48.006252919365295,71.20382183014553,108.02371282762348,100.51819826319314,114.74459629097035,143.63472649249331,146.2244412009052,150.7199973991122,151.85538052985814,146.27555987609344,150.30082643929717,160.1957375902637,185.4046280840146,182.63239188282284	hyperbolic	0.12	306947,,
306948	0.0,1.0,2.0,3.0,4.0,5.0,6.0,7.0,8.0,9.0,10.0,11.0,12.0,13.0,14.0,15.0,16.0,17.0,18.0,19.0	-21.280664932571906,-26.38432437255092,-27.20441071788035,-22.325781339794286,-27.276301869606172,9.86348580127867,30.074639602366425,41.41318544989406,59.66024955233311,59.697415226453046,73.47765584245573,80.99108762268271,84.07388705973027,89.4991491488351,88.51841027248814,96.0510543585809,97.22315033978168,93.43437616649933,97.7982406983462,105.04836572120489	hyperbolic	0.12	306948,,
306949	0.0,1.0,2.0,3.0,4.0,5.0,6.0,7.0,8.0,9.0,10.0,11.0,12.0,13.0,14.0,15.0,16.0,17.0,18.0,19.0	-153.58253325569206,-144.40701423591568,-156.60930898950843,-124.52412267962623,-98.52902066776727,-74.07521300710164,-63.03841171557012,-34.166566195866594,-22.374965926475866,-15.849482305963306,-14.080867564145336,10.219134604591375,18.06152993475115,14.03717226155635,25.893515913604034,37.06063828975513,29.6147735795212,41.15825474219352,45.456864066602975,44.383838003878935	hyperbolic	0.12	306949,,
306950	0.0,1.0,2.0,3.0,4.0,5.0,6.0,7.0,8.0,9.0,10.0,11.0,12.0,13.0,14.0,15.0,16.0,17.0,18.0,19.0	37.24315303758838,47.57241685543816,42.408030461965815,37.1002409728155,259.8109654802283,290.1056651362232,340.68045269972913,331.9735735089616,332.97156137362623,348.6457591393148,363.9647105347083,382.82106435179395,364.2611314533722,381.85559415848604,366.52411779403974,388.6367319554654,371.63891629135435,397.34138884314416,385.3199566833965,365.17582434272066	hyperbolic	0.12	306950,,
306951	0.0,1.0,2.0,3.0,4.0,5.0,6.0,7.0,8.0,9.0,10.0,11.0,12.0,13.0,14.0,15.0,16.0,17.0,18.0,19.0	275.4679063517942,351.365282403667,431.91180822676347,500.140554308981,514.1946498452074,542.2141050989708,604.762695329714,622.3836365410513,672.2024148812294,699.9682499966007,690.6779691055356,717.4431719295147,742.67494296474,740.9343344433807,782.7577780531003,797.4800314046634,809.7654188525373,820.1248572560895,804.4288039944913,803.2061547734961	hyperbolic	0.12	306951,,
306952	0.0,1.0,2.0,3.0,4.0,5.0,6.0,7.0,8.0,9.0,10.0,11.0,12.0,13.0,14.0,15.0,16.0,17.0,18.0,19.0	2.006034392705436,5.702874273468966,-2.134420428307335,-5.638302320870341,-12.88735441826799,62.55422837966899,82.29949063988025,104.86899864762917,114.60888432232346,142.57425943271735,137.65685231022485,154.05341682133866,142.29906860539106,152.0300298344577,157.63579037384844,157.5022930811689,163.4554414639157,161.7023425151907,159.01599614965636,159.50769613081752	hyperbolic	0.12	306952,,
306953	0.0,1.0,2.0,3.0,4.0,5.0,6.0,7.0,8.0,9.0,10.0,11.0,12.0,13.0,14.0,15.0,16.0,17.0,18.0,19.0	-533.7633147035281,-541.0208706229095,-550.5600494211299,-547.9478545022221,-575.375350371478,-262.84230117704647,-159.39455915423747,-16.16313361297381,70.3176738739923,114.17680779964087,142.20804557791195,139.17414990145176,190.72237003257084,184.8751696298093,168.65793573929375,184.8642422519107,196.8634930803654,241.78951011128845,230.6845102528937,245.01991037746393	hyperbolic	0.12	306953,,
306954	0.0,1.0,2.0,3.0,4.0,5.0,6.0,7.0,8.0,9.0,10.0,11.0,12.0,13.0,14.0,15.0,16.0,17.0,18.0,19.0	-19.375783846954416,-25.002029184271848,25.873405482605417,44.19562049423122,58.594383191470016,74.54077188659934,82.48647807486226,92.25405844579936,100.80515248644865,108.15793261513714,102.12061235711121,107.54797857031848,115.48078975180675,117.36047492441124,124.488971860146,124.65384683110005,115.50873437445195,129.5058686304995,127.29837669795442,128.51267316275758	hyperbolic	0.12	306954,,
306955	0.0,1.0,2.0,3.0,4.0,5.0,6.0,7.0,8.0,9.0,10.0,11.0,12.0,13.0,14.0,15.0,16.0,17.0,18.0,19.0	-145.08819028749642,-152.92692635862653,-155.8605499521505,-164.50803605582024,-160.04770156391163,-125.95539589500306,-74.32461248283448,-57.7892237243766,-46.0531821205325,-21.89974474166405,-19.03099733517388,-4.612392425977021,13.13451095358522,26.002210393879835,16.398731334199056,21.979482228426065,34.40687094772406,29.48766001805143,55.111863856338886,45.58656162789359	hyperbolic	0.12	306955,,
306956	0.0,1.0,2.0,3.0,4.0,5.0,6.0,7.0,8.0,9.0,10.0,11.0,12.0,13.0,14.0,15.0,16.0,17.0,18.0,19.0	-111.32996201890843,-109.79993250294318,-107.65987591213039,-94.79546084970977,-68.08081696337858,-62.3212673268045,-42.61798235804132,-30.519401436429817,-31.320227383684625,-18.509151288304096,-16.976816585243498,-1.0271595246079102,-6.942546371700843,8.52470935906048,9.448921036854301,8.204505670874056,12.608421509823742,16.64719358848164,22.114614864440682,21.05210196786463	hyperbolic	0.12	306956,,
306957	0.0,1.0,2.0,3.0,4.0,5.0,6.0,7.0,8.0,9.0,10.0,11.0,12.0,13.0,14.0,15.0,16.0,17.0,18.0,19.0	-130.01986173790164,-139.75398631195534,-66.36547866278323,59.305824150035775,103.33678794858298,133.1344759894548,172.59608691764302,241.35905611173752,249.28664029008678,321.92728227755754,312.960898224304,328.24187304696096,346.1855090908073,354.82940072725967,415.39318629298447,407.26643939880455,406.70646838355736,418.4466516403472,460.6763591046555,474.1887285884128	hyperbolic	0.12	306957,,
306958	0.0,1.0,2.0,3.0,4.0,5.0,6.0,7.0,8.0,9.0,10.0,11.0,12.0,13.0,14.0,15.0,16.0,17.0,18.0,19.0	-28.789123399654134,-11.501013176303854,-22.071853806411323,37.173077474780335,75.00789402336797,113.98770367324863,131.84333864841926,144.66571557844472,175.05534368350283,186.8799907168785,192.60209628674875,214.7461278421668,211.15205804401614,245.0922999743325,224.38155112569268,242.99557567005743,241.1198441989179,257.25407373417534,266.00734251611755,262.8906128623399	hyperbolic	0.12	306958,,
306959	0.0,1.0,2.0,3.0,4.0,5.0,6.0,7.0,8.0,9.0,10.0,11.0,12.0,13.0,14.0,15.0,16.0,17.0,18.0,19.0	-455.82110002880006,-483.5721376744006,-487.751572667226,-456.65623081005674,-356.6639226643937,-237.1560341853689,-156.3063967502436,-151.64273228434507,-52.046750008143704,-31.95872720203039,-27.166339045705627,41.95380268753655,94.62353821149287,99.08983308141802,73.48143083278495,135.08960535885035,160.82324058181644,172.3068746884685,202.22948293275726,160.74739971096602	hyperbolic	0.12	306959,,
306960	0.0,1.0,2.0,3.0,4.0,5.0,6.0,7.0,8.0,9.0,10.0,11.0,12.0,13.0,14.0,15.0,16.0,17.0,18.0,19.0	90.00414632180893,83.34449832418166,110.15567260599624,134.0756004780369,150.70616855166088,161.1034853217871,167.91799399130082,170.4782961349528,169.952988664051,178.06523030784237,178.90656416142923,187.01402807720962,187.65885539397635,195.03903233791397,190.5272631746413,199.1226830787988,191.03563660377287,194.132926089794,193.29648117842845,200.6861356433987	hyperbolic	0.12	306960,,
306961	0.0,1.0,2.0,3.0,4.0,5.0,6.0,7.0,8.0,9.0,10.0,11.0,12.0,13.0,14.0,15.0,16.0,17.0,18.0,19.0	65.88109945638985,95.28415008531965,119.28458968868293,146.79792187088975,156.53458767029764,172.09740959979132,174.33247606630815,192.70868349465056,205.72753990334843,200.50260435016406,217.2959400065733,219.18297647825318,228.8398018717292,236.33313526048926,237.6777735310698,231.4471911129452,244.44671280932295,245.07134948336414,243.3752395256263,243.23177934771167	hyperbolic	0.12	306961,,
306962	0.0,1.0,2.0,3.0,4.0,5.0,6.0,7.0,8.0,9.0,10.0,11.0,12.0,13.0,14.0,15.0,16.0,17.0,18.0,19.0	206.64852131602913,202.8113846075318,204.66288924858898,195.39663219372156,314.7943215613537,355.4946789560056,389.5385780327025,429.3398339545829,435.68709041628153,456.76089788298214,457.3753265165073,449.22896680582306,461.5198635869576,466.04821445968594,461.860578642409,466.69197678309956,472.7942915827641,497.15123303653814,489.00909264505884,472.818123895226	hyperbolic	0.12	306962,,
306963	0.0,1.0,2.0,3.0,4.0,5.0,6.0,7.0,8.0,9.0,10.0,11.0,12.0,13.0,14.0,15.0,16.0,17.0,18.0,19.0	26.74842803042184,37.72880802972238,161.17162120678864,209.31742188765887,237.0038060500792,278.87619693632394,305.7253654419168,303.3267478220924,327.0338420876355,325.8178986519499,321.5379292656278,350.4387585498896,352.57374336773245,354.82889672584037,352.43419491766156,343.3237787754895,357.1074159682974,377.60258414236864,377.7736558258419,371.7304643565943	hyperbolic	0.12	306963,,
306964	0.0,1.0,2.0,3.0,4.0,5.0,6.0,7.0,8.0,9.0,10.0,11.0,12.0,13.0,14.0,15.0,16.0,17.0,18.0,19.0	164.36405638992224,178.17691728373762,256.28847465957773,301.4800639186459,335.85071234537077,387.9639865488774,422.6024560288937,436.39873337165244,436.5214147029168,478.8495642953295,469.8740423215891,488.4755139584423,505.54899963360424,525.191591039033,523.0395254870328,511.7496115287686,522.3948177209747,548.2747084794262,559.5323463263348,547.6213548419208	hyperbolic	0.12	306964,,
306965	0.0,1.0,2.0,3.0,4.0,5.0,6.0,7.0,8.0,9.0,10.0,11.0,12.0,13.0,14.0,15.0,16.0,17.0,18.0,19.0	379.2057055338081,367.6456677496984,351.8608943105587,464.2660257353852,525.010134544332,565.3302466531744,593.7108851768015,629.5039473633931,701.7821750671785,680.7711987960322,738.8842258771588,741.1530424132004,789.4226386243216,808.2910776622396,799.287712224763,805.5888400076662,801.6935114822376,841.5093736167894,870.0967267083782,850.2884264888728	hyperbolic	0.12	306965,,
306966	0.0,1.0,2.0,3.0,4.0,5.0,6.0,7.0,8.0,9.0,10.0,11.0,12.0,13.0,14.0,15.0,16.0,17.0,18.0,19.0	410.3471895160803,401.87895870997846,413.5275745377301,386.4051416942975,398.4944019883955,520.0933801262522,614.6505493475387,668.8037957811155,714.5962835581267,743.9166693220664,797.5656393023653,837.0465966919377,838.4619447825346,875.3342896946316,865.8742553537038,855.9053114251515,868.0935365990149,903.3306254360496,910.2544397390427,894.4061331576526	hyperbolic	0.12	306966,,
306967	0.0,1.0,2.0,3.0,4.0,5.0,6.0,7.0,8.0,9.0,10.0,11.0,12.0,13.0,14.0,15.0,16.0,17.0,18.0,19.0	-315.09381477045605,-288.36041767870535,-296.7776602126067,-160.60896722332132,-66.57035712941388,-8.98678754796748,67.28063427361684,93.33344493989784,147.87414649222313,170.49261519389745,202.75088799046557,235.4157294329521,266.99647604793927,240.09076818477035,318.0599311827514,330.19489929833065,339.85027153058684,377.4752006286879,386.82469717152793,400.5642222188211	hyperbolic	0.12	306967,,
306968	0.0,1.0,2.0,3.0,4.0,5.0,6.0,7.0,8.0,9.0,10.0,11.0,12.0,13.0,14.0,15.0,16.0,17.0,18.0,19.0	43.83013116494476,46.11440983495014,48.67516775739335,72.86847062625397,93.45957148633812,103.16752838693665,110.92142074422752,122.9296808416608,120.00940052040767,129.07912121744133,128.19922780320118,136.9990418179204,138.77381683804057,139.08713827188546,140.87992422977953,142.25848858996355,146.29280028129003,140.19267692028419,146.11624096026895,145.93666311494712	hyperbolic	0.12	306968,,
306969	0.0,1.0,2.0,3.0,4.0,5.0,6.0,7.0,8.0,9.0,10.0,11.0,12.0,13.0,14.0,15.0,16.0,17.0,18.0,19.0	559.5851669506746,571.217296402221,658.8743764471454,789.6974479629018,847.7604792056638,924.1301653054654,916.3220439307861,990.5665799322201,1000.9505263164822,1059.695265561448,1095.887981522203,1102.9840481459923,1108.2825647618274,1168.5009625735192,1132.8649633447785,1194.0462173480673,1194.8616738850146,1179.0614804215038,1245.7731404567926,1238.2698676704304	hyperbolic	0.12	306969,,
306970	0.0,1.0,2.0,3.0,4.0,5.0,6.0,7.0,8.0,9.0,10.0,11.0,12.0,13.0,14.0,15.0,16.0,17.0,18.0,19.0	21.258008528161717,22.768299111838076,29.913970152710696,23.68994073023993,26.40223017972412,41.238061347919626,59.97612233506082,66.04204702500954,82.51818488780873,82.49801570553714,85.13305449268071,96.21136245927678,97.64952473443229,100.47439869633119,106.37619619988916,105.6133659287465,107.76412869647162,116.19685416000098,119.09691478545014,115.42750817549785	hyperbolic	0.12	306970,,
306971	0.0,1.0,2.0,3.0,4.0,5.0,6.0,7.0,8.0,9.0,10.0,11.0,12.0,13.0,14.0,15.0,16.0,17.0,18.0,19.0	506.0790593803378,533.5285013506134,533.7171604135806,816.073960306303,936.5775737509714,949.8672797219717,1008.5607125351366,1012.8153946871387,1036.4757748465136,1064.6634419587972,1067.5717209250251,1103.5253908071986,1065.6641284221434,1117.1266988417517,1085.3152036112663,1088.1855656976084,1084.567280925895,1094.7862070377996,1115.7539913969172,1136.0228801194316	hyperbolic	0.12	306971,,
306972	0.0,1.0,2.0,3.0,4.0,5.0,6.0,7.0,8.0,9.0,10.0,11.0,12.0,13.0,14.0,15.0,16.0,17.0,18.0,19.0	-29.499347319955366,-42.06063728690319,-35.97664676171367,-14.075328857700466,-33.846451940187876,29.887550534332092,121.1205942027371,158.3754543141218,187.32856763466842,216.35820472498744,229.51309995767167,258.4783026654642,261.8883135049692,267.3001416957411,266.68556708695786,282.5434037657247,281.9975235103276,318.3483943035429,315.2689177370531,309.2685703381896	hyperbolic	0.12	306972,,
306973	0.0,1.0,2.0,3.0,4.0,5.0,6.0,7.0,8.0,9.0,10.0,11.0,12.0,13.0,14.0,15.0,16.0,17.0,18.0,19.0	301.31110851359983,320.3283921736999,301.45325332982543,320.7839604555403,470.7992238443423,552.8966173307311,611.1575138907986,649.1602964807228,671.1886247398802,654.0259281155822,676.8299877336234,699.4755953189438,707.9231417329688,690.7816774333209,729.5667871408552,699.8892528409018,728.6576048969487,704.0167405948071,724.9536655182953,738.3410308220697	hyperbolic	0.12	306973,,
306974	0.0,1.0,2.0,3.0,4.0,5.0,6.0,7.0,8.0,9.0,10.0,11.0,12.0,13.0,14.0,15.0,16.0,17.0,18.0,19.0	-691.7769415071851,-317.91996935741605,-177.26370191256012,-151.84541958088312,-94.93869058064593,-67.36168826513006,-81.90269703842364,-43.622224460474854,-55.15582812244281,-27.61525993225041,-14.081528341536455,-8.455234907395266,-2.1274563897842427,-9.547016807276577,-4.477140237755748,-18.96646285605243,-13.414999906910111,-14.316381580658117,-16.095419714860896,-8.001944080041199	hyperbolic	0.12	306974,,
306975	0.0,1.0,2.0,3.0,4.0,5.0,6.0,7.0,8.0,9.0,10.0,11.0,12.0,13.0,14.0,15.0,16.0,17.0,18.0,19.0	-87.03013195844476,-78.91667027355345,-88.98752992381881,-71.28749837780933,-68.34649562176389,-6.202116780118104,33.21063950513488,80.27959643101283,110.41179323517852,109.97427619953282,144.5380689240223,165.70205822978775,177.478429150228,186.31123458433714,176.0501291435931,210.79174905601351,221.3236760433646,194.9839092306266,231.3742409361437,222.07376198685148	hyperbolic	0.12	306975,,
306976	0.0,1.0,2.0,3.0,4.0,5.0,6.0,7.0,8.0,9.0,10.0,11.0,12.0,13.0,14.0,15.0,16.0,17.0,18.0,19.0	-137.5812437800406,-129.60093118939744,-138.9199440104352,-146.843789888157,-117.53624255625591,-98.82363701660167,-82.47279500362639,-57.020764872801024,-53.03093818125414,-34.69415624742136,-18.254426604271316,-20.965866059135692,-10.362890819989616,-0.38753302106974274,8.029575764527436,5.536328500685443,23.909963031634163,21.47184157483389,19.417895058297546,23.657991079862825	hyperbolic	0.12	306976,,
306977	0.0,1.0,2.0,3.0,4.0,5.0,6.0,7.0,8.0,9.0,10.0,11.0,12.0,13.0,14.0,15.0,16.0,17.0,18.0,19.0	157.39404579516503,175.11579554456105,164.90382194782228,205.87278281280646,226.72398573633618,248.46011859677532,275.11913054800954,276.45984936802006,296.17029418141686,300.75886352574287,316.95675404826255,318.34874699452723,318.5762495989741,336.4956781628192,335.6901374350789,350.5858558906416,337.3809968201581,351.48706830635103,353.0613636595529,347.9236333401075	hyperbolic	0.12	306977,,
306978	0.0,1.0,2.0,3.0,4.0,5.0,6.0,7.0,8.0,9.0,10.0,11.0,12.0,13.0,14.0,15.0,16.0,17.0,18.0,19.0	-18.554529992680926,-19.89709602244576,68.31886589959095,121.88329825732762,179.19810191353284,200.24549951005795,238.43407750611152,275.2717431326444,289.9363358592602,282.4420699571243,291.43508005415094,309.97419565497006,347.2617394426187,336.0739491855916,361.93477567649495,354.1281443221673,343.8943383303353,383.5838547492749,376.33994961369564,382.516576469164	hyperbolic	0.12	306978,,
306979	0.0,1.0,2.0,3.0,4.0,5.0,6.0,7.0,8.0,9.0,10.0,11.0,12.0,13.0,14.0,15.0,16.0,17.0,18.0,19.0	94.80717202469881,148.69546327500098,203.86644069590824,234.60208356066582,255.87493547630055,303.4425209818874,324.0979360599782,361.7599383637636,355.54780499207953,389.047642506226,383.39959071739264,396.3710924424138,408.2693738285819,434.1635129500998,462.45665726094774,465.7599177019484,449.8626764272458,461.4932899384803,472.9613956084294,479.1548439685897	hyperbolic	0.12	306979,,
306980	0.0,1.0,2.0,3.0,4.0,5.0,6.0,7.0,8.0,9.0,10.0,11.0,12.0,13.0,14.0,15.0,16.0,17.0,18.0,19.0	-351.25287952506636,-371.4079756295817,-14.835948163009277,92.74376943173326,118.30614760365137,170.02899937257388,217.56113659255345,235.84344992131696,248.90531126050678,256.9641424402986,267.4557971195434,263.0998236302603,272.57959521087673,289.9532556938384,280.86047120481123,302.01540646658043,255.52334151238836,281.66791920231674,277.1332758995501,301.7335046142791	hyperbolic	0.12	306980,,
306981	0.0,1.0,2.0,3.0,4.0,5.0,6.0,7.0,8.0,9.0,10.0,11.0,12.0,13.0,14.0,15.0,16.0,17.0,18.0,19.0	39.656303960437754,41.12571104165143,59.115912371244285,66.78646323418134,77.09792486676557,83.44439449906918,92.77375684435509,99.20446544440392,95.35278280508814,98.9705699158338,104.75863781826413,107.62879402292886,110.87704645783612,109.04971464447434,112.82157749195437,112.38996433390558,118.22160120710083,116.9978043688858,122.27392457141954,122.67207228849028	hyperbolic	0.12	306981,,
306982	0.0,1.0,2.0,3.0,4.0,5.0,6.0,7.0,8.0,9.0,10.0,11.0,12.0,13.0,14.0,15.0,16.0,17.0,18.0,19.0	35.35567590920261,43.242333932222294,44.091579188468856,42.627599625078645,43.94927064442428,56.77187148342274,60.87268403033755,70.83546864210884,84.96937124972152,91.36716753156102,95.08314095176917,93.31239989327375,99.17679353346927,101.40351666283856,110.04574543705309,109.15118924686624,108.35095240490352,114.10035309507006,115.72245779155826,114.36663475425128	hyperbolic	0.12	306982,,
306983	0.0,1.0,2.0,3.0,4.0,5.0,6.0,7.0,8.0,9.0,10.0,11.0,12.0,13.0,14.0,15.0,16.0,17.0,18.0,19.0	124.83224225328902,178.21181163257253,242.4458036535742,282.78195025741866,315.21259330042386,340.3520317853902,356.94748327753405,397.24334924365326,405.7159763752335,422.76380809684673,430.58664296053377,446.391511246131,451.8249320150497,450.0052611594262,456.2384369354588,483.11195972667196,469.1883302095701,498.59341356723286,501.7248662203462,490.6662679054886	hyperbolic	0.12	306983,,
306984	0.0,1.0,2.0,3.0,4.0,5.0,6.0,7.0,8.0,9.0,10.0,11.0,12.0,13.0,14.0,15.0,16.0,17.0,18.0,19.0	53.39462754319562,12.57213601643782,102.85419790840592,165.24824148200605,218.29711492416266,290.0998508543459,326.30091279509026,358.79826327808235,394.81299190352377,408.7206559168563,438.22502209415626,424.36809518902817,456.07864859210696,452.3622853310361,508.1968778219519,487.5474249016251,500.30929967527277,519.2402693363557,542.4039981279961,543.2692889580287	hyperbolic	0.12	306984,,
306985	0.0,1.0,2.0,3.0,4.0,5.0,6.0,7.0,8.0,9.0,10.0,11.0,12.0,13.0,14.0,15.0,16.0,17.0,18.0,19.0	-406.1201142588942,-413.2909692425363,-387.157159135583,-218.92268662947254,-58.573595771487874,-10.724066567627688,36.44077671542021,112.3446185154865,102.11181372697257,120.20925335049844,135.50378699428012,218.0493607404473,227.80736572294825,191.23992095065842,228.51735078316324,266.98166506855375,244.32372134296787,222.3369774746613,294.02332641271903,287.9284156389873	hyperbolic	0.12	306985,,
306986	0.0,1.0,2.0,3.0,4.0,5.0,6.0,7.0,8.0,9.0,10.0,11.0,12.0,13.0,14.0,15.0,16.0,17.0,18.0,19.0	158.68578931723954,153.57570541350302,191.36807460705327,212.92550206488966,242.32972442396888,246.05539794858453,271.702882197676,274.16929978695674,278.73263048956574,287.8504205100361,293.0668950914204,301.35098956495335,313.45180543889296,319.12183389356073,333.65250328095976,329.58105769396775,327.0319692390224,334.64324086075396,342.58494767035927,335.7929456932212	hyperbolic	0.12	306986,,
306987	0.0,1.0,2.0,3.0,4.0,5.0,6.0,7.0,8.0,9.0,10.0,11.0,12.0,13.0,14.0,15.0,16.0,17.0,18.0,19.0	205.53813915608953,306.02046109248215,342.56878828208437,395.2396255850492,411.3899980804575,443.21546307537085,448.5045419874119,467.996729617082,466.1115625792369,486.22040066603586,492.56378380127296,497.0303045748983,509.6215085310504,512.3808967843806,518.7390601144765,521.0848312377748,522.3237210303446,517.7478717815779,538.7028777965627,542.0286733789111	hyperbolic	0.12	306987,,
306988	0.0,1.0,2.0,3.0,4.0,5.0,6.0,7.0,8.0,9.0,10.0,11.0,12.0,13.0,14.0,15.0,16.0,17.0,18.0,19.0	524.4494449461739,495.21603172367924,551.7258541407031,558.1494211393327,653.7179803064714,800.011652453184,857.7029802904717,950.8437851586107,951.3902696688772,1034.007902436915,1061.6399611803174,1045.8978823636346,1048.3074472940966,1098.4626128943464,1125.5705707095804,1142.9909521780796,1177.8004500758839,1158.0297085496145,1140.0325318785076,1181.2877024095005	hyperbolic	0.12	306988,,
306989	0.0,1.0,2.0,3.0,4.0,5.0,6.0,7.0,8.0,9.0,10.0,11.0,12.0,13.0,14.0,15.0,16.0,17.0,18.0,19.0	50.7742169751518,28.019726870955566,52.53266261533174,34.34886446797139,87.3252585054471,148.16873860210728,174.35748302118523,199.96608784738828,221.1220389430198,229.88408947740945,270.0420644059118,294.60879889493685,286.11095535374875,300.00012381546276,317.53714719395305,332.0334204705051,336.83842038462586,348.117177600248,362.6072296372138,372.08049332775954	hyperbolic	0.12	306989,,
306990	0.0,1.0,2.0,3.0,4.0,5.0,6.0,7.0,8.0,9.0,10.0,11.0,12.0,13.0,14.0,15.0,16.0,17.0,18.0,19.0	-287.2037110822371,-339.703287628951,-301.7345372427467,-114.8367645050646,-13.93500045415135,86.51566600446449,97.01583222007991,167.19375942010123,205.93141394849653,246.90482753420565,308.9455594255174,291.53849652194856,318.89110636653874,319.7017377360321,377.3830209105112,402.1695093104727,379.56707944392565,414.9900163656598,427.8189489165013,425.27572105860054	hyperbolic	0.12	306990,,
306991	0.0,1.0,2.0,3.0,4.0,5.0,6.0,7.0,8.0,9.0,10.0,11.0,12.0,13.0,14.0,15.0,16.0,17.0,18.0,19.0	10.861909436384643,12.629357976414223,51.01707475479853,74.77771366881343,98.12234498176852,109.46871744462703,119.49215850722585,125.86378670068125,131.2327367251399,137.87798923841353,143.09931271810422,153.32423306406466,154.90620457957337,165.31558118862645,168.46943996713918,158.57240042900472,160.51843234413036,167.19144958906915,172.8526664533284,179.288752255488	hyperbolic	0.12	306991,,
306992	0.0,1.0,2.0,3.0,4.0,5.0,6.0,7.0,8.0,9.0,10.0,11.0,12.0,13.0,14.0,15.0,16.0,17.0,18.0,19.0	368.392879391068,308.7440792035381,334.5556945715622,364.22391392552305,965.1994989023925,1074.178605352149,1117.0426146651466,1098.512939247158,1147.773072073337,1121.3685717518306,1105.2742245482234,1133.485908626172,1108.2514724196171,1142.1007979707263,1136.588268625024,1176.1514959820693,1128.4168985538122,1165.6689745768065,1186.075440452128,1127.2056880953794	hyperbolic	0.12	306992,,
306993	0.0,1.0,2.0,3.0,4.0,5.0,6.0,7.0,8.0,9.0,10.0,11.0,12.0,13.0,14.0,15.0,16.0,17.0,18.0,19.0	-392.3254218992343,-365.5793385792242,-391.29853910124734,-386.51305136973474,-199.55160812698634,-102.41980703932711,5.377002807508973,27.248006871097516,68.59856744837361,123.3378799811394,120.99250496458467,115.82884897156976,153.84230017499294,204.4282180942849,210.196306851134,176.42353470944482,204.23727821903793,241.63151422739168,237.94490786328402,197.67953002276352	hyperbolic	0.12	306993,,
306994	0.0,1.0,2.0,3.0,4.0,5.0,6.0,7.0,8.0,9.0,10.0,11.0,12.0,13.0,14.0,15.0,16.0,17.0,18.0,19.0	469.4412075751179,453.3343056552017,464.119112010271,459.46535190848266,452.4518025495041,587.3505985575795,672.3654238100196,708.5682437686877,754.8518487319891,794.6386458010224,818.0692176593639,812.8639859709551,838.7760086204144,888.5023098292427,908.6179732455878,906.213161646931,914.0611502980558,890.3053476676197,938.1119779117662,931.7096699230461	hyperbolic	0.12	306994,,
306995	0.0,1.0,2.0,3.0,4.0,5.0,6.0,7.0,8.0,9.0,10.0,11.0,12.0,13.0,14.0,15.0,16.0,17.0,18.0,19.0	-243.08296628443148,-225.14643882737892,-190.9350611515429,-158.00686505675475,-111.83741098541918,-107.9063923096983,-86.11427405285497,-63.92686586605302,-43.838480807119936,-36.68812375415675,-21.949827831021736,-20.707704541374994,12.839541427543992,5.404724925148088,7.705685212738018,16.268819775107545,41.69960738313986,36.877645897062195,39.36071731437792,37.29222929005658	hyperbolic	0.12	306995,,
306996	0.0,1.0,2.0,3.0,4.0,5.0,6.0,7.0,8.0,9.0,10.0,11.0,12.0,13.0,14.0,15.0,16.0,17.0,18.0,19.0	-10.213573395963135,-8.109352232997516,-9.687107365607744,-11.042157705594175,7.177613874786477,10.902687483059875,20.05053081822058,33.54157585373062,41.746713612829645,41.17223431314308,46.46395011270379,48.77315213818118,56.718662397124724,61.3725217783226,57.103339967274295,63.630214091763136,61.4814067028625,67.00471592736729,67.7757747591115,69.61545696068985	hyperbolic	0.12	306996,,
306997	0.0,1.0,2.0,3.0,4.0,5.0,6.0,7.0,8.0,9.0,10.0,11.0,12.0,13.0,14.0,15.0,16.0,17.0,18.0,19.0	201.65557749839883,273.8658196701223,303.85050570767044,332.0553236804998,350.6991154678107,363.49853259222357,386.1167254429463,385.07808472411307,402.7270513571758,407.4074873475394,408.69537677909034,404.73696943807505,415.4910227673861,420.83745086772,416.25347497865505,424.5720007402107,428.18707523592906,426.20674192003196,423.7262174144484,435.5129333157551	hyperbolic	0.12	306997,,
306998	0.0,1.0,2.0,3.0,4.0,5.0,6.0,7.0,8.0,9.0,10.0,11.0,12.0,13.0,14.0,15.0,16.0,17.0,18.0,19.0	-2.3625862936469666,16.46758459939494,0.7163515965486376,4.44019313369262,34.438816772143475,60.36627757126549,82.78890940417517,101.28131546703361,116.04332842089411,124.59673160710526,137.86891732626356,140.58234869440736,157.87152136819688,167.36217733251877,177.3432740334823,175.4353620644681,189.90904323354653,189.14102763710576,198.68438730455992,207.0606054334528	hyperbolic	0.12	306998,,
306999	0.0,1.0,2.0,3.0,4.0,5.0,6.0,7.0,8.0,9.0,10.0,11.0,12.0,13.0,14.0,15.0,16.0,17.0,18.0,19.0	-475.78462300607936,-280.5957957514367,-221.69166080119624,-157.93589984595252,-131.13867152761702,-95.26136779857598,-56.39173368784293,-59.91702634846814,-49.955111250298216,-55.00186464362406,-37.51972535339911,-38.475890689345476,-25.634274462950884,-12.798038337082744,-4.14040119796897,10.34657475288111,-16.27763265806186,4.329367670739941,-8.719740549522498,-0.8574621338872248	hyperbolic	0.12	306999,,
307000	0.0,1.0,2.0,3.0,4.0,5.0,6.0,7.0,8.0,9.0,10.0,11.0,12.0,13.0,14.0,15.0,16.0,17.0,18.0,19.0	-38.30868535080855,-36.311539954276114,-37.52736182850825,-38.52286956056798,-39.1956018576913,-41.112003666105515,-44.17613061982014,-46.5719087785001,-47.63544040531062,-48.67530309782489,-51.320972262707976,-52.274390990733224,-56.60168435418916,-58.205431560279216,-60.02802741802295,-60.191492276153184,-62.279131591362614,-65.17026321867641,-66.29412011945337,-68.82011097391273	linear	0.12	307000,,
307001	0.0,1.0,2.0,3.0,4.0,5.0,6.0,7.0,8.0,9.0,10.0,11.0,12.0,13.0,14.0,15.0,16.0,17.0,18.0,19.0	31.092399527693175,32.23993304660662,32.8577369630665,26.624101271024365,25.042184964577928,21.6018321509516,20.47295735513309,15.809305283945108,12.25964756203237,8.711393752877186,0.2502800599724253,-3.1914612217582743,-4.488029979439439,-8.601808764510935,-16.14960124628287,-21.571794836037242,-25.880308983868098,-28.386750151935367,-30.88330307881862,-36.6731274595372	linear	0.12	307001,,
307002	0.0,1.0,2.0,3.0,4.0,5.0,6.0,7.0,8.0,9.0,10.0,11.0,12.0,13.0,14.0,15.0,16.0,17.0,18.0,19.0	-77.23748529108295,-75.50551942699336,-70.93929741873347,-69.67693336728091,-66.02728189824394,-64.30445925984233,-58.39200812204115,-55.112224014995334,-53.65929930219973,-48.72474109927646,-48.78575925066721,-45.081985334246625,-43.38401564302336,-35.86641711943938,-35.49244974202881,-31.568497847743295,-29.27386365825936,-24.476640298894047,-25.404525457691243,-18.20073393643181	linear	0.12	307002,,
307003	0.0,1.0,2.0,3.0,4.0,5.0,6.0,7.0,8.0,9.0,10.0,11.0,12.0,13.0,14.0,15.0,16.0,17.0,18.0,19.0	-136.78079666461707,-134.2740169880605,-131.4811524098842,-132.90614040616686,-127.53420731067325,-132.29702933204868,-137.07637554733677,-151.35118345066655,-154.43637824536313,-164.1452128093976,-176.1275914083289,-183.55960932573316,-192.0430974367162,-194.41154033123246,-200.48149867552777,-216.5898279983502,-226.0688046073128,-230.25410532270826,-239.104841267955,-248.11195925818603	linear	0.12	307003,,
307004	0.0,1.0,2.0,3.0,4.0,5.0,6.0,7.0,8.0,9.0,10.0,11.0,12.0,13.0,14.0,15.0,16.0,17.0,18.0,19.0	29.021027701933985,29.501351868757247,29.324705427243465,30.78731019484799,32.09918564811055,33.45559417194114,32.95435727936862,33.82781018907394,36.86291110335969,35.71778963002829,37.54477015886637,37.514417624802135,39.39026551848772,39.056791839897876,42.97384091484647,41.422467180582046,43.104671464991306,43.05724367072408,46.90087682052794,47.89673193946213	linear	0.12	307004,,
307005	0.0,1.0,2.0,3.0,4.0,5.0,6.0,7.0,8.0,9.0,10.0,11.0,12.0,13.0,14.0,15.0,16.0,17.0,18.0,19.0	-166.11703691275426,-161.87164248475955,-166.06137665052233,-151.75293131950508,-142.51961451273723,-133.52735401818052,-126.0409739259588,-113.12173721454558,-97.83456430089015,-100.96473335335378,-74.71658805493902,-66.5094054224862,-63.91088946440382,-45.97723775363346,-43.48987262490178,-24.209292443755913,-22.447169541264188,-3.924951475321663,-5.8127705511681,7.197749127835479	linear	0.12	307005,,
307006	0.0,1.0,2.0,3.0,4.0,5.0,6.0,7.0,8.0,9.0,10.0,11.0,12.0,13.0,14.0,15.0,16.0,17.0,18.0,19.0	19.41613106401011,19.389704248135583,17.619083562785868,21.22520186902682,21.19996264105003,23.560369718717972,25.252704082148284,29.03712153387564,31.03643068954506,33.99484256857173,33.232023526388986,36.64622767176178,38.873604246684174,40.703541257647615,41.61429936015679,46.13596087094808,46.862858299047176,48.20814842653603,50.918845405701894,53.69749617916041	linear	0.12	307006,,
307007	0.0,1.0,2.0,3.0,4.0,5.0,6.0,7.0,8.0,9.0,10.0,11.0,12.0,13.0,14.0,15.0,16.0,17.0,18.0,19.0	-85.33376063340086,-89.81789298178636,-89.1459626469516,-96.66846556691246,-101.37998572431223,-104.33243481494367,-114.80870370719316,-120.39282094950818,-117.94666379115286,-123.05787530939011,-127.81139823564186,-137.91333052416613,-145.4289894391041,-146.64323788560512,-150.26584742617243,-155.13052482364543,-161.12569586427264,-164.36929299386432,-174.26134398695936,-174.7767409104366	linear	0.12	307007,,
307008	0.0,1.0,2.0,3.0,4.0,5.0,6.0,7.0,8.0,9.0,10.0,11.0,12.0,13.0,14.0,15.0,16.0,17.0,18.0,19.0	171.94925237983784,186.9322363970534,194.10695735103252,196.21990647850006,213.74550392651355,227.39433577647648,228.21714618144313,241.70359596011585,244.53646419914867,254.76171177288597,269.8820737937886,286.62922948413603,295.6427425846038,306.9867588521843,311.64135503791,325.5933857944266,334.88771050098705,342.21787521061606,355.9290662844287,367.05285724723615	linear	0.12	307008,,
307009	0.0,1.0,2.0,3.0,4.0,5.0,6.0,7.0,8.0,9.0,10.0,11.0,12.0,13.0,14.0,15.0,16.0,17.0,18.0,19.0	-11.376169844565865,-9.80541202122592,-8.746801514407835,-14.961160050906969,-20.23681581078347,-23.527943283714137,-35.55784976156936,-42.066454616963824,-45.12469420360034,-65.27960120191567,-69.37411068575403,-73.92798386210396,-87.1559476371209,-93.77956818202995,-101.71946148632139,-109.4627933569062,-117.71066706515404,-128.8677905528151,-134.95843314049904,-142.80023994692777	linear	0.12	307009,,
307010	0.0,1.0,2.0,3.0,4.0,5.0,6.0,7.0,8.0,9.0,10.0,11.0,12.0,13.0,14.0,15.0,16.0,17.0,18.0,19.0	40.439607407495316,55.80081271773963,53.1321076591192,39.18710277634483,21.899134899371333,9.65035071969477,13.379753762852417,-1.308489547703303,-11.28587808587072,-26.283525454976285,-25.027851450970104,-34.26306678876688,-48.82310959272945,-60.15751245317304,-70.01879240017307,-90.24398415729925,-92.55094577247749,-109.6860379755233,-115.10212476176332,-130.6238127582359	linear	0.12	307010,,
307011	0.0,1.0,2.0,3.0,4.0,5.0,6.0,7.0,8.0,9.0,10.0,11.0,12.0,13.0,14.0,15.0,16.0,17.0,18.0,19.0	-65.68002890314978,-58.174120686462835,-58.81346253421176,-54.1636122928181,-48.55828619020627,-46.09266584814152,-39.242586647364924,-35.05851724175875,-29.661278410652876,-28.910021559743356,-20.143480533435707,-21.256064007737265,-12.794919290878248,-12.884973232438206,-4.247271580897312,-0.6578142652919965,-2.294153832881598,4.943094417031119,8.253280701534841,11.95601021700601	linear	0.12	307011,,
307012	0.0,1.0,2.0,3.0,4.0,5.0,6.0,7.0,8.0,9.0,10.0,11.0,12.0,13.0,14.0,15.0,16.0,17.0,18.0,19.0	-98.55863969395823,-91.48290130266936,-79.05687061616818,-77.77989753945846,-74.28200654845162,-59.098110904639825,-50.290358108598014,-50.230959109580354,-31.906862303915588,-34.96192196098042,-14.543600289745385,-13.262790424619709,-0.16929515791987626,8.791711038296825,5.569976749155316,19.89846913189426,21.252406381188706,31.97122097608562,38.454582917512084,49.96812285215593	linear	0.12	307012,,
307013	0.0,1.0,2.0,3.0,4.0,5.0,6.0,7.0,8.0,9.0,10.0,11.0,12.0,13.0,14.0,15.0,16.0,17.0,18.0,19.0	-82.78324515485609,-75.86484961900841,-73.42855821194829,-74.03877377959716,-80.535615118568,-86.17568511809176,-94.1968702228192,-94.56403187484699,-103.04991175392898,-111.30872144894818,-120.09571624852649,-129.18242350980256,-136.67537395245355,-141.9923018730089,-145.38787200324188,-151.5393229375213,-158.72138640113076,-164.95023808506457,-180.7382038727355,-181.8313597657206	linear	0.12	307013,,
307014	0.0,1.0,2.0,3.0,4.0,5.0,6.0,7.0,8.0,9.0,10.0,11.0,12.0,13.0,14.0,15.0,16.0,17.0,18.0,19.0	-68.88950813715363,-66.37025612780599,-67.98462541911842,-65.31609362768056,-64.10042297056424,-63.05117430299048,-58.96027077634197,-58.8022995760789,-57.15355798882083,-55.03795816074679,-50.694521675843134,-50.91648563868625,-48.95297888223642,-43.855671907660806,-42.96104555458835,-42.876901264488644,-40.34025628702724,-36.888470888881315,-36.62107709457483,-33.09356754791786	linear	0.12	307014,,
307015	0.0,1.0,2.0,3.0,4.0,5.0,6.0,7.0,8.0,9.0,10.0,11.0,12.0,13.0,14.0,15.0,16.0,17.0,18.0,19.0	131.97459682496498,132.27774656536326,131.91978687692378,126.75148285680521,123.22399351104445,118.56475076785509,119.39015362908208,113.9411660439796,112.68573485892722,108.53619637643683,103.76262566002563,99.83648599783649,90.49369067922467,92.20802161631892,84.18445796191608,81.20686915071045,79.6872916363528,75.57891073062791,68.31507542797631,66.29181694046633	linear	0.12	307015,,
307016	0.0,1.0,2.0,3.0,4.0,5.0,6.0,7.0,8.0,9.0,10.0,11.0,12.0,13.0,14.0,15.0,16.0,17.0,18.0,19.0	-102.33472496078787,-102.63176555743905,-102.90489454700915,-101.2331395210731,-122.23508577012308,-131.3247888830291,-133.6047077239399,-137.00246480718195,-146.0620572971579,-152.8949782283629,-165.88204968246887,-183.10494588138235,-185.57523315134563,-190.39339629588014,-212.7675872692042,-221.75434996683234,-227.95637466502976,-237.50458827549238,-248.8213019919655,-243.93317719283903	linear	0.12	307016,,
307017	0.0,1.0,2.0,3.0,4.0,5.0,6.0,7.0,8.0,9.0,10.0,11.0,12.0,13.0,14.0,15.0,16.0,17.0,18.0,19.0	-19.282910881087002,-17.62574422127159,-20.48528101926869,-20.589776096700668,-20.714995443961634,-23.245590494649072,-24.626442459680696,-25.21428534887997,-26.243668977118716,-24.737377514944004,-27.586719214864353,-29.543398193935534,-30.43027547506692,-28.901560664577204,-30.92141806700929,-32.20390876482308,-32.18586592679607,-32.94971002646253,-36.339004625480925,-36.65460074233969	linear	0.12	307017,,
307018	0.0,1.0,2.0,3.0,4.0,5.0,6.0,7.0,8.0,9.0,10.0,11.0,12.0,13.0,14.0,15.0,16.0,17.0,18.0,19.0	2.649365357854279,0.14668695281741861,-0.32931326225074997,-11.240854438084867,-17.09089832756989,-14.835029231707367,-26.569468616642013,-25.906792192710455,-31.396366449220892,-42.52927505744918,-41.150062684702405,-44.94858156587277,-50.705291583779115,-60.20385939208498,-63.236026503834736,-69.0093998786368,-75.64208469024814,-76.95890077090687,-84.97405363878102,-84.92606915680244	linear	0.12	307018,,
307019	0.0,1.0,2.0,3.0,4.0,5.0,6.0,7.0,8.0,9.0,10.0,11.0,12.0,13.0,14.0,15.0,16.0,17.0,18.0,19.0	37.64245606783731,34.18702850178396,35.87687966537469,47.94482526392788,53.33633103797259,50.55492102167791,57.45531662100761,68.39891990206536,70.70686344908299,77.32010092668148,83.02558090934045,88.8350235448505,85.61995450374958,92.56579612460334,97.94524757926354,108.65345158964989,112.69600099441718,110.5038588714292,122.98235364248967,127.25314996790553	linear	0.12	307019,,
307020	0.0,1.0,2.0,3.0,4.0,5.0,6.0,7.0,8.0,9.0,10.0,11.0,12.0,13.0,14.0,15.0,16.0,17.0,18.0,19.0	-35.30975165824832,-34.78306615935445,-28.50913764932156,-17.30174999296709,-16.26975773039993,2.822308814478177,0.7884857035810171,17.317722233233653,27.171202070336832,24.82983604306439,48.43402470707109,49.4591783666273,67.11911389178543,61.166918031259826,71.91276131175451,88.5447798144477,93.71331408793026,108.13898818229805,112.61948561489262,129.7248741555648	linear	0.12	307020,,
307021	0.0,1.0,2.0,3.0,4.0,5.0,6.0,7.0,8.0,9.0,10.0,11.0,12.0,13.0,14.0,15.0,16.0,17.0,18.0,19.0	29.431186702849,29.888828325555878,32.76803698255272,32.194933245551056,34.017096465260856,35.47015304874553,34.84457742324957,37.66621895223923,37.74461625424545,38.778708859716154,39.708223711060135,39.62861445875106,41.30026031732999,42.87608986951613,43.890823342067165,44.96604923950984,44.95902146915801,47.88529132776291,49.17885237203191,48.78141242605622	linear	0.12	307021,,
307022	0.0,1.0,2.0,3.0,4.0,5.0,6.0,7.0,8.0,9.0,10.0,11.0,12.0,13.0,14.0,15.0,16.0,17.0,18.0,19.0	-87.47713051669174,-88.05105716831636,-90.43436957305082,-90.29649116931648,-88.05072645670035,-91.461652125909,-92.05380329716456,-97.27501702313202,-99.50821168830109,-104.12177268959124,-107.54980862334527,-112.33214843377856,-116.40311820270608,-118.44959100914637,-122.30566437539322,-127.19220890407118,-132.18138037474256,-136.01532279797874,-141.05910592014268,-146.03794998596493	linear	0.12	307022,,
307023	0.0,1.0,2.0,3.0,4.0,5.0,6.0,7.0,8.0,9.0,10.0,11.0,12.0,13.0,14.0,15.0,16.0,17.0,18.0,19.0	-109.33894904228538,-104.79200768389802,-114.56975367191822,-111.97849722860929,-116.9455388882056,-118.02929091484899,-125.6397266403061,-130.80592372697203,-140.71563548525364,-146.63450620300608,-155.43777430033322,-160.1698533407669,-162.47061300687614,-166.67252194174984,-175.46725419014984,-180.69923303197956,-184.6799647244036,-195.2915403580894,-201.86971357002986,-205.43369404827894	linear	0.12	307023,,
307024	0.0,1.0,2.0,3.0,4.0,5.0,6.0,7.0,8.0,9.0,10.0,11.0,12.0,13.0,14.0,15.0,16.0,17.0,18.0,19.0	8.105250607770941,2.2899310222554448,5.232244361523669,-6.089647215753146,-11.191924482993642,-11.686168107631744,-23.526531364777455,-22.93341717702691,-37.364439274333705,-37.854464530130244,-49.72216194445291,-52.87368646903046,-57.9154881507619,-62.84987566909504,-66.49595338675708,-69.87254678432437,-79.68821023888611,-91.76864792451403,-90.48471384384877,-101.23487887816056	linear	0.12	307024,,
307025	0.0,1.0,2.0,3.0,4.0,5.0,6.0,7.0,8.0,9.0,10.0,11.0,12.0,13.0,14.0,15.0,16.0,17.0,18.0,19.0	-130.18439994390658,-129.00676845974328,-119.84796160792885,-120.63374582423577,-121.47832604439475,-100.46093744700514,-96.52623681893132,-91.26678523939239,-84.93796413130808,-65.73400613635965,-60.1086577417184,-59.20412971581638,-43.586567942760624,-40.996098749654564,-21.345697476541808,-8.994191087665698,-6.766198877716981,0.005717673465881035,17.353644539335633,14.749185474086488	linear	0.12	307025,,
307026	0.0,1.0,2.0,3.0,4.0,5.0,6.0,7.0,8.0,9.0,10.0,11.0,12.0,13.0,14.0,15.0,16.0,17.0,18.0,19.0	48.36885399409959,45.771043320448456,44.35572659552391,47.45630267565126,52.653468752705116,57.06687177743715,65.72154441521228,75.7864901107233,91.05323439596717,93.16714303700792,102.48026253374816,108.76807105839808,119.46578368473781,127.46956763445974,134.97983410890436,150.94758307706715,150.52235520543394,164.42040595458258,178.53198161020887,177.08818071732048	linear	0.12	307026,,
307027	0.0,1.0,2.0,3.0,4.0,5.0,6.0,7.0,8.0,9.0,10.0,11.0,12.0,13.0,14.0,15.0,16.0,17.0,18.0,19.0	44.55000010282693,35.74721405570307,22.98748051329845,22.50764208051565,3.204611698836942,-3.091772137771926,-14.508220203811547,-18.89220662646329,-30.321266542407912,-33.52726509487576,-34.826573528640125,-44.74306515667365,-58.786580756077,-61.363313573716155,-73.63624622679369,-75.32145025866225,-88.57041692887645,-103.14852551464706,-98.30552131053389,-114.19496330814016	linear	0.12	307027,,
307028	0.0,1.0,2.0,3.0,4.0,5.0,6.0,7.0,8.0,9.0,10.0,11.0,12.0,13.0,14.0,15.0,16.0,17.0,18.0,19.0	41.49770776504682,39.99391223534541,42.65459526026199,32.93122046886751,29.960597247070393,39.29536674049183,57.38607417364229,64.38174346537878,77.4943085109259,80.07233326027367,96.42404747884555,105.47721467958738,112.59385746698865,121.50942513172077,125.98014576508243,133.76174767155302,147.25499450836304,153.2606884839147,156.49851116619138,168.40555819765223	linear	0.12	307028,,
307029	0.0,1.0,2.0,3.0,4.0,5.0,6.0,7.0,8.0,9.0,10.0,11.0,12.0,13.0,14.0,15.0,16.0,17.0,18.0,19.0	20.479375992256838,22.32456033206502,19.575574221561926,22.14495824490241,23.54347750159819,25.271077730204617,27.719486502598265,32.12402757961425,32.30383375172087,34.68178829841669,35.81509950253524,40.162970425350395,39.10752608608955,41.66730558488644,45.224961710826925,48.01697079049558,49.135354645085805,51.804858472949455,52.15381456600807,54.82454723881244	linear	0.12	307029,,
307030	0.0,1.0,2.0,3.0,4.0,5.0,6.0,7.0,8.0,9.0,10.0,11.0,12.0,13.0,14.0,15.0,16.0,17.0,18.0,19.0	81.07468523552804,81.39761667851641,89.34760202247682,81.0809495581529,87.61938966281848,89.03958693628468,93.08303184707034,99.00005509674548,106.48165672004157,114.45291233163908,118.31385988356755,125.77969451775735,130.17615779874237,138.20384124471343,143.88663856538506,152.71446997015622,152.89903812876506,163.1183087221667,169.98171283186355,173.28881565631943	linear	0.12	307030,,
307031	0.0,1.0,2.0,3.0,4.0,5.0,6.0,7.0,8.0,9.0,10.0,11.0,12.0,13.0,14.0,15.0,16.0,17.0,18.0,19.0	49.98409272143894,54.04121662363134,43.73121664843145,29.517108031368636,27.92122895630743,17.048266847036984,11.458039909150521,11.259163709124287,-3.2457879176180455,-11.345753840752764,-9.801190942002698,-17.193237604943405,-26.053301247640448,-34.88543413544475,-39.7038772936537,-47.73270389314917,-49.27740885656613,-65.73735521248953,-66.80010113047135,-72.1569070605365	linear	0.12	307031,,
307032	0.0,1.0,2.0,3.0,4.0,5.0,6.0,7.0,8.0,9.0,10.0,11.0,12.0,13.0,14.0,15.0,16.0,17.0,18.0,19.0	-129.41693734877794,-120.24498703171915,-129.97097326930972,-155.0617338760306,-154.0952196160384,-165.4930920355574,-185.6439792410584,-184.69669998704595,-193.94702667748203,-210.27908651287746,-212.41688707645886,-231.92365041686452,-238.25810139853334,-239.0630428511879,-255.94337599018206,-267.2540506568818,-285.13432456563555,-279.4666130664218,-289.45354084347196,-312.228303894424	linear	0.12	307032,,
307033	0.0,1.0,2.0,3.0,4.0,5.0,6.0,7.0,8.0,9.0,10.0,11.0,12.0,13.0,14.0,15.0,16.0,17.0,18.0,19.0	-103.93852051413158,-104.31258918403653,-101.99943005788612,-99.4281497103642,-100.0393853592878,-98.57587579871478,-92.83757308062036,-87.48755036491858,-81.73677775548947,-79.61889128843244,-73.4200644644354,-65.60799245220173,-57.07185562586382,-57.78844697061306,-50.16036570012286,-45.13953933162514,-39.83185708355009,-32.67885031412722,-23.59646602591441,-20.608218891649777	linear	0.12	307033,,
307034	0.0,1.0,2.0,3.0,4.0,5.0,6.0,7.0,8.0,9.0,10.0,11.0,12.0,13.0,14.0,15.0,16.0,17.0,18.0,19.0	-255.7549273225713,-258.56860702185014,-252.93124746477244,-259.9052881833175,-265.9808364888098,-281.3245242213486,-299.1912321894772,-300.0163587954836,-305.2840661627138,-315.82318871655366,-342.05255652750844,-349.32713908805107,-354.89209916663685,-358.9711737963115,-382.11290634135014,-378.330210154582,-398.89685663869824,-399.6806222595354,-405.87316846329963,-427.23532431498074	linear	0.12	307034,,
307035	0.0,1.0,2.0,3.0,4.0,5.0,6.0,7.0,8.0,9.0,10.0,11.0,12.0,13.0,14.0,15.0,16.0,17.0,18.0,19.0	-96.18362533241819,-85.57418275853924,-81.66970893376305,-72.48124128759316,-65.7803780033946,-42.93680619196559,-37.33092984630106,-28.995151210847183,-23.607467604153797,-19.516594985804915,-11.760371449679525,2.0227116155488147,14.212324736893876,28.54142990741606,30.838802554446232,41.071341865813594,54.46330123365628,52.47316378696384,66.55691494318006,72.27371578661061	linear	0.12	307035,,
307036	0.0,1.0,2.0,3.0,4.0,5.0,6.0,7.0,8.0,9.0,10.0,11.0,12.0,13.0,14.0,15.0,16.0,17.0,18.0,19.0	-118.37972587713087,-113.88116646465649,-107.51349754881643,-109.61972320506715,-114.8360021920971,-118.12570352786469,-138.23744890550677,-141.5689205672027,-152.93786286327799,-170.12201082387307,-166.97004248110488,-187.17083040100084,-199.94521558905498,-210.85479028556801,-211.84429901537519,-223.0534493041431,-237.50081348938303,-236.0754087217652,-252.80474154682548,-261.2011748977291	linear	0.12	307036,,
307037	0.0,1.0,2.0,3.0,4.0,5.0,6.0,7.0,8.0,9.0,10.0,11.0,12.0,13.0,14.0,15.0,16.0,17.0,18.0,19.0	-49.26677541715181,-50.67362680754813,-51.30332440014452,-49.47934970333026,-51.8105614994478,-53.322365066695525,-55.47344028855356,-59.48091544370173,-60.69599452005618,-62.891949912796676,-62.997042818637155,-65.92938901645252,-67.18059785536533,-68.88270346415601,-72.64596526161968,-75.73713013623292,-77.51990610654035,-77.23723524320309,-79.41936478487189,-81.39154416363262	linear	0.12	307037,,
307038	0.0,1.0,2.0,3.0,4.0,5.0,6.0,7.0,8.0,9.0,10.0,11.0,12.0,13.0,14.0,15.0,16.0,17.0,18.0,19.0	-98.6321783326548,-97.69615105039034,-95.84345278830698,-98.5381620472065,-97.2680298664732,-98.38415778688855,-97.84627673507813,-100.3093634062799,-100.01620708855353,-102.4406184554058,-102.45969029895491,-103.28332003013385,-106.31269243911842,-107.20644094450135,-107.43017611994327,-108.18304437894874,-110.23832678617707,-109.40881285886796,-111.28920883909069,-113.42951707282342	linear	0.12	307038,,
307039	0.0,1.0,2.0,3.0,4.0,5.0,6.0,7.0,8.0,9.0,10.0,11.0,12.0,13.0,14.0,15.0,16.0,17.0,18.0,19.0	1.6225688100943358,-2.5810221024032245,6.960926524986149,8.920357799620163,15.330030680974147,20.532205113735827,22.46943795683805,29.47186486575724,37.42054815732698,35.961764681709994,46.6734060244557,48.703032894924675,54.608515818824614,56.41915732000342,65.73493236809954,68.9538755818596,73.37223055159089,75.84413999550705,85.7650455186845,89.86015277527713	linear	0.12	307039,,
307040	0.0,1.0,2.0,3.0,4.0,5.0,6.0,7.0,8.0,9.0,10.0,11.0,12.0,13.0,14.0,15.0,16.0,17.0,18.0,19.0	29.161844036379442,29.279423050401917,34.88601984809226,26.724973526659568,29.497981286820227,30.676627956139257,38.362206500049524,45.477330679813065,48.470692000165826,61.2583704983653,68.6898769966937,79.40346623964821,84.05056914683968,97.70121544937763,99.68346396950109,107.78248042047721,122.65336413004198,130.49648612008153,139.03068929546924,142.33517625818138	linear	0.12	307040,,
307041	0.0,1.0,2.0,3.0,4.0,5.0,6.0,7.0,8.0,9.0,10.0,11.0,12.0,13.0,14.0,15.0,16.0,17.0,18.0,19.0	93.65239858043175,93.31076837217492,87.84361000859604,99.11859991419968,105.0143328186401,122.39410464719745,123.24542272754002,132.1960038874183,140.19217352303002,150.47010276840103,148.71376820981592,166.41042895533167,175.93104921154497,185.563617203946,184.72831885843587,200.72212317603362,197.23215656037104,204.78422180044703,217.73762213400119,229.7663216738235	linear	0.12	307041,,
307042	0.0,1.0,2.0,3.0,4.0,5.0,6.0,7.0,8.0,9.0,10.0,11.0,12.0,13.0,14.0,15.0,16.0,17.0,18.0,19.0	46.32655406718885,48.25885058850075,48.37853997734446,48.329390443338625,52.65889540228377,53.32866562784159,55.54492412153602,58.922850014660504,60.17626589752379,63.17059477106355,64.093169335559,66.18624081390325,68.68802524458516,70.67341079782763,70.86600125381185,75.04306342617096,76.76101596563691,78.11771402078885,80.45932104082851,82.21033766531666	linear	0.12	307042,,
307043	0.0,1.0,2.0,3.0,4.0,5.0,6.0,7.0,8.0,9.0,10.0,11.0,12.0,13.0,14.0,15.0,16.0,17.0,18.0,19.0	28.083067637594255,28.19671545424788,17.335002796762765,21.632506287922112,28.34517075560676,24.97725645196641,35.55941043968298,47.7282745598054,48.285595318949234,61.244829349260684,72.0029836656235,77.17501285637603,88.79288845061107,101.08835947336723,101.84354673131084,113.24836410717246,124.92022865060714,134.45412383273924,142.7921199976954,149.15228305752433	linear	0.12	307043,,
307044	0.0,1.0,2.0,3.0,4.0,5.0,6.0,7.0,8.0,9.0,10.0,11.0,12.0,13.0,14.0,15.0,16.0,17.0,18.0,19.0	7.044593635012607,8.17355532703668,7.861976616651045,7.290209637981203,12.090953040696744,8.641036658705964,8.745041672166668,0.7759195421911258,-1.5425802000395379,-6.668018213164224,-11.514378640729074,-16.266146790080477,-20.629070378696678,-21.130928029284405,-26.27880583549667,-32.266047122403634,-32.891654331719494,-39.921869406478365,-41.46530530529076,-45.43004330256248	linear	0.12	307044,,
307045	0.0,1.0,2.0,3.0,4.0,5.0,6.0,7.0,8.0,9.0,10.0,11.0,12.0,13.0,14.0,15.0,16.0,17.0,18.0,19.0	-15.007719834392958,-12.83923413574658,-8.601018855896577,-13.4965717765634,-3.692536272695108,7.605729158218338,11.199466971782137,21.626383143120584,27.186817812109602,31.66651377414461,43.65672992120094,50.01550701690538,50.410546636827355,59.40135969626948,66.4266304480428,69.63345736447837,84.31670260581555,82.92348791047411,94.67240743304151,102.50388118596133	linear	0.12	307045,,
307046	0.0,1.0,2.0,3.0,4.0,5.0,6.0,7.0,8.0,9.0,10.0,11.0,12.0,13.0,14.0,15.0,16.0,17.0,18.0,19.0	45.29898755961543,42.53630285209455,40.99387583513827,38.77527068452369,35.46666446151316,29.47743369345995,30.222249135546022,27.13361458832042,25.303635752997547,22.40869807129453,16.66340288541504,13.508181943507147,11.151638000470577,9.529743239415971,2.8796467025996293,0.7166817240831165,-2.13038805521764,-5.381481809480061,-8.55324417959751,-11.093237058521456	linear	0.12	307046,,
307047	0.0,1.0,2.0,3.0,4.0,5.0,6.0,7.0,8.0,9.0,10.0,11.0,12.0,13.0,14.0,15.0,16.0,17.0,18.0,19.0	125.4269074206926,130.8463320452074,130.96680951034418,129.80409452061494,115.03522573420739,111.68659423421273,96.03649934515198,83.88775773834888,84.42534657360557,74.99299890138866,60.37817510674615,51.45255904611909,45.90273123516535,35.60540543390499,23.33239288693463,11.291448705708682,7.119593748828013,-3.331978085808121,-15.023366066989016,-17.151140670654694	linear	0.12	307047,,
307048	0.0,1.0,2.0,3.0,4.0,5.0,6.0,7.0,8.0,9.0,10.0,11.0,12.0,13.0,14.0,15.0,16.0,17.0,18.0,19.0	104.8230984757806,116.1860530747652,101.26583943649501,110.33920932998205,93.45472409222728,91.86781204668421,80.60485699944877,76.87281188724404,51.08394252852926,53.27040631524656,32.78913467285341,33.58807311553829,15.606322420399692,13.858897349864009,-9.017153767157225,-16.968322230734998,-13.86874379670931,-34.84008113052843,-33.106292504790076,-53.04863742288475	linear	0.12	307048,,
307049	0.0,1.0,2.0,3.0,4.0,5.0,6.0,7.0,8.0,9.0,10.0,11.0,12.0,13.0,14.0,15.0,16.0,17.0,18.0,19.0	-225.93035892010454,-235.42056091400073,-249.7653291813754,-253.24304744693748,-258.06754809724345,-267.5133094181338,-280.1439325284692,-280.9504451503926,-289.6675573519914,-304.199855536678,-312.8326538961785,-311.2183245368732,-330.7065191240155,-334.56605366271754,-347.4115885386364,-352.94889967917743,-355.52657178067454,-361.7145980786119,-373.9898555384247,-383.71148922218214	linear	0.12	307049,,
307050	0.0,1.0,2.0,3.0,4.0,5.0,6.0,7.0,8.0,9.0,10.0,11.0,12.0,13.0,14.0,15.0,16.0,17.0,18.0,19.0	127.20279270616446,131.98050333424888,135.302417136272,131.99331682747726,138.41552858571998,145.0757521592457,157.01023621068828,156.13659835267256,165.48174910368954,173.5352095708033,179.5321665235469,184.13364471333406,193.29041629750395,206.55065178075768,204.39284686995572,216.95308925180586,225.3784444437365,229.53605840419584,239.15352892155715,241.55547689813045	linear	0.12	307050,,
307051	0.0,1.0,2.0,3.0,4.0,5.0,6.0,7.0,8.0,9.0,10.0,11.0,12.0,13.0,14.0,15.0,16.0,17.0,18.0,19.0	49.01958425050066,50.10829679449424,50.008587027247756,49.05824138350696,67.99008750183076,69.75551492735563,85.64506934442703,88.39533279056184,106.21589028518943,114.78327161974033,120.34854075148037,140.1673284458756,146.65455421948442,149.22096360916265,159.0111745363439,175.97661161386193,177.72068239555983,193.21602662676491,200.2801151525667,206.78115811858441	linear	0.12	307051,,
307052	0.0,1.0,2.0,3.0,4.0,5.0,6.0,7.0,8.0,9.0,10.0,11.0,12.0,13.0,14.0,15.0,16.0,17.0,18.0,19.0	12.50460109538519,21.79088439183802,24.613723419914514,33.37528548436613,45.124735007588654,66.12306085897342,77.60251791119484,75.14992355617733,87.00802887377293,104.2814769948609,112.44516761318228,124.32031497988828,136.35762387690528,135.65654325792326,147.74697638034013,158.53269357158337,161.72681714982588,188.04515081777555,191.73969659326286,195.51341582200416	linear	0.12	307052,,
307053	0.0,1.0,2.0,3.0,4.0,5.0,6.0,7.0,8.0,9.0,10.0,11.0,12.0,13.0,14.0,15.0,16.0,17.0,18.0,19.0	-44.077981245726,-46.026327986375364,-46.867807282302536,-46.66503657099359,-52.01095541374207,-45.275472758950855,-36.1610547911248,-28.359904210038565,-26.990325952592002,-19.32957083228034,-12.725661850946494,-2.285073079146642,2.2118121401228095,7.947901932834412,12.85567690596676,21.075252208918627,24.691483246093654,33.45460155551817,39.51357536724352,43.09547683537893	linear	0.12	307053,,
307054	0.0,1.0,2.0,3.0,4.0,5.0,6.0,7.0,8.0,9.0,10.0,11.0,12.0,13.0,14.0,15.0,16.0,17.0,18.0,19.0	-123.78690003478688,-130.83367306934696,-125.76147652170235,-116.33100788830313,-117.65126299372304,-105.76870034640973,-99.65961779571418,-88.34724719703807,-83.06161134417866,-75.01705221923399,-65.38017468108592,-61.37880370930985,-53.81779505232336,-36.54410035151571,-29.03204190272612,-24.973742342297072,-23.234057499750705,-13.237686588428232,-2.9992666256957534,6.472590946602267	linear	0.12	307054,,
307055	0.0,1.0,2.0,3.0,4.0,5.0,6.0,7.0,8.0,9.0,10.0,11.0,12.0,13.0,14.0,15.0,16.0,17.0,18.0,19.0	62.24570009110994,64.2275217983436,66.74357779689163,66.10527641860203,66.20678874658641,65.3406870171335,70.46539242354159,72.24144801950993,78.8330478460924,82.93937021352377,90.07140857725315,92.42552041411082,99.56235716511704,102.29674698637965,109.7423640101467,114.17579614543433,121.09914411301604,125.4290993664564,127.17855394371782,134.36367549208404	linear	0.12	307055,,
307056	0.0,1.0,2.0,3.0,4.0,5.0,6.0,7.0,8.0,9.0,10.0,11.0,12.0,13.0,14.0,15.0,16.0,17.0,18.0,19.0	31.786523391875612,41.86656562501956,45.715123663715616,53.320504831679656,58.86953929060438,68.84132469052908,78.66085330538972,87.34416162477075,100.44128642257681,114.47108886158466,128.88654685412192,126.32581905598119,149.82395387354913,163.03267250351203,160.5507171459749,172.7015814770606,189.24135501610715,195.01487581753148,199.39139602098766,210.59329776709527	linear	0.12	307056,,
307057	0.0,1.0,2.0,3.0,4.0,5.0,6.0,7.0,8.0,9.0,10.0,11.0,12.0,13.0,14.0,15.0,16.0,17.0,18.0,19.0	23.344592418529167,25.12435394075375,23.133782361839778,24.816233540834332,25.061983733789063,21.34982921081155,19.410715452160744,16.858137169102047,16.082665941000293,15.370305127150774,13.035367251299627,9.896672195266568,9.45332449274234,7.48838876019426,5.209654447038144,1.298396559104125,1.0757446814805522,-1.1977850330114919,-4.647349872806464,-4.976570759884414	linear	0.12	307057,,
307058	0.0,1.0,2.0,3.0,4.0,5.0,6.0,7.0,8.0,9.0,10.0,11.0,12.0,13.0,14.0,15.0,16.0,17.0,18.0,19.0	-13.33607197695823,-8.702508555663783,-3.9801515795600864,-9.360380268904507,-13.041449072847755,-3.9064025593351417,-15.881492775941723,-27.757639639952473,-31.795064720038454,-37.745877042783285,-50.26428623741319,-58.1135626745772,-69.94381456628854,-69.95969155940864,-76.63303105484708,-91.6849296916917,-90.28128862016139,-105.67497271783134,-112.10593157796433,-114.66814510044965	linear	0.12	307058,,
307059	0.0,1.0,2.0,3.0,4.0,5.0,6.0,7.0,8.0,9.0,10.0,11.0,12.0,13.0,14.0,15.0,16.0,17.0,18.0,19.0	-81.85070030807086,-78.72439652202861,-81.16645485759695,-83.59790067628845,-87.50974225023478,-89.93824320683379,-89.34022519719872,-96.08988831630344,-95.69125069443362,-101.79170602038484,-103.09563824084049,-104.93195939062295,-109.16386574542614,-114.02745834930927,-115.59218540901725,-120.00705861861175,-122.5107873374618,-123.12872588239122,-129.26046412245378,-132.6175468044397	linear	0.12	307059,,
307060	0.0,1.0,2.0,3.0,4.0,5.0,6.0,7.0,8.0,9.0,10.0,11.0,12.0,13.0,14.0,15.0,16.0,17.0,18.0,19.0	43.86064974631353,46.96928644610239,44.5621896626716,44.112998129064636,45.45559419153907,42.83436685774231,38.81788579806273,36.85786379636766,34.11734295454613,29.99639568794213,27.294741088976405,23.110828294141058,23.024164452388554,19.327849757145152,16.01948146845766,10.678841305697183,9.88038158815107,5.076158720320127,1.4397349447111054,-1.0055143942600822	linear	0.12	307060,,
307061	0.0,1.0,2.0,3.0,4.0,5.0,6.0,7.0,8.0,9.0,10.0,11.0,12.0,13.0,14.0,15.0,16.0,17.0,18.0,19.0	-66.17864285614132,-63.80512287394155,-63.77778464779843,-65.59384421258093,-69.12986353769664,-71.36186378803784,-73.51005703718768,-74.96494278271956,-76.83763609388336,-78.66996313688311,-79.5955009592123,-84.1094628678415,-84.90173113176164,-86.1573577669078,-88.16700268628398,-89.71395956459821,-91.77677655037726,-95.66689182358023,-95.3448984213554,-99.54400626882142	linear	0.12	307061,,
307062	0.0,1.0,2.0,3.0,4.0,5.0,6.0,7.0,8.0,9.0,10.0,11.0,12.0,13.0,14.0,15.0,16.0,17.0,18.0,19.0	170.1443696205207,170.6835749555657,165.56407118978655,173.92324723668037,170.1427594371649,171.4882573731656,164.88716688727902,155.5086121907012,144.8785169834648,142.38003756210796,136.1427103047609,133.7552572009505,123.92560170768421,113.78801558747826,108.10956627892405,103.81670907723031,93.61528114507351,91.08225997001921,77.58691407978723,70.68567624190946	linear	0.12	307062,,
307063	0.0,1.0,2.0,3.0,4.0,5.0,6.0,7.0,8.0,9.0,10.0,11.0,12.0,13.0,14.0,15.0,16.0,17.0,18.0,19.0	80.79131781543751,77.73307709146339,76.78068652590933,77.2995342667377,77.64039720348244,76.52675306988462,73.67608374280186,69.273016379154,68.61445172075392,61.703653263770576,62.58152678287459,59.2454455403152,54.854123801247894,52.93458811752499,46.39920673565325,47.0529033053656,44.70023890786576,38.13348125394192,36.12390815550707,32.51331418396108	linear	0.12	307063,,
307064	0.0,1.0,2.0,3.0,4.0,5.0,6.0,7.0,8.0,9.0,10.0,11.0,12.0,13.0,14.0,15.0,16.0,17.0,18.0,19.0	25.336444253331052,26.134858958541866,23.35334297225964,25.208543907087687,29.716055557586724,30.843673486316955,32.21108856412032,33.44731323685361,35.757065864156736,39.38726551113977,41.25898820470958,44.158877246568395,45.603599680567925,46.03645551533385,48.355232895211,52.24388745495182,53.13689822628806,54.026720368809706,58.093365880919116,59.41614230931512	linear	0.12	307064,,
307065	0.0,1.0,2.0,3.0,4.0,5.0,6.0,7.0,8.0,9.0,10.0,11.0,12.0,13.0,14.0,15.0,16.0,17.0,18.0,19.0	-53.81627530853058,-51.84819259909357,-51.63985554085678,-54.24981176598144,-53.72655968107725,-53.2403070381797,-50.47902001306147,-50.44722578511505,-47.676988909012806,-45.009588559245344,-44.1942358940764,-39.95873243564024,-40.334332000634646,-38.559294986590025,-33.65564127264189,-33.64850793290733,-30.733667580527374,-29.292010058632126,-25.666365949210036,-24.871915501998238	linear	0.12	307065,,
307066	0.0,1.0,2.0,3.0,4.0,5.0,6.0,7.0,8.0,9.0,10.0,11.0,12.0,13.0,14.0,15.0,16.0,17.0,18.0,19.0	-57.432879716385926,-58.80761351739885,-61.58372739364586,-55.222068725390876,-53.33331982412907,-52.90411068754243,-42.8495989980801,-43.908361678037735,-33.97978258950904,-17.8342778401877,-6.34165560135758,-6.448291543221698,7.747549402802172,15.125959755050417,25.151858943129703,39.68083957388752,37.50849240636529,47.54315297475097,60.15567916014165,65.94326410150468	linear	0.12	307066,,
307067	0.0,1.0,2.0,3.0,4.0,5.0,6.0,7.0,8.0,9.0,10.0,11.0,12.0,13.0,14.0,15.0,16.0,17.0,18.0,19.0	24.209789214658052,27.804823231283013,28.9489439926673,31.714453553241906,36.760122289875554,35.263216245169076,41.74383683835305,44.38608911848554,45.79471611567346,50.195486872077,49.7509163923228,52.70575829658645,56.233666532735725,62.178051029624825,62.9939207077488,69.10946042005321,69.094754383188,75.65010485567444,78.39811353784532,80.65592077226538	linear	0.12	307067,,
307068	0.0,1.0,2.0,3.0,4.0,5.0,6.0,7.0,8.0,9.0,10.0,11.0,12.0,13.0,14.0,15.0,16.0,17.0,18.0,19.0	-21.87336509521316,-18.99894750828843,-22.145535330573182,-10.532249155484955,-6.408950374893827,-2.644680141597483,5.733849083909192,4.054368485534326,11.494704529663814,19.34889510652362,18.982113773358208,30.846336108339912,32.00064080701449,35.738589803630504,39.40345657484315,49.67973270816617,49.68037418601015,56.654183479214524,61.416814164847644,66.53040634942926	linear	0.12	307068,,
307069	0.0,1.0,2.0,3.0,4.0,5.0,6.0,7.0,8.0,9.0,10.0,11.0,12.0,13.0,14.0,15.0,16.0,17.0,18.0,19.0	-41.3312216364108,-45.298222294037465,-35.341892028042324,-33.75735897115121,-30.769949325577343,-24.446610596226677,-16.47486305325029,-9.384432231155813,-3.648785721743522,-5.840532401737654,0.2985019597340042,4.055266482231723,8.475784697553763,19.079025645875845,25.453150431586486,28.807745899468358,30.25628884224721,37.73197633499488,40.959257683319514,46.207721357195254	linear	0.12	307069,,
307070	0.0,1.0,2.0,3.0,4.0,5.0,6.0,7.0,8.0,9.0,10.0,11.0,12.0,13.0,14.0,15.0,16.0,17.0,18.0,19.0	125.57196306199015,124.29800771382881,125.73374679385097,126.07182431872461,114.20815431300615,110.64917297383614,106.21125671659989,101.45972849578347,99.50131942246948,93.34684523819281,86.88705872265315,81.88848934315295,76.41576841036733,70.9799143665879,66.40421026344278,63.29462813833278,61.3990203891034,54.61139542680654,49.9380807975393,40.90657884701348	linear	0.12	307070,,
307071	0.0,1.0,2.0,3.0,4.0,5.0,6.0,7.0,8.0,9.0,10.0,11.0,12.0,13.0,14.0,15.0,16.0,17.0,18.0,19.0	-121.32398428233866,-114.21858530264385,-115.06946703856786,-114.31833850907408,-119.63585604757648,-110.38590471357766,-106.75111572457865,-101.43179679619692,-94.52475173422644,-81.6030635710296,-74.13192824680237,-68.48224844743955,-62.754030327441086,-49.3006601190156,-47.728759348074234,-36.08523914564705,-33.47743056206038,-25.848446878860926,-21.18009378307454,-15.468107284048585	linear	0.12	307071,,
307072	0.0,1.0,2.0,3.0,4.0,5.0,6.0,7.0,8.0,9.0,10.0,11.0,12.0,13.0,14.0,15.0,16.0,17.0,18.0,19.0	15.503290898548158,14.011811048541361,16.332250889775935,22.842916244673667,25.11282126430548,28.67245962154081,28.386575704626352,32.812999196131315,36.664489853721335,41.631130097122345,43.14215071570478,46.19901352869512,49.3710021124157,51.07034184560388,54.345678147937434,57.80365705665372,60.78005872386488,64.0030813533086,67.79279157060313,66.83346278026514	linear	0.12	307072,,
307073	0.0,1.0,2.0,3.0,4.0,5.0,6.0,7.0,8.0,9.0,10.0,11.0,12.0,13.0,14.0,15.0,16.0,17.0,18.0,19.0	118.66439743794683,117.45258823727646,115.30007492784685,115.37846385718731,115.8128673429961,110.2698138471505,102.12975351930419,91.37635584580886,88.22161250305817,83.56005866082495,73.08813594596828,69.29644821347847,62.12120218593269,55.00833635942688,54.58603953550067,48.08182242168381,38.0591280902138,38.54059063863665,26.477407593098633,17.88249039016798	linear	0.12	307073,,
307074	0.0,1.0,2.0,3.0,4.0,5.0,6.0,7.0,8.0,9.0,10.0,11.0,12.0,13.0,14.0,15.0,16.0,17.0,18.0,19.0	-71.88385876894735,-71.42127959865248,-68.4594606714887,-65.7896653087218,-65.22023722929174,-59.063145601759864,-58.14350576554202,-53.932176192454385,-51.762556967284375,-50.312417293653134,-45.595864961460265,-40.47058134353134,-41.16205937754617,-36.9831611602609,-31.807998068794355,-30.5827415804186,-27.968299691339958,-22.78965424278234,-19.984763636396593,-17.460615875696966	linear	0.12	307074,,
307075	0.0,1.0,2.0,3.0,4.0,5.0,6.0,7.0,8.0,9.0,10.0,11.0,12.0,13.0,14.0,15.0,16.0,17.0,18.0,19.0	-20.579023116362237,-25.677296180868797,-25.03728587806176,-28.534393404812626,-31.2977458683088,-33.70505003061891,-33.76642807014159,-37.63997240776226,-38.59075200858091,-41.52050361233006,-40.4677439675894,-45.09321887423289,-44.872640162285414,-49.79443314424546,-49.32066015118774,-52.70040378240455,-54.95129110348575,-54.7202605538935,-57.41521703220937,-61.5368096585078	linear	0.12	307075,,
307076	0.0,1.0,2.0,3.0,4.0,5.0,6.0,7.0,8.0,9.0,10.0,11.0,12.0,13.0,14.0,15.0,16.0,17.0,18.0,19.0	44.51082165785472,46.95268647244524,42.952341632055635,39.17589923787973,37.78391040976194,30.901680506845363,28.482207953907714,27.625316428674964,26.36782605066762,23.264756696141387,19.37697310417346,16.798691483570657,11.405824053835543,11.811119212111155,4.999907161792297,2.2098372226132543,1.0046877296163608,-1.919259915173381,-3.849560888512084,-11.012814946197004	linear	0.12	307076,,
307077	0.0,1.0,2.0,3.0,4.0,5.0,6.0,7.0,8.0,9.0,10.0,11.0,12.0,13.0,14.0,15.0,16.0,17.0,18.0,19.0	-27.36894400518314,-37.44400670448999,-38.766317432823456,-35.96013924461715,-37.121826002038304,-27.899854906964876,-11.427044737396258,-6.89478835274295,2.911167300308861,21.070342055144295,18.603567424938277,40.295241116592166,39.455421527274495,54.295510902489,66.75754422949437,71.22914269153885,87.09308917177772,101.6389680610764,105.20830689201968,117.90970340088946	linear	0.12	307077,,
307078	0.0,1.0,2.0,3.0,4.0,5.0,6.0,7.0,8.0,9.0,10.0,11.0,12.0,13.0,14.0,15.0,16.0,17.0,18.0,19.0	-53.94558857830028,-54.26053834656906,-55.30075131944777,-54.42805032371547,-56.33582692543291,-51.718670334096174,-49.39087037720586,-42.710453272875036,-43.970577345013325,-38.69906915005589,-34.988581103547155,-27.043464686642295,-27.872535511796524,-19.912521578582652,-18.994599224587706,-15.27422759505729,-9.820632746592585,-7.19337182172992,-3.9501426003903486,5.242407050026202	linear	0.12	307078,,
307079	0.0,1.0,2.0,3.0,4.0,5.0,6.0,7.0,8.0,9.0,10.0,11.0,12.0,13.0,14.0,15.0,16.0,17.0,18.0,19.0	-15.598653180548613,-15.968994304217158,-16.145088240816733,-15.655351050875344,-15.227082042105035,-14.729506977392074,-10.864193390288461,-7.569300997218725,-7.584708782158243,-4.1125634623334895,-1.9223905056247643,-1.5737076961390537,2.423203751260689,3.0487799515867184,3.951438672933147,7.305400633880623,9.756500203917964,9.742299136135971,13.660111277850504,13.730389041890463	linear	0.12	307079,,
307080	0.0,1.0,2.0,3.0,4.0,5.0,6.0,7.0,8.0,9.0,10.0,11.0,12.0,13.0,14.0,15.0,16.0,17.0,18.0,19.0	-47.587493543107556,-51.55143165841693,-55.41213248925828,-49.37750598900918,-56.60278060532866,-56.73308224230449,-73.19738900056257,-75.57206676499086,-82.11629587452494,-97.32473286107549,-108.98320148078622,-109.62235856598741,-126.60064757631079,-130.6818797583433,-136.67823198543945,-149.47670952432992,-154.54108260267037,-162.76271931575872,-180.75195940776118,-185.7991527874111	linear	0.12	307080,,
307081	0.0,1.0,2.0,3.0,4.0,5.0,6.0,7.0,8.0,9.0,10.0,11.0,12.0,13.0,14.0,15.0,16.0,17.0,18.0,19.0	19.49990043227521,21.265568924613017,21.617713311895116,26.496535275905647,26.09699985926923,29.490955148423613,30.148131484027537,33.20060145982955,34.12953340693975,35.5959009353585,39.402718299188216,41.292319144646804,43.57733569603513,44.88916638581176,46.13504762045634,48.36459131182211,52.09689316904804,54.37707710280843,54.96890885230985,57.79274258148012	linear	0.12	307081,,
307082	0.0,1.0,2.0,3.0,4.0,5.0,6.0,7.0,8.0,9.0,10.0,11.0,12.0,13.0,14.0,15.0,16.0,17.0,18.0,19.0	51.016280771785574,47.87746310781693,49.012733757795644,51.47763017752158,50.043048045159786,46.722378392015614,52.982459155992515,56.10307092129494,59.06819876733648,63.0414814616329,70.98015318556915,71.42149362544129,77.2563280749651,81.99165627403617,82.8945424087403,91.5916038512596,95.69506425946592,95.05281449684158,99.94724948017563,102.64792447140871	linear	0.12	307082,,
307083	0.0,1.0,2.0,3.0,4.0,5.0,6.0,7.0,8.0,9.0,10.0,11.0,12.0,13.0,14.0,15.0,16.0,17.0,18.0,19.0	-35.918156239447526,-25.031072238381597,-13.912153869999635,-0.7590392006012365,0.7124978261245047,8.144624582396787,22.974869480811563,37.53206188035914,39.48065906308652,48.33696728076082,69.83017240259741,69.67145423674499,73.87551463428821,89.67756898325041,98.49687789967984,118.82178902260566,120.05452213334277,128.58054013769993,139.18500982645824,156.35404149027204	linear	0.12	307083,,
307084	0.0,1.0,2.0,3.0,4.0,5.0,6.0,7.0,8.0,9.0,10.0,11.0,12.0,13.0,14.0,15.0,16.0,17.0,18.0,19.0	100.76405130227565,101.99579140128873,98.84838489602745,97.33615995435133,95.96834393921735,93.18372951329629,92.41632962617953,88.90863815771154,89.44069294575783,87.03316525422801,82.4546739666632,82.77446590141163,79.0299306876663,78.48149598827818,74.29983885032024,75.7220329227832,70.2689739714656,68.8703423973257,66.70293707377,67.74961405151002	linear	0.12	307084,,
307085	0.0,1.0,2.0,3.0,4.0,5.0,6.0,7.0,8.0,9.0,10.0,11.0,12.0,13.0,14.0,15.0,16.0,17.0,18.0,19.0	73.77299578967606,75.35712995679778,76.22340202564327,73.60398895974203,73.68027606102733,70.45880588939984,66.25712119535008,66.56844992654962,64.20570573390809,57.864656358881156,56.32990506519103,54.74348057458083,48.46836688383889,45.10678759819717,44.49978939267753,39.323710686336874,38.83043705215354,35.626395491795535,34.01987841410093,27.971881780782255	linear	0.12	307085,,
307086	0.0,1.0,2.0,3.0,4.0,5.0,6.0,7.0,8.0,9.0,10.0,11.0,12.0,13.0,14.0,15.0,16.0,17.0,18.0,19.0	104.3622121441759,107.46540047151701,108.37464836212011,104.85566477873235,100.30259647593908,99.23475446524725,94.99490751445073,86.33399422940141,81.34878894181028,75.71915953024892,71.22083539747182,65.4372614125782,66.11521393455816,57.98842684619533,49.076942861484724,47.0598074838121,43.99692082480892,35.70085918886052,32.30521411929094,30.719932887424005	linear	0.12	307086,,
307087	0.0,1.0,2.0,3.0,4.0,5.0,6.0,7.0,8.0,9.0,10.0,11.0,12.0,13.0,14.0,15.0,16.0,17.0,18.0,19.0	84.22725348277879,82.96890158178088,79.79260349444577,74.90153803736246,71.7849688853856,72.2459049612406,66.43311802579755,64.53818950966722,61.56447930789251,58.66373561742415,57.379462992593844,55.43048475910844,47.95747093756625,48.20641539384763,46.896468264554024,39.57279166786833,40.51406134073666,35.976965154730586,30.842729576960867,29.078696757709015	linear	0.12	307087,,
307088	0.0,1.0,2.0,3.0,4.0,5.0,6.0,7.0,8.0,9.0,10.0,11.0,12.0,13.0,14.0,15.0,16.0,17.0,18.0,19.0	-61.018286598498094,-57.739794943181614,-61.745716438848156,-67.06267841921944,-69.2330730011177,-69.95805491974761,-72.32247260062458,-77.07370024488978,-77.77267083527913,-83.45370915989338,-86.80796396960477,-87.42612553732762,-92.7742353700762,-96.21918524234172,-95.3840683142397,-98.40054115682229,-101.46433727570815,-105.9466674445008,-108.51345635697037,-112.5177629464441	linear	0.12	307088,,
307089	0.0,1.0,2.0,3.0,4.0,5.0,6.0,7.0,8.0,9.0,10.0,11.0,12.0,13.0,14.0,15.0,16.0,17.0,18.0,19.0	24.50850790772523,33.83257949695131,19.529952728525117,34.41901079263125,19.837248398553413,30.303400586607353,43.72801592186275,55.27909969125244,60.65409788999939,83.67060932094671,92.17777727018975,103.63125393640401,103.61308325572949,114.35809413535873,120.58401291449493,143.91065997057927,142.82410629771914,162.3779510016053,163.2119850563002,176.20365437831796	linear	0.12	307089,,
307090	0.0,1.0,2.0,3.0,4.0,5.0,6.0,7.0,8.0,9.0,10.0,11.0,12.0,13.0,14.0,15.0,16.0,17.0,18.0,19.0	-16.688238740555654,-16.01583908879826,-24.50704910314429,-22.764660303726885,-30.37806618565447,-41.85152875452684,-47.664583455380644,-53.2766626073171,-66.01262278741982,-72.76883718205858,-79.4678036555386,-80.81490214350603,-88.96343741357705,-93.55778798881592,-100.62018972405605,-108.17577811473492,-118.64052578909357,-121.1526776117407,-135.32855417297588,-141.65433834751198	linear	0.12	307090,,
307091	0.0,1.0,2.0,3.0,4.0,5.0,6.0,7.0,8.0,9.0,10.0,11.0,12.0,13.0,14.0,15.0,16.0,17.0,18.0,19.0	-46.52713650449145,-39.89579966979733,-46.54329724476011,-54.326602532894356,-57.863784346528575,-66.97882710686231,-72.97832592054019,-77.47509446749072,-84.61488817008293,-90.71720728393134,-96.43157561149619,-101.26749353386795,-108.21554501934222,-111.48866786309551,-121.4897545047838,-126.19888678747002,-129.1690581106711,-136.1846202460144,-144.12555958147638,-146.26254792590174	linear	0.12	307091,,
307092	0.0,1.0,2.0,3.0,4.0,5.0,6.0,7.0,8.0,9.0,10.0,11.0,12.0,13.0,14.0,15.0,16.0,17.0,18.0,19.0	53.29280775674114,53.62620866660945,52.05290399294068,50.485630637394436,51.510586237676456,56.23133005214342,59.54587754250006,58.51370526388604,64.84954501899963,66.17265737031444,69.92871648303992,71.43238953271175,77.56099564613884,76.34331452705635,81.78672361446004,84.02050598209782,85.31953209054217,89.69397212833977,91.80972833414432,97.43451820078423	linear	0.12	307092,,
307093	0.0,1.0,2.0,3.0,4.0,5.0,6.0,7.0,8.0,9.0,10.0,11.0,12.0,13.0,14.0,15.0,16.0,17.0,18.0,19.0	-111.85377508800381,-107.64422256807435,-126.4200174714299,-122.26063657864451,-134.24173936990223,-139.3962780465809,-156.42190422891946,-161.94608078994287,-171.2069980700998,-174.75863109560754,-182.53355396247176,-195.22706328751457,-197.6091137102286,-207.1809608663845,-211.61738778340404,-222.7431291673281,-235.03110594703253,-233.06089606756183,-245.97402947263987,-255.44509076867357	linear	0.12	307093,,
307094	0.0,1.0,2.0,3.0,4.0,5.0,6.0,7.0,8.0,9.0,10.0,11.0,12.0,13.0,14.0,15.0,16.0,17.0,18.0,19.0	104.69858478225022,105.19226211270929,114.27000418962174,119.21068615932153,120.6812613005679,127.81024613564274,134.10360626404565,138.78522491779478,140.41787203971688,147.78630376679334,157.42106882634778,154.45262079604908,161.35285585700694,166.77851035899977,170.96238742518307,180.30512710908994,180.56333096329496,193.04735406191247,195.97748961946684,194.90416662424724	linear	0.12	307094,,
307095	0.0,1.0,2.0,3.0,4.0,5.0,6.0,7.0,8.0,9.0,10.0,11.0,12.0,13.0,14.0,15.0,16.0,17.0,18.0,19.0	-52.24370661487417,-52.309610277185314,-51.56489529037921,-51.63193961846709,-53.27806880051168,-50.754814634707806,-46.882903347610835,-46.3899309605945,-42.78553422591996,-42.06075663912318,-41.168607935371675,-36.78140985806996,-34.432657754165376,-35.41673544128148,-33.34432453673648,-28.932301049636926,-27.77720376827707,-24.620992079467698,-24.61874746885361,-23.22894267572747	linear	0.12	307095,,
307096	0.0,1.0,2.0,3.0,4.0,5.0,6.0,7.0,8.0,9.0,10.0,11.0,12.0,13.0,14.0,15.0,16.0,17.0,18.0,19.0	167.11517768285404,162.094998514179,160.19539599919804,154.0951534786529,162.87850292953172,166.9234399559319,174.5204208186356,182.57062964840273,202.4414527864842,201.94340184764752,208.62867285245107,219.45374581012948,229.94933040596936,247.7867831442834,245.6569736934471,254.55239848630976,269.8193552776903,280.54964584678845,287.9432949868308,299.73486265667316	linear	0.12	307096,,
307097	0.0,1.0,2.0,3.0,4.0,5.0,6.0,7.0,8.0,9.0,10.0,11.0,12.0,13.0,14.0,15.0,16.0,17.0,18.0,19.0	97.2553608319226,95.93908954841706,98.14570003761668,95.88787477922628,99.22516146207921,83.36966383506805,83.73890054903598,71.27029888775915,66.9071210776834,56.69826607355458,40.04907532953638,29.745507574387517,21.54282001372725,23.50489815855731,13.611691684418972,-3.726397957164025,-10.477385076821236,-14.08823224019919,-21.175196099612506,-36.989634172058416	linear	0.12	307097,,
307098	0.0,1.0,2.0,3.0,4.0,5.0,6.0,7.0,8.0,9.0,10.0,11.0,12.0,13.0,14.0,15.0,16.0,17.0,18.0,19.0	74.69490757568207,75.99203825604775,81.44635261929741,75.22182860776614,69.11602002797557,80.18599979565377,69.9343654197817,61.7233940544053,44.28403377397045,32.96964578534384,34.782203530222894,19.53539184880502,6.472424083028869,-2.371402061219694,0.32594190556928737,-18.283482952822425,-19.05041229416164,-37.45123841911407,-47.86462959573303,-54.6102979463765	linear	0.12	307098,,
307099	0.0,1.0,2.0,3.0,4.0,5.0,6.0,7.0,8.0,9.0,10.0,11.0,12.0,13.0,14.0,15.0,16.0,17.0,18.0,19.0	104.00001866490277,102.08692973020861,104.64573573541031,110.35135489840559,107.97496774636704,97.54785327231454,92.55938247555429,88.47010278373193,81.84694864677968,70.98882753482377,66.23998131506917,56.62730489631069,47.747249413554876,41.914362176538646,38.73750340171372,28.64976659818278,18.450606702108765,18.627814240874876,11.12273336718512,2.592096931425395	linear	0.12	307099,,
307100	0.0,1.0,2.0,3.0,4.0,5.0,6.0,7.0,8.0,9.0,10.0,11.0,12.0,13.0,14.0,15.0,16.0,17.0,18.0,19.0	-2.9441327281359784,-3.107891927558847,2.314234174533241,-4.8984885692043445,-4.731626782213904,3.4973399334993145,7.427452611943653,19.535022136014792,24.20161512057618,28.73898417548599,37.858838881110685,37.54637981595124,50.677383079945564,53.16788317901873,60.70713402149853,70.37320029114099,71.76307130764133,77.54614494178068,85.06108533514306,90.70554932699339	linear	0.12	307100,,
307101	0.0,1.0,2.0,3.0,4.0,5.0,6.0,7.0,8.0,9.0,10.0,11.0,12.0,13.0,14.0,15.0,16.0,17.0,18.0,19.0	-16.199289050708114,-18.143256957722564,-18.45351895636784,-16.845544525511087,-16.88463625732585,-14.049218388356497,-11.38201578037426,-9.149439094677971,-7.374723353667612,-6.095250459674516,-2.4986375243102197,-3.182823628067415,-0.4836313845251725,1.781958611705688,3.388907077546989,6.213027199454382,7.191510496762121,9.323104264465808,11.688636900268943,14.602137111138106	linear	0.12	307101,,
307102	0.0,1.0,2.0,3.0,4.0,5.0,6.0,7.0,8.0,9.0,10.0,11.0,12.0,13.0,14.0,15.0,16.0,17.0,18.0,19.0	-44.81525420569615,-45.01539852111944,-45.42631642516896,-47.67581587911212,-46.88438111002377,-48.04356078847924,-42.46635957222441,-38.381392568646774,-37.35676748471229,-34.66876530618678,-32.162633780156426,-30.062658189675766,-23.00283405198833,-22.07445965047794,-16.828533654803135,-13.911550913928039,-12.083507278144989,-8.335686898694334,-8.903798651955075,-5.23391832768027	linear	0.12	307102,,
307103	0.0,1.0,2.0,3.0,4.0,5.0,6.0,7.0,8.0,9.0,10.0,11.0,12.0,13.0,14.0,15.0,16.0,17.0,18.0,19.0	67.73785504711427,82.51561043532578,75.7305025731027,73.20547642873133,78.91660676755448,94.83515128033616,106.27186238083947,105.88507187570428,122.4787677445435,127.40262217911788,131.5498744508211,149.82688887781902,157.26433366460756,168.30116181432368,177.23670079196046,182.7213371906768,193.8810686322832,206.925850448156,203.47287311140676,216.8139173555192	linear	0.12	307103,,
307104	0.0,1.0,2.0,3.0,4.0,5.0,6.0,7.0,8.0,9.0,10.0,11.0,12.0,13.0,14.0,15.0,16.0,17.0,18.0,19.0	63.979011702867325,64.31082191442394,64.45622791086902,62.34618894081477,61.95272787782389,56.27786213715543,52.60514246102997,48.23241985460248,43.495752698039404,38.62524827705542,34.330465042230905,28.03019463078548,29.275208331768585,24.955024786569908,15.774009512769855,14.738500501985946,11.314210491240711,8.6313043806028,-0.34612779787405756,-1.0938284570187626	linear	0.12	307104,,
307105	0.0,1.0,2.0,3.0,4.0,5.0,6.0,7.0,8.0,9.0,10.0,11.0,12.0,13.0,14.0,15.0,16.0,17.0,18.0,19.0	96.69231734564555,96.45288066587155,99.17469347592491,98.51024732602068,100.01070164354834,99.51591056280682,99.27104612229978,101.00545661986772,101.78774967900921,103.97794793225252,104.15177207278545,106.13643323409865,107.86248259600622,106.77307804723003,109.93978730886688,109.90572616947571,112.03685202113999,112.99570065844134,111.40787019203867,113.91565781413813	linear	0.12	307105,,
307106	0.0,1.0,2.0,3.0,4.0,5.0,6.0,7.0,8.0,9.0,10.0,11.0,12.0,13.0,14.0,15.0,16.0,17.0,18.0,19.0	-35.65878952820532,-33.458995197539565,-34.925413696531365,-31.9243632620476,-28.238953595828278,-25.30644978316255,-21.61080873736805,-18.41737494097354,-17.847767910028363,-14.741108071099355,-11.079991506069238,-5.76959873404514,-2.8039216476313698,-4.3458942151615965,1.8758131694574836,6.105816190328653,7.653300676921869,8.518685945598868,14.336145691311213,17.259798725213784	linear	0.12	307106,,
307107	0.0,1.0,2.0,3.0,4.0,5.0,6.0,7.0,8.0,9.0,10.0,11.0,12.0,13.0,14.0,15.0,16.0,17.0,18.0,19.0	-69.75154328585516,-68.39102112005253,-70.16679199228241,-67.14325594601426,-65.88773129255395,-66.05355894903325,-62.68692263257289,-60.82482098497208,-60.06086425077645,-58.08458461059003,-55.351877561602564,-53.365502839984565,-51.9965125639004,-48.6686307663991,-48.01255875543726,-45.68305915801044,-41.72389078426426,-41.89804904043405,-39.39394838938611,-35.79763863669907	linear	0.12	307107,,
307108	0.0,1.0,2.0,3.0,4.0,5.0,6.0,7.0,8.0,9.0,10.0,11.0,12.0,13.0,14.0,15.0,16.0,17.0,18.0,19.0	-15.720396739707633,-13.65830469674852,-18.456370771494438,-14.10097527645472,-20.40806189243572,-7.100322892093034,-5.030375205420765,5.544653916441169,7.113201739675865,14.477325563079724,20.06016952329421,22.321715435806524,28.69696373005987,34.981646153683194,41.00180719738724,49.97250658213759,59.46267233430031,59.880586424865335,63.97632337449784,75.58089138821997	linear	0.12	307108,,
307109	0.0,1.0,2.0,3.0,4.0,5.0,6.0,7.0,8.0,9.0,10.0,11.0,12.0,13.0,14.0,15.0,16.0,17.0,18.0,19.0	-40.053965431170425,-47.321940809894514,-39.910444808950615,-55.47711284887956,-59.38516087237343,-79.94311439371222,-77.78902284898366,-87.29540809380514,-108.39678313870408,-116.47207878639006,-122.71390157751595,-133.1191677974973,-137.55234996185564,-155.9887331092339,-160.25335585305555,-168.48122459980874,-177.2245437254304,-188.42523853621157,-204.0281902733332,-216.88128215372097	linear	0.12	307109,,
307110	0.0,1.0,2.0,3.0,4.0,5.0,6.0,7.0,8.0,9.0,10.0,11.0,12.0,13.0,14.0,15.0,16.0,17.0,18.0,19.0	-49.033470771965334,-47.743554632562294,-48.1386208800947,-47.81019951876496,-45.923453496479624,-45.938146493299165,-43.76668062623631,-43.75617714298966,-43.11078267899042,-42.65986695685258,-40.801606153368866,-41.026372553633934,-39.811998750862884,-36.426654682438134,-37.165859414510436,-35.625700252662604,-33.34534000206564,-32.65410854917744,-31.21043203362766,-31.386929286195507	linear	0.12	307110,,
307111	0.0,1.0,2.0,3.0,4.0,5.0,6.0,7.0,8.0,9.0,10.0,11.0,12.0,13.0,14.0,15.0,16.0,17.0,18.0,19.0	-17.503192748491614,-17.616804174644415,-10.22682198298569,-6.5928744409889966,-3.872903562034299,-1.852218947357894,0.89683018303149,3.7633617727547453,4.165187939447424,10.539491369805333,11.094490653677443,16.17064647921513,16.324930699013294,20.139076697589232,23.334034423030197,26.887756170469835,30.453781202719426,34.8863432703406,36.97365830237935,41.181447857437824	linear	0.12	307111,,
307112	0.0,1.0,2.0,3.0,4.0,5.0,6.0,7.0,8.0,9.0,10.0,11.0,12.0,13.0,14.0,15.0,16.0,17.0,18.0,19.0	29.10524546594317,31.853018452882054,34.333051939369426,28.45359523299524,28.705900414848543,35.076923556397844,16.472009913663896,11.386060492744505,2.42217939649278,-8.898397248055176,-16.414972995397406,-22.89582295516415,-37.20864756734416,-35.84683024418143,-52.32514148320962,-61.41268747616452,-74.59565841371754,-71.92742097836805,-87.55587861903018,-102.70526425373696	linear	0.12	307112,,
307113	0.0,1.0,2.0,3.0,4.0,5.0,6.0,7.0,8.0,9.0,10.0,11.0,12.0,13.0,14.0,15.0,16.0,17.0,18.0,19.0	111.23059582101251,118.52772586686962,112.74302076334303,134.16344861869374,143.22377726721197,152.89348160737856,151.98645851327285,167.76666511129568,169.3147199175961,180.84217138475842,193.39351624731628,201.5728746015131,213.8966913594369,234.87970379644037,233.06369669998,253.54473603187495,260.88540979404627,273.34541860836714,282.87101140404957,281.6995742978537	linear	0.12	307113,,
307114	0.0,1.0,2.0,3.0,4.0,5.0,6.0,7.0,8.0,9.0,10.0,11.0,12.0,13.0,14.0,15.0,16.0,17.0,18.0,19.0	-165.7312029183767,-171.51505955946902,-164.54983424687123,-161.30727351091426,-153.97240373123418,-152.98271299191327,-139.54194146269668,-136.94631436108557,-130.14545482583588,-130.8700453093816,-127.71667134450146,-114.87843969832679,-113.81686410416168,-105.49587677167699,-102.98408462170212,-101.0971020233831,-96.70760494895201,-87.48630068550456,-81.88922332024723,-76.20363497548199	linear	0.12	307114,,
307115	0.0,1.0,2.0,3.0,4.0,5.0,6.0,7.0,8.0,9.0,10.0,11.0,12.0,13.0,14.0,15.0,16.0,17.0,18.0,19.0	114.39654688282633,112.22548216963622,119.26383645840485,115.23029138265764,124.16306626373468,124.47403949316069,134.3445983622697,144.18290406373694,156.89257205142718,161.79575532450895,165.72031478897176,181.75447743254577,186.29568583162663,197.72075201523418,201.61056266592854,203.37568852775883,217.65910611595177,229.84650364059084,237.29595541296783,243.72682398231564	linear	0.12	307115,,
307116	0.0,1.0,2.0,3.0,4.0,5.0,6.0,7.0,8.0,9.0,10.0,11.0,12.0,13.0,14.0,15.0,16.0,17.0,18.0,19.0	138.05266803107867,138.10720205608186,117.20069803553429,121.1648041742614,100.97492240336828,90.90243885364795,80.4821013869567,75.0025982075506,71.79062939623324,67.99205115793694,51.69176990854753,34.945224668928574,39.49889928688508,21.33258099535908,16.608838732196062,3.897071228538991,-4.346184960146388,-8.484991703386015,-12.737247176623285,-30.96830869594399	linear	0.12	307116,,
307117	0.0,1.0,2.0,3.0,4.0,5.0,6.0,7.0,8.0,9.0,10.0,11.0,12.0,13.0,14.0,15.0,16.0,17.0,18.0,19.0	96.72975759660714,95.03474267278341,92.63089047296654,95.25592186572976,100.51962164909153,101.63267543839848,107.92027141704955,107.86095640519635,110.83538658692308,113.75624710876497,119.31419064746589,123.97491524521813,123.22841721145342,128.87956100122605,130.5712973469087,134.27004877489583,138.3755536008311,140.99492251274853,144.32333180831466,145.30595706464896	linear	0.12	307117,,
307118	0.0,1.0,2.0,3.0,4.0,5.0,6.0,7.0,8.0,9.0,10.0,11.0,12.0,13.0,14.0,15.0,16.0,17.0,18.0,19.0	107.65103470913603,107.76729622505088,111.13876966133907,119.25860797992502,121.55415294755744,126.45571610157212,129.65880892936437,133.4159065722282,140.76008970564834,138.7514440847129,143.73546544237428,147.15119741306074,154.15305435917423,158.71715364282971,164.82296152572485,168.83312028063946,170.34879790404926,176.5435142600388,179.50284595835075,181.71868928274088	linear	0.12	307118,,
307119	0.0,1.0,2.0,3.0,4.0,5.0,6.0,7.0,8.0,9.0,10.0,11.0,12.0,13.0,14.0,15.0,16.0,17.0,18.0,19.0	188.9711893002152,191.22448859375584,200.80214124505727,202.32615188748014,212.10812984916953,221.21799472958517,227.10529841420936,234.99384611416986,246.16387602164951,246.2971396311865,251.44317410847486,266.16531146460545,275.2209211613398,276.53686823796306,288.98414091512126,285.17137826610053,297.66107723042234,311.0578749573476,308.43256103201213,322.7100349920386	linear	0.12	307119,,
307120	0.0,1.0,2.0,3.0,4.0,5.0,6.0,7.0,8.0,9.0,10.0,11.0,12.0,13.0,14.0,15.0,16.0,17.0,18.0,19.0	-6.700829648732537,-2.742071667325674,-6.014416406649357,1.3251464795929913,2.167163017698358,6.382750818098021,12.630948133195695,18.026409629399204,18.19156640591589,21.08516403046731,28.948165142987506,32.02215415229782,36.665074119725205,40.80208702002471,41.64317581933737,47.65558785858195,47.88559649146474,57.74738085373037,61.34400214004175,62.80534525933394	linear	0.12	307120,,
307121	0.0,1.0,2.0,3.0,4.0,5.0,6.0,7.0,8.0,9.0,10.0,11.0,12.0,13.0,14.0,15.0,16.0,17.0,18.0,19.0	76.04782145263815,78.62925669968823,75.89483661793122,76.83281564435528,78.58243769824395,74.42005073001374,80.41381223526243,86.16037624091325,88.57050874757797,94.90616334767668,93.70921237134655,98.61152691441785,106.73368315165291,110.99816931335782,114.71836193903897,119.07434542968929,120.61677480410435,121.69160635630004,130.9992796436723,134.79890345376057	linear	0.12	307121,,
307122	0.0,1.0,2.0,3.0,4.0,5.0,6.0,7.0,8.0,9.0,10.0,11.0,12.0,13.0,14.0,15.0,16.0,17.0,18.0,19.0	-120.82745548821742,-124.66570398897699,-103.30909100675476,-102.5073700769718,-83.5415962702852,-82.3418351670218,-68.40678286354549,-50.01590413774073,-52.369564533650134,-44.07879816611353,-27.395810796103746,-19.91741263713945,-11.025257341005585,-3.4366635771131087,17.698526746418622,16.811752729997664,37.256584661419225,36.07279127260941,48.34101590384685,55.801188026875735	linear	0.12	307122,,
307123	0.0,1.0,2.0,3.0,4.0,5.0,6.0,7.0,8.0,9.0,10.0,11.0,12.0,13.0,14.0,15.0,16.0,17.0,18.0,19.0	49.51549216178462,50.83048387263624,44.98646562542502,35.85807365204251,34.74474959963179,29.879450192608516,18.756582517631095,16.856548728633143,8.393474806639759,2.0457658456294965,-3.115951232240711,-4.445183607021676,-15.367107598466355,-16.309345929430535,-20.986346437436993,-26.975138051642418,-39.062701235547834,-42.55052943767653,-44.25498938307922,-52.835359736006325	linear	0.12	307123,,
307124	0.0,1.0,2.0,3.0,4.0,5.0,6.0,7.0,8.0,9.0,10.0,11.0,12.0,13.0,14.0,15.0,16.0,17.0,18.0,19.0	31.597614452763548,30.14853879471208,30.340611990711846,34.73409499012594,32.035613134061244,34.37001440409787,38.625391301431534,43.16745966284443,42.638028304014085,46.650102071204955,52.2677778528585,56.83057576923359,62.02047043469389,65.33258033695536,65.71056537116078,72.53894218533318,78.00915965367514,81.58927168074075,87.10086081476129,87.60984194790582	linear	0.12	307124,,
307125	0.0,1.0,2.0,3.0,4.0,5.0,6.0,7.0,8.0,9.0,10.0,11.0,12.0,13.0,14.0,15.0,16.0,17.0,18.0,19.0	66.25071783657026,67.16219517254076,65.64326472866861,66.1602763284952,65.70865265141046,67.69907539511694,66.35876825261246,65.30760846912808,66.31553359533794,67.32384416572833,66.59565163937619,65.92056178751885,67.68576975958376,66.56207994333407,66.3993926909037,66.07352862204851,66.49147781101371,65.01588690872816,67.11681349096003,66.01749513941473	linear	0.12	307125,,
307126	0.0,1.0,2.0,3.0,4.0,5.0,6.0,7.0,8.0,9.0,10.0,11.0,12.0,13.0,14.0,15.0,16.0,17.0,18.0,19.0	-43.558877324904266,-54.74751156823479,-53.50766836781456,-48.02456430659381,-49.376077054128054,-45.1046281765642,-33.734018183075264,-25.39168945487846,-11.430849469993163,-2.722593960375221,-6.182083743900762,5.774630923535142,14.741727067814423,26.991207649565887,34.88150104553911,41.42475039431605,44.83424187341883,58.85342100046319,60.420094166234286,68.45250975744759	linear	0.12	307126,,
307127	0.0,1.0,2.0,3.0,4.0,5.0,6.0,7.0,8.0,9.0,10.0,11.0,12.0,13.0,14.0,15.0,16.0,17.0,18.0,19.0	-91.37879211330501,-92.01026794657128,-89.73704492388188,-89.92418631912446,-93.01869564666576,-96.22855621446436,-98.33618895915905,-100.59212613561597,-101.09786401469854,-104.60739615401718,-106.33450828861473,-105.76934347482506,-108.18721362938965,-111.4977951829908,-111.58747548224218,-113.61875148460797,-118.16793970981828,-118.50475133545815,-121.03017657100166,-122.9694017973673	linear	0.12	307127,,
307128	0.0,1.0,2.0,3.0,4.0,5.0,6.0,7.0,8.0,9.0,10.0,11.0,12.0,13.0,14.0,15.0,16.0,17.0,18.0,19.0	101.02417754414682,95.46408980778091,98.6719861725962,91.47776081626336,81.24512230789085,67.02031323363559,64.97159742108778,59.507349490597534,40.22946283975361,45.342951820873225,31.24635707633641,18.915705111996573,17.78817162160908,3.229448341353816,-13.42862098342107,-8.742310926992218,-28.33288973616274,-35.114393818916426,-43.59613301004981,-46.05650351797064	linear	0.12	307128,,
307129	0.0,1.0,2.0,3.0,4.0,5.0,6.0,7.0,8.0,9.0,10.0,11.0,12.0,13.0,14.0,15.0,16.0,17.0,18.0,19.0	-2.681260098778068,-3.2096263124851525,-4.75177952885539,-2.3978337143516875,-2.779544015325732,-3.3000965384475154,-4.882567168156822,-5.320869661558247,-5.9141262135492685,-6.90338682604588,-8.685708622787606,-9.997855786237341,-9.937596775040939,-11.444176011347517,-12.132331895232667,-11.954883849538472,-14.751075860844967,-15.179590322400827,-16.578429379568497,-16.18667403550573	linear	0.12	307129,,
307130	0.0,1.0,2.0,3.0,4.0,5.0,6.0,7.0,8.0,9.0,10.0,11.0,12.0,13.0,14.0,15.0,16.0,17.0,18.0,19.0	118.16938281518549,118.82649591197602,120.20703705492629,123.6511946040165,126.29879351493955,128.150369684532,128.96217896424318,132.5394644271484,133.57747960347686,136.79168829044738,137.79221255396376,140.15712047413928,140.2987924175895,143.52207189235367,144.94849700698194,147.16756501643872,150.25665144251144,150.8224203904347,155.2017168267375,156.12704943220623	linear	0.12	307130,,
307131	0.0,1.0,2.0,3.0,4.0,5.0,6.0,7.0,8.0,9.0,10.0,11.0,12.0,13.0,14.0,15.0,16.0,17.0,18.0,19.0	13.9568736712246,15.958066388060729,17.816307169250038,12.747407688567293,13.189099808403427,15.386595761530316,31.762051144567835,30.743431397710566,43.86741786364041,52.97737946342269,55.17080790465165,58.63078876578078,64.2287773418372,72.05760059133048,81.02547844972437,91.32118943572378,97.97940173725837,105.79382765626829,111.82577026960162,115.81815562708398	linear	0.12	307131,,
307132	0.0,1.0,2.0,3.0,4.0,5.0,6.0,7.0,8.0,9.0,10.0,11.0,12.0,13.0,14.0,15.0,16.0,17.0,18.0,19.0	-65.33371313680334,-68.06902359052046,-65.87052153543009,-61.20007844165553,-68.83549816129337,-68.155485928376,-61.30352007183022,-43.572520534795814,-44.37580288004331,-35.76894856817603,-26.507452739842094,-10.391084784927884,-5.045639475692653,7.424566697698836,17.804299408147244,26.156223380222578,28.132670382827953,48.27486801509122,57.65290983010826,59.72853809210322	linear	0.12	307132,,
307133	0.0,1.0,2.0,3.0,4.0,5.0,6.0,7.0,8.0,9.0,10.0,11.0,12.0,13.0,14.0,15.0,16.0,17.0,18.0,19.0	63.10031861285885,61.09309857082475,61.791042721866276,60.92447943234492,61.565488895262334,61.50082602384435,61.035884478794145,60.537849888636856,61.76033920042734,62.22151412789319,60.71301770072108,63.0179082135306,61.10977414107842,60.71433186138657,62.26064126016969,60.39117083321606,60.79127171101136,62.388318847205404,61.85268510097655,62.715828457606634	linear	0.12	307133,,
307134	0.0,1.0,2.0,3.0,4.0,5.0,6.0,7.0,8.0,9.0,10.0,11.0,12.0,13.0,14.0,15.0,16.0,17.0,18.0,19.0	-108.7300362940016,-109.15611258095227,-107.18585859325238,-105.18097541941276,-99.42256924789942,-115.56300718512725,-117.77503144143492,-124.04490344113407,-127.33989897872499,-141.9952910275076,-150.6958323845651,-159.234634145657,-159.28710411337693,-171.44638983973758,-174.64616898201908,-182.08662047546807,-188.35918998054117,-199.49056693064082,-206.21658596583467,-205.98018606851008	linear	0.12	307134,,
307135	0.0,1.0,2.0,3.0,4.0,5.0,6.0,7.0,8.0,9.0,10.0,11.0,12.0,13.0,14.0,15.0,16.0,17.0,18.0,19.0	84.98614433044068,84.0407747834333,85.3832186593171,82.91634842969715,88.77367483009178,96.07876828497469,100.91595573385416,101.67400885157247,110.02702518164499,116.18831178785116,118.19115946049388,119.73556021558322,129.60784791284382,130.23191199296818,141.98088049460932,147.06634679168442,152.7062208670144,155.26642090705914,156.6627142082872,166.9088360411643	linear	0.12	307135,,
307136	0.0,1.0,2.0,3.0,4.0,5.0,6.0,7.0,8.0,9.0,10.0,11.0,12.0,13.0,14.0,15.0,16.0,17.0,18.0,19.0	-53.590238355275886,-61.44116857244468,-61.624190646259,-73.78419023112362,-95.51755689556278,-90.34584143292481,-107.71780034013628,-122.13519180604794,-133.51158498169207,-142.08770298954667,-152.0325113029465,-161.824403747009,-168.94866500196883,-174.90644327260088,-192.05658398409577,-201.40032404451853,-206.25744923503237,-222.35802076748132,-222.4142846266659,-234.74810709697118	linear	0.12	307136,,
307137	0.0,1.0,2.0,3.0,4.0,5.0,6.0,7.0,8.0,9.0,10.0,11.0,12.0,13.0,14.0,15.0,16.0,17.0,18.0,19.0	-131.81161991347744,-128.98022129825637,-132.66701270703436,-123.11478812404202,-121.99046445989073,-122.03133052450231,-133.21956753007464,-148.1320291009739,-154.43355354021736,-153.96422985452406,-161.81376841094107,-171.65509345388338,-179.10490597269265,-192.22993229492732,-201.67947121611934,-205.09423104229938,-221.00639005184286,-221.96372690375796,-229.67979529911463,-240.29093986066417	linear	0.12	307137,,
307138	0.0,1.0,2.0,3.0,4.0,5.0,6.0,7.0,8.0,9.0,10.0,11.0,12.0,13.0,14.0,15.0,16.0,17.0,18.0,19.0	106.65619905284316,105.34813107258589,112.90390327720475,113.55372406029807,122.45125233038272,125.83333497643505,128.77068440118995,127.81994454592707,138.04741563364763,136.5615178496369,146.36776359127197,148.03246139134774,154.5942625690728,154.62027424301505,162.69864280067776,165.17545554398794,167.7188228470818,174.2268621299624,173.5240473039937,180.8169323335727	linear	0.12	307138,,
307139	0.0,1.0,2.0,3.0,4.0,5.0,6.0,7.0,8.0,9.0,10.0,11.0,12.0,13.0,14.0,15.0,16.0,17.0,18.0,19.0	77.83124835765075,78.2307679589744,76.02902185689463,78.85336542170798,78.32556679043809,74.19525962483343,74.46185141228752,70.69036274394259,68.21497374863543,67.88248273473612,65.94458789390114,62.10968592775363,61.759048317338525,60.906084231395326,56.841797805328355,54.85730042217072,54.21110615464343,52.223243298527414,49.24078043775857,45.931203586079405	linear	0.12	307139,,
307140	0.0,1.0,2.0,3.0,4.0,5.0,6.0,7.0,8.0,9.0,10.0,11.0,12.0,13.0,14.0,15.0,16.0,17.0,18.0,19.0	34.80939664421521,33.89715106606178,35.538953628492706,33.9274243874557,34.58067343480612,35.65270518291404,35.43660478475293,34.6823981750604,36.36057056293242,36.464077124724234,34.877692190323515,33.88747162193994,36.71337860718319,36.22931743248789,36.44113019989118,35.10144176706488,35.60816013991143,35.50764808232991,34.852701605449326,34.48988959031653	linear	0.12	307140,,
307141	0.0,1.0,2.0,3.0,4.0,5.0,6.0,7.0,8.0,9.0,10.0,11.0,12.0,13.0,14.0,15.0,16.0,17.0,18.0,19.0	-218.24433147493738,-229.2051947654789,-238.6636164785234,-252.79849949939543,-264.3124448485954,-264.7421597737946,-287.99901695705745,-296.54987253484717,-307.0778955631772,-304.7521818231684,-326.75748982263775,-324.10256100659115,-345.0542600787508,-351.73946175625144,-357.65292263517597,-366.73383719715036,-370.7849948579082,-391.03867582491216,-405.4477285347365,-401.57237245244073	linear	0.12	307141,,
307142	0.0,1.0,2.0,3.0,4.0,5.0,6.0,7.0,8.0,9.0,10.0,11.0,12.0,13.0,14.0,15.0,16.0,17.0,18.0,19.0	-138.50940717672643,-143.3876808611746,-137.68432735854395,-128.45127571516016,-129.6386674674507,-118.49117801760904,-115.80666516982289,-109.62651914367416,-101.53775811939055,-98.08590844673952,-84.52118985017648,-86.95749699576966,-78.23001752327286,-76.9097197700788,-70.24587881394685,-60.20437733430023,-54.85726813725226,-43.252085132924066,-40.20731718703526,-39.49968017317485	linear	0.12	307142,,
307143	0.0,1.0,2.0,3.0,4.0,5.0,6.0,7.0,8.0,9.0,10.0,11.0,12.0,13.0,14.0,15.0,16.0,17.0,18.0,19.0	57.734299620390686,53.510399124219944,44.97663564443303,41.83065305327739,26.407072534297725,18.142487168812195,20.54352416700256,3.74797342267658,-4.215311233665943,-3.5459587103999297,-12.76350076014792,-27.031507870893464,-26.013646809668728,-44.70629273897174,-42.64898923443907,-59.76484792752706,-58.01876357515286,-73.16867261563881,-84.12397585779033,-86.74700227782554	linear	0.12	307143,,
307144	0.0,1.0,2.0,3.0,4.0,5.0,6.0,7.0,8.0,9.0,10.0,11.0,12.0,13.0,14.0,15.0,16.0,17.0,18.0,19.0	28.51888708629096,21.027697218570616,30.553731302983547,31.582869096579575,49.62101755059738,57.249744835999934,64.9791687093773,66.68997059025396,80.8244850599426,90.12180873897391,87.69974149729163,95.21602028751958,106.28195305689472,114.95602838291154,123.04207186986048,128.15978591321772,147.2050769672463,150.2916131461651,157.15867428596283,166.22904849367583	linear	0.12	307144,,
307145	0.0,1.0,2.0,3.0,4.0,5.0,6.0,7.0,8.0,9.0,10.0,11.0,12.0,13.0,14.0,15.0,16.0,17.0,18.0,19.0	-27.15775278694007,-28.129612110723926,-29.8598031141003,-29.15877355782106,-29.553439647623247,-30.065850106791196,-31.338532592444313,-33.531933904323296,-35.28468697588579,-35.97186065553795,-37.64322571338879,-37.71090309552306,-37.563070684741135,-39.76467813514083,-39.443162787547806,-40.77557706818324,-41.83793661316433,-43.625978285126536,-44.71159060490854,-45.94617114810491	linear	0.12	307145,,
307146	0.0,1.0,2.0,3.0,4.0,5.0,6.0,7.0,8.0,9.0,10.0,11.0,12.0,13.0,14.0,15.0,16.0,17.0,18.0,19.0	-20.842880000498525,-19.435340901353953,-21.635857018155043,-20.929347671123775,-27.070656830590487,-26.149249218547283,-31.4504142561208,-36.17878854182332,-39.62893943727582,-42.48173031743042,-41.50369144004721,-47.26130785407988,-46.9967212342057,-50.98285722648252,-56.38334623625201,-57.170936324382254,-61.70520641275418,-63.78591734877722,-68.82632863928282,-71.52754420537008	linear	0.12	307146,,
307147	0.0,1.0,2.0,3.0,4.0,5.0,6.0,7.0,8.0,9.0,10.0,11.0,12.0,13.0,14.0,15.0,16.0,17.0,18.0,19.0	65.45035581289648,56.58380486010745,56.00917571489397,68.1339134565988,71.0254386992833,79.72224294276482,81.61157078906506,85.71762995661392,97.54536750847666,105.91875681897243,105.90468522275378,113.93769057072227,120.23337020857991,123.6337398763939,131.16473518950312,140.67729064043866,149.68892714683733,151.34880945915486,153.20863224331558,167.06265419806888	linear	0.12	307147,,
307148	0.0,1.0,2.0,3.0,4.0,5.0,6.0,7.0,8.0,9.0,10.0,11.0,12.0,13.0,14.0,15.0,16.0,17.0,18.0,19.0	-53.66885324066427,-50.384957817495184,-41.958473283600135,-27.532844580256132,-29.24043201336736,-24.559558542478584,-10.740654054132143,-10.371881474619215,2.986048624342203,8.942602840943245,20.67510202128706,21.39256174468384,35.575582414839005,41.60911536898438,39.716501322983234,46.765493811447904,52.44473136133978,59.70071483172696,68.27924668455057,78.52960300849028	linear	0.12	307148,,
307149	0.0,1.0,2.0,3.0,4.0,5.0,6.0,7.0,8.0,9.0,10.0,11.0,12.0,13.0,14.0,15.0,16.0,17.0,18.0,19.0	-93.59761177768209,-94.40961391600666,-93.64090883763333,-95.91669197311579,-93.95409744336226,-95.3063992662898,-95.7515911851709,-94.2259244741175,-94.85298242982333,-93.67487532825093,-93.81258502042023,-94.54716511707815,-94.63887766549053,-94.24177389664081,-96.07798211650216,-93.32245688472332,-95.03306953072614,-94.99057982230389,-93.59182876034055,-94.88582446119962	linear	0.12	307149,,
307150	0.0,1.0,2.0,3.0,4.0,5.0,6.0,7.0,8.0,9.0,10.0,11.0,12.0,13.0,14.0,15.0,16.0,17.0,18.0,19.0	129.15048599432333,132.52135289510443,128.37176457486822,133.66753318442906,137.5256815518033,143.80611767106643,160.36898507023437,172.67158750425259,182.07279355534237,190.1698738800709,199.15207811924168,202.83001505883428,209.3119195286992,226.11581360152138,230.06875681297743,232.9379615070884,247.0177677917594,254.070024751068,260.69357151537065,274.7714137935644	linear	0.12	307150,,
307151	0.0,1.0,2.0,3.0,4.0,5.0,6.0,7.0,8.0,9.0,10.0,11.0,12.0,13.0,14.0,15.0,16.0,17.0,18.0,19.0	91.91939181035909,99.36326854797971,108.64943435541068,109.10367465787473,118.93639885526166,116.89833743347512,122.18201788661331,131.92575301172843,133.72965735545176,137.26386117602672,143.6119372051997,148.7586982409944,158.88455993279078,164.06987266426222,168.09537028426072,170.26701634338897,180.28271522909606,183.29349960433484,186.16693435005843,188.29505178341657	linear	0.12	307151,,
307152	0.0,1.0,2.0,3.0,4.0,5.0,6.0,7.0,8.0,9.0,10.0,11.0,12.0,13.0,14.0,15.0,16.0,17.0,18.0,19.0	-13.58204570628969,-12.445431747703388,-11.173390682871357,-11.045353668990327,-7.557740518382406,-5.553097325337038,-3.6638203794473903,-3.2875512297052296,-2.3186638366126964,0.74262792726973,4.777780591602248,5.8773577470922405,7.91227545923725,9.306655547587908,10.560635645742867,13.420352170666028,15.774437975717348,18.70860752852885,17.948940130347175,22.85951764463531	linear	0.12	307152,,
307153	0.0,1.0,2.0,3.0,4.0,5.0,6.0,7.0,8.0,9.0,10.0,11.0,12.0,13.0,14.0,15.0,16.0,17.0,18.0,19.0	-29.958551346299288,-33.36035417160578,-34.06707064200123,-40.18046340399178,-39.42500810714826,-43.055420558692546,-45.861444896027244,-47.96186734123265,-56.00783343229604,-56.02992287430337,-58.32454586018623,-62.93838968122576,-63.664137044772744,-70.53793384606227,-71.69767170075443,-74.94636164569808,-79.59820990863741,-80.57655710595478,-83.71470888356816,-84.2064013922436	linear	0.12	307153,,
307154	0.0,1.0,2.0,3.0,4.0,5.0,6.0,7.0,8.0,9.0,10.0,11.0,12.0,13.0,14.0,15.0,16.0,17.0,18.0,19.0	-113.45169704583688,-105.32851236125276,-114.16780672681388,-108.96521109154543,-111.91768220781044,-102.79096595527282,-96.55577979905627,-85.91395548903446,-78.86726911734029,-73.81362092771298,-69.61914389971905,-63.520639954785224,-50.40553699979115,-50.463530882273645,-41.83780470224862,-31.24124046613433,-30.38403432197343,-13.44813411599499,-12.436634971283084,-0.35617529318422214	linear	0.12	307154,,
307155	0.0,1.0,2.0,3.0,4.0,5.0,6.0,7.0,8.0,9.0,10.0,11.0,12.0,13.0,14.0,15.0,16.0,17.0,18.0,19.0	-15.77575531591947,-13.80057092403937,-13.283754379177761,-11.322326846731164,-11.117539569561737,-11.922823881746325,-9.73256079528902,-9.353147761050996,-6.794751762530298,-5.690579636137767,-5.791799745315827,-3.9384693514432865,-4.207669911676249,-1.3099372187742286,-2.266756255758242,0.5596979079965969,1.9712866456890676,0.6706892591838205,3.4891661683233757,3.701292307407245	linear	0.12	307155,,
307156	0.0,1.0,2.0,3.0,4.0,5.0,6.0,7.0,8.0,9.0,10.0,11.0,12.0,13.0,14.0,15.0,16.0,17.0,18.0,19.0	-32.7735555204856,-27.85693897420667,-25.55020981336176,-27.563442718619186,-44.15667536377809,-50.73059634318045,-60.38052379005053,-66.764143646613,-84.21125585383943,-90.74046799525563,-103.3019601375336,-113.75110990084868,-113.55236588276335,-137.00224294935677,-145.81269632059184,-146.60389597910984,-155.33877993238644,-175.60292905359162,-174.56249682106665,-190.10782689083607	linear	0.12	307156,,
307157	0.0,1.0,2.0,3.0,4.0,5.0,6.0,7.0,8.0,9.0,10.0,11.0,12.0,13.0,14.0,15.0,16.0,17.0,18.0,19.0	-31.182451334964714,-33.60734842109102,-32.694984187430684,-31.066867267450945,-32.93434854412419,-32.455271474861036,-29.112797769687802,-27.94746305613682,-25.95345448663197,-24.050671261004474,-21.632162977302563,-20.40222252464346,-19.603907110267002,-17.46673044751164,-15.0730918790193,-10.871558742151514,-11.45277529539067,-9.17523926031441,-7.649364772104992,-4.208064553738701	linear	0.12	307157,,
307158	0.0,1.0,2.0,3.0,4.0,5.0,6.0,7.0,8.0,9.0,10.0,11.0,12.0,13.0,14.0,15.0,16.0,17.0,18.0,19.0	86.21599424128766,86.27025575686012,85.74080538689729,88.3744206359853,86.2576195646089,88.10052822235208,86.29271129939876,81.49732398216348,81.72806146992393,78.91348872968933,77.57159941321184,74.67992752775841,72.54975470942644,71.61281101878158,69.610476080353,66.1276920924319,65.8639320572276,62.21561486701167,60.0934127702527,58.420590804823604	linear	0.12	307158,,
307159	0.0,1.0,2.0,3.0,4.0,5.0,6.0,7.0,8.0,9.0,10.0,11.0,12.0,13.0,14.0,15.0,16.0,17.0,18.0,19.0	112.1861161965721,116.29370396072719,101.85429720547614,92.12470835838235,75.0536013649132,69.8866982591988,65.35821634530942,48.87925549653261,45.187871232804014,35.486653506257795,18.539532134337946,8.025995774812401,8.704920956270854,-16.294583445479972,-15.359379946909371,-19.518041785196033,-33.9620707843942,-44.34503093294438,-65.36569517100921,-60.03250470020899	linear	0.12	307159,,
307160	0.0,1.0,2.0,3.0,4.0,5.0,6.0,7.0,8.0,9.0,10.0,11.0,12.0,13.0,14.0,15.0,16.0,17.0,18.0,19.0	22.676312888734174,30.632333312357027,21.45509855973056,21.035377253924977,6.3601224930452815,-0.38635170191024315,-7.616613677117854,-4.701128312738369,-10.227362524768544,-27.411011610503238,-34.69026648498203,-33.19480181926228,-43.219280414231505,-55.84478994526695,-62.175796002944736,-70.8300785841221,-66.54558159710965,-75.73830892155725,-86.45273490456668,-92.18797361095767	linear	0.12	307160,,
307161	0.0,1.0,2.0,3.0,4.0,5.0,6.0,7.0,8.0,9.0,10.0,11.0,12.0,13.0,14.0,15.0,16.0,17.0,18.0,19.0	-160.14983135114105,-153.94480748685012,-141.7182332425865,-130.45672895016625,-116.74045224064486,-110.53508302098348,-107.23688291614971,-85.44889756288089,-81.04904023968686,-69.88383912892186,-70.78922578779589,-57.25094931403575,-51.20817926053505,-36.40428778621458,-28.67171403993038,-15.947199382374578,-11.25440849302879,-1.2912992180231697,14.959316686036914,16.564194791844557	linear	0.12	307161,,
307162	0.0,1.0,2.0,3.0,4.0,5.0,6.0,7.0,8.0,9.0,10.0,11.0,12.0,13.0,14.0,15.0,16.0,17.0,18.0,19.0	-81.6604410140599,-83.9064240160911,-82.0747478175846,-83.78880837819506,-84.01673758745385,-82.3640001312786,-84.5948114835104,-85.70927924409209,-87.1612439696976,-86.88718568294225,-89.0985702289659,-87.7631813206238,-90.33376244720088,-90.2152369017229,-90.78860883018093,-91.70724109094101,-94.07977803696015,-94.8165425958311,-94.70225943855914,-95.86539421979738	linear	0.12	307162,,
307163	0.0,1.0,2.0,3.0,4.0,5.0,6.0,7.0,8.0,9.0,10.0,11.0,12.0,13.0,14.0,15.0,16.0,17.0,18.0,19.0	46.421840187402196,44.71091843029311,44.00912704657272,44.378779339867876,42.52122944576378,38.37420006681422,37.45845461746928,33.367732237967715,31.558820601986007,31.00454626929054,28.33353088907188,25.83098581991581,25.40496490558339,22.621854632798243,22.248492382398624,17.371837416522876,18.362903962003728,15.198134775302952,14.346955722790026,11.681820771482014	linear	0.12	307163,,
307164	0.0,1.0,2.0,3.0,4.0,5.0,6.0,7.0,8.0,9.0,10.0,11.0,12.0,13.0,14.0,15.0,16.0,17.0,18.0,19.0	-3.843050713749804,-1.6109693135359038,-3.9482253836755206,-5.380987171136482,-7.883910313804883,-8.785387632797345,-12.810926359772807,-13.905119967970421,-17.497584684966107,-20.86470354091955,-24.57291317836919,-26.392025039291838,-30.07063619251845,-35.102936986947114,-34.48735444318964,-39.96481182817617,-42.52405738493576,-47.680043114404704,-50.821108312448516,-54.34736117860201	linear	0.12	307164,,
307165	0.0,1.0,2.0,3.0,4.0,5.0,6.0,7.0,8.0,9.0,10.0,11.0,12.0,13.0,14.0,15.0,16.0,17.0,18.0,19.0	214.43395343550606,195.46872032482304,199.36832881699107,178.4788397243026,170.76108629365615,167.3859100286119,163.7491923755911,149.63925474524746,142.13760264378607,135.73114887940255,124.1366327741114,120.92588185918194,113.79993207726031,106.43584281640454,94.46175760324229,94.48190653982849,82.73057966554057,65.71804253965571,70.0311819824772,52.88768425024351	linear	0.12	307165,,
307166	0.0,1.0,2.0,3.0,4.0,5.0,6.0,7.0,8.0,9.0,10.0,11.0,12.0,13.0,14.0,15.0,16.0,17.0,18.0,19.0	64.76212380414383,62.91439261193217,62.408241098494805,62.23519186179385,58.53054438658427,57.60595464044603,56.64936151259825,52.31969299622559,53.34203964736773,49.59720689092531,48.263219028791795,45.16048249222277,44.78666871604794,41.11664239006073,41.16031995361978,39.18000923589658,35.56838821321145,34.356558172417884,32.78252579490798,29.985033335804424	linear	0.12	307166,,
307167	0.0,1.0,2.0,3.0,4.0,5.0,6.0,7.0,8.0,9.0,10.0,11.0,12.0,13.0,14.0,15.0,16.0,17.0,18.0,19.0	-146.09452969210054,-152.71080928139992,-155.48292372827297,-167.94631124583748,-177.8663637454016,-191.1966271273229,-200.70463713381776,-195.37993964054527,-205.02039794024495,-212.75869771310772,-231.79786137767266,-230.44752987974618,-247.98599633915916,-256.42679263242593,-260.5157252042614,-262.71337315177163,-272.7448483773711,-281.3289593653842,-285.7278621833118,-294.0355108779267	linear	0.12	307167,,
307168	0.0,1.0,2.0,3.0,4.0,5.0,6.0,7.0,8.0,9.0,10.0,11.0,12.0,13.0,14.0,15.0,16.0,17.0,18.0,19.0	33.40000659235741,31.144182013951692,38.10873973205926,42.591669080444476,40.40275552395283,49.26929473865459,54.70650781872138,57.83544846925936,66.39191370443574,66.78967343809991,78.40191888962758,77.30046224402388,84.83287183436121,87.15428966477592,90.869521979311,96.27058288300819,106.69430938084942,110.93938650418843,117.8269564867464,115.26858701067232	linear	0.12	307168,,
307169	0.0,1.0,2.0,3.0,4.0,5.0,6.0,7.0,8.0,9.0,10.0,11.0,12.0,13.0,14.0,15.0,16.0,17.0,18.0,19.0	-82.60200248803883,-80.6203940489591,-80.53226758185133,-80.9448961118539,-83.0463998731602,-80.99327472373054,-80.9939216159022,-79.07620266791719,-77.15155478749182,-76.5629513658438,-75.13624707706326,-75.49248299151398,-74.050310341751,-72.74387911820808,-73.26787775399055,-72.24633537266044,-70.58437024964306,-68.34907525964759,-69.68864966000325,-67.4600968819141	linear	0.12	307169,,
307170	0.0,1.0,2.0,3.0,4.0,5.0,6.0,7.0,8.0,9.0,10.0,11.0,12.0,13.0,14.0,15.0,16.0,17.0,18.0,19.0	8.935110022498193,8.618539656629864,16.762800384923025,20.576875186466097,26.035982321829394,33.60254637431416,48.928644500002065,58.0543380562129,67.27246932594672,80.6353228882078,86.48093645740522,85.58757146551363,108.35501732693136,108.805053388218,111.80322964582804,123.47048812912752,144.44783978076583,146.86228186878793,150.31707006178829,166.8141475611185	linear	0.12	307170,,
307171	0.0,1.0,2.0,3.0,4.0,5.0,6.0,7.0,8.0,9.0,10.0,11.0,12.0,13.0,14.0,15.0,16.0,17.0,18.0,19.0	-35.791164229594756,-40.92906666132066,-41.79441350440027,-50.501724111646325,-63.944433529861044,-76.46667992735118,-88.81074402366195,-83.40353324562784,-97.44792657776004,-112.7812292008237,-128.63552011586083,-134.2869325216116,-141.65522554638065,-148.19990664039346,-166.5753434129033,-175.07144271506576,-186.58361289234216,-188.0664729387222,-197.63914117308036,-209.1466488899723	linear	0.12	307171,,
307172	0.0,1.0,2.0,3.0,4.0,5.0,6.0,7.0,8.0,9.0,10.0,11.0,12.0,13.0,14.0,15.0,16.0,17.0,18.0,19.0	-71.17041791007195,-70.35042512323804,-70.2875492536963,-71.81390051711777,-71.18561835697763,-72.11573662008475,-70.20454389506251,-70.94065160310583,-70.74471450075602,-70.36408123873815,-70.15129716469286,-70.67331634372606,-70.25058504043375,-72.71643508418293,-70.65207809503515,-72.6264394140796,-71.13243024848582,-71.48857717249808,-72.55546317818033,-70.28433431709519	linear	0.12	307172,,
307173	0.0,1.0,2.0,3.0,4.0,5.0,6.0,7.0,8.0,9.0,10.0,11.0,12.0,13.0,14.0,15.0,16.0,17.0,18.0,19.0	-37.482082702239545,-30.70815923980711,-33.20089513745545,-37.46719348560487,-33.952048970101764,-28.829507992971855,-26.506705062479554,-18.029981686414928,-11.876080837038394,-11.767268079201425,-0.20113809167601104,-1.1540254753127037,9.563343723015223,13.934873138389172,17.386404413411665,24.913924925443176,28.1803568491,30.532872291232714,37.59660687598218,40.35055982801525	linear	0.12	307173,,
307174	0.0,1.0,2.0,3.0,4.0,5.0,6.0,7.0,8.0,9.0,10.0,11.0,12.0,13.0,14.0,15.0,16.0,17.0,18.0,19.0	0.6670844018374815,0.6067856881015778,1.5093323219653882,0.24309878027294474,-1.336847095962952,2.0200018992162114,-0.793640661945787,-6.120694073101696,-13.641545276322745,-15.754172113006852,-18.75572174777802,-21.65965108374661,-25.955341433375985,-32.15728884181094,-36.11059813103212,-37.67795348561727,-45.196261297773276,-49.93068831723282,-51.136205655239635,-58.35607811933893	linear	0.12	307174,,
307175	0.0,1.0,2.0,3.0,4.0,5.0,6.0,7.0,8.0,9.0,10.0,11.0,12.0,13.0,14.0,15.0,16.0,17.0,18.0,19.0	-169.63384696966213,-169.97983131535284,-173.33919182873157,-165.9075465812295,-165.52550663125817,-172.20940547061542,-184.05896821907777,-193.04339432745576,-192.5780470496489,-202.72198350282702,-210.80148669303833,-215.0502505075706,-221.4158319536882,-236.2151219550131,-242.12549780463627,-240.9993690443404,-249.3314209231316,-264.423729874231,-269.43682838732724,-274.3253169476078	linear	0.12	307175,,
307176	0.0,1.0,2.0,3.0,4.0,5.0,6.0,7.0,8.0,9.0,10.0,11.0,12.0,13.0,14.0,15.0,16.0,17.0,18.0,19.0	4.457059648665949,4.953698177181803,3.130102248722581,3.5077271978785314,3.7948590458438325,2.1228635501607847,0.6258675517463312,-0.364591821684912,-0.9890758532206636,-2.602757789565297,-3.820140929736966,-4.976579292697979,-4.47332746581226,-5.047184570222781,-7.235013998206047,-6.775175852278801,-10.00812620323323,-8.879331952605883,-10.426837354739714,-11.742440659917342	linear	0.12	307176,,
307177	0.0,1.0,2.0,3.0,4.0,5.0,6.0,7.0,8.0,9.0,10.0,11.0,12.0,13.0,14.0,15.0,16.0,17.0,18.0,19.0	184.52323904617975,186.09970684530208,188.16708117614587,186.5891414458365,184.6865929379635,167.27433155279886,163.81004954430364,159.0010342688052,138.6600610795132,130.67067001065257,127.6092512260822,113.53902693771212,106.25552185191196,86.40596721636751,89.65853045591354,76.15399114221385,62.93237317022218,49.71592985043071,41.16181816578239,34.065130185569885	linear	0.12	307177,,
307178	0.0,1.0,2.0,3.0,4.0,5.0,6.0,7.0,8.0,9.0,10.0,11.0,12.0,13.0,14.0,15.0,16.0,17.0,18.0,19.0	89.72544692013967,88.46402248884854,87.77160918310626,88.94591694343525,87.08897725849846,88.34431054597474,85.47572495386994,83.56367174519909,83.24714458864614,81.45746499373858,77.2156851952511,76.14838477707083,75.075654345616,72.00319459726126,68.92877901083932,66.96718805052419,64.88487944515643,65.22439264815692,61.96415875263466,61.638094643933336	linear	0.12	307178,,
307179	0.0,1.0,2.0,3.0,4.0,5.0,6.0,7.0,8.0,9.0,10.0,11.0,12.0,13.0,14.0,15.0,16.0,17.0,18.0,19.0	-88.85317582536233,-88.15979408600074,-89.58398277012053,-89.92682268662118,-90.44050578939013,-91.9646654120042,-92.55424311855509,-93.06888769138432,-93.44962689025117,-95.26612833477036,-95.08075114065187,-98.67410672717156,-99.3137439281022,-99.71014705762,-99.7493284167717,-100.34613315977228,-104.01749410672694,-103.26458646811442,-103.13474078631417,-106.87415507304318	linear	0.12	307179,,
307180	0.0,1.0,2.0,3.0,4.0,5.0,6.0,7.0,8.0,9.0,10.0,11.0,12.0,13.0,14.0,15.0,16.0,17.0,18.0,19.0	-130.6805266548987,-129.97407422839245,-135.27018961879347,-133.5262376405732,-134.78141180553715,-127.27274961056841,-125.98474452408237,-118.11175060683269,-117.49013132496974,-111.41236717745514,-109.17519211946842,-103.63714525126315,-98.77038764267283,-93.166128626751,-91.33641233462039,-85.17812967978637,-82.94745601104756,-78.86117598901428,-76.55520668961199,-69.61552488746108	linear	0.12	307180,,
307181	0.0,1.0,2.0,3.0,4.0,5.0,6.0,7.0,8.0,9.0,10.0,11.0,12.0,13.0,14.0,15.0,16.0,17.0,18.0,19.0	-77.124767392006,-77.23030680211465,-73.29617212986369,-73.0024104032839,-70.76453070982832,-66.26081488404739,-65.44848204035239,-64.17677429131166,-62.712767645182666,-59.318222828878994,-58.566503510758835,-57.230228048034505,-54.06470628833629,-52.82359300154127,-49.16083522405148,-48.88516174546799,-45.48978492420283,-41.96374331462654,-41.36428175162348,-39.75980307551342	linear	0.12	307181,,
307182	0.0,1.0,2.0,3.0,4.0,5.0,6.0,7.0,8.0,9.0,10.0,11.0,12.0,13.0,14.0,15.0,16.0,17.0,18.0,19.0	-142.01268040649035,-141.3205896899865,-142.84342286596643,-145.2280254293054,-142.81862259298578,-144.513497141721,-147.84814962911952,-151.69082233420826,-157.45273757452446,-159.97243908578986,-163.46231764618997,-165.20067052152814,-173.48825489198828,-176.40857586699693,-176.61457126194873,-183.32904432341138,-189.36409510891102,-188.5194092153401,-192.59752038152482,-198.3704987073512	linear	0.12	307182,,
307183	0.0,1.0,2.0,3.0,4.0,5.0,6.0,7.0,8.0,9.0,10.0,11.0,12.0,13.0,14.0,15.0,16.0,17.0,18.0,19.0	-219.96003766657677,-231.3794080265244,-235.0399688829261,-251.73016551959623,-247.59053679908783,-257.87962911070235,-269.5784946265645,-282.2955650124982,-277.62770808387984,-291.8192833939302,-302.0855086638668,-312.910074470178,-319.9028542613562,-326.63565858264633,-331.87347661603303,-340.389496802095,-346.2051667342424,-359.8719317279439,-359.15447228926814,-376.575640484139	linear	0.12	307183,,
307184	0.0,1.0,2.0,3.0,4.0,5.0,6.0,7.0,8.0,9.0,10.0,11.0,12.0,13.0,14.0,15.0,16.0,17.0,18.0,19.0	41.73180401199264,43.18663787295357,35.72382455556174,42.738055170409226,37.46597101157061,28.685486657887882,17.081726523431882,13.482569918740307,14.077911827709958,6.575510351845727,-2.108338519760821,-6.772827559960172,-11.624399952347822,-17.519946537620598,-23.585051919192924,-29.13090082039833,-40.54042429809382,-42.78322087238661,-47.935932575904594,-57.03620058915497	linear	0.12	307184,,
307185	0.0,1.0,2.0,3.0,4.0,5.0,6.0,7.0,8.0,9.0,10.0,11.0,12.0,13.0,14.0,15.0,16.0,17.0,18.0,19.0	-15.664370957815727,-17.903106850827207,-20.283383323601022,-22.88852931623675,-25.931009019669744,-25.709273567150937,-30.342432923992874,-36.59644192378362,-38.51873528912114,-38.21366547127839,-40.54644786736928,-44.34325110602585,-50.94955216106056,-51.09568232456988,-55.88535453516121,-59.24258475932281,-62.15786720617843,-62.72693484817402,-69.07768268833621,-71.49840700621533	linear	0.12	307185,,
307186	0.0,1.0,2.0,3.0,4.0,5.0,6.0,7.0,8.0,9.0,10.0,11.0,12.0,13.0,14.0,15.0,16.0,17.0,18.0,19.0	0.5412844912263708,-6.897233300105512,-8.256472334205682,-31.167373274427042,-28.386142908410626,-54.167283003537534,-50.00018629202488,-58.553178429621994,-72.96110976631479,-92.4564754739456,-87.2009076868225,-111.80475328596503,-119.96993377746386,-125.1037126136725,-142.2220710274792,-138.27732706013938,-146.8248308032011,-159.07230284788608,-169.64698396789765,-182.48735977898545	linear	0.12	307186,,
307187	0.0,1.0,2.0,3.0,4.0,5.0,6.0,7.0,8.0,9.0,10.0,11.0,12.0,13.0,14.0,15.0,16.0,17.0,18.0,19.0	90.13207760706844,87.90593278867183,89.43900165895678,86.11514922165867,76.03588199690802,68.10704823261347,66.30846027166686,57.64593707513662,47.81220725617045,48.649871036635346,37.63508523669695,26.45820191644077,23.915510325343767,13.861957220323362,12.08297954007714,-2.631593295030328,-3.688935603608087,-17.56446973805285,-14.045743308554066,-24.56186121099384	linear	0.12	307187,,
307188	0.0,1.0,2.0,3.0,4.0,5.0,6.0,7.0,8.0,9.0,10.0,11.0,12.0,13.0,14.0,15.0,16.0,17.0,18.0,19.0	-73.48504055924835,-74.2722260184543,-74.20122517924553,-73.92453087485856,-73.69074984923573,-73.9352755355349,-74.80092865476314,-79.16022728063716,-81.05198630084242,-83.50949662628868,-82.94333984222031,-87.49342597297786,-89.0111087204658,-91.33911096574178,-93.39912024955372,-94.73473020304544,-96.72880078865376,-97.11934924363564,-100.47949460360321,-101.24792425779452	linear	0.12	307188,,
307189	0.0,1.0,2.0,3.0,4.0,5.0,6.0,7.0,8.0,9.0,10.0,11.0,12.0,13.0,14.0,15.0,16.0,17.0,18.0,19.0	-129.71424210182892,-131.57446187853952,-130.62804855616642,-131.54002894709862,-127.36637388988582,-125.59338014107954,-112.57563094331954,-112.83879330665314,-108.56347799940447,-98.2177109765434,-96.8491806536954,-89.823151548765,-85.33814671888874,-72.63222354780319,-63.66442757937193,-59.44651980598712,-55.39376784099868,-45.72553626130339,-39.51465024419336,-42.089139759062334	linear	0.12	307189,,
307190	0.0,1.0,2.0,3.0,4.0,5.0,6.0,7.0,8.0,9.0,10.0,11.0,12.0,13.0,14.0,15.0,16.0,17.0,18.0,19.0	-22.32718226062474,-20.486938245643785,-20.87360903767375,-20.122161569245858,-22.596955815993844,-19.213155425364256,-15.405636824577119,-13.769909772901356,-7.818474763952892,-7.4360826274301814,-2.4833973217972627,-1.3184192065972127,1.6224737434260366,6.616987381614994,10.43938961554582,11.395294424586401,12.238564608750732,17.988610361556375,19.390652550799096,24.679104324252112	linear	0.12	307190,,
307191	0.0,1.0,2.0,3.0,4.0,5.0,6.0,7.0,8.0,9.0,10.0,11.0,12.0,13.0,14.0,15.0,16.0,17.0,18.0,19.0	107.46745320621014,108.23045634816184,107.80160292901456,103.93265807749756,99.81678117446728,97.56937743723657,91.55187680367258,88.29446315183176,86.09683487041444,86.01354379785265,82.24364451584827,77.62523624450208,78.10508986522078,70.2831918517561,68.86006053322328,66.75601723848644,65.62470889085975,58.84241502000539,57.64411375734842,53.606039273670234	linear	0.12	307191,,
307192	0.0,1.0,2.0,3.0,4.0,5.0,6.0,7.0,8.0,9.0,10.0,11.0,12.0,13.0,14.0,15.0,16.0,17.0,18.0,19.0	4.823609464749907,3.0791852363978194,-0.8481688146580666,-2.5751924132547828,-1.975399018754203,2.0393628362330105,-10.29932114754962,-18.08664662896021,-26.285034544600563,-33.52527369221181,-36.57158156193907,-43.913708905231985,-51.769079979501555,-66.27517855929945,-77.65082544360776,-81.64485480134849,-87.10640498883465,-95.28257611340852,-108.52068165299903,-108.94164274752363	linear	0.12	307192,,
307193	0.0,1.0,2.0,3.0,4.0,5.0,6.0,7.0,8.0,9.0,10.0,11.0,12.0,13.0,14.0,15.0,16.0,17.0,18.0,19.0	-38.42197299357137,-39.01913787824898,-40.51015730122534,-34.533803669985446,-28.62585953866818,-27.680682557678715,-25.123833943120154,-17.202925715098026,-15.632040600727507,-12.719179767198384,-3.5194083885823346,-1.0562596215146414,0.9090000257253763,8.716803657694129,8.974922850339134,14.267974481250256,20.617718062021282,24.654404602190084,28.84251755957468,27.356163010000508	linear	0.12	307193,,
307194	0.0,1.0,2.0,3.0,4.0,5.0,6.0,7.0,8.0,9.0,10.0,11.0,12.0,13.0,14.0,15.0,16.0,17.0,18.0,19.0	-87.94081232395038,-92.71179602236127,-88.20242982661911,-91.93119613418881,-88.23737355163546,-92.44342026111647,-95.89880609733873,-105.53199712902412,-109.6383513535092,-112.71046310778931,-122.48003798137617,-126.99529669231862,-130.86036017947254,-136.4754970139876,-136.48777985132375,-143.90660367024566,-151.98943568404766,-155.20115823021152,-162.89351020275723,-160.99587700747293	linear	0.12	307194,,
307195	0.0,1.0,2.0,3.0,4.0,5.0,6.0,7.0,8.0,9.0,10.0,11.0,12.0,13.0,14.0,15.0,16.0,17.0,18.0,19.0	-55.07663378076993,-57.448436825910015,-55.92825072690149,-58.16341042009535,-58.99934398100989,-60.961325885937605,-61.11407614626605,-63.45015329556812,-63.075567886319874,-63.85766790936102,-65.10717037691964,-65.73692821491584,-67.76961337394727,-69.1309523820755,-69.69802275766074,-70.24361515492052,-71.9862985988127,-73.67540469806251,-72.34228539021593,-73.71174856170414	linear	0.12	307195,,
307196	0.0,1.0,2.0,3.0,4.0,5.0,6.0,7.0,8.0,9.0,10.0,11.0,12.0,13.0,14.0,15.0,16.0,17.0,18.0,19.0	-53.20037176465526,-50.550957689011334,-50.96505611506252,-49.11413048123629,-45.73152826493237,-42.3537960012584,-39.396255863175455,-37.77116040934966,-36.00507753715667,-33.896415608645704,-32.1007165771975,-27.886906672938807,-23.24599113060637,-20.76722314124052,-18.15703451461879,-15.390190342760803,-9.802514790328242,-9.583875339821159,-8.30076097511525,-2.201325589735049	linear	0.12	307196,,
307197	0.0,1.0,2.0,3.0,4.0,5.0,6.0,7.0,8.0,9.0,10.0,11.0,12.0,13.0,14.0,15.0,16.0,17.0,18.0,19.0	34.29248277424086,32.61889301708392,36.49779280364819,33.23572350331153,46.215114046197684,49.88040417148094,51.72696825171037,63.60895265056439,66.7904242806178,66.3693303844617,81.60754582059944,81.58259161802246,84.58799451428587,90.71724655194457,99.78504620431573,106.13514726298587,118.20430079940415,123.77006188555984,126.70438605814203,129.37670818461862	linear	0.12	307197,,
307198	0.0,1.0,2.0,3.0,4.0,5.0,6.0,7.0,8.0,9.0,10.0,11.0,12.0,13.0,14.0,15.0,16.0,17.0,18.0,19.0	-86.72170339564217,-84.52476905094996,-85.68247040879515,-89.29169267574511,-89.22101637833092,-87.04138562205338,-80.34336592538514,-74.15128735868265,-75.02008233384217,-67.93411812394896,-60.97114329740246,-54.57030030735135,-49.500909470844405,-43.305302817276484,-42.41225947056452,-34.1714539326525,-28.405225917951675,-26.918598371698536,-22.12575158358751,-14.516456634462749	linear	0.12	307198,,
307199	0.0,1.0,2.0,3.0,4.0,5.0,6.0,7.0,8.0,9.0,10.0,11.0,12.0,13.0,14.0,15.0,16.0,17.0,18.0,19.0	18.90557192922975,22.4816239451186,14.534033311425688,16.454541730242454,24.29551003890647,29.93696340893007,36.60740730422215,37.72238433530072,50.02557329142056,55.40769375287323,56.095282591417,70.99748407382715,75.92402950250003,82.30230464376207,87.74759158387815,86.33101410739854,95.50169623949766,99.00402878020242,103.77988242969133,111.56171508299582	linear	0.12	307199