ID	X	Y	cluster	func	noise	original_trajectory
97672	0,1,2,3,4,5,6,7,8,9,10,11,12,13,14,15,16,17,18,19	191.645074672,166.799641676,145.594679713,127.524136367,114.511049258,104.902282113,91.4525735972,85.6398678016,77.5097832338,73.0043646545,68.6178914945,63.7485513534,60.5091555708,57.8180869083,55.3991327082,51.8744209822,51.7675156074,50.1691286631,48.3069061971,46.9554628213	2	exponential	0.04	88000
98564	0,1,2,3,4,5,6,7,8,9,10,11,12,13,14,15,16,17,18,19	150.989908881,127.624833073,105.36113611,88.6274038432,74.7625187434,61.3157403173,50.7044253546,46.3367936222,35.659852426,32.413562812,27.7809584836,24.4590434638,19.5112519664,15.0175147735,15.9925703164,13.2298070533,10.2071928046,8.87796448065,9.44078006884,6.50147755508	2	exponential	0.04	88000
97115	0,1,2,3,4,5,6,7,8,9,10,11,12,13,14,15,16,17,18,19	211.428119627,184.672461711,164.062588227,145.189307144,130.363668545,121.845171453,109.888360383,103.321995734,95.4401105877,87.8073404152,82.5545193974,77.7956304301,74.9787456381,72.4794917894,71.8251333028,69.0595625843,66.4646174657,65.5992495009,66.0281125824,65.410319465	2	exponential	0.04	88000
96099	0,1,2,3,4,5,6,7,8,9,10,11,12,13,14,15,16,17,18,19	232.69495905,208.630092229,185.617783261,169.582023489,152.007644918,143.191394161,132.152162277,123.207182892,115.886156407,110.631104526,104.402550602,101.856589974,96.5687262652,96.5886075684,93.9666679436,92.2961808871,90.7706393423,88.5332100131,86.7797543417,88.3558927304	2	exponential	0.04	88000
98877	0,1,2,3,4,5,6,7,8,9,10,11,12,13,14,15,16,17,18,19	231.080701262,205.50785482,187.493274625,168.747789067,154.504412191,141.453640595,132.2573425,123.146454778,117.245583698,112.038519905,107.156215318,100.751595279,98.5861752438,94.2177060171,95.0741351608,90.9680445345,87.3996760083,85.9309814685,88.6704426083,86.6461177424	2	exponential	0.04	88000
99666	0,1,2,3,4,5,6,7,8,9,10,11,12,13,14,15,16,17,18,19	238.487763929,214.321503945,192.133159381,175.250763892,163.362093803,151.478928786,139.947384679,132.057743091,122.753893077,120.417196089,115.413566888,107.799534114,105.205007238,102.386922945,100.947563063,99.6835560945,98.4005095803,97.9892232893,94.1256924873,93.0669277663	2	exponential	0.04	88000
99492	0,1,2,3,4,5,6,7,8,9,10,11,12,13,14,15,16,17,18,19	19.7590798133,-8.60681224631,-25.9701572934,-45.3693434505,-59.0690708748,-69.8291835659,-81.6082062533,-88.9228413621,-98.6816629516,-104.844256244,-108.917065324,-111.657039994,-114.323405724,-118.63468525,-119.232887961,-123.863294102,-124.135846271,-123.138502566,-125.973645864,-126.215242156	1	exponential	0.04	88000
97086	0,1,2,3,4,5,6,7,8,9,10,11,12,13,14,15,16,17,18,19	33.7014182403,9.67599013535,-13.6320394375,-30.1449696633,-42.968443013,-58.9048446965,-66.201567601,-77.0578060722,-82.169668237,-86.8287013106,-93.4597839529,-98.3511901131,-100.128698887,-101.615665409,-105.685984857,-107.019202751,-110.811661549,-110.660710373,-109.663677954,-114.251711924	1	exponential	0.04	88000
97030	0,1,2,3,4,5,6,7,8,9,10,11,12,13,14,15,16,17,18,19	206.447323481,182.877298507,158.991294154,143.495593687,128.900646312,116.078600249,108.029818435,98.1188125726,91.9042669879,84.3727279913,79.3444823246,74.4260041336,74.9646983532,72.0584272909,68.0443608791,65.8743697898,63.0811173995,64.15016793,62.9653497142,60.2397201986	2	exponential	0.04	88000
98023	0,1,2,3,4,5,6,7,8,9,10,11,12,13,14,15,16,17,18,19	215.154790183,191.938044857,170.453489296,154.457152758,137.143022903,126.489838376,118.554041455,108.986361891,100.025618579,93.7031758548,90.5708715062,84.6892987114,84.381236641,80.016031615,78.2802113081,76.5056611689,75.9515494531,71.2161524175,73.0773829592,68.8432383911	2	exponential	0.04	88000
96358	0,1,2,3,4,5,6,7,8,9,10,11,12,13,14,15,16,17,18,19	13.0629613179,-10.4334878404,-33.3956031347,-48.2048362189,-63.5669548544,-76.1451024832,-86.9119713885,-96.5251522533,-103.564896057,-106.276011749,-114.462960361,-115.818153818,-118.667180194,-121.244537084,-124.86758164,-127.768737962,-130.176386751,-129.834743715,-130.083888034,-130.366705062	1	exponential	0.04	88000
96442	0,1,2,3,4,5,6,7,8,9,10,11,12,13,14,15,16,17,18,19	125.322266695,101.0524389,77.7842265949,61.1461320143,47.9934231471,36.4936207346,23.5641991594,16.2392349631,8.41831845825,3.32290675089,0.586414093091,-5.56315274141,-8.61094999827,-9.20844284895,-12.0811172936,-17.2948815196,-17.1532426569,-19.7113456902,-18.1606672969,-22.4644939077	1	exponential	0.04	88000
97645	0,1,2,3,4,5,6,7,8,9,10,11,12,13,14,15,16,17,18,19	138.74626395,113.846671977,89.0659507463,74.3283670975,58.4903883204,47.6209741357,39.1786118752,27.2269386505,23.3083269694,14.8361232533,10.8660860331,8.03851806135,3.98062386901,2.21427257454,-0.747883044004,-5.5193936395,-5.67244110893,-7.42548551717,-6.51249934302,-10.5156015615	1	exponential	0.04	88000
99891	0,1,2,3,4,5,6,7,8,9,10,11,12,13,14,15,16,17,18,19	188.845012181,164.405339612,145.003347359,124.629524257,111.781481085,101.198941059,88.2587710927,79.7578756109,72.3658400193,67.4735698794,64.0175275812,61.3105789989,57.7085398871,55.2829668638,51.4589150567,47.3484278739,47.1353322236,44.8973546919,44.8139099941,42.986598268	2	exponential	0.04	88000
98456	0,1,2,3,4,5,6,7,8,9,10,11,12,13,14,15,16,17,18,19	236.756151319,211.26528545,191.002296799,175.185168415,159.050670189,148.778670121,136.440901782,129.662747413,119.729884655,116.085918312,110.978707002,105.308370616,101.595981594,100.951190356,98.443942465,94.9124093055,93.0312277097,93.1751671724,92.9682472818,90.8668833459	2	exponential	0.04	88000
96710	0,1,2,3,4,5,6,7,8,9,10,11,12,13,14,15,16,17,18,19	215.67036092,192.248702762,168.401925998,150.277074268,139.156445083,125.752538519,115.304000046,105.970063265,99.5809886724,93.6144244203,89.806640722,83.6043459344,80.0551789161,80.2219305212,78.1615777753,75.6853125644,75.5170122441,72.1703387062,70.9565740929,69.7067704284	2	exponential	0.04	88000
96631	0,1,2,3,4,5,6,7,8,9,10,11,12,13,14,15,16,17,18,19	38.3618511233,11.5571083363,-9.45157008319,-25.8050842506,-40.3871491365,-52.7319841445,-61.7496306976,-71.2068631514,-77.3585191233,-83.5916398064,-89.1345374741,-90.6556062174,-94.2019411401,-98.7616899121,-100.670729198,-104.719954493,-106.212426726,-107.115402958,-108.837864297,-108.734616688	1	exponential	0.04	88000
99102	0,1,2,3,4,5,6,7,8,9,10,11,12,13,14,15,16,17,18,19	146.89049386,124.197738859,102.930005004,85.913722551,71.7881029288,58.2203119081,48.2263691315,39.3523010555,30.7936863437,27.0311250359,23.4509365547,16.2573321066,12.967017308,9.59502472016,10.0171881428,5.83073371601,5.33209616524,4.26075946356,2.12543720201,3.40367352578	2	exponential	0.04	88000
98937	0,1,2,3,4,5,6,7,8,9,10,11,12,13,14,15,16,17,18,19	40.6141970922,18.8084202696,-4.63329360746,-21.8047811176,-34.0139654142,-48.4251764854,-57.5373839836,-67.274029236,-74.6456889377,-81.3171742658,-84.670604462,-87.4470323956,-92.2423315767,-94.5563818115,-96.8880212999,-97.1017193963,-100.8308051,-101.816637393,-101.590557293,-102.487627335	1	exponential	0.04	88000
97663	0,1,2,3,4,5,6,7,8,9,10,11,12,13,14,15,16,17,18,19	91.1920326722,66.5956582683,44.1905059334,27.8840170699,12.0855210664,1.68418861731,-10.3066867242,-15.6572524617,-25.3726193497,-28.730234365,-33.1755361266,-37.7959881975,-42.7044814203,-44.2468968997,-46.7614617321,-49.5046417375,-52.9006946683,-53.7901729293,-51.5722283618,-54.0466644139	1	exponential	0.04	88000
98533	0,1,2,3,4,5,6,7,8,9,10,11,12,13,14,15,16,17,18,19	248.620719139,223.488988385,206.467760687,185.247278462,171.65988056,161.776191093,151.029810234,140.477519701,136.524058617,129.085730383,124.845393798,119.190016758,115.575628069,115.815667191,113.685513943,109.186729187,107.704608512,108.103219359,107.941154113,103.920129021	2	exponential	0.04	88000
98212	0,1,2,3,4,5,6,7,8,9,10,11,12,13,14,15,16,17,18,19	211.430178638,185.749407971,166.769640771,149.36495231,134.936410837,122.332208849,110.757168092,103.83498361,96.3998085328,90.682000353,87.9687562281,83.4036085535,77.7843320842,77.1937677618,74.6211195968,73.6942004586,68.8986242559,67.389109855,66.7333297166,64.7823222824	2	exponential	0.04	88000
97088	0,1,2,3,4,5,6,7,8,9,10,11,12,13,14,15,16,17,18,19	76.1469682206,48.6237668382,27.2767417842,9.72241985073,-4.14540348157,-13.6725884834,-24.192925572,-33.3921112183,-39.1928082317,-46.0381950778,-51.3468543017,-53.4588262262,-58.500271346,-62.3570353796,-62.7483048155,-65.819671912,-67.8005131999,-66.9542784646,-67.8069306942,-71.7798784672	1	exponential	0.04	88000
96919	0,1,2,3,4,5,6,7,8,9,10,11,12,13,14,15,16,17,18,19	250.083079564,225.581945374,204.164167622,186.686161468,174.608179359,162.008904112,152.60837597,143.718696217,133.998055439,129.858875656,124.81010736,119.198519836,115.871315643,116.347390045,111.985263325,112.265027443,107.177615268,109.392975612,106.590135403,107.312053379	2	exponential	0.04	88000
97780	0,1,2,3,4,5,6,7,8,9,10,11,12,13,14,15,16,17,18,19	78.7309260341,53.1207642475,33.9747196352,17.4002479448,2.90746279321,-12.5934194367,-21.1542190087,-31.1066904269,-35.9089370399,-42.2561528222,-48.1251618357,-51.3773292795,-55.8756135144,-57.0370159633,-58.5081867616,-60.8123381793,-61.9290757856,-63.1909941489,-63.6283008709,-67.6046896106	1	exponential	0.04	88000
97227	0,1,2,3,4,5,6,7,8,9,10,11,12,13,14,15,16,17,18,19	259.232571584,232.301805269,213.907526828,197.158657708,179.441583815,169.538545728,157.042183119,151.420828718,141.274245953,139.253136688,130.734609713,129.102280411,126.500804311,121.939503089,119.283283739,118.335590675,118.123313781,115.326040386,115.581234093,113.828671168	6	exponential	0.04	88000
99651	0,1,2,3,4,5,6,7,8,9,10,11,12,13,14,15,16,17,18,19	38.9896372166,14.1364068703,-4.66079507907,-23.1586744404,-39.70950233,-48.2488198548,-59.558655818,-68.3217819404,-75.0665162622,-81.6895583461,-86.2938108903,-89.796949929,-91.8943793105,-95.9318602661,-96.6024700267,-98.9057377369,-103.661686224,-105.272099587,-106.603147986,-104.317606385	1	exponential	0.04	88000
96935	0,1,2,3,4,5,6,7,8,9,10,11,12,13,14,15,16,17,18,19	173.97145087,147.388581696,126.915219878,110.517256655,97.0670913019,84.8482226871,71.7402637944,66.2551513093,58.092865406,50.2403408902,46.7610342687,42.7083034642,38.6930580646,35.5798139034,33.7902276356,32.5925289356,31.3259490451,27.5128663849,26.5185738602,25.5840807529	2	exponential	0.04	88000
99349	0,1,2,3,4,5,6,7,8,9,10,11,12,13,14,15,16,17,18,19	30.7783591829,6.76597981336,-14.4470223986,-28.444204156,-45.4418626043,-58.8714156823,-68.1449926837,-76.8329616846,-80.9432302198,-89.4483687808,-95.007546937,-97.3964518012,-102.068023613,-105.418384055,-104.046883155,-106.671087026,-108.889762304,-110.487384353,-113.771097515,-111.096300944	1	exponential	0.04	88000
99504	0,1,2,3,4,5,6,7,8,9,10,11,12,13,14,15,16,17,18,19	202.505533495,176.36247606,159.545676964,138.231447311,123.751004455,114.196286474,102.913863435,93.5589827084,86.8148956454,84.0930297001,76.5577367792,74.6617930314,69.9988117066,65.4962412443,63.7109223918,62.9660521817,61.56238157,58.2961270415,56.993060086,58.6637626397	2	exponential	0.04	88000
97100	0,1,2,3,4,5,6,7,8,9,10,11,12,13,14,15,16,17,18,19	173.578846247,147.464174855,128.355159334,109.41837637,95.9482700226,86.3703836313,72.4326857681,63.7517962224,58.5887634479,54.4325134881,47.7775261336,44.7493767302,41.7232652893,36.0198072879,37.619872691,34.0099299015,30.9658596112,29.682926169,29.4728060098,26.7046058682	2	exponential	0.04	88000
97357	0,1,2,3,4,5,6,7,8,9,10,11,12,13,14,15,16,17,18,19	255.937891888,231.641679886,210.198983566,192.189359427,179.699613399,169.27431329,157.029163801,147.028168006,140.453935907,135.882430504,131.310610779,126.978482624,123.36958512,122.369692262,120.122081428,118.161322988,115.035582808,114.764390521,110.6145571,109.753830095	2	exponential	0.04	88000
96124	0,1,2,3,4,5,6,7,8,9,10,11,12,13,14,15,16,17,18,19	49.8243136119,23.9063267101,2.74569126609,-12.8088341657,-31.3326507135,-43.3257184533,-51.8359595752,-58.1967533454,-65.957989655,-73.9434008054,-78.3663929613,-80.4779345073,-85.0661274834,-89.1026887481,-88.8447450005,-92.8293443191,-94.2920583308,-96.4360313633,-97.5299059666,-95.020883314	1	exponential	0.04	88000
98033	0,1,2,3,4,5,6,7,8,9,10,11,12,13,14,15,16,17,18,19	221.269217063,194.380525558,174.413927572,158.551203733,141.70491768,128.496406522,118.416458599,111.043153633,107.228997774,99.1902717629,95.8903581815,90.4632692916,87.1223920253,83.459139158,82.3979348184,81.7369936075,78.0317903691,74.9611250529,75.3587870926,74.395290557	2	exponential	0.04	88000
97489	0,1,2,3,4,5,6,7,8,9,10,11,12,13,14,15,16,17,18,19	145.810489745,121.273585277,101.003629408,84.5435569991,66.7340347822,55.2223928335,44.5747809412,39.6861450336,31.4749064804,26.9762344537,19.5674635194,16.5963694828,12.3318976551,12.4978743674,6.73059087524,4.66205493621,5.02679190048,1.75366918312,-0.0628183147238,2.56935702574	2	exponential	0.04	88000
96844	0,1,2,3,4,5,6,7,8,9,10,11,12,13,14,15,16,17,18,19	277.497574132,252.382685033,229.688000959,213.63463676,200.994341061,186.292291332,177.966310265,169.089305698,160.307537086,156.346713692,150.62552871,146.0233129,144.355636869,140.303843082,138.96564741,137.119429815,136.835782493,132.146181257,134.086852365,132.64710089	6	exponential	0.04	88000
97937	0,1,2,3,4,5,6,7,8,9,10,11,12,13,14,15,16,17,18,19	202.29424858,175.905013831,156.328484099,136.453474876,123.537263876,110.83818621,101.393527806,92.7732872385,85.3760564498,79.3095343347,76.1963511909,71.9945592453,69.1889770955,65.8141596669,61.2814588046,61.9293268054,58.2896082355,58.1860232014,57.8622102916,57.4779709052	2	exponential	0.04	88000
96440	0,1,2,3,4,5,6,7,8,9,10,11,12,13,14,15,16,17,18,19	14.09872006,-10.1971467094,-29.3762700362,-45.6706756401,-59.9428385959,-76.0875757685,-83.6009810334,-93.0637038364,-98.0618789734,-106.941915389,-108.060684857,-114.92076596,-118.279016387,-120.671086553,-124.512449313,-122.915397271,-127.805453294,-129.119302227,-127.061097508,-129.005801753	1	exponential	0.04	88000
99085	0,1,2,3,4,5,6,7,8,9,10,11,12,13,14,15,16,17,18,19	203.526302087,176.831134323,155.540903367,141.487475291,127.523694393,114.199797616,101.988865459,96.268178284,88.6772425744,83.2216021867,78.2831870661,71.9656319976,71.0855448221,66.8558703877,64.5755797671,63.5391921315,62.7508240709,61.2947666549,59.600057533,56.6578767337	2	exponential	0.04	88000
97629	0,1,2,3,4,5,6,7,8,9,10,11,12,13,14,15,16,17,18,19	292.653776021,270.416097937,250.311270982,232.146876646,217.223239423,202.722700841,196.644152881,184.922701838,179.165656751,173.411616042,168.924716825,162.426374292,160.769039367,156.199269166,156.300221853,152.556571809,154.520783801,152.769043069,149.280125243,148.502139666	6	exponential	0.04	88000
97883	0,1,2,3,4,5,6,7,8,9,10,11,12,13,14,15,16,17,18,19	273.488814737,249.52130302,226.298312818,207.509809223,193.873963644,182.019631219,171.564414853,164.92801963,155.690718698,153.669914738,145.698250907,142.981478197,138.508816196,134.728080008,134.637557003,133.368862767,130.476812002,131.536938698,130.338086744,127.077281875	6	exponential	0.04	88000
97457	0,1,2,3,4,5,6,7,8,9,10,11,12,13,14,15,16,17,18,19	229.94401782,205.432133224,180.914628826,167.239788211,149.365848676,139.834338545,129.097681885,120.286759649,114.56273194,105.606040906,103.752669189,97.3270390118,94.3585862652,90.3154106971,89.8664345352,87.7167708545,84.7906435257,85.9684440574,82.5976268311,84.5518292037	2	exponential	0.04	88000
96101	0,1,2,3,4,5,6,7,8,9,10,11,12,13,14,15,16,17,18,19	284.710317285,258.788639527,236.291372292,220.123459602,205.773891813,192.487822259,181.514583027,174.285406634,168.353298937,160.378377155,158.053588742,151.822916133,148.807498872,146.476418349,144.734878463,143.45256105,140.477020322,139.339318794,137.87851165,138.266633622	6	exponential	0.04	88000
98032	0,1,2,3,4,5,6,7,8,9,10,11,12,13,14,15,16,17,18,19	99.0643048151,74.5799716642,51.2316707222,33.9011291212,21.6818283506,7.48529054032,-2.57426845105,-10.2995278662,-15.4111060277,-22.2989136726,-29.1013029971,-30.3237750187,-34.6909703104,-39.5723460931,-41.6698797776,-42.7178928025,-44.7568240523,-42.8802351164,-44.4632969956,-46.114245359	1	exponential	0.04	88000
97335	0,1,2,3,4,5,6,7,8,9,10,11,12,13,14,15,16,17,18,19	154.379755703,129.234254469,109.13202687,93.9656793075,79.6385297044,67.0572979471,53.5384257701,46.221549816,41.066780273,35.6746660799,29.679731888,26.0256406957,20.9442953688,19.7742875544,16.3498626755,16.2581083139,12.0943422532,12.4165989107,11.4157004629,8.49390647106	2	exponential	0.04	88000
96359	0,1,2,3,4,5,6,7,8,9,10,11,12,13,14,15,16,17,18,19	169.595075766,148.251522586,126.645316706,106.276313675,92.6518631931,82.8242387784,73.8559063839,64.7235035685,55.3382352789,49.2193866825,46.2627985282,43.2711524067,36.6181084594,33.820735257,32.0038809908,33.4276867417,31.6102797842,27.1386765711,26.25140551,27.5558906324	2	exponential	0.04	88000
99613	0,1,2,3,4,5,6,7,8,9,10,11,12,13,14,15,16,17,18,19	188.273798765,161.926654843,142.04977826,122.93056177,109.636013492,96.7757659516,88.305940638,75.9766764389,71.3516866967,66.3799761401,61.8429131561,56.2659984719,52.7154106701,51.0840563164,48.8295185345,47.6575940201,45.0646675369,42.5718918514,40.5468643219,41.6267221533	2	exponential	0.04	88000
97823	0,1,2,3,4,5,6,7,8,9,10,11,12,13,14,15,16,17,18,19	274.649362501,246.492326351,227.135125059,210.363909176,196.061973017,183.135445595,174.740976809,164.087395846,157.715155431,153.826360771,146.867840337,144.466379565,138.956460638,138.306244228,134.997477791,130.940541947,131.757873264,130.249429076,126.392052283,126.789553493	6	exponential	0.04	88000
97860	0,1,2,3,4,5,6,7,8,9,10,11,12,13,14,15,16,17,18,19	278.940652271,255.722539214,235.239430522,216.267443282,204.235078294,188.812258003,182.473433997,171.539418981,163.854209568,160.103841137,154.962299853,149.402084998,146.694159133,144.363701937,141.266747462,141.744582103,137.463606067,137.848471161,137.137151498,134.592422276	6	exponential	0.04	88000
99523	0,1,2,3,4,5,6,7,8,9,10,11,12,13,14,15,16,17,18,19	165.549047591,142.533445496,121.258643872,103.975749978,88.0637523777,77.3061618033,66.9731599204,58.5261861287,51.4467972985,45.6406251427,39.2646815202,34.6350173399,33.1580112197,29.4251595736,26.0268641422,27.1722294306,21.8828348096,23.5689401904,19.3064233052,22.0523281582	2	exponential	0.04	88000
97446	0,1,2,3,4,5,6,7,8,9,10,11,12,13,14,15,16,17,18,19	34.2717414881,11.0814254547,-11.911311402,-29.0225058803,-42.7054777443,-53.2952355298,-66.5663901875,-71.6391701651,-78.6609447595,-87.3763464655,-93.1877353195,-95.8089966798,-99.4482331616,-103.323060593,-102.488348378,-106.511148308,-109.593803875,-106.72244457,-107.861211368,-110.453484969	1	exponential	0.04	88000
99708	0,1,2,3,4,5,6,7,8,9,10,11,12,13,14,15,16,17,18,19	106.859289863,79.6169767515,60.0655816205,42.2620137865,28.0197149653,16.192973375,5.26705611164,-1.93664606282,-8.8411328149,-16.6535713979,-19.7481209076,-23.0925914264,-27.255931986,-31.6249069048,-32.7232316116,-34.2882898154,-35.1210972733,-37.9184513092,-38.1742724927,-38.5198061333	1	exponential	0.04	88000
99783	0,1,2,3,4,5,6,7,8,9,10,11,12,13,14,15,16,17,18,19	12.9954793635,-11.3599269166,-32.5918163358,-51.626824108,-63.2797422534,-77.310802771,-88.0697454648,-93.0110013447,-100.775883498,-108.483129337,-113.452232282,-117.597192037,-118.200661032,-121.110747435,-123.927156172,-127.177112067,-130.1797736,-128.08884142,-132.853168893,-131.073428357	1	exponential	0.04	88000
97686	0,1,2,3,4,5,6,7,8,9,10,11,12,13,14,15,16,17,18,19	195.220267051,168.364299769,148.359778109,134.053586696,118.236929244,107.45122081,94.1490431488,87.706994662,81.2620829826,73.2618057327,68.0444177832,63.9073355725,60.2748817974,60.8860005669,56.8961322168,53.0864443956,51.8289041288,53.5541736948,51.9853321728,51.0813999111	2	exponential	0.04	88000
98941	0,1,2,3,4,5,6,7,8,9,10,11,12,13,14,15,16,17,18,19	235.312598928,210.76155687,190.771204675,172.203752967,156.664212878,146.397557135,135.728543236,129.015814125,120.230233985,113.957093513,108.659009382,106.218191222,100.696041419,98.8736431828,97.7189533359,95.8060298669,95.6546051678,91.6968361875,91.6651068428,92.509619916	2	exponential	0.04	88000
96233	0,1,2,3,4,5,6,7,8,9,10,11,12,13,14,15,16,17,18,19	86.5272148747,62.1963368867,39.9748235326,21.5295032151,6.19965663224,-4.26314678441,-12.845279994,-23.4325077665,-27.3514259082,-33.4174091979,-37.7770368246,-43.4463262087,-45.8056249952,-52.1084076851,-54.3101621629,-53.3610593614,-54.9262139931,-55.5294582947,-59.6121101217,-59.8732403432	1	exponential	0.04	88000
96506	0,1,2,3,4,5,6,7,8,9,10,11,12,13,14,15,16,17,18,19	127.755019375,99.6977444369,79.7314242555,63.8213278025,48.6190656576,37.3258133174,28.6567025518,17.3574100606,9.65122232048,7.80279869959,0.0653864673328,-4.75516374737,-4.40433988599,-9.45253511175,-9.53124806224,-12.1626881773,-15.5630298643,-15.2973261135,-17.4470070567,-18.0329702041	1	exponential	0.04	88000
98112	0,1,2,3,4,5,6,7,8,9,10,11,12,13,14,15,16,17,18,19	104.425436347,80.2245910478,59.4999377129,42.5778479645,27.0688546206,15.5255998428,6.46758348072,-3.82584817386,-8.86078373775,-16.004735337,-20.4598072042,-22.8366600826,-26.848410459,-29.594036735,-32.0624249134,-33.5040007262,-37.887193775,-37.361546494,-37.3917021462,-41.0718473764	1	exponential	0.04	88000
96235	0,1,2,3,4,5,6,7,8,9,10,11,12,13,14,15,16,17,18,19	293.564725637,267.465976505,249.801103747,229.990887966,213.969829902,203.127798437,192.448508246,184.584132148,180.573722733,174.664420366,167.766241356,162.21206003,158.912407783,158.444983485,154.117141738,153.718178188,152.456997076,149.672591172,149.181880877,148.022650465	6	exponential	0.04	88000
99087	0,1,2,3,4,5,6,7,8,9,10,11,12,13,14,15,16,17,18,19	28.1805492384,2.13925584378,-18.4890524155,-33.8435278471,-49.2867213696,-60.9570841435,-70.9777551829,-78.6632631059,-85.4249817119,-90.892695975,-97.3803102688,-99.3310115664,-106.686515694,-109.456827766,-109.993243364,-113.836268722,-111.235504374,-112.638588067,-117.701967413,-117.065211016	1	exponential	0.04	88000
96604	0,1,2,3,4,5,6,7,8,9,10,11,12,13,14,15,16,17,18,19	196.398292605,172.889390757,149.13884277,135.847060543,120.167121387,106.918802072,95.4891901775,87.0397343353,81.0653418732,75.6406688244,71.2559660342,65.2773636153,62.0646179593,62.3793246956,59.0055757455,58.1216223883,54.6753957701,55.0725451733,54.0540242846,53.2246410695	2	exponential	0.04	88000
97338	0,1,2,3,4,5,6,7,8,9,10,11,12,13,14,15,16,17,18,19	126.490497074,100.606234577,81.7056245684,62.1352594267,48.7001201879,36.666775782,24.6543475028,18.6721122085,9.80159865366,6.03449450187,1.81025161117,-4.36953511096,-5.43168924026,-9.34104849537,-11.271785667,-13.9708018636,-17.5824122296,-18.4928316028,-19.5897019074,-19.8033756152	1	exponential	0.04	88000
99105	0,1,2,3,4,5,6,7,8,9,10,11,12,13,14,15,16,17,18,19	68.2666628204,45.8625580632,23.8818545632,5.23938448215,-6.82851759643,-21.9593557131,-30.4926713159,-40.2487613837,-47.100096584,-53.0406088636,-57.455809586,-62.547450709,-64.8571600433,-65.7947765848,-68.4693258182,-69.926085915,-71.8125838394,-72.6394955641,-74.9898876201,-77.7814396781	1	exponential	0.04	88000
98893	0,1,2,3,4,5,6,7,8,9,10,11,12,13,14,15,16,17,18,19	281.109202201,255.490699298,238.168521414,218.833995494,206.395658636,190.925304134,184.264729954,175.850682104,165.934298485,161.018034732,155.289351767,150.353586772,150.53754117,147.670160447,142.196274276,141.318887639,141.967172332,139.232324599,138.077234553,137.445073273	6	exponential	0.04	88000
97576	0,1,2,3,4,5,6,7,8,9,10,11,12,13,14,15,16,17,18,19	21.8615879394,-4.78202783132,-24.622820196,-43.8085073784,-58.1359211095,-69.1790365126,-78.5661043865,-86.9514916222,-92.587326546,-98.2252739626,-103.466321308,-109.159541106,-110.582676027,-116.049502091,-116.553949064,-117.153561466,-121.162824291,-122.164463292,-122.585017588,-124.433640799	1	exponential	0.04	88000
97146	0,1,2,3,4,5,6,7,8,9,10,11,12,13,14,15,16,17,18,19	100.06232703,72.6794325179,51.6882568406,37.1664713061,19.691182215,8.04910623079,-1.16879220879,-9.23070739538,-16.036305675,-24.0386135439,-26.5508583572,-30.6246145828,-35.3208604123,-36.3147317933,-41.3190012925,-40.588923011,-42.3006367197,-44.6856381915,-46.5824976505,-45.8682600242	1	exponential	0.04	88000
98582	0,1,2,3,4,5,6,7,8,9,10,11,12,13,14,15,16,17,18,19	109.760816209,85.8134705785,62.9927877083,47.1828823128,30.2663801848,21.6331848796,8.11581257248,0.817874343034,-3.93239667877,-11.5346076029,-15.6105561058,-19.7578666594,-23.7619020077,-27.7072553929,-30.1238614999,-32.7813056436,-33.385552693,-32.8386969645,-33.2210180672,-34.7289098348	1	exponential	0.04	88000
96004	0,1,2,3,4,5,6,7,8,9,10,11,12,13,14,15,16,17,18,19	198.246771086,173.071020011,150.971504474,137.025114972,123.108109623,107.244820141,98.9496611455,90.001013959,85.2634490931,78.439671538,74.7415162472,67.688792002,65.8546633248,63.2955465961,62.3965242932,56.5221322813,57.7799886689,57.5641733314,54.6821177037,52.8374594385	2	exponential	0.04	88000
99702	0,1,2,3,4,5,6,7,8,9,10,11,12,13,14,15,16,17,18,19	226.701927557,202.836374661,184.830857431,167.310528112,152.432238631,136.891570393,128.334696,121.922979648,113.992792407,107.733132281,101.633037942,99.4882641092,95.0663595069,92.7891223635,90.1666544478,90.0070403378,85.4781342304,83.6182304651,85.3506089382,82.9394269888	2	exponential	0.04	88000
97256	0,1,2,3,4,5,6,7,8,9,10,11,12,13,14,15,16,17,18,19	62.1091480889,40.7687233881,18.6329672011,2.79695447719,-12.9292501374,-26.7553574544,-36.9997208688,-44.282971196,-52.6071841645,-56.7416187118,-59.723910982,-67.919616043,-69.2573536562,-71.6548276037,-72.400789005,-77.6703580433,-79.1437247658,-79.5426842919,-81.1409659155,-81.951761215	1	exponential	0.04	88000
97176	0,1,2,3,4,5,6,7,8,9,10,11,12,13,14,15,16,17,18,19	255.106324507,231.024810217,212.029629787,193.510585141,178.120723733,165.999157395,157.666713978,147.181405286,142.783712297,135.083474123,132.604959448,127.95615095,121.77047273,121.370825507,119.867309539,116.641034181,116.027516028,111.873462611,111.361292015,112.422800225	6	exponential	0.04	88000
99532	0,1,2,3,4,5,6,7,8,9,10,11,12,13,14,15,16,17,18,19	230.846251601,204.584632279,181.880188515,166.809296899,152.661062404,138.517561627,128.852583985,119.235348963,115.05015544,109.981772929,103.322895459,100.122378819,96.653358351,94.9095018618,91.235872833,88.6063601901,86.9912652871,85.4524859211,83.1351163233,83.9422710633	2	exponential	0.04	88000
96464	0,1,2,3,4,5,6,7,8,9,10,11,12,13,14,15,16,17,18,19	187.764522282,162.958987929,140.279516602,125.525246694,110.836145127,96.6943955451,88.1160390647,81.2490398815,72.8071376501,68.4165261547,60.9490471102,56.3883688086,52.9461464545,53.3810526482,50.1628642368,49.7957565775,46.3286007252,43.1816435054,45.0122056153,42.468707436	2	exponential	0.04	88000
99952	0,1,2,3,4,5,6,7,8,9,10,11,12,13,14,15,16,17,18,19	63.3328662956,38.7483982524,19.2568868571,2.79763767032,-13.1315457083,-25.996216144,-35.8992968745,-41.9901240441,-52.1027845569,-56.0783204213,-60.7990387137,-64.6501878444,-67.8958511642,-69.9594121233,-74.367661074,-74.5136261676,-79.1415722351,-78.4052232257,-78.1603055362,-79.1341940724	1	exponential	0.04	88000
96073	0,1,2,3,4,5,6,7,8,9,10,11,12,13,14,15,16,17,18,19	95.7346662214,73.4172802495,50.1735079129,32.4035894306,19.7820274653,8.45209455034,-5.16891315206,-13.1391419712,-16.9305370363,-24.8368023042,-29.3904368469,-32.2894686147,-37.5226503925,-38.9952096959,-40.1715774223,-44.1227225133,-45.9277083569,-44.895423745,-46.3697708274,-48.341432306	1	exponential	0.04	88000
96479	0,1,2,3,4,5,6,7,8,9,10,11,12,13,14,15,16,17,18,19	142.527189846,118.559960077,98.7442725828,81.3642823624,65.0694210109,54.8361734149,42.5842717586,35.6340683377,28.481239084,24.5801847445,16.9500255369,13.5536200379,10.9513060755,9.85601398896,4.83320742889,2.50361136773,3.00388348021,1.15289609092,-1.72769781737,-1.37424216284	2	exponential	0.04	88000
96413	0,1,2,3,4,5,6,7,8,9,10,11,12,13,14,15,16,17,18,19	247.207189905,221.201738996,203.267967042,184.772427893,169.721962206,156.579988938,147.137332095,138.133199849,133.562920184,125.284831367,123.412160022,116.841116093,115.595792763,110.971441569,109.817143961,109.185697637,104.07615413,103.141111757,102.998754256,101.562155528	2	exponential	0.04	88000
97966	0,1,2,3,4,5,6,7,8,9,10,11,12,13,14,15,16,17,18,19	193.666596553,166.04769647,146.255085789,131.904628121,117.197335106,103.285601594,93.6814077899,83.9483365575,78.1978682856,72.6891385185,66.5809000434,65.3430895693,58.3477293972,57.6152168569,53.0378267551,54.0111000589,52.5800585516,51.5038568935,50.0991977468,45.6608721827	2	exponential	0.04	88000
97846	0,1,2,3,4,5,6,7,8,9,10,11,12,13,14,15,16,17,18,19	156.144846391,131.373174002,114.092720172,95.4996431364,82.3006624061,66.673725779,56.3346029708,49.9911571534,44.6878343893,34.9657690398,31.2451891565,26.1884161684,24.4332550863,20.9518614445,19.6604284125,19.3527584095,14.0543644339,13.975472975,15.2414816293,12.675397642	2	exponential	0.04	88000
98682	0,1,2,3,4,5,6,7,8,9,10,11,12,13,14,15,16,17,18,19	122.160280076,98.4130802485,77.0543103729,58.3704598155,43.6679547798,32.4670439124,21.5935332045,14.1679994625,9.64365452993,2.22247848565,-3.65528635807,-6.27222826919,-8.70430482127,-12.0042088974,-16.5728767072,-19.2209694406,-17.4518228597,-19.7791260875,-22.7662684546,-24.531349758	1	exponential	0.04	88000
96179	0,1,2,3,4,5,6,7,8,9,10,11,12,13,14,15,16,17,18,19	59.0003665159,32.3804209367,10.3897265003,-4.61221879084,-21.2863775103,-33.099436055,-40.469735984,-48.0350824725,-55.7160970475,-62.3070580184,-67.8901141894,-70.1751278764,-76.1235011166,-77.4927517309,-81.4768437388,-82.8308735057,-85.2324812341,-86.3179396542,-88.3795570339,-88.1287360737	1	exponential	0.04	88000
99279	0,1,2,3,4,5,6,7,8,9,10,11,12,13,14,15,16,17,18,19	132.223092942,108.519097779,88.415807125,71.0229616951,53.7524262201,44.1536106585,34.3966204131,23.8352127789,16.6513151806,10.9010284995,8.97078925774,2.06326461765,-2.66603164315,-5.06568986767,-6.79051112791,-9.51726249026,-10.5025220235,-10.7946448556,-9.74371935284,-11.4772656382	1	exponential	0.04	88000
96594	0,1,2,3,4,5,6,7,8,9,10,11,12,13,14,15,16,17,18,19	218.279082297,193.238608352,171.696134136,155.720455246,140.140286012,130.838786641,119.49867486,111.727693415,103.399708828,96.97876073,92.5295479249,89.1417186015,84.4528046202,82.5044671939,81.6683531987,79.1045759221,75.8456112135,76.974345906,73.1793195428,73.3247649681	2	exponential	0.04	88000
96833	0,1,2,3,4,5,6,7,8,9,10,11,12,13,14,15,16,17,18,19	282.750383015,256.55057127,234.315478041,220.731611392,205.134502225,190.866593937,180.258171874,174.137004605,168.73237276,159.278770482,155.01070915,153.919852952,149.729768578,144.327804112,145.351804593,143.229506514,139.530351666,136.78479836,139.45376016,138.689609259	6	exponential	0.04	88000
96278	0,1,2,3,4,5,6,7,8,9,10,11,12,13,14,15,16,17,18,19	8.91491376399,-12.9413628291,-36.4415372856,-51.8258390425,-65.9891978973,-79.6435495106,-87.9921270124,-96.7147287625,-102.759763896,-109.369809718,-114.900020934,-120.159252321,-121.927146399,-125.063167372,-125.69756747,-129.277865548,-129.891567369,-133.559539911,-133.857688334,-134.510053201	1	exponential	0.04	88000
99194	0,1,2,3,4,5,6,7,8,9,10,11,12,13,14,15,16,17,18,19	83.8775734279,59.6160496692,40.8702364795,23.7841078429,7.66338988866,-5.32111623363,-13.7121341276,-23.8516587926,-31.1146824812,-35.853525817,-42.097410266,-42.4473245534,-49.9503078215,-51.2399457381,-51.9802685075,-55.7080297093,-58.0193847218,-58.9351229086,-59.674521792,-58.1864470768	1	exponential	0.04	88000
99227	0,1,2,3,4,5,6,7,8,9,10,11,12,13,14,15,16,17,18,19	158.715153148,131.702696984,109.378347321,92.7147276099,81.2049948972,65.2386791481,58.8236047943,49.5459886378,42.2385057244,35.060294072,31.2041450273,27.1514695326,24.4181875724,20.8648707605,18.1773592417,15.4803878039,14.6505964094,15.1680404466,14.1681039375,12.8790106257	2	exponential	0.04	88000
96045	0,1,2,3,4,5,6,7,8,9,10,11,12,13,14,15,16,17,18,19	261.151176417,234.860779087,217.209089426,199.082444746,183.637955671,173.131121566,161.208257758,154.74793568,144.649090104,141.245554872,135.16442842,129.185845127,127.859931865,126.820613058,123.708807825,120.24749811,118.810184651,117.200380203,117.389688951,117.897707531	6	exponential	0.04	88000
99771	0,1,2,3,4,5,6,7,8,9,10,11,12,13,14,15,16,17,18,19	247.71374964,221.720572671,202.684522458,184.36545313,168.453970594,158.500498619,150.351879587,140.928984269,132.251887056,127.223740443,120.294592673,118.761283268,115.248410697,113.6708706,108.518994858,108.212066869,108.21541956,104.181460094,103.343870344,102.181244497	2	exponential	0.04	88000
99490	0,1,2,3,4,5,6,7,8,9,10,11,12,13,14,15,16,17,18,19	222.579313345,195.383371975,174.363252769,159.062306159,142.251378578,130.91044137,122.633910392,113.961158597,103.416445537,100.683636693,96.5591487308,90.9393239786,86.6269231515,83.0355014377,80.6033199145,80.7105969344,77.1593288572,77.4543404762,73.9684262081,75.3726389886	2	exponential	0.04	88000
99623	0,1,2,3,4,5,6,7,8,9,10,11,12,13,14,15,16,17,18,19	196.754439126,173.138531457,152.335574164,133.750436882,118.779981624,106.168683653,96.8336078066,89.6892249408,81.2084107856,78.1040560637,73.4292862528,67.2538059512,66.2713478373,61.5595513225,59.9444150957,56.8808337969,55.3868159546,52.5783792584,54.0493083319,50.600398414	2	exponential	0.04	88000
99863	0,1,2,3,4,5,6,7,8,9,10,11,12,13,14,15,16,17,18,19	273.923658371,248.221781507,227.582756803,208.410597246,196.51772603,183.368324871,172.652613496,165.448887306,159.629112429,152.384417788,148.908448621,143.186080966,141.565517607,136.558451558,136.78298979,131.88590745,129.27183664,131.732751881,126.828890545,126.137812554	6	exponential	0.04	88000
97188	0,1,2,3,4,5,6,7,8,9,10,11,12,13,14,15,16,17,18,19	265.629775604,240.603952808,220.939226803,202.504282462,188.003901171,179.703560066,165.762395029,158.326383546,152.770968724,144.870976396,140.797030778,139.458287392,133.474551173,133.317476527,127.301739745,125.704047444,124.473798463,125.84182756,123.770091109,120.609645993	6	exponential	0.04	88000
99235	0,1,2,3,4,5,6,7,8,9,10,11,12,13,14,15,16,17,18,19	138.990088832,115.42778217,95.594611593,74.9413199469,62.1399429439,48.0358464503,38.7689702244,33.0192170704,25.8401094905,18.6736887213,13.760701514,10.6558822858,4.97043407423,3.4389794659,-0.700476861556,-1.90096745315,-1.03122389742,-1.98176481954,-5.28144067003,-7.6438241392	2	exponential	0.04	88000
98713	0,1,2,3,4,5,6,7,8,9,10,11,12,13,14,15,16,17,18,19	243.139279839,219.47158919,198.953727916,181.986131051,167.984755017,153.883583281,145.794662007,136.904287661,129.830739841,125.12072242,121.053505384,115.914220863,111.763328,108.49114253,108.302405281,103.093235728,101.551890513,102.533337978,102.193134787,99.8019465032	2	exponential	0.04	88000
97541	0,1,2,3,4,5,6,7,8,9,10,11,12,13,14,15,16,17,18,19	199.160448145,176.240565851,156.390544565,138.312328421,121.449388519,109.712544416,100.972417071,94.1812438589,86.3254925231,80.9606020029,76.4259947707,73.0940873229,69.013890009,65.6951580328,63.1762309771,59.0168014121,56.8605381411,59.5593937086,54.7027008223,54.6731202719	2	exponential	0.04	88000
99777	0,1,2,3,4,5,6,7,8,9,10,11,12,13,14,15,16,17,18,19	204.769440643,180.227058281,159.05672292,141.684740196,125.756671082,115.824660341,104.73879971,94.2039028504,89.2009186586,85.4569419512,79.013172722,75.8185500829,70.2244265634,67.3632688531,64.0441181693,66.1018701123,64.382824497,59.1465622341,60.5309754405,60.6748726553	2	exponential	0.04	88000
98915	0,1,2,3,4,5,6,7,8,9,10,11,12,13,14,15,16,17,18,19	219.112166911,196.931784034,176.696991594,157.42918229,142.663023043,131.813384517,120.73443494,113.246601614,103.526538415,99.9297052123,94.3812083606,89.563315914,89.3803500518,84.2646039791,82.5837922701,80.4203181394,79.6177550446,78.0543629828,77.7414732053,77.2968200766	2	exponential	0.04	88000
96177	0,1,2,3,4,5,6,7,8,9,10,11,12,13,14,15,16,17,18,19	56.3024573165,31.0174028458,9.80522659678,-8.61614975019,-25.0634462183,-35.5398206995,-46.7961212912,-52.7502083961,-59.1516286098,-66.8537282852,-71.1570846906,-74.9603681277,-78.6590293952,-80.2794093739,-82.6032236503,-87.7317592378,-87.63436424,-89.5944020322,-88.4542085995,-91.0461640271	1	exponential	0.04	88000
99959	0,1,2,3,4,5,6,7,8,9,10,11,12,13,14,15,16,17,18,19	171.911870536,149.16731422,128.392470441,108.823042996,98.2399995546,84.694611884,73.480980987,65.8224112443,56.8559543116,54.3151446934,48.4578749701,44.8289568001,39.6185817649,39.1982968715,35.7585508942,34.2458466918,30.6281330781,29.5183518615,31.159963315,28.4012815713	2	exponential	0.04	88000
96516	0,1,2,3,4,5,6,7,8,9,10,11,12,13,14,15,16,17,18,19	204.034296545,176.361662661,159.325262171,138.779747348,126.837617715,114.010541898,104.914082143,94.3991944026,87.2890186861,80.5738254855,77.4151886311,72.8528124566,68.7090327515,69.2838601374,66.1752171809,63.735437105,60.7720795517,60.2615109271,59.5959789543,56.0475011496	2	exponential	0.04	88000
96290	0,1,2,3,4,5,6,7,8,9,10,11,12,13,14,15,16,17,18,19	222.107973892,199.551948035,176.557510482,158.933541884,145.964080539,132.952129268,122.672774236,115.692162672,109.167071775,100.346455325,97.515803545,93.7170710396,87.7758330504,86.1263918469,82.8123720783,82.2288838998,79.762144087,77.3008757777,77.1011946068,75.6029311318	2	exponential	0.04	88000
98180	0,1,2,3,4,5,6,7,8,9,10,11,12,13,14,15,16,17,18,19	129.083293187,104.72606472,85.1204781987,66.6990846972,51.4818495317,42.89956408,29.0778612052,23.2448601167,16.6252199249,8.85237901994,6.3745093157,1.61865856377,-4.67492145106,-4.62911606443,-8.17808673163,-10.1530097877,-12.4522572941,-12.9146878203,-15.5816757081,-13.3999179331	1	exponential	0.04	88000
99913	0,1,2,3,4,5,6,7,8,9,10,11,12,13,14,15,16,17,18,19	115.650974683,90.8436968959,71.088581368,53.8544677914,39.2240579561,24.3088040439,14.2244521905,7.58615232418,-1.5504824209,-4.72545509631,-10.2719268032,-16.5668630595,-18.9068322438,-21.2980188293,-22.3849701292,-26.9892511114,-25.7222310629,-27.0184561172,-30.6971527449,-29.7636625012	1	exponential	0.04	88000
96915	0,1,2,3,4,5,6,7,8,9,10,11,12,13,14,15,16,17,18,19	52.42919852,28.6958105945,7.24057579239,-8.55213938797,-23.2812722462,-36.6038498775,-46.8834064756,-52.7866398491,-60.7157564588,-65.2401833352,-71.9930380514,-73.7289220218,-78.2920538317,-80.4106999973,-83.5702224957,-84.5188473917,-85.6775246451,-89.2782670871,-89.717318623,-92.1964612473	1	exponential	0.04	88000
98082	0,1,2,3,4,5,6,7,8,9,10,11,12,13,14,15,16,17,18,19	187.289475421,161.159026771,140.586481692,123.771835165,108.704379911,94.8243057614,83.8747317868,78.617945277,69.8394385454,63.5814672463,59.2006932251,55.1912417801,52.3776342419,48.3492765725,49.2009424683,46.0496693474,43.6828209792,40.3748131995,39.5789335072,39.7893091233	2	exponential	0.04	88000
97217	0,1,2,3,4,5,6,7,8,9,10,11,12,13,14,15,16,17,18,19	87.3609528084,62.69488548,40.2802971113,24.4700008106,8.72592909231,-0.897610704684,-12.1398076951,-20.5657386769,-27.1756336817,-32.5703426459,-39.0488112904,-43.654450044,-47.006960241,-46.4974779357,-48.1146803893,-52.5231294933,-52.2653102023,-53.5575478035,-56.5934702279,-56.0783943015	1	exponential	0.04	88000
99744	0,1,2,3,4,5,6,7,8,9,10,11,12,13,14,15,16,17,18,19	172.782396125,148.027288236,127.390997861,109.485533909,96.9218467208,83.9769045014,72.4601042818,65.1210361945,59.797820863,51.3384878711,46.0958805501,42.7475784174,39.6082184871,34.8518769839,36.5394560064,31.6879230247,32.3596030872,29.8367593479,28.5490903019,26.8274327281	2	exponential	0.04	88000
99818	0,1,2,3,4,5,6,7,8,9,10,11,12,13,14,15,16,17,18,19	230.653169825,202.923819737,184.849481105,164.113503967,152.796901301,140.457141241,129.019590186,120.437290903,116.112692599,110.118041921,104.853411137,99.1623788803,96.0287396565,94.8839160525,91.6374690841,89.9672536752,85.7294010981,86.9038670338,83.6347552923,85.9676972717	2	exponential	0.04	88000
97349	0,1,2,3,4,5,6,7,8,9,10,11,12,13,14,15,16,17,18,19	215.023608265,188.948727768,169.739917859,150.666461214,137.36466892,123.571547958,114.065300208,106.09791434,97.9044100264,94.7171808101,87.6670663723,84.5848825522,82.4748629514,77.6983519712,73.9358838475,74.2278321935,72.3888561814,72.0410707838,71.5477508648,70.3039343731	2	exponential	0.04	88000
99454	0,1,2,3,4,5,6,7,8,9,10,11,12,13,14,15,16,17,18,19	13.1520944496,-8.54267905306,-33.4131588986,-48.5297990007,-61.6482981951,-73.3784688249,-85.1979935922,-92.9436154809,-99.9966308154,-106.655526462,-112.986268406,-117.622417656,-120.08482406,-123.501254782,-125.675548277,-126.167428061,-126.286048937,-130.701416461,-131.917762966,-132.23796221	1	exponential	0.04	88000
98866	0,1,2,3,4,5,6,7,8,9,10,11,12,13,14,15,16,17,18,19	103.114452699,78.9735127532,58.1999199442,40.3650747798,24.8734313516,13.446891425,1.40191539392,-7.881603503,-11.8354713648,-16.7491809516,-23.4414720658,-28.6047230436,-29.819064505,-32.0300542899,-34.3461841415,-37.3726009709,-38.1072060711,-41.0741300396,-40.692652137,-42.7437583931	1	exponential	0.04	88000
99943	0,1,2,3,4,5,6,7,8,9,10,11,12,13,14,15,16,17,18,19	126.802052343,101.083478774,78.2973188223,63.5593278508,46.1754562522,35.3868619803,26.9016363803,17.2084598298,11.5487246192,6.66607812788,-0.0642511705159,-5.54410131007,-6.54086052442,-11.9897858077,-12.7334554423,-14.6753119672,-17.942278892,-16.7445157975,-18.6133571746,-18.7472805335	1	exponential	0.04	88000
96234	0,1,2,3,4,5,6,7,8,9,10,11,12,13,14,15,16,17,18,19	142.534730441,118.856839704,97.4668206089,80.2758365734,66.0460932831,53.4405936578,44.3999231375,36.6985916835,30.8374855425,21.8624260561,18.4756260745,13.9161525429,9.94651421347,7.13063951085,8.29555215063,2.57567398538,3.37568792296,0.767694974637,1.41975390241,1.11298331363	2	exponential	0.04	88000
96385	0,1,2,3,4,5,6,7,8,9,10,11,12,13,14,15,16,17,18,19	96.2530233709,72.2686014624,49.2193618682,31.5385604466,20.0401892703,6.49701083514,-3.61526705987,-12.924601744,-20.7581787403,-25.836980836,-28.7802022562,-33.9523043653,-36.1642043202,-40.1499818172,-40.6719769014,-45.1332221888,-46.0176711882,-48.1963664888,-46.2443574602,-48.7156787278	1	exponential	0.04	88000
99234	0,1,2,3,4,5,6,7,8,9,10,11,12,13,14,15,16,17,18,19	278.47549902,255.597650261,232.064255051,215.923750481,200.698283994,188.227288828,179.722598449,173.260060338,165.806379255,159.107001087,154.936440688,151.548082949,144.603217863,144.696301013,142.100133862,138.972994588,136.704732126,136.56336469,136.976682286,132.493514588	6	exponential	0.04	88000
99229	0,1,2,3,4,5,6,7,8,9,10,11,12,13,14,15,16,17,18,19	107.578141818,83.4135155066,65.2706831288,47.353659148,32.564170238,18.5752718663,10.5405368565,1.08900309994,-7.62568482556,-11.0783237275,-17.5898823077,-19.8109879946,-23.0120231351,-27.5609203373,-29.5259768694,-32.1928622471,-30.4699605312,-35.2041133053,-35.4046713173,-33.9409112859	1	exponential	0.04	88000
97888	0,1,2,3,4,5,6,7,8,9,10,11,12,13,14,15,16,17,18,19	136.476733227,112.418320924,89.3674333379,70.4185158196,57.7454057267,44.6333126602,35.2103534362,29.5910568025,22.3882161628,15.7145657702,10.4831065815,5.85662568358,2.99692858558,-1.75758659283,-1.48949485916,-3.21778843428,-6.06051181845,-7.10251259135,-7.80286026701,-11.1812648247	1	exponential	0.04	88000
96882	0,1,2,3,4,5,6,7,8,9,10,11,12,13,14,15,16,17,18,19	159.687275914,132.708222063,112.80433636,92.9546376666,82.0631448918,66.7048370113,60.4953183108,48.6506567963,43.8157634741,39.0134694575,30.795385944,26.5811437352,26.0536492205,21.3135839243,21.0641052948,16.5143029345,17.0632438729,13.6834174571,12.2829571086,14.746373498	2	exponential	0.04	88000
97666	0,1,2,3,4,5,6,7,8,9,10,11,12,13,14,15,16,17,18,19	198.72576292,171.554429131,153.249008446,136.953007314,122.226202536,107.96010672,98.1232045656,91.087227265,81.4920813681,76.0133101404,70.9818670229,70.3265104706,65.4959905642,63.7697366722,58.2014522032,56.6441007354,56.1650172159,54.0876013899,52.6912395002,54.22346419	2	exponential	0.04	88000
99336	0,1,2,3,4,5,6,7,8,9,10,11,12,13,14,15,16,17,18,19	49.0100398806,23.9933993214,3.71053678462,-12.3854730377,-30.3061811388,-39.190280445,-50.7464293569,-60.4785373908,-65.9301493598,-73.3489732442,-77.8022151097,-78.7350377107,-85.9866188856,-88.5009458396,-87.308197645,-90.7474885333,-91.489584776,-91.8396590032,-94.7865128077,-95.6879939331	1	exponential	0.04	88000
97792	0,1,2,3,4,5,6,7,8,9,10,11,12,13,14,15,16,17,18,19	83.9712426007,57.5691294612,37.5921674465,22.0560571678,4.93647169601,-7.27209381184,-14.0309787676,-22.8118199828,-30.4700864947,-35.5969863035,-42.2573349942,-44.6109795266,-50.2006230827,-53.2501496613,-54.6429320584,-58.2871312274,-59.3772636858,-60.5535709049,-62.2733080515,-61.3215740424	1	exponential	0.04	88000
98946	0,1,2,3,4,5,6,7,8,9,10,11,12,13,14,15,16,17,18,19	203.830234786,179.625986688,157.1581077,143.07908328,126.67171928,116.137139829,102.789022429,96.2764675422,90.719059452,84.1680077984,78.9411606068,74.5467677953,71.7503566101,69.9846958343,66.3363615043,63.5950327333,64.7389975675,59.7216669489,59.7595247086,58.1654321214	2	exponential	0.04	88000
96864	0,1,2,3,4,5,6,7,8,9,10,11,12,13,14,15,16,17,18,19	185.733990895,162.228081523,138.049099506,124.072554822,109.103159003,94.9327824628,84.2095288865,77.8952216699,69.5933926699,66.4334091974,61.0799380292,56.8672465188,51.6329479415,49.4083798626,49.5263455562,43.8720920711,43.3411336588,44.1586752265,42.3578602483,41.5491560115	2	exponential	0.04	88000
99496	0,1,2,3,4,5,6,7,8,9,10,11,12,13,14,15,16,17,18,19	166.391729026,144.437010093,120.403612409,104.05577969,87.8832484782,77.2860502415,69.4070475514,58.0010670619,52.1106579831,48.6932774775,39.8637383841,38.5454303575,32.7464120272,30.1487728389,28.0687472369,28.1830204879,27.3996140439,23.9543245305,23.0527740912,23.8360715157	2	exponential	0.04	88000
98452	0,1,2,3,4,5,6,7,8,9,10,11,12,13,14,15,16,17,18,19	233.292949645,206.025404232,188.141269622,168.425255517,156.413871435,142.55450709,134.274128924,123.294722258,117.481090914,114.081341014,107.404764653,104.972880229,101.677146023,96.0813863526,93.7751492927,93.2488344212,92.6805362319,91.8152318532,88.9484584266,86.4079461352	2	exponential	0.04	88000
96314	0,1,2,3,4,5,6,7,8,9,10,11,12,13,14,15,16,17,18,19	262.472933,236.658241309,214.450436221,198.644312694,186.665644703,173.343976226,164.730728108,155.657066654,148.814681074,140.278116303,138.658401137,133.358862386,128.060500778,124.899612527,124.011889006,124.238677102,122.048801339,120.960021893,118.704624425,118.384380862	6	exponential	0.04	88000
96637	0,1,2,3,4,5,6,7,8,9,10,11,12,13,14,15,16,17,18,19	92.1184178502,67.2177560653,43.1740189022,28.5591688026,12.5848443765,-0.185616991489,-6.72588808407,-15.7016309946,-22.6363635522,-31.3730015759,-34.3529035132,-37.5978092567,-42.1404142927,-43.5883900398,-45.388915512,-49.4241464074,-50.852447328,-50.4125944572,-53.2216451988,-53.731772493	1	exponential	0.04	88000
97712	0,1,2,3,4,5,6,7,8,9,10,11,12,13,14,15,16,17,18,19	36.9458640321,10.5426067241,-10.029476614,-28.6950294488,-42.362015206,-55.8390290803,-63.9873869433,-73.5505957336,-80.1574415243,-84.7656910245,-90.5845734859,-96.2089691534,-97.1096251594,-99.9782153804,-102.110800686,-102.701468574,-106.069852163,-107.567542656,-107.425810767,-111.421115249	1	exponential	0.04	88000
99593	0,1,2,3,4,5,6,7,8,9,10,11,12,13,14,15,16,17,18,19	134.237518283,108.566994586,88.6807467654,70.6811486063,57.2268246441,46.5997597916,35.0928206399,28.5950167749,19.9436220044,16.7172112181,8.95881920298,7.34564619388,3.03097390284,0.100480020881,-3.4028084312,-4.84225555662,-6.77724226668,-7.16087688954,-10.5094341247,-11.5501229922	1	exponential	0.04	88000
98684	0,1,2,3,4,5,6,7,8,9,10,11,12,13,14,15,16,17,18,19	19.8738759845,-6.77729048178,-27.2468873469,-42.4089761777,-56.3390437733,-69.8340640768,-82.0539609488,-88.5388704132,-93.7897217939,-100.249503802,-107.814618303,-109.255772901,-114.57868755,-115.928156926,-119.711346043,-121.370028141,-121.418707726,-122.235748381,-125.09463239,-123.564458103	1	exponential	0.04	88000
96264	0,1,2,3,4,5,6,7,8,9,10,11,12,13,14,15,16,17,18,19	221.073400905,193.781262177,174.227855833,155.251653223,139.932001385,129.17613622,118.375183347,110.558485291,105.851025494,99.2588681799,94.4276350762,90.1172324535,85.7637909617,82.8177022752,82.3825844758,80.7270013478,76.3817768378,77.0202373268,75.7835827472,73.2310700855	2	exponential	0.04	88000
99805	0,1,2,3,4,5,6,7,8,9,10,11,12,13,14,15,16,17,18,19	90.030294119,65.4287332865,44.1838549565,27.0233697244,11.8351088474,-0.990113193293,-8.0283226481,-16.6311483574,-25.1787752432,-29.4048634611,-34.6424071254,-38.5631216705,-42.3443546705,-44.774799255,-49.8721597472,-51.9363273885,-52.9333527295,-55.3302462424,-55.3777016639,-57.186768958	1	exponential	0.04	88000
98816	0,1,2,3,4,5,6,7,8,9,10,11,12,13,14,15,16,17,18,19	200.414548946,176.046184711,154.115501072,137.292264515,124.673182253,109.923165277,100.847368552,92.4080509385,84.9849423983,80.9676726323,76.7040672885,69.4780963601,67.6735632401,65.3329140684,61.5810076665,60.6005881763,60.3041726018,56.3436042233,58.2771703984,54.6481794841	2	exponential	0.04	88000
96043	0,1,2,3,4,5,6,7,8,9,10,11,12,13,14,15,16,17,18,19	12.4019780157,-16.0405081968,-33.9273823738,-53.680399089,-66.1071412377,-80.2562550543,-87.3237594952,-99.8343849137,-103.550400541,-109.099294825,-116.034327278,-117.735517427,-123.928481588,-123.716805395,-127.000330302,-129.839444411,-130.690496631,-130.999920796,-135.820098342,-134.422473809	1	exponential	0.04	88000
98977	0,1,2,3,4,5,6,7,8,9,10,11,12,13,14,15,16,17,18,19	284.469475515,260.07130883,239.320032661,218.438571139,207.686751478,192.202965936,185.803214555,173.464347628,170.547984614,164.213966109,157.622340287,154.256171297,149.087930127,148.166738026,143.844357552,141.934955299,143.478658122,140.627375916,139.206133633,136.249608189	6	exponential	0.04	88000
99517	0,1,2,3,4,5,6,7,8,9,10,11,12,13,14,15,16,17,18,19	115.639634424,91.6203762228,68.3545939838,52.2458869599,36.6053271287,23.7208741839,17.6030309592,9.14167728837,0.0199682600696,-4.08008935763,-11.4806725781,-12.348100153,-19.2775082188,-19.3569421516,-23.9115019001,-26.0795612827,-25.4235906168,-27.8934944948,-28.7527270771,-31.1151562849	1	exponential	0.04	88000
96126	0,1,2,3,4,5,6,7,8,9,10,11,12,13,14,15,16,17,18,19	12.9964196577,-11.1271265087,-29.4188319454,-50.4104526432,-63.3999002081,-76.426750636,-86.7112059199,-95.2572791046,-98.6714619962,-105.551701445,-109.061433642,-113.623271965,-118.927137062,-121.820422631,-124.073155385,-125.568384429,-127.31835876,-126.845732859,-131.636920882,-132.361650992	1	exponential	0.04	88000
97855	0,1,2,3,4,5,6,7,8,9,10,11,12,13,14,15,16,17,18,19	262.408364053,238.408242429,216.033453732,201.478703878,186.457868705,172.406147546,163.716788815,154.469595679,148.918578081,143.275134231,136.777263112,133.179965951,131.432174299,126.258114831,123.294880099,120.990624209,120.476549263,120.433798053,119.978954371,118.323944924	6	exponential	0.04	88000
97521	0,1,2,3,4,5,6,7,8,9,10,11,12,13,14,15,16,17,18,19	39.899289357,13.2987199946,-5.80354807625,-25.2975021153,-39.2509456954,-49.9665176738,-58.4906515162,-67.9530709838,-77.9607328009,-82.494520832,-86.5307443962,-88.9341653745,-94.0911735175,-95.8835062974,-100.422815011,-99.9523333828,-102.019429335,-105.15424142,-106.990522019,-104.317149439	1	exponential	0.04	88000
98793	0,1,2,3,4,5,6,7,8,9,10,11,12,13,14,15,16,17,18,19	75.6674761956,53.0246935061,32.043917521,13.3991987452,-0.168440557196,-10.9438649056,-22.6526252297,-28.2644522511,-37.5681287412,-43.6135940424,-47.7401156987,-51.5414497178,-57.3059649549,-57.9487074126,-59.4237213782,-61.6917923394,-63.4572242341,-65.1808931261,-66.7555340114,-69.4518862859	1	exponential	0.04	88000
96522	0,1,2,3,4,5,6,7,8,9,10,11,12,13,14,15,16,17,18,19	270.02874499,243.896422324,222.172889633,205.265359634,192.048514887,178.52786057,168.389059505,162.837639088,152.344037434,146.240452612,141.780656204,140.395079201,136.713169634,133.200004497,132.253116447,129.576584829,128.93566471,126.556239822,123.160509057,125.774997335	6	exponential	0.04	88000
98603	0,1,2,3,4,5,6,7,8,9,10,11,12,13,14,15,16,17,18,19	186.176237919,158.523837599,140.491046554,122.546033611,108.448685195,95.5731669833,85.1650796368,75.8575553316,71.2465593809,64.7156091542,58.2612609614,56.1325126055,52.5094641626,49.1052039802,46.0623505847,45.925126273,40.8853073575,42.1335830919,40.004287916,39.3960865111	2	exponential	0.04	88000
98034	0,1,2,3,4,5,6,7,8,9,10,11,12,13,14,15,16,17,18,19	118.585208439,94.3252615292,74.6733592016,56.1780502672,43.6867097741,30.6696618919,20.4949614129,12.2664977147,3.732704058,-1.23838405242,-7.12940401132,-10.9891508085,-14.6301765548,-15.38816692,-19.9753437049,-18.0045336522,-23.1931308562,-21.1684862178,-22.0956772465,-24.0182431614	1	exponential	0.04	88000
97397	0,1,2,3,4,5,6,7,8,9,10,11,12,13,14,15,16,17,18,19	256.234387713,231.704418219,212.116929369,193.181756499,181.545721715,169.028222745,155.982372369,149.354606735,143.851825196,135.401483834,129.861769954,125.448437787,122.889790381,121.189278183,118.162674154,118.866349927,116.878850919,112.237650168,113.592234054,110.271458868	6	exponential	0.04	88000
99072	0,1,2,3,4,5,6,7,8,9,10,11,12,13,14,15,16,17,18,19	245.764721493,222.00632311,201.406851801,183.049448753,169.880283065,155.827646238,148.183392832,139.736618322,130.435305653,125.826006707,123.491109487,117.112917901,113.200686781,110.229541931,108.431452057,107.211230404,105.40911958,105.229754807,102.089787407,104.444935393	2	exponential	0.04	88000
97471	0,1,2,3,4,5,6,7,8,9,10,11,12,13,14,15,16,17,18,19	115.940259526,94.0613768812,72.8465385436,52.9976554089,39.269232322,26.5915757736,17.7007647384,11.1568357688,3.75931829292,-4.91665030289,-7.07823722704,-11.6379977647,-17.4046189015,-16.7249118228,-22.6090552348,-21.8982899851,-24.3084502166,-24.2391586803,-28.5161764254,-26.3642026841	1	exponential	0.04	88000
98725	0,1,2,3,4,5,6,7,8,9,10,11,12,13,14,15,16,17,18,19	263.249712316,236.291359129,216.648605025,199.220210836,183.058022164,172.796649099,163.659768505,152.979992465,146.428972888,143.316285845,135.980371849,131.640167517,127.774324038,127.424483761,125.244755342,120.363519148,122.995461368,119.021159271,118.573928443,119.368130963	6	exponential	0.04	88000
97405	0,1,2,3,4,5,6,7,8,9,10,11,12,13,14,15,16,17,18,19	293.773257706,268.3618649,249.21318171,229.805821692,214.276618762,203.703539096,192.639051237,183.40099671,179.924360533,174.536403749,169.483777572,162.460905238,160.679521581,155.838491289,156.334583685,154.613562962,152.513330384,149.431270665,150.569197844,147.064070334	6	exponential	0.04	88000
96664	0,1,2,3,4,5,6,7,8,9,10,11,12,13,14,15,16,17,18,19	284.714013834,261.181961463,239.826876746,224.344641334,208.837641589,196.57198605,186.847147074,179.081515063,168.909628222,163.535434088,161.105658868,156.138295777,153.942637131,151.285793371,147.752261624,144.412465268,141.873656275,140.636019487,139.75678593,139.011012593	6	exponential	0.04	88000
99186	0,1,2,3,4,5,6,7,8,9,10,11,12,13,14,15,16,17,18,19	70.4432064831,47.0965735466,25.1100636862,7.07631219642,-4.39174062082,-18.0936758162,-28.5035833885,-37.6809356512,-41.9873037956,-50.5453392599,-52.5714227663,-59.1085879238,-62.8968276178,-64.1843102726,-67.0632687288,-70.2588998354,-68.9671311418,-70.9338640708,-74.2804785614,-72.8711079574	1	exponential	0.04	88000
96835	0,1,2,3,4,5,6,7,8,9,10,11,12,13,14,15,16,17,18,19	238.374988483,213.876007019,194.389489008,175.228162896,163.162784056,150.869484262,138.127987477,132.654146548,125.313120325,117.911876288,113.741915985,109.827132497,107.477038696,103.271057106,99.8159742129,99.1481838862,96.8160932306,98.3299810636,96.7756267782,95.4284579966	2	exponential	0.04	88000
97589	0,1,2,3,4,5,6,7,8,9,10,11,12,13,14,15,16,17,18,19	237.927184754,210.542338019,191.374727184,175.210894634,157.483501323,145.780804358,134.74586237,128.765958052,122.991557895,113.43873979,112.476996975,106.85075857,104.608933285,99.5561431625,99.8201015216,94.9197644957,93.0719144406,94.1497928418,90.0150198058,89.3396067523	2	exponential	0.04	88000
99609	0,1,2,3,4,5,6,7,8,9,10,11,12,13,14,15,16,17,18,19	202.195813397,179.108654734,157.392824788,140.310376467,124.090776772,113.329108907,104.314286186,97.2121074611,90.1021164131,81.8312708347,76.3726497804,74.3313690236,71.9291114461,68.890344823,63.5358636736,62.8662351408,61.3568823775,60.7220922552,57.7464224755,60.1747100718	2	exponential	0.04	88000
98615	0,1,2,3,4,5,6,7,8,9,10,11,12,13,14,15,16,17,18,19	13.5378698284,-13.6734062469,-35.7634282061,-53.6389509916,-66.4514523738,-79.5333883779,-90.1819938051,-98.6081246059,-105.398063827,-108.016275155,-114.586386286,-120.262526338,-120.511876065,-124.657029725,-126.997944025,-127.404709299,-128.733591069,-132.404118393,-132.957396597,-131.854110313	1	exponential	0.04	88000
97271	0,1,2,3,4,5,6,7,8,9,10,11,12,13,14,15,16,17,18,19	238.404164594,215.476574209,191.447731665,175.969007746,159.783296994,148.217011782,139.544971513,128.634582741,124.262920174,115.826274245,110.836513511,110.380752584,107.203210155,102.694076355,99.8005753457,99.3417857933,97.801634673,93.337284314,92.2437338487,92.1194896732	2	exponential	0.04	88000
99962	0,1,2,3,4,5,6,7,8,9,10,11,12,13,14,15,16,17,18,19	53.5851840376,26.3100671767,7.03506951931,-9.81073511844,-23.4741460124,-38.5718339924,-49.2680741066,-57.626364506,-64.2037686061,-66.8873737532,-71.9561167744,-76.6796035357,-79.9366356811,-85.9216595795,-88.0140657957,-87.2943300629,-91.7252866121,-92.9052507779,-92.9806914449,-91.3683375373	1	exponential	0.04	88000
97994	0,1,2,3,4,5,6,7,8,9,10,11,12,13,14,15,16,17,18,19	276.092743276,251.623340529,231.717629432,215.148442284,200.137011338,185.704606762,176.37872385,166.803140315,160.397606499,156.077197505,152.27658647,148.646172946,145.213628016,141.631785503,138.473758283,136.30836144,136.527535738,135.974055823,134.242248229,133.861072341	6	exponential	0.04	88000
99415	0,1,2,3,4,5,6,7,8,9,10,11,12,13,14,15,16,17,18,19	123.570543306,97.5683194372,75.3750037718,60.9522897052,45.6130490058,31.6050858519,23.8140293757,14.3626395177,8.74142628723,0.824086938755,-4.86389885152,-7.82609296114,-9.80564952208,-11.7405954084,-13.8213199026,-19.4234716812,-18.6054670935,-21.7164293619,-23.1008691822,-20.6407438367	1	exponential	0.04	88000
98116	0,1,2,3,4,5,6,7,8,9,10,11,12,13,14,15,16,17,18,19	71.885253073,47.7115947517,26.8758754109,10.7681469462,-4.03829706671,-14.2914524095,-25.8582983078,-36.608580535,-43.663452529,-46.3689504993,-51.4965014039,-54.5183088002,-60.9237043255,-64.306395237,-66.2004424035,-68.9469370096,-66.6057916273,-68.9467034835,-71.3726304137,-73.7894861783	1	exponential	0.04	88000
99619	0,1,2,3,4,5,6,7,8,9,10,11,12,13,14,15,16,17,18,19	285.625408985,261.994113003,241.810461958,222.449640474,209.836628624,198.10444393,189.485408128,178.099867845,171.834269013,165.48761097,161.645353775,159.846931861,155.675206975,152.544436336,148.106049284,147.859441018,144.769732494,143.184573352,145.069949012,142.134647507	6	exponential	0.04	88000
97682	0,1,2,3,4,5,6,7,8,9,10,11,12,13,14,15,16,17,18,19	132.800972747,106.190983968,87.8608990832,68.1185224518,52.8137952005,42.041570183,33.881767605,26.1364576416,17.2005158458,9.85331992303,6.91914602082,3.62207109201,1.04234438729,-5.46500255682,-6.01756247545,-8.27973839505,-7.89047440633,-10.579785137,-13.8542941182,-14.8847789133	1	exponential	0.04	88000
99871	0,1,2,3,4,5,6,7,8,9,10,11,12,13,14,15,16,17,18,19	190.096659027,167.976576526,147.086844075,128.191332839,112.375617107,103.472906866,89.9950038842,84.1733961,76.3919937453,69.4825073571,67.1124762472,62.954536735,59.2509385313,54.2140584135,52.0779729558,50.1765688288,50.4917693362,47.1325240972,46.0122288557,47.2268409927	2	exponential	0.04	88000
97314	0,1,2,3,4,5,6,7,8,9,10,11,12,13,14,15,16,17,18,19	52.9502261082,26.2141477702,5.38277276772,-11.7515349363,-28.1544874474,-36.8746793232,-48.3976789687,-58.4091096775,-62.6054766272,-67.9210904092,-72.289558399,-79.370599972,-83.627323968,-84.2901098025,-88.0557671295,-87.3236172355,-91.9777865799,-92.7485616349,-91.0733861533,-95.6367020063	1	exponential	0.04	88000
97399	0,1,2,3,4,5,6,7,8,9,10,11,12,13,14,15,16,17,18,19	128.527216393,105.637492854,85.1521655326,64.7156295877,50.8694833605,40.5611596445,31.589778611,20.5424997859,13.3677035453,10.1809109077,5.17909468057,0.790501969623,-5.50545405183,-8.25010930498,-8.27848868223,-12.4675814677,-12.7828148318,-12.42192324,-16.1502644806,-17.2042215412	1	exponential	0.04	88000
96585	0,1,2,3,4,5,6,7,8,9,10,11,12,13,14,15,16,17,18,19	211.055892412,183.710063394,162.921035377,146.245397246,133.08356341,121.850625448,111.85187645,102.16797971,95.3686363246,89.300401248,83.6124810358,79.5545359819,77.1135770267,75.8738903754,71.515439867,69.649942697,67.7178502352,69.608775852,64.3154014941,63.8422754002	2	exponential	0.04	88000
96773	0,1,2,3,4,5,6,7,8,9,10,11,12,13,14,15,16,17,18,19	178.183788408,156.915894755,134.408975767,115.953488361,101.668208325,91.7548754421,79.4623401104,69.9178259911,62.9227594311,59.1380642569,54.6453746197,50.4863847462,47.5086754455,43.6741535906,41.5680246451,40.4041247622,37.8067272437,34.8816560527,34.9613965107,33.0518858518	2	exponential	0.04	88000
96087	0,1,2,3,4,5,6,7,8,9,10,11,12,13,14,15,16,17,18,19	161.984651175,137.382689588,116.863336382,97.5054465966,85.2578806644,70.9760774291,60.6291868196,55.4098846411,44.9700518855,39.2320701407,33.8878777852,32.5420453622,28.3783291132,27.2719724738,22.8354765045,19.2368083744,19.7589330848,19.5059187708,17.7485915292,17.720700585	2	exponential	0.04	88000
99791	0,1,2,3,4,5,6,7,8,9,10,11,12,13,14,15,16,17,18,19	40.1772056183,16.490621312,-3.52175272298,-20.9822260866,-35.9120217904,-46.6408479892,-56.1936371203,-64.452372096,-71.6235981695,-79.4162300522,-83.1443799557,-89.9802477003,-90.8334622493,-96.302366797,-98.783813522,-97.7869099927,-100.927382587,-101.075799183,-104.240276686,-104.325908218	1	exponential	0.04	88000
97637	0,1,2,3,4,5,6,7,8,9,10,11,12,13,14,15,16,17,18,19	121.007317191,94.0942362128,75.2779500511,56.7578675881,43.5882039998,31.342948206,18.8411946971,11.2656150512,3.71436745767,-3.89943272268,-8.60721448009,-8.98154596246,-15.5529547002,-18.6992124467,-17.6629015657,-19.6960399402,-20.9796757572,-23.6219778295,-26.9484468821,-26.4335924286	1	exponential	0.04	88000
97275	0,1,2,3,4,5,6,7,8,9,10,11,12,13,14,15,16,17,18,19	5.22924836497,-19.9620372754,-39.4084659876,-56.8958004212,-73.4334161335,-82.6507769639,-92.1733643618,-103.367827484,-108.31416,-112.727243175,-121.584678842,-123.462812691,-125.096787652,-128.693416012,-130.599014786,-136.260690612,-136.488099047,-137.771795537,-138.96192344,-140.154884834	1	exponential	0.04	88000
99298	0,1,2,3,4,5,6,7,8,9,10,11,12,13,14,15,16,17,18,19	123.832662062,99.2481747306,76.8486895923,58.6792280516,44.8036371501,33.6732230648,20.819751109,13.5539475412,6.37492677905,-0.071154734372,-1.43541675639,-9.37163799056,-12.9383442131,-15.5028424102,-16.0767914736,-17.5416531733,-19.967658812,-22.7892800002,-20.6603481481,-20.9119699424	1	exponential	0.04	88000
96709	0,1,2,3,4,5,6,7,8,9,10,11,12,13,14,15,16,17,18,19	215.564254656,192.474303543,170.978705548,155.392689851,140.017523062,126.050222327,118.225237499,110.096180227,100.19804082,94.9419345883,90.3519500881,88.9435965507,83.1548353956,81.7470741869,78.8508416432,75.5488225051,73.8804330948,75.7218745289,71.5287411663,71.7980605774	2	exponential	0.04	88000
99544	0,1,2,3,4,5,6,7,8,9,10,11,12,13,14,15,16,17,18,19	125.528454602,99.4949476764,76.5062847112,58.9468125406,48.073077361,36.1423569972,24.4448110012,14.0331382177,9.27588769496,3.31142294951,-2.94629456759,-4.75266393425,-10.5884001083,-10.7736106401,-15.9206807357,-16.3156055901,-16.6022044804,-18.3207248304,-19.946594851,-19.6803378427	1	exponential	0.04	88000
98931	0,1,2,3,4,5,6,7,8,9,10,11,12,13,14,15,16,17,18,19	124.206361914,96.8508521024,75.902558805,61.4843641471,45.8652589331,32.2531038282,22.5296529744,17.2912226488,10.1992298798,4.29350648966,-3.51572838349,-5.8857465924,-8.46295069612,-11.9389430252,-13.0775561585,-15.5577272737,-20.3626237219,-21.3132030368,-20.8571419253,-21.6031666658	1	exponential	0.04	88000
98900	0,1,2,3,4,5,6,7,8,9,10,11,12,13,14,15,16,17,18,19	9.14567143362,-16.1408157279,-38.5679745525,-54.5366010587,-70.0591451896,-82.7713086381,-89.5321659264,-100.133842427,-106.315821784,-109.973415374,-117.643003794,-121.619371352,-125.41579604,-125.335912378,-130.884890229,-132.079227139,-133.473469074,-134.476650662,-135.465185563,-138.285085802	1	exponential	0.04	88000
99007	0,1,2,3,4,5,6,7,8,9,10,11,12,13,14,15,16,17,18,19	19.5292020215,-6.44519227996,-29.9253765509,-47.1081837912,-60.0695491254,-70.5759683854,-82.2616060969,-90.2429417359,-98.5356018027,-103.540651419,-109.836342941,-114.128911962,-113.631507903,-117.622719799,-121.167785017,-120.859561679,-125.991998505,-125.669727872,-127.561697993,-126.89178022	1	exponential	0.04	88000
98826	0,1,2,3,4,5,6,7,8,9,10,11,12,13,14,15,16,17,18,19	57.3581799151,32.5525910394,11.6612186551,-7.41897328934,-21.6774751681,-31.7289410024,-41.5254033652,-52.7475553756,-57.4345241064,-64.4811365223,-67.8757119189,-75.3175952449,-77.0293758756,-80.2136212261,-80.9367114838,-84.4541651244,-86.9514374927,-88.3826385464,-89.6633246931,-87.247970307	1	exponential	0.04	88000
97246	0,1,2,3,4,5,6,7,8,9,10,11,12,13,14,15,16,17,18,19	103.696481124,75.4152839857,58.6584720387,39.9716838576,24.6882242389,11.6709010219,3.31987841328,-4.08631205097,-12.1079820801,-19.346778329,-23.7747521213,-29.096375407,-31.5249310937,-32.1993396238,-36.0424758073,-38.3913238966,-41.2859293267,-40.92502772,-40.9911132264,-44.4027199394	1	exponential	0.04	88000
96455	0,1,2,3,4,5,6,7,8,9,10,11,12,13,14,15,16,17,18,19	22.5409010633,0.0667607270801,-21.1786361622,-41.3254815265,-56.3860363895,-65.5888210468,-74.7653310311,-86.3562086416,-90.2108658559,-97.3874394071,-103.727247025,-107.264140559,-112.050168501,-113.902938011,-117.375378756,-118.697411672,-118.355026919,-119.507250698,-119.597915373,-124.427385116	1	exponential	0.04	88000
99335	0,1,2,3,4,5,6,7,8,9,10,11,12,13,14,15,16,17,18,19	129.818584514,102.608659096,80.8476960855,66.8012729334,49.1106032045,37.2015422885,30.1897402631,19.3297766194,12.0886509275,6.3650584612,3.30748691995,-2.64029432066,-3.14185961399,-7.28641249443,-11.6271309394,-11.753996224,-15.1241984091,-13.9008166488,-14.996506399,-16.8335590751	1	exponential	0.04	88000
96994	0,1,2,3,4,5,6,7,8,9,10,11,12,13,14,15,16,17,18,19	57.4498698054,30.8058080523,12.6157926459,-3.6189449058,-19.1785180839,-30.9806833312,-40.17119876,-52.7958638783,-57.1337674709,-62.6754981573,-68.1055264434,-72.0100830933,-76.2939964622,-77.8340541542,-78.6753466371,-84.89476039,-86.1155798069,-86.5460952252,-88.1889647642,-89.5852170331	1	exponential	0.04	88000
99083	0,1,2,3,4,5,6,7,8,9,10,11,12,13,14,15,16,17,18,19	153.032220508,126.911307216,109.227744472,88.5757200423,76.6532610321,64.2510891926,52.7305148115,46.3185125235,37.6945361326,34.6742813434,29.4465162118,24.7420095761,21.5683386603,18.7089723535,16.7769927748,15.6168647167,13.0649765833,9.07694729459,10.4501161183,7.72134313264	2	exponential	0.04	88000
97673	0,1,2,3,4,5,6,7,8,9,10,11,12,13,14,15,16,17,18,19	15.8347065719,-8.88231508504,-28.9513377673,-45.6891006446,-59.1291182114,-73.7715697417,-81.8943878278,-90.84330509,-95.6359334303,-103.069196385,-105.719598163,-112.898246438,-113.079331328,-117.75994552,-120.275581222,-121.798851514,-124.544500257,-123.962367437,-126.144080326,-127.894284887	1	exponential	0.04	88000
98547	0,1,2,3,4,5,6,7,8,9,10,11,12,13,14,15,16,17,18,19	70.1853541673,46.1955914496,26.7165585996,8.53172371721,-4.67978748405,-16.2438556328,-29.4352009339,-34.8726434852,-43.1514436984,-51.2019208957,-54.0988244153,-59.3367982279,-59.5956564024,-62.7928949301,-67.8979186304,-66.7512697864,-70.6044612854,-69.7653634496,-73.0920050189,-73.0938948177	1	exponential	0.04	88000
98822	0,1,2,3,4,5,6,7,8,9,10,11,12,13,14,15,16,17,18,19	239.578243433,214.741544959,192.518864882,176.514961447,163.653807177,148.364695021,139.291014395,130.715149848,126.429248867,119.462319033,113.504054138,110.050368318,106.478180325,104.721413325,102.302264789,97.5456419549,98.0970547266,94.4516647324,96.4011854278,93.5812914132	2	exponential	0.04	88000
97803	0,1,2,3,4,5,6,7,8,9,10,11,12,13,14,15,16,17,18,19	195.825253289,170.909540346,150.490506039,132.832075933,119.392596412,107.789884974,97.3450924714,89.9753530372,82.9406777081,77.2926420671,70.1731847796,67.9301303252,61.9590659356,59.3535313262,58.191871475,55.0635993577,54.9051516403,52.7178072264,50.596833006,51.32142673	2	exponential	0.04	88000
97233	0,1,2,3,4,5,6,7,8,9,10,11,12,13,14,15,16,17,18,19	125.103008265,98.684007781,80.1718197367,62.4056268495,48.3692546973,34.5513575579,23.557594932,16.8213082365,7.20467497116,4.38669688095,-1.24134113726,-6.59402149216,-6.71421926073,-9.60740770675,-15.8727869239,-15.3475291448,-18.282279271,-19.7015423871,-18.0001231637,-20.5704572523	1	exponential	0.04	88000
99313	0,1,2,3,4,5,6,7,8,9,10,11,12,13,14,15,16,17,18,19	224.674466165,199.841381525,179.670402005,161.149537624,147.865246811,135.653830256,124.01963893,119.075904348,111.869833197,103.634516957,101.777964519,96.4360374649,94.502581406,89.5331548201,87.6852138189,83.2242286677,84.7919817598,83.2050499739,82.6842373393,82.2413635015	2	exponential	0.04	88000
96803	0,1,2,3,4,5,6,7,8,9,10,11,12,13,14,15,16,17,18,19	213.453200084,187.753463037,165.529922862,150.058098628,134.38158306,123.710888732,112.802717397,102.740556763,98.8748441474,90.2318783246,85.9143862156,82.3507857715,79.4024895335,75.0143524964,75.2692917721,73.3718224102,71.1015673237,66.852039223,69.453171016,67.4370509187	2	exponential	0.04	88000
96069	0,1,2,3,4,5,6,7,8,9,10,11,12,13,14,15,16,17,18,19	259.125060366,234.324871897,214.48812805,196.72325367,181.141032655,171.370859946,161.971513817,150.450421813,144.826644054,141.464932476,135.5866625,129.290456043,125.215712993,125.355461198,124.258990567,121.999204671,120.552844352,116.139326371,117.766158538,115.744224615	6	exponential	0.04	88000
96996	0,1,2,3,4,5,6,7,8,9,10,11,12,13,14,15,16,17,18,19	141.413529907,115.201317518,96.3121200395,77.3510685745,60.9607298539,49.9518178309,40.1937942471,33.1217386735,23.6214693974,19.622077838,15.1586521226,10.2659753049,6.29006946679,4.4249236626,1.95669745315,-1.77193490236,0.192174498813,-5.15751957131,-4.81219708383,-6.16419680126	2	exponential	0.04	88000
98662	0,1,2,3,4,5,6,7,8,9,10,11,12,13,14,15,16,17,18,19	151.68981504,124.856477193,104.127161605,84.6923617119,73.3607701848,57.9935447088,49.6388449701,39.5124379329,32.7846537785,28.0829639104,23.7326860679,19.934551499,17.1293074647,12.060693721,12.9574312176,10.5963033392,7.89869086951,5.52921276114,6.13136404667,5.64335698496	2	exponential	0.04	88000
99189	0,1,2,3,4,5,6,7,8,9,10,11,12,13,14,15,16,17,18,19	171.692571411,144.684457837,124.803249847,110.47556437,94.6878352466,80.162891533,74.0092693321,63.2115041112,58.6324367359,51.8888961899,47.3423952267,40.2319402959,37.1007453155,35.087957879,34.5990867997,32.2902164972,31.353479693,28.59877398,26.8851505211,28.5233610353	2	exponential	0.04	88000
99318	0,1,2,3,4,5,6,7,8,9,10,11,12,13,14,15,16,17,18,19	105.128310725,80.1755162944,62.1459215496,43.731942236,30.9396250147,15.5922960068,8.18887142972,-1.4647177525,-8.83157184022,-12.1618464909,-20.1882775478,-25.1082624866,-27.2470838441,-29.139767537,-29.8380055888,-33.1203963136,-35.5312254464,-36.5887311938,-35.6049745326,-37.0843546674	1	exponential	0.04	88000
96991	0,1,2,3,4,5,6,7,8,9,10,11,12,13,14,15,16,17,18,19	248.147671611,222.580629323,202.172742101,187.329837299,170.20427438,159.055998055,147.101240879,139.535091915,131.999322555,125.69810952,122.232981139,117.522716718,114.838167418,112.65269835,111.353700068,106.945446766,107.446928521,104.279254515,105.026073238,101.994633955	2	exponential	0.04	88000
99182	0,1,2,3,4,5,6,7,8,9,10,11,12,13,14,15,16,17,18,19	153.365512476,129.731785862,107.091247903,88.4372303134,76.8033538307,65.5115315686,53.3415701467,46.9798099126,40.0108446067,34.3720475266,29.6136011601,22.2655082479,21.2319844856,15.9328674702,16.1172469534,14.895580467,10.2530286071,10.0673485815,11.20785973,8.87163795511	2	exponential	0.04	88000
99636	0,1,2,3,4,5,6,7,8,9,10,11,12,13,14,15,16,17,18,19	280.187692864,255.047914965,236.258273911,217.279969486,202.198431725,191.094052433,181.522111765,171.391441297,163.347091645,160.845414562,152.094713755,149.555944653,148.735185944,142.158387636,142.621199003,140.63699674,137.589683526,138.736325658,135.792390071,134.442122561	6	exponential	0.04	88000
96115	0,1,2,3,4,5,6,7,8,9,10,11,12,13,14,15,16,17,18,19	32.5438443425,7.3467988669,-12.9108237672,-32.3441115696,-45.2077449312,-57.5421628079,-66.0420005528,-76.9593537007,-83.3924891833,-87.3523277977,-93.5731225998,-98.0967377046,-101.29424925,-103.252061967,-107.319301031,-109.34526466,-110.609708238,-111.356335916,-110.774930204,-114.076698481	1	exponential	0.04	88000
96083	0,1,2,3,4,5,6,7,8,9,10,11,12,13,14,15,16,17,18,19	288.626760499,262.851438236,241.102298602,225.524592205,209.824536204,197.242874916,187.27615088,181.213448593,175.603218332,169.235201642,161.801300984,158.200554327,154.765056468,155.071372829,151.945747263,150.498950505,145.637064558,145.029023324,145.496012701,144.275344397	6	exponential	0.04	88000
55918	0,1,2,3,4,5,6,7,8,9,10,11,12,13,14,15,16,17,18,19	15.0460909985,18.2753498052,21.983685281,26.1443808832,29.7019090128,33.6748062348,38.9929785153,42.2089445179,44.7625210144,49.9308089376,53.8388803907,57.7835864264,61.8493586858,67.0316242958,70.5684681544,73.3616681425,77.2649550213,81.5781630066,85.1188047163,90.1863923201	5	linear	0.04	44000
52996	0,1,2,3,4,5,6,7,8,9,10,11,12,13,14,15,16,17,18,19	-26.2583779891,-22.6882348649,-19.2967990907,-14.080271558,-10.4817563476,-5.77752138224,-2.12789903265,2.0320278835,4.6881773861,8.71006011283,13.1657457515,16.4785721377,20.9549088317,25.4326774102,29.2926886012,34.3137402319,36.7049258399,42.6208109367,44.4923236363,48.6030218066	3	linear	0.04	44000
54895	0,1,2,3,4,5,6,7,8,9,10,11,12,13,14,15,16,17,18,19	28.5881708393,33.5864453206,37.4937156665,41.5513165429,43.9022457094,49.3874239294,53.4872234015,56.53123959,61.5832274998,63.5855894338,67.5594929703,73.5273552749,77.362321348,80.2177854552,83.5905380676,88.3123489294,91.3734485403,96.8705080309,100.073388845,103.629582036	5	linear	0.04	44000
55174	0,1,2,3,4,5,6,7,8,9,10,11,12,13,14,15,16,17,18,19	-34.2912276293,-30.9407014755,-26.9072223938,-22.1070694133,-18.4510571595,-14.6900794956,-9.69177920277,-5.90656849149,-1.55914204489,0.989358134369,6.19620534454,10.9697744181,13.7731481661,18.4884308982,21.134301468,25.1251222906,31.1188932513,34.4492282438,37.362126165,40.9273578791	3	linear	0.04	44000
53391	0,1,2,3,4,5,6,7,8,9,10,11,12,13,14,15,16,17,18,19	81.8517282868,86.5064083503,90.1770845824,94.9320454685,97.4892158117,103.134919408,107.529605844,110.25948679,115.364567174,119.210057199,121.938242063,126.725967097,130.578643045,134.32740246,137.526163356,142.198906286,146.724252372,151.256352291,153.414831832,159.068275686	5	linear	0.04	44000
53255	0,1,2,3,4,5,6,7,8,9,10,11,12,13,14,15,16,17,18,19	32.5142246812,35.2208361403,40.1533746325,43.8092388733,47.3908761598,50.9148029894,55.5200989695,59.8836184594,63.4598058517,66.6938382924,71.0307226326,76.6270657059,80.1606991756,83.5264198299,86.9050940834,92.6875330591,96.5478843695,98.7059059138,102.692471387,108.747706747	5	linear	0.04	44000
55710	0,1,2,3,4,5,6,7,8,9,10,11,12,13,14,15,16,17,18,19	80.6863779282,84.8529813794,87.3100249689,92.812175952,96.3522764898,99.0064228848,103.681319209,107.1002777,111.203836123,115.55985999,118.817309796,122.890983362,128.930940615,132.501847246,135.124712843,140.658371178,142.754617243,147.824440885,151.669701811,155.50309624	5	linear	0.04	44000
55591	0,1,2,3,4,5,6,7,8,9,10,11,12,13,14,15,16,17,18,19	-58.8511171937,-55.0676508617,-51.3089065048,-46.4342684955,-42.3543183874,-38.3144044506,-35.7885600496,-31.4368105683,-27.0007296819,-22.2827410758,-19.2496428096,-14.47109154,-11.5021389644,-7.44446740515,-1.75675253067,1.66585656631,6.33456601428,10.2278146857,12.9827369392,16.2795598145	3	linear	0.04	44000
52032	0,1,2,3,4,5,6,7,8,9,10,11,12,13,14,15,16,17,18,19	-27.2332655749,-23.4358997902,-19.2403520747,-15.516526028,-11.169014382,-8.35278719266,-2.94825826731,-0.145318027412,5.30807374317,9.00434795335,11.8699040908,17.1611381594,19.389938006,24.4264497246,29.6602356764,32.684970132,35.889445266,40.3328420157,45.088276274,48.7789934386	3	linear	0.04	44000
53205	0,1,2,3,4,5,6,7,8,9,10,11,12,13,14,15,16,17,18,19	24.7194809567,28.4490045401,32.3614944635,35.6023455883,40.8720013711,43.9022308452,48.8785405228,52.683769672,57.4371290044,61.0260055624,65.1773707847,67.9526860092,73.0595745349,77.0808323025,80.9948041717,83.9211161022,88.4997835239,93.0469278964,95.9282766269,100.096590912	5	linear	0.04	44000
52479	0,1,2,3,4,5,6,7,8,9,10,11,12,13,14,15,16,17,18,19	61.894764231,64.8360905101,70.3879377278,73.7577697068,76.6033107408,82.0562067728,86.3863599045,90.1000907308,93.6172609041,98.2248496394,102.107780162,104.672442595,109.587227372,114.588345472,116.595633604,122.09230227,126.288413171,128.867484538,132.323662245,137.917543618	5	linear	0.04	44000
54950	0,1,2,3,4,5,6,7,8,9,10,11,12,13,14,15,16,17,18,19	56.8403504443,60.049739144,64.8334856546,67.399129984,73.053782566,75.7333189603,79.96111582,84.2470142793,87.7951910008,92.8477253673,97.5252296778,99.2996733306,103.623265339,108.967672709,113.42606904,116.000477457,120.748234802,123.405014436,128.35303645,131.30911145	5	linear	0.04	44000
52553	0,1,2,3,4,5,6,7,8,9,10,11,12,13,14,15,16,17,18,19	41.4230955375,43.8211731134,49.3022712246,51.5743492466,55.2562349278,60.0708415435,63.9340858263,68.9555625566,71.8512734929,76.877659367,80.3958338667,85.2713559572,88.6596502539,91.4127541375,96.0403013407,100.169915724,105.110397843,107.306384708,111.730526508,116.327613628	5	linear	0.04	44000
55716	0,1,2,3,4,5,6,7,8,9,10,11,12,13,14,15,16,17,18,19	-22.4945110089,-18.7167243416,-13.2698420263,-9.13689100592,-6.95489965879,-2.87765226377,2.6811010314,5.86064379735,10.7150745116,14.6923486793,17.70329486,21.1907328679,25.0443193287,31.0834963695,33.1480486776,37.5291933135,42.2539803273,46.7109577853,50.835640892,54.9251152333	3	linear	0.04	44000
53573	0,1,2,3,4,5,6,7,8,9,10,11,12,13,14,15,16,17,18,19	66.9308560416,71.6201541132,74.294514534,79.2156770488,83.7226784234,87.910540858,89.9287715839,95.2443218154,98.5429489366,103.844887675,107.935723394,109.987005622,114.226867196,118.833749557,123.826068099,127.083129161,129.76246506,133.987948645,139.423501313,143.830014036	5	linear	0.04	44000
55480	0,1,2,3,4,5,6,7,8,9,10,11,12,13,14,15,16,17,18,19	-42.8631300584,-39.5039647058,-34.6428574076,-31.3625255652,-26.8552557398,-22.5871031073,-20.0075017714,-16.6139510878,-11.2174441867,-7.07275522749,-3.55299548828,1.74341084379,4.7831075424,9.14173115671,12.7784924093,16.0351198296,20.1254166569,23.5204385355,29.6928389456,32.6334955103	3	linear	0.04	44000
53250	0,1,2,3,4,5,6,7,8,9,10,11,12,13,14,15,16,17,18,19	-52.8087898691,-49.3222293619,-45.4605881043,-41.6255232321,-36.5574882268,-32.805467418,-29.6261024703,-24.5020007979,-21.9140888226,-17.9475089634,-13.7823460298,-9.95983267563,-4.80315927747,-1.10562410053,2.76353762687,6.25866994965,12.098707148,14.6540791209,19.876717341,23.6391209229	3	linear	0.04	44000
53832	0,1,2,3,4,5,6,7,8,9,10,11,12,13,14,15,16,17,18,19	-45.5754754345,-41.3884806711,-38.0759994831,-33.0750356075,-29.7680859498,-26.0684038629,-21.7679635168,-18.8712486616,-13.751181521,-9.48034412196,-6.82920750811,-2.6646638529,2.27243674321,6.96157010691,10.3108294359,13.9778915936,18.6761891575,23.2340092723,26.5417483621,29.2435814759	3	linear	0.04	44000
54939	0,1,2,3,4,5,6,7,8,9,10,11,12,13,14,15,16,17,18,19	67.6991845528,72.2222206282,77.1905548987,78.9503468849,84.3100535744,88.189681895,92.1063429455,95.9408499556,99.9420485253,104.224626243,108.874286017,111.798813768,115.770419569,119.938810159,123.046717988,126.947115699,131.203839118,136.843436971,138.999120637,144.004843014	5	linear	0.04	44000
53752	0,1,2,3,4,5,6,7,8,9,10,11,12,13,14,15,16,17,18,19	18.855845412,21.6499621641,25.6474062207,31.7466325965,35.097918131,38.2846147013,42.1426882209,46.7813071996,51.4892967562,54.7902941496,58.9048846296,61.9602530239,66.6095156155,69.6331837477,75.5947352797,78.0022630848,82.3908117881,85.581723195,90.4557113921,95.8866637178	5	linear	0.04	44000
54500	0,1,2,3,4,5,6,7,8,9,10,11,12,13,14,15,16,17,18,19	64.2877510534,68.886835467,71.0435036006,75.9078391636,80.0957847879,82.5882257433,87.789089217,91.7199344628,96.1863337372,100.766278394,103.612693999,108.331737027,111.321355385,116.105385337,119.85115732,123.192303282,128.1136467,130.73788795,135.287951338,139.580294253	5	linear	0.04	44000
54536	0,1,2,3,4,5,6,7,8,9,10,11,12,13,14,15,16,17,18,19	-61.0058410546,-55.2386892473,-52.938410274,-47.2209452114,-43.0081923445,-40.9230256706,-35.5473574686,-32.3588189487,-28.4350125311,-23.9281305313,-21.2219491776,-15.0063117785,-12.0706166311,-7.43762204336,-3.75894388039,0.411482318569,5.0798424577,7.75318521793,11.239786805,15.1877349544	3	linear	0.04	44000
55515	0,1,2,3,4,5,6,7,8,9,10,11,12,13,14,15,16,17,18,19	55.5547681231,60.9302744136,63.5247027535,66.8671607984,72.1727370198,74.8917446714,78.7542194059,84.7914888094,87.6598773425,90.8248411744,96.2427085473,99.5009076131,103.654000989,107.353952471,111.600329876,115.551206863,120.715148784,122.753772831,127.333955277,131.8311502	5	linear	0.04	44000
53281	0,1,2,3,4,5,6,7,8,9,10,11,12,13,14,15,16,17,18,19	48.3753940185,53.1352487029,56.1525199339,60.5990410197,65.0712370041,68.207315286,73.0354961101,77.9228324494,82.2705389263,85.2808823875,89.6938042556,93.0767608504,98.0366924968,101.257261084,104.365080207,110.297910309,112.936541225,118.120722353,120.651700319,124.645048695	5	linear	0.04	44000
54032	0,1,2,3,4,5,6,7,8,9,10,11,12,13,14,15,16,17,18,19	-46.8793331614,-42.5582805673,-39.2969722476,-35.8515304354,-31.3482813036,-26.7164746024,-23.286831374,-19.7750633441,-16.4359998014,-11.4376766703,-6.62965750218,-2.54029348486,0.84817041391,4.17245341215,9.48639120807,11.7228774362,16.6142686715,19.9354659489,23.6919060736,29.5952976739	3	linear	0.04	44000
55212	0,1,2,3,4,5,6,7,8,9,10,11,12,13,14,15,16,17,18,19	-24.9574356437,-21.6185956076,-18.0466803465,-14.6603981792,-11.0981382536,-6.46972482436,-2.72780465173,1.65416552297,5.61151525216,9.01612713357,12.7033320755,18.2396607569,21.5361303896,26.0958871016,30.3173951086,33.1586493107,37.5777488249,41.907754374,45.1922170045,49.2516948989	3	linear	0.04	44000
52684	0,1,2,3,4,5,6,7,8,9,10,11,12,13,14,15,16,17,18,19	43.2815324926,47.5529562953,52.3229704558,56.1997606544,59.2792181519,64.6253820904,67.2227790397,71.5027337627,76.8336074789,79.9291788403,82.9170576846,87.1472410197,91.3698094424,95.428087561,101.180358704,104.300714596,108.273068598,111.22284213,117.05184576,121.040956039	5	linear	0.04	44000
52217	0,1,2,3,4,5,6,7,8,9,10,11,12,13,14,15,16,17,18,19	20.5012142553,26.3062673639,28.8216653889,33.1294110512,38.7743604336,41.3647632049,44.6379233626,49.9491786637,53.7182210039,58.0390264247,61.8789215599,66.0116496022,70.3048232294,74.8564742486,78.7090191439,81.8014630761,84.5595698926,90.0717227771,93.416201498,96.9480795086	5	linear	0.04	44000
53584	0,1,2,3,4,5,6,7,8,9,10,11,12,13,14,15,16,17,18,19	38.5323727252,43.0953216688,47.1143893096,50.5357899008,53.1982589479,57.1758931902,62.2230382037,65.801557482,70.1722924863,75.1108980332,78.545696709,82.161317978,85.2467245374,89.4926835043,93.9105761767,97.7816552124,103.042796428,106.493000307,109.116621525,114.584385217	5	linear	0.04	44000
54974	0,1,2,3,4,5,6,7,8,9,10,11,12,13,14,15,16,17,18,19	42.9038917318,45.2486727028,49.2799467814,53.0887562416,58.089039198,62.5324655776,66.1410991386,70.8454363721,73.7914555085,78.0752211984,81.818932923,86.6334559058,90.5859048918,95.1921271022,98.0987044403,103.402703315,106.252359435,110.147431548,114.619682676,118.970212615	5	linear	0.04	44000
55763	0,1,2,3,4,5,6,7,8,9,10,11,12,13,14,15,16,17,18,19	17.2449332373,20.6363234892,24.7020988232,27.6398916627,32.3795366005,37.0093575598,39.7506027611,44.5481021551,48.9728158641,52.8477690189,55.4668293582,59.499652081,64.8386561477,68.6564055672,71.5230556544,76.212703575,79.8671426175,83.4774225886,88.8474738366,91.9641131351	5	linear	0.04	44000
52299	0,1,2,3,4,5,6,7,8,9,10,11,12,13,14,15,16,17,18,19	54.2115107097,56.5660945775,62.5322473021,64.4707048562,70.2794352723,73.1053723586,76.848215001,80.4291678594,85.0077776619,88.6974745569,93.1020002955,97.9588109982,101.507493836,105.200951598,109.533513122,114.585545348,117.343101201,120.900464339,125.677636524,128.632713774	5	linear	0.04	44000
52699	0,1,2,3,4,5,6,7,8,9,10,11,12,13,14,15,16,17,18,19	83.6487881426,89.6604107181,93.301612762,97.4456909699,101.250235732,105.340747862,108.758389819,111.55440271,116.553466292,120.271765171,125.247160149,129.481320632,131.626523459,136.002554082,141.309684501,145.101211076,149.156744008,151.557540553,156.155165144,159.813297397	5	linear	0.04	44000
55232	0,1,2,3,4,5,6,7,8,9,10,11,12,13,14,15,16,17,18,19	74.4876651261,77.7105598716,81.9704249005,84.6214018565,88.7508264133,94.1069892418,97.919053567,101.449404129,106.340399666,109.014385929,114.057063202,116.215255471,120.277382318,125.405765819,129.378472134,134.39834611,137.344023658,140.496646904,146.381665566,148.158949358	5	linear	0.04	44000
53829	0,1,2,3,4,5,6,7,8,9,10,11,12,13,14,15,16,17,18,19	-3.64941893193,0.260496788942,5.3076712901,10.253157896,14.1122611937,18.2588926668,21.6165326526,24.5424338749,28.8610784321,32.2373217093,36.8450516853,42.1906543603,44.2664735457,50.0236312264,52.3883753795,56.0512105467,60.7115613824,64.5560951625,68.8232226772,73.0393517689	3	linear	0.04	44000
55021	0,1,2,3,4,5,6,7,8,9,10,11,12,13,14,15,16,17,18,19	31.9701631002,34.8765307886,40.3595083589,43.1336794688,46.032796277,51.6384698859,54.7087235101,60.1869615713,64.1218734538,67.3260057559,71.7755828405,74.9685280986,79.6167296053,82.1421340251,86.7105304223,91.7580925013,95.5811143251,99.5792745499,103.791165019,105.996692665	5	linear	0.04	44000
54987	0,1,2,3,4,5,6,7,8,9,10,11,12,13,14,15,16,17,18,19	64.4233987053,70.130751409,74.3915786113,77.0449129283,81.1850040698,84.764598374,90.7346186267,93.0475154057,98.3484299979,102.420893546,105.746468441,110.190184248,114.377240302,116.587039922,121.265741348,124.481737353,130.309741666,134.596224979,138.628623472,142.087308532	5	linear	0.04	44000
54579	0,1,2,3,4,5,6,7,8,9,10,11,12,13,14,15,16,17,18,19	-58.4265353505,-53.9217479953,-51.1399469374,-46.9363155057,-43.3305583934,-39.589381747,-34.7830188429,-31.1570651569,-27.2508422214,-22.4519846836,-17.6409703905,-14.6453114385,-11.5400472516,-7.00374451195,-3.69683524408,0.134139805333,5.07701268087,10.1182398921,13.5896983171,17.8084867273	3	linear	0.04	44000
55264	0,1,2,3,4,5,6,7,8,9,10,11,12,13,14,15,16,17,18,19	-36.5272369501,-33.6215995151,-29.3534930961,-26.1295048874,-21.9647944805,-18.3529971901,-13.4622895348,-9.29343681091,-6.42681973881,-2.2592298262,2.3626046502,6.34865000654,10.3191933856,13.5860988472,17.7504273898,23.2578817132,25.5697650182,29.8513887053,35.3128168407,37.6696969461	3	linear	0.04	44000
53990	0,1,2,3,4,5,6,7,8,9,10,11,12,13,14,15,16,17,18,19	-24.4397405026,-20.627600776,-17.8983204204,-12.3422408034,-8.209092676,-5.52474064184,0.0351641500386,3.96211047751,7.61685463076,10.3470488388,15.4295412383,18.4974410385,23.8717905343,27.6691535627,31.3976755733,34.7218105139,38.766853348,42.7533768096,47.6154645603,51.8848125943	3	linear	0.04	44000
53367	0,1,2,3,4,5,6,7,8,9,10,11,12,13,14,15,16,17,18,19	30.7814514449,35.9184133268,38.591279494,41.7653027662,47.660158971,50.2779294405,54.7538609355,59.9385043773,62.7126060068,66.7733660318,71.3820432236,74.3643727957,79.022120415,82.7822925848,87.93424187,90.3467422586,95.8510908971,99.9211567881,102.501859466,105.849173807	5	linear	0.04	44000
52038	0,1,2,3,4,5,6,7,8,9,10,11,12,13,14,15,16,17,18,19	-57.0690818604,-53.2150076812,-48.3743804422,-44.7163960493,-40.98070108,-37.2621765614,-31.773805982,-29.627852668,-24.5682576288,-21.3438264718,-17.358540427,-13.0958608974,-9.35363123842,-5.429681494,-0.379550535789,2.63257510415,7.09003117061,10.2794909038,14.6321364628,19.7438379658	3	linear	0.04	44000
52965	0,1,2,3,4,5,6,7,8,9,10,11,12,13,14,15,16,17,18,19	-27.9551621082,-24.5698963939,-21.5214477209,-17.8324809368,-14.0643419192,-9.32667958111,-4.02951993977,-0.436718417817,2.53257603185,6.14668873414,11.3628453063,14.7262550132,18.9266350499,23.3612102108,26.306428924,30.6976821396,34.1901402807,38.0587739283,43.4324015388,47.369876303	3	linear	0.04	44000
52348	0,1,2,3,4,5,6,7,8,9,10,11,12,13,14,15,16,17,18,19	51.679336362,53.7810830509,57.5913513234,63.1470180249,65.6714123472,70.9744217852,75.3809243803,78.5756296415,82.5599744997,86.5095659726,91.7484547132,94.2325680331,99.2819655343,101.782970256,106.416508627,110.445358111,113.453540352,117.694295789,122.949714827,126.11328013	5	linear	0.04	44000
54700	0,1,2,3,4,5,6,7,8,9,10,11,12,13,14,15,16,17,18,19	27.5861414601,31.8708445687,36.3874298637,41.5152365545,43.5747291591,49.3171380608,52.839356747,55.6458377447,61.2614907591,63.6568288304,69.0947498188,72.6423471731,76.1282258553,79.9163576975,84.2520831589,88.3738845879,92.6903220758,96.4981099592,100.256430257,104.561044955	5	linear	0.04	44000
53670	0,1,2,3,4,5,6,7,8,9,10,11,12,13,14,15,16,17,18,19	62.1250313288,66.3068663082,68.6166058773,72.8375537176,76.9308084854,81.8674000058,85.5055925888,90.1436760461,92.9798702785,98.2825211926,102.473915426,106.374551366,109.070866254,114.084811761,118.645370982,121.821894045,126.123406821,128.432604365,132.535228485,137.770927805	5	linear	0.04	44000
54834	0,1,2,3,4,5,6,7,8,9,10,11,12,13,14,15,16,17,18,19	23.7926005611,28.5721540056,31.9296083669,36.5498234262,39.8545347082,43.6202533193,48.5234620338,52.1834731136,56.5330255731,60.4134530263,63.974516307,67.3686116782,72.3061107634,75.1750349345,81.0221759732,83.5195443931,88.8259118204,92.7554948154,96.3007704948,100.993772241	5	linear	0.04	44000
54129	0,1,2,3,4,5,6,7,8,9,10,11,12,13,14,15,16,17,18,19	34.9465738885,39.52568376,42.4953527385,48.2309997136,50.579779438,53.988874708,59.0349692085,62.9769966194,67.7831147947,71.3331736928,74.2564075371,78.1315433869,83.3062540413,87.8232366713,91.9850108407,94.6488357674,98.8423111347,104.318407374,106.040013895,112.230828923	5	linear	0.04	44000
53304	0,1,2,3,4,5,6,7,8,9,10,11,12,13,14,15,16,17,18,19	86.056180699,89.9331168929,92.9094715492,96.2126034096,101.731266253,105.788537848,109.619271406,112.78561085,116.517913758,122.297811974,126.245517349,128.344098196,132.111761327,136.338169493,141.49153553,145.900441573,149.717069053,152.615377005,158.022609326,160.765290286	5	linear	0.04	44000
55939	0,1,2,3,4,5,6,7,8,9,10,11,12,13,14,15,16,17,18,19	14.4923479832,17.4357289489,21.0974690166,25.7648397805,30.6293077592,33.0974250022,37.9581357397,41.9073135544,45.0292010135,50.0287933132,54.642353285,57.6304241045,62.4117203001,65.9819890664,68.4617832817,74.2283886085,76.855983487,80.6502061669,84.8224440298,90.0963094564	5	linear	0.04	44000
55457	0,1,2,3,4,5,6,7,8,9,10,11,12,13,14,15,16,17,18,19	80.8325634399,84.3292566545,88.0800849354,91.2780547907,97.2234240824,100.594601902,103.334548389,109.007945636,112.102909812,116.783229158,120.28426705,125.122054544,129.183881268,132.750614871,137.134507483,140.54716641,143.313761631,147.901819265,151.914606585,157.383356367	5	linear	0.04	44000
54985	0,1,2,3,4,5,6,7,8,9,10,11,12,13,14,15,16,17,18,19	23.6476879647,27.9860315856,31.3763937757,37.2059117614,41.1432757194,45.0972817973,48.6102955471,51.4960320993,55.4633176802,60.610190606,65.147236507,68.1376757909,71.7374390533,77.5931368263,80.3669682375,83.2408034076,87.5184056081,93.4822837172,97.1916477298,99.6687199482	5	linear	0.04	44000
55343	0,1,2,3,4,5,6,7,8,9,10,11,12,13,14,15,16,17,18,19	85.4614817674,88.9802875646,92.3985465826,97.334396997,100.063001565,104.390888679,110.281314387,114.202937286,117.054213493,122.0904586,125.150402846,129.493337794,132.477720046,137.93819075,140.894115919,145.285849649,148.15590267,153.344950462,156.682187416,161.77098073	5	linear	0.04	44000
53774	0,1,2,3,4,5,6,7,8,9,10,11,12,13,14,15,16,17,18,19	-35.8818609877,-30.4453162996,-28.04156646,-24.1363325822,-20.2048939355,-15.1514581132,-10.8784937937,-7.27579684883,-3.5642019407,-0.307196631434,5.03036466985,8.21578722964,11.6697925381,15.7561347403,20.0041644525,24.4576423652,29.3751876119,32.6534137978,37.7784116057,40.7581339641	3	linear	0.04	44000
52660	0,1,2,3,4,5,6,7,8,9,10,11,12,13,14,15,16,17,18,19	67.272421705,69.7363550455,74.5307887699,79.4356278377,82.9126238789,86.9032172452,90.9954464326,93.815365276,98.132418847,103.895964455,107.590349509,110.210716778,113.933026404,119.724055864,122.789426834,125.805625881,129.763171499,134.292695479,138.510252365,143.546237057	5	linear	0.04	44000
55739	0,1,2,3,4,5,6,7,8,9,10,11,12,13,14,15,16,17,18,19	8.08191164169,10.2615771763,16.0773918211,18.9413557672,22.4079074604,28.3351032971,31.9816731035,36.1701329049,39.9177938786,42.5806515572,47.6899943424,52.3190339982,54.1515543059,59.8476865721,64.2622580163,68.281728543,71.3088258855,75.5709602901,78.9103170654,82.1401079751	5	linear	0.04	44000
54092	0,1,2,3,4,5,6,7,8,9,10,11,12,13,14,15,16,17,18,19	-59.4131828064,-56.037314481,-52.7494943645,-46.7743992905,-42.9223183522,-38.9615389388,-36.6568387613,-32.7373925843,-28.6690293055,-23.2425008696,-20.5483773117,-16.5243903325,-12.0919851103,-7.03335834825,-4.84375784315,1.29086595104,3.85141437721,7.64884125253,13.1164399746,17.3475719866	3	linear	0.04	44000
52002	0,1,2,3,4,5,6,7,8,9,10,11,12,13,14,15,16,17,18,19	74.9864472158,78.1462157648,83.9059701293,88.1709747656,90.7409567982,94.4670270213,99.038881451,103.573681473,108.464447871,111.060603856,114.635611663,119.63314276,123.01082876,127.575279974,130.771884097,134.121177821,139.809803058,144.361994622,148.005227635,152.427134821	5	linear	0.04	44000
55954	0,1,2,3,4,5,6,7,8,9,10,11,12,13,14,15,16,17,18,19	46.235330072,49.9757487548,53.0119803829,59.2329607754,63.1264065742,66.6378848741,69.5979196293,73.206759344,78.3002896054,83.0537928325,86.2730076084,90.5140579767,93.3825888831,98.0685641298,101.316093932,107.034853027,110.53340643,113.907535209,118.604247928,123.23380858	5	linear	0.04	44000
54837	0,1,2,3,4,5,6,7,8,9,10,11,12,13,14,15,16,17,18,19	33.1690942461,36.8500141672,40.3155232512,43.9567078981,49.531656495,52.6684082967,55.7294052432,60.0752086015,63.4068621003,69.0357010297,71.2886697384,76.7632958321,80.5755918418,84.0126443347,88.0568605308,92.8982331251,97.081640789,101.326045267,104.366825012,108.330276814	5	linear	0.04	44000
53482	0,1,2,3,4,5,6,7,8,9,10,11,12,13,14,15,16,17,18,19	73.7428801776,77.5523953901,80.1574159188,83.8665669889,89.6159711937,93.4502870685,96.8988658946,100.869438899,104.847036484,109.063958741,113.770446471,117.836459174,120.332146782,124.65993291,128.703490678,132.364470562,137.079660344,141.428518628,145.313154584,148.918924069	5	linear	0.04	44000
55381	0,1,2,3,4,5,6,7,8,9,10,11,12,13,14,15,16,17,18,19	-45.9848653137,-42.2139678203,-37.0379241589,-33.928148894,-31.3022544913,-26.7475792923,-22.1989621756,-18.1009127836,-14.5829760915,-11.0732513087,-6.61395816169,-1.5649679343,0.924907999949,6.67826394382,10.3564994438,13.1086957044,18.4039056208,21.543074721,25.6988307418,28.6593475077	3	linear	0.04	44000
55974	0,1,2,3,4,5,6,7,8,9,10,11,12,13,14,15,16,17,18,19	-22.3513490432,-18.654924504,-14.2503203827,-10.8517741972,-5.98353877409,-3.64480755405,1.45361641626,6.16617036673,8.84243758324,13.4890604645,18.27282575,20.4784038886,25.8923347152,30.5542776738,34.3544409949,36.3331991379,40.6920372582,45.5589180362,49.6396488734,52.6524811829	3	linear	0.04	44000
54229	0,1,2,3,4,5,6,7,8,9,10,11,12,13,14,15,16,17,18,19	37.3908835596,41.678076655,44.7454078717,49.464714654,53.2164291065,57.0677935791,60.3702585917,64.1971253807,70.0729799177,73.4795552441,77.154266692,81.3578467574,85.3296904673,89.0131048342,91.8202815304,97.1617473133,100.729865504,104.823117194,110.067705408,113.847843761	5	linear	0.04	44000
55485	0,1,2,3,4,5,6,7,8,9,10,11,12,13,14,15,16,17,18,19	-20.3081452823,-16.4580400586,-12.3221331482,-8.73882385412,-6.32775776529,-0.489307757965,2.40914248487,6.15145778527,9.66731489834,15.3897780144,18.6800125771,22.4737230903,27.4591575756,31.1893892548,33.5141913854,38.3138150542,42.2812902941,47.2965032475,51.3645946228,53.7536434428	3	linear	0.04	44000
52762	0,1,2,3,4,5,6,7,8,9,10,11,12,13,14,15,16,17,18,19	-45.0608632246,-41.878599639,-37.0911266322,-33.169552312,-29.5331429477,-25.3843634117,-21.5175661496,-17.3881450146,-13.4768069602,-11.1726064049,-4.89128382826,-2.68079909313,2.35499649276,6.92933887569,9.38094732991,14.0881794568,19.0601773546,22.297693349,25.567336585,30.9305843584	3	linear	0.04	44000
53883	0,1,2,3,4,5,6,7,8,9,10,11,12,13,14,15,16,17,18,19	-5.37178001324,-1.69994097239,2.46290899555,6.02653355479,8.61199161328,12.814920528,18.1894148476,22.4942525413,25.743641822,29.7343929867,32.9948681969,37.2654490662,41.2236346289,44.7461303004,50.6480953139,53.7018664566,56.7633990521,60.8388325609,65.2306324818,69.6627298105	3	linear	0.04	44000
54927	0,1,2,3,4,5,6,7,8,9,10,11,12,13,14,15,16,17,18,19	29.8029593227,31.4601798307,35.4646309555,41.3004334,43.7393960881,49.0041242281,53.3669888662,56.3406211935,61.0542360779,65.1552582754,69.1008886812,71.7437188132,76.6110113609,80.5732147362,85.2821566513,89.1899921505,93.5612109161,97.3451898364,101.268308148,105.519055065	5	linear	0.04	44000
54828	0,1,2,3,4,5,6,7,8,9,10,11,12,13,14,15,16,17,18,19	-61.0546822771,-56.2203705821,-51.5540982439,-47.4535476576,-44.7373945625,-39.8953703581,-35.452625559,-31.4465034692,-28.5192885089,-24.2548574345,-20.2602391321,-15.4740817932,-12.4341891143,-9.14110454925,-4.02722939318,-0.834422209197,4.50380523845,7.56322258051,12.4384693448,15.3675873312	3	linear	0.04	44000
55106	0,1,2,3,4,5,6,7,8,9,10,11,12,13,14,15,16,17,18,19	84.5542148671,88.8809386084,92.6159653491,96.6013714102,100.763192248,105.621575557,108.280611531,112.661348113,116.590384736,121.206306518,125.731861311,128.355670576,132.816087528,136.459465669,139.723478939,143.976661634,149.842927218,153.66670393,157.4297537,161.47584754	5	linear	0.04	44000
53770	0,1,2,3,4,5,6,7,8,9,10,11,12,13,14,15,16,17,18,19	59.3184207311,63.1357632569,66.9022805092,72.4147921634,76.3863973115,79.4741984024,83.8956420042,87.5823133708,90.938121345,96.3609884489,100.955774526,103.787066049,107.765771234,112.996390757,115.47227982,118.839560757,122.66914612,127.601894096,132.66654306,136.921390577	5	linear	0.04	44000
52886	0,1,2,3,4,5,6,7,8,9,10,11,12,13,14,15,16,17,18,19	80.3801573371,84.1627116623,90.1654723918,94.2038597424,98.1450166055,101.016151658,104.880879948,108.222417159,114.025983955,117.995792721,121.146734621,124.509148018,128.068955915,134.033161553,136.859760168,141.115889199,144.299326697,148.230134045,153.16792025,157.70591363	5	linear	0.04	44000
54124	0,1,2,3,4,5,6,7,8,9,10,11,12,13,14,15,16,17,18,19	1.38532839135,5.00547636561,9.00806289771,13.1277788918,18.193965864,22.3756144724,25.1216697686,28.855286747,34.3219926698,36.9388343074,42.1948771879,44.7800167858,48.8777611952,54.8819047031,56.8987504019,62.3833651732,66.1264503777,70.8384297284,73.6041200348,77.1265168554	3	linear	0.04	44000
52087	0,1,2,3,4,5,6,7,8,9,10,11,12,13,14,15,16,17,18,19	68.3549175654,70.9981411062,75.8660532635,80.2961911759,84.1174728108,87.3952906044,92.3793608637,95.8811427324,100.46497672,103.933612172,108.294635843,111.119343473,114.973232306,119.757202514,124.691495954,127.000366042,131.571984231,135.274761588,139.283640517,143.233918146	5	linear	0.04	44000
54601	0,1,2,3,4,5,6,7,8,9,10,11,12,13,14,15,16,17,18,19	75.5958578387,79.1131600686,82.4452122841,86.8923770389,91.5579439432,94.8601615193,99.3490039848,103.632292864,107.499747285,110.687722018,115.795075082,117.614098481,122.222951832,126.286554605,131.267866129,135.180453854,138.045214082,142.639634048,146.794962997,150.339748771	5	linear	0.04	44000
52312	0,1,2,3,4,5,6,7,8,9,10,11,12,13,14,15,16,17,18,19	6.43977861012,10.0919610657,14.530432243,17.290674258,21.9805477681,26.1124469525,29.8913222429,33.674017964,38.1172188521,42.3528546353,45.6017919625,50.7183009587,53.4854511704,57.7788664062,63.1770909263,66.8665163844,69.1676670037,74.9333210056,77.9799217926,82.1894043864	5	linear	0.04	44000
52000	0,1,2,3,4,5,6,7,8,9,10,11,12,13,14,15,16,17,18,19	43.6712098419,48.3052070381,52.7942687249,55.8131305651,61.9407978303,65.5408977296,69.3566820751,73.8918555053,75.9163369464,79.9208371664,84.4596170802,89.1936785229,93.3034309077,96.8402198096,100.953899863,103.810905169,109.478604545,112.840268748,117.687324955,119.648092959	5	linear	0.04	44000
55063	0,1,2,3,4,5,6,7,8,9,10,11,12,13,14,15,16,17,18,19	13.7145193215,15.451354203,20.1096247302,24.5810300794,28.9586483027,32.5781048136,37.7317566683,41.3748499397,44.776616849,48.710260412,52.5187063833,56.9160440001,59.7720953082,65.5924727134,68.8972649032,73.0022435207,75.8278732103,81.0860540269,84.6295669179,89.1440004022	5	linear	0.04	44000
55637	0,1,2,3,4,5,6,7,8,9,10,11,12,13,14,15,16,17,18,19	-10.4953046822,-5.39577638949,-2.63392300429,0.926035905247,4.65297864418,10.1323238276,13.5829149614,18.7477656468,21.0850166734,25.269968883,29.3995645624,34.2381836007,37.1033380654,41.3772869371,44.8776647438,48.6558151826,53.612899415,58.0006455134,62.1076608395,66.1316107242	3	linear	0.04	44000
54494	0,1,2,3,4,5,6,7,8,9,10,11,12,13,14,15,16,17,18,19	91.4227430254,95.3639002518,98.5411008125,102.137768591,105.658497477,110.714667785,113.418946731,118.839065029,123.477245193,126.928083459,130.867738691,133.833662989,139.361508825,143.701745267,146.10645075,150.312531404,154.957882215,158.378085992,162.347867518,166.914288265	6	linear	0.04	44000
52798	0,1,2,3,4,5,6,7,8,9,10,11,12,13,14,15,16,17,18,19	89.6328719146,94.9889822737,98.6098391464,101.831761015,105.339833309,110.459753118,114.179432177,118.475687805,121.601819636,126.494161264,129.537011082,134.467341133,138.159725024,142.134369367,146.449538261,150.768447125,154.299409953,157.257092547,162.066624368,165.346722173	6	linear	0.04	44000
54633	0,1,2,3,4,5,6,7,8,9,10,11,12,13,14,15,16,17,18,19	-0.337331742692,4.25723240159,6.70822486335,12.69701555,16.8585373207,18.9031890876,23.5225359427,26.7185383874,32.5835372282,36.6953414916,40.965961293,44.241703363,47.8358826018,51.8177357588,55.8632467614,59.7158482544,63.6587126624,67.2427693445,72.33611881,75.7766935224	3	linear	0.04	44000
52976	0,1,2,3,4,5,6,7,8,9,10,11,12,13,14,15,16,17,18,19	-25.9166911688,-20.7061258817,-16.1572610116,-13.0221452271,-7.98471640855,-3.97696951303,-0.65782387645,2.81132310854,6.44007346688,10.5555982808,14.5005118044,18.1223526571,22.4895473583,26.8861338334,31.3335664209,35.2331741256,40.174639659,43.2234342543,45.8883286716,52.0133304323	3	linear	0.04	44000
53358	0,1,2,3,4,5,6,7,8,9,10,11,12,13,14,15,16,17,18,19	-13.3792434836,-9.90808385888,-5.8586266179,-1.5320186619,2.41663590959,6.06037793987,11.4213841353,14.7781082513,18.5791228084,22.9887655664,26.2861881384,31.2180326276,34.8307339189,38.3126981795,42.2105484063,46.6402244446,50.3486079469,54.0128701372,58.2933591825,61.2997713839	3	linear	0.04	44000
54048	0,1,2,3,4,5,6,7,8,9,10,11,12,13,14,15,16,17,18,19	-15.3921861117,-10.1685031705,-6.91672784413,-2.94391292743,0.31405553417,6.12119713048,8.55300779972,14.0124289723,16.6925716953,21.1714873549,25.2901746951,29.548200713,33.8751948524,37.9086731437,42.0967469755,44.8356486913,48.2235977687,53.887754568,55.9757283989,60.2996013839	3	linear	0.04	44000
53727	0,1,2,3,4,5,6,7,8,9,10,11,12,13,14,15,16,17,18,19	81.5548412148,85.3012242401,87.5459958591,91.9389898176,97.5498364906,100.69015706,104.027307531,108.221118193,113.060098398,115.664625479,120.318134855,124.052075266,128.398183686,132.161395009,135.757714304,140.952817114,145.436876946,148.12263032,152.906147985,157.60108413	5	linear	0.04	44000
55207	0,1,2,3,4,5,6,7,8,9,10,11,12,13,14,15,16,17,18,19	-18.8572982693,-15.1276563045,-12.5111400792,-8.91860949281,-4.93991382108,0.485876551993,3.44572988618,7.65481253032,11.145558579,15.0310016294,18.8376861589,23.9869623388,28.8198042647,32.0007273177,34.9235166659,39.8818657755,44.1114280567,48.8584720042,53.0438149673,55.6483761772	3	linear	0.04	44000
52582	0,1,2,3,4,5,6,7,8,9,10,11,12,13,14,15,16,17,18,19	4.24261309798,7.30966479551,12.8085192027,15.2328126559,19.2794436624,23.6091049737,28.9983905812,32.7138041582,37.2020468388,39.7435322008,43.9939977297,47.6275873475,52.8986781417,56.0573747212,60.3385676975,65.0832744528,68.4586399059,72.5721145459,75.4033066958,80.6964909907	5	linear	0.04	44000
52823	0,1,2,3,4,5,6,7,8,9,10,11,12,13,14,15,16,17,18,19	43.9348380195,49.1832765691,51.2544940108,56.2827498036,60.776532947,65.27610775,69.3273125015,71.2929521441,75.6901268714,79.3330069102,85.3984017704,89.3326521426,92.2506941733,96.1811974331,99.4045786922,104.453258806,108.875520399,111.718179146,116.263751375,119.314889902	5	linear	0.04	44000
54871	0,1,2,3,4,5,6,7,8,9,10,11,12,13,14,15,16,17,18,19	3.69793196126,7.24435590396,10.7811767357,15.8615427778,19.8282396345,24.3530164219,27.6279310843,32.1483694093,34.6997245018,40.2689651109,44.4647718026,47.7548731471,52.8005267107,54.8733988127,60.332481068,62.8329687915,68.8562617331,72.3398634456,75.4075198618,79.1650041215	3	linear	0.04	44000
54980	0,1,2,3,4,5,6,7,8,9,10,11,12,13,14,15,16,17,18,19	83.9487237155,88.5658068585,90.9364773188,95.8618825806,99.971438536,103.417883656,107.892735012,111.230780766,115.243176422,120.10261652,123.753951084,127.015018485,130.926305377,135.805866713,139.910829629,144.400012855,147.868096392,151.116953766,156.473595173,158.806139501	5	linear	0.04	44000
52119	0,1,2,3,4,5,6,7,8,9,10,11,12,13,14,15,16,17,18,19	22.0877843545,24.1472011101,29.1849798698,32.9032419488,36.7370976838,40.2580290018,44.8053325713,50.0572932533,52.664643313,57.6578221974,62.156098487,65.6695748434,70.0191952537,74.04629936,76.6462584917,80.3415825099,85.8909655692,89.0996642426,93.6418223493,97.7859435667	5	linear	0.04	44000
54696	0,1,2,3,4,5,6,7,8,9,10,11,12,13,14,15,16,17,18,19	-25.4830619532,-22.8586966412,-18.2308602302,-14.2327153299,-11.2603799246,-6.68423469029,-2.68383512077,1.69879447339,5.23124079585,10.2710702862,14.6433767082,17.541727973,21.7364855833,24.9669527825,30.9041664768,33.9426724304,37.2041100433,41.3372160604,45.2563544344,49.7210511876	3	linear	0.04	44000
52958	0,1,2,3,4,5,6,7,8,9,10,11,12,13,14,15,16,17,18,19	10.4728958367,15.7037924008,18.5749756447,23.1565073064,26.8971448466,31.1808571144,35.6113320471,39.5904275981,42.4196123547,47.6281964777,51.413192572,54.2493318336,59.4441590829,62.2662757349,67.1262495853,72.0772893243,76.1683828745,80.469887779,83.3604157445,86.4235617318	5	linear	0.04	44000
54058	0,1,2,3,4,5,6,7,8,9,10,11,12,13,14,15,16,17,18,19	46.7284692823,50.6842230575,54.8281044425,57.4023582551,62.1439289709,66.1343135274,69.9495996333,74.5725714999,77.9784370877,82.2306603419,85.6675021421,90.9459210392,93.6058989218,97.0788726564,101.341520989,106.875121301,109.266863246,113.093407152,117.102903315,122.43331002	5	linear	0.04	44000
55836	0,1,2,3,4,5,6,7,8,9,10,11,12,13,14,15,16,17,18,19	-7.36332069103,-3.6069300689,2.03561270502,5.36295809687,9.77626386337,12.6079997177,18.016299594,22.2457191643,24.8869507775,29.5582335697,32.9652751045,36.8565688739,42.2250834738,46.1046234648,48.6421533026,52.8044838737,57.913001534,60.3711765021,66.4592161772,69.1363803135	3	linear	0.04	44000
55247	0,1,2,3,4,5,6,7,8,9,10,11,12,13,14,15,16,17,18,19	-45.1168618294,-42.6256733751,-38.1291294388,-32.9944041049,-29.3523473064,-25.3935520393,-23.2173330057,-18.7702249354,-13.8880861142,-9.35637290021,-7.2781933309,-2.7168965956,1.8657586177,6.71306392882,10.1199511733,14.4892494777,18.0252772678,20.8336515377,25.1297870305,29.4588813092	3	linear	0.04	44000
55890	0,1,2,3,4,5,6,7,8,9,10,11,12,13,14,15,16,17,18,19	89.5610773794,92.606735491,98.5582427747,100.325820136,105.695102684,108.664270924,113.410111474,117.506645058,122.548573925,124.739328676,129.954391281,133.671593685,137.585992157,141.045004879,144.724001061,149.617927069,153.32422858,158.076826984,162.283107582,166.440526603	6	linear	0.04	44000
52509	0,1,2,3,4,5,6,7,8,9,10,11,12,13,14,15,16,17,18,19	-46.5610955315,-40.8081040294,-38.712669229,-33.6721005025,-28.4531036087,-25.6191956012,-21.9737953542,-16.4752685635,-12.5309586869,-9.08972255567,-4.93590399814,-0.431904995116,3.50707017206,6.58483283347,9.5087738512,15.029636043,18.651084795,23.1370379698,25.5685433769,30.5265569483	3	linear	0.04	44000
54802	0,1,2,3,4,5,6,7,8,9,10,11,12,13,14,15,16,17,18,19	-15.3431163766,-11.7710645684,-7.80183413793,-3.41505302737,1.63455078416,4.32099289854,9.4997422435,11.8137481844,16.4823597302,20.8063674807,24.7259783965,27.7042827337,32.2525721651,35.7424760413,40.368188077,45.1775839749,49.4937709087,53.5726061492,55.7185603961,60.6547108586	3	linear	0.04	44000
55340	0,1,2,3,4,5,6,7,8,9,10,11,12,13,14,15,16,17,18,19	42.0712830549,46.9325450878,50.0093322699,54.0264909927,58.6244199573,61.5085773399,67.3474824597,71.0390053798,74.907740124,79.0549419309,82.844940446,86.2062425998,90.8239169889,94.8679619614,98.5229880692,102.027023201,106.810652137,110.415705393,115.05683905,118.515412026	5	linear	0.04	44000
53291	0,1,2,3,4,5,6,7,8,9,10,11,12,13,14,15,16,17,18,19	57.9505982962,63.8789484235,67.4184787741,69.7809764841,75.9077427477,79.0510279651,82.9890397141,87.6708828332,91.8782918027,94.388769781,99.0805790646,103.002214391,105.939901361,110.258942827,113.946671092,118.801581916,122.323189526,127.497134646,131.103925871,135.61973387	5	linear	0.04	44000
55192	0,1,2,3,4,5,6,7,8,9,10,11,12,13,14,15,16,17,18,19	51.8895904565,55.4105670072,59.7030427181,63.5276112747,66.9040310181,72.9748815817,76.3293650012,80.4169301584,83.6602237512,88.4059454605,92.9031309415,97.0342259242,100.5258814,104.848780446,108.771526256,110.989251142,116.954580853,119.070241454,124.665630431,128.020522304	5	linear	0.04	44000
52650	0,1,2,3,4,5,6,7,8,9,10,11,12,13,14,15,16,17,18,19	56.6524341058,61.4461515654,65.443330499,68.0971485497,73.6399472598,76.2412123671,81.3156471981,84.4577125401,88.6514082841,91.5921425353,96.911574121,99.5813415722,103.849050385,109.493119943,111.376997575,116.914578023,120.387730859,124.006346643,127.511713069,132.009557334	5	linear	0.04	44000
52753	0,1,2,3,4,5,6,7,8,9,10,11,12,13,14,15,16,17,18,19	44.6098697622,48.033454934,51.6331944135,56.7772811407,60.7958623431,64.8663902666,66.540294283,71.2109271629,76.1087555767,79.6987314779,84.7726414977,88.1845102029,92.5777427623,94.8462883364,98.6269853371,104.651156961,108.172832003,111.108786034,116.619345047,119.749391604	5	linear	0.04	44000
53395	0,1,2,3,4,5,6,7,8,9,10,11,12,13,14,15,16,17,18,19	-39.4939327778,-35.9428752393,-32.9612063359,-28.2123795317,-24.516668661,-19.6070021457,-16.4227566906,-11.8454643647,-8.17135730599,-4.39713103143,0.731931771108,3.74394257723,8.29347668346,12.2442528399,16.4136879393,19.3111932437,24.2690160177,28.4711148077,32.1503426525,36.5843874908	3	linear	0.04	44000
52213	0,1,2,3,4,5,6,7,8,9,10,11,12,13,14,15,16,17,18,19	55.2351669084,60.0774658253,64.0846758917,67.8361453723,71.8403198347,75.9941277676,80.1756846095,84.4932326227,86.8931179215,91.8308676104,94.8252961973,100.609906173,104.501436008,108.843194141,112.411121193,115.136258468,120.816347784,123.407989585,128.391330722,132.793190457	5	linear	0.04	44000
53340	0,1,2,3,4,5,6,7,8,9,10,11,12,13,14,15,16,17,18,19	-22.3603423784,-17.5171789812,-13.4546201843,-10.0997738379,-6.36809984572,-2.14923775537,2.07783139621,7.27615434099,11.8654909254,14.5140367591,18.0191458017,22.2132467453,27.6872075552,31.4109924811,34.174799215,37.6829129768,43.051360003,45.9098029939,51.9346098659,54.9286716449	3	linear	0.04	44000
55365	0,1,2,3,4,5,6,7,8,9,10,11,12,13,14,15,16,17,18,19	8.80482211216,11.8117357024,16.5604084767,19.0902565029,23.1695352258,28.7314690556,33.0615930879,35.2517367978,39.420003656,44.5294409996,47.3969797259,52.8431173786,55.5443847685,60.7581874135,64.0954309652,69.0798665288,72.1080384846,74.7330447626,80.8152838753,84.1932505251	5	linear	0.04	44000
52598	0,1,2,3,4,5,6,7,8,9,10,11,12,13,14,15,16,17,18,19	69.3690957968,72.9507456775,77.2388410823,79.8527519499,83.6590971377,88.3566857035,93.4918238957,96.1248772778,99.8988608945,105.302811155,109.190150973,111.795003154,117.042261867,120.567327695,124.676736665,128.231796213,131.928977354,136.305866499,140.459302881,145.256325071	5	linear	0.04	44000
53446	0,1,2,3,4,5,6,7,8,9,10,11,12,13,14,15,16,17,18,19	-42.3899787139,-38.6996973496,-36.0088221515,-31.4445893507,-27.8814874827,-23.1470261153,-18.4176225162,-16.011467454,-11.1800146952,-6.37950344137,-2.87599212701,0.975629801043,5.18010191007,8.04626594887,13.5518210058,16.4741799294,21.1128691962,23.8210400619,28.4404556237,33.617259816	3	linear	0.04	44000
52764	0,1,2,3,4,5,6,7,8,9,10,11,12,13,14,15,16,17,18,19	-13.3353175922,-7.36290138543,-3.89169481897,-0.535188605208,4.42214053084,7.8804330543,12.2597366918,16.5598164117,19.5472373462,24.4240984109,28.15969717,30.4734680742,34.6135948534,38.9515763524,42.9052200825,47.7097063937,52.3321083616,55.2161996161,58.8902144698,63.463971728	3	linear	0.04	44000
52497	0,1,2,3,4,5,6,7,8,9,10,11,12,13,14,15,16,17,18,19	58.9966390497,64.5941290697,67.6025112669,71.0660670417,75.8070742655,79.927476868,84.7261053486,87.5797452898,92.0393305852,96.9839311008,100.577449345,103.154397811,107.558315747,112.132799423,114.911582716,118.875844524,123.455498557,127.27760881,131.375118245,135.763369226	5	linear	0.04	44000
54108	0,1,2,3,4,5,6,7,8,9,10,11,12,13,14,15,16,17,18,19	43.3294889556,46.0477282152,50.4560614897,55.2446366838,59.9432376422,62.5636889927,66.6041393749,71.3209585481,75.9624982444,78.7378513011,84.0080525799,86.6776835943,90.4787029788,94.4194528462,98.0882722551,101.835726062,106.151583609,111.119404833,114.802997617,119.133918863	5	linear	0.04	44000
54594	0,1,2,3,4,5,6,7,8,9,10,11,12,13,14,15,16,17,18,19	35.3350417987,37.7691513494,42.6372517614,46.853364816,49.3053589993,54.5776633676,58.2462205251,61.4374121197,65.3765568742,71.3179180566,73.444464456,78.8921250281,82.7507427266,86.9443392224,89.7483209802,93.8330644002,97.7104496764,102.566113343,106.869569472,110.504085765	5	linear	0.04	44000
52911	0,1,2,3,4,5,6,7,8,9,10,11,12,13,14,15,16,17,18,19	65.0816411106,67.381456659,72.9123499943,76.7660361063,80.4454609482,84.8981818799,87.1832416095,90.9027323261,96.3716408675,100.118447205,105.090784289,107.859157099,111.887226976,115.352090778,119.189516707,124.663115033,128.898844437,131.939056099,136.876412218,140.084214134	5	linear	0.04	44000
54566	0,1,2,3,4,5,6,7,8,9,10,11,12,13,14,15,16,17,18,19	23.2580383059,28.1694864593,32.8249462076,36.1392080623,40.6860792316,43.9802617648,47.3666900421,50.7858930863,56.7226729974,59.2133258006,64.4259555265,68.082683379,72.3858015915,75.6971322225,79.5771210293,83.1264521245,88.1206114411,90.5385024234,96.5480499073,100.226125164	5	linear	0.04	44000
54253	0,1,2,3,4,5,6,7,8,9,10,11,12,13,14,15,16,17,18,19	34.0599748203,38.3467659562,41.556815137,44.722006817,49.5061828216,54.3866793547,58.2010011442,62.4534924117,65.6564037482,68.7835121919,72.5754465919,78.4443218556,81.9114543846,85.4830124305,89.9457368944,93.3322051292,96.3801008067,100.84487585,105.138806165,109.257225403	5	linear	0.04	44000
53380	0,1,2,3,4,5,6,7,8,9,10,11,12,13,14,15,16,17,18,19	28.030046454,31.9462253858,35.9676311218,40.9395293182,45.7782384367,49.4381069415,51.8874439761,57.5034687905,62.0434899421,65.5931675798,68.6333692419,72.8976914303,76.2441350908,81.1858752331,85.0143027456,88.79019123,93.8962781401,95.8761759248,102.101150235,104.142608165	5	linear	0.04	44000
52946	0,1,2,3,4,5,6,7,8,9,10,11,12,13,14,15,16,17,18,19	17.4463893419,20.6423944926,23.3690081425,27.8874907796,32.1538915573,35.4986128645,41.3706049701,44.9632292467,47.8274303088,51.9346817563,56.2706672909,61.0583957307,63.4632491646,68.7712042312,72.7720159756,75.4616486369,80.1293917592,83.427257013,88.3817610177,91.5451774719	5	linear	0.04	44000
55219	0,1,2,3,4,5,6,7,8,9,10,11,12,13,14,15,16,17,18,19	7.64311720295,11.2850274513,15.1755226765,18.1970245721,23.5077915225,26.4537146984,29.7994601093,35.4700900881,37.7422910185,41.8987685831,46.9320200912,51.1948435037,55.7294090049,58.9544114136,63.6446750582,67.1866855937,69.8278155915,75.2596868444,77.7927165533,81.897459258	5	linear	0.04	44000
52810	0,1,2,3,4,5,6,7,8,9,10,11,12,13,14,15,16,17,18,19	-34.125517654,-28.7159713862,-26.6305461876,-21.5198298182,-17.3315099872,-14.0348532877,-8.71411634462,-5.46300462197,-2.03904531799,3.35845683926,6.07499542776,9.54929055622,15.3369826107,17.9805375917,22.0020106074,25.9494692794,31.3208612341,35.0865892764,37.6534072022,43.0965288437	3	linear	0.04	44000
53701	0,1,2,3,4,5,6,7,8,9,10,11,12,13,14,15,16,17,18,19	-3.22234901095,0.279496228113,5.73969819001,8.89907446054,14.268272323,17.5491920934,22.1034362353,24.9685336895,28.5384899296,32.5884154943,37.8668310154,41.5771171332,43.9296839139,48.8748396901,53.04251914,57.37393171,61.7988865363,65.4527594015,68.1517937641,72.6600697028	3	linear	0.04	44000
53375	0,1,2,3,4,5,6,7,8,9,10,11,12,13,14,15,16,17,18,19	27.6107315668,32.2259137166,37.4425360595,41.5624738756,44.9473207163,47.4313567851,53.1217409072,57.4367680311,59.7057034108,65.3749486692,68.6997303512,72.8892712366,77.3831817205,81.6449469643,85.2854926395,87.7402528978,93.1326480631,97.167482639,100.442059274,104.630888932	5	linear	0.04	44000
53228	0,1,2,3,4,5,6,7,8,9,10,11,12,13,14,15,16,17,18,19	81.8258406047,85.5283441273,89.5911583904,95.3335094496,97.9299082519,102.797325459,107.305521053,110.989204517,114.402587037,118.187535754,121.731873248,127.383866447,130.168865137,134.899046422,138.03633684,141.823041659,145.35076664,151.058562132,154.466999278,158.689251857	5	linear	0.04	44000
53317	0,1,2,3,4,5,6,7,8,9,10,11,12,13,14,15,16,17,18,19	-34.0656701051,-29.7006418243,-25.913397532,-22.3097314372,-16.6590263126,-13.3539038119,-10.0794679608,-5.25395646861,-1.93387163888,3.53208565838,5.43608613164,10.7962058706,13.8405110297,18.659478439,21.5814917147,25.3833489751,29.5754711807,33.6811392063,39.6210346408,43.5272036271	3	linear	0.04	44000
55400	0,1,2,3,4,5,6,7,8,9,10,11,12,13,14,15,16,17,18,19	-8.24794263736,-3.18396608025,0.5898319363,3.78203571041,7.33590792917,13.0447801141,17.4233816581,20.1203667773,23.6935877742,29.3258292301,32.7829494776,36.4008953379,39.7370465669,45.4986752919,48.2876995835,52.2461274434,55.2628861725,60.6591887785,64.6695764266,67.7952352848	3	linear	0.04	44000
55137	0,1,2,3,4,5,6,7,8,9,10,11,12,13,14,15,16,17,18,19	3.35115821541,6.29878472547,11.2101744265,15.4819363167,18.587214863,23.4777559722,28.4945192374,31.5578480133,36.0823783777,38.6606728129,42.6947322573,47.0882604046,51.2512984674,56.5235132955,59.0059002778,64.2161170488,67.5686069076,72.5533020494,75.4431798519,79.0758574263	3	linear	0.04	44000
52422	0,1,2,3,4,5,6,7,8,9,10,11,12,13,14,15,16,17,18,19	85.4178649812,90.1248776633,93.9928925663,98.163340858,101.77438946,106.438472332,108.870528842,112.929076145,117.521921848,121.224543905,124.387811878,129.632883452,134.593522517,137.128245298,141.814997622,146.087297159,150.57264849,153.88071923,158.550490939,160.905299359	5	linear	0.04	44000
55110	0,1,2,3,4,5,6,7,8,9,10,11,12,13,14,15,16,17,18,19	72.1819515436,75.3301803819,81.2283751241,85.5441488055,88.6662214477,92.6392684696,96.863490241,100.556547723,104.65500176,107.758357675,112.393748167,117.26796465,120.112678189,125.411751173,128.953521002,131.408645459,135.682959905,139.912841262,144.229014259,148.990592287	5	linear	0.04	44000
54234	0,1,2,3,4,5,6,7,8,9,10,11,12,13,14,15,16,17,18,19	56.0304498426,59.421781045,65.4017795665,69.6074971294,73.6206867739,76.0287064218,79.8811159593,85.0137547693,89.1422874316,93.5626104501,95.3733895033,101.415860703,103.568156851,108.982963449,112.449654357,116.792081179,119.687784387,125.104685513,129.547012329,133.224437283	5	linear	0.04	44000
53965	0,1,2,3,4,5,6,7,8,9,10,11,12,13,14,15,16,17,18,19	16.2230728534,22.0005034988,26.1058526372,29.0023632979,31.9427005925,37.8184378079,41.2110674084,45.0404690639,48.4873211042,52.9464397306,56.2267335387,59.9129836128,65.9110560358,69.332944388,72.2821350568,76.5213798896,80.6566913429,85.4721109497,88.8519006246,92.9247523232	5	linear	0.04	44000
53875	0,1,2,3,4,5,6,7,8,9,10,11,12,13,14,15,16,17,18,19	-26.377597854,-21.7633452187,-16.8181269742,-14.3529722123,-9.27011917719,-6.34065088562,-0.889458771149,2.61142992835,5.23804975032,10.2749770673,13.2843636348,19.1527510698,22.3100255011,27.3631434,30.7433644425,34.3342020998,37.4630659151,41.565310371,47.5141016878,49.5649801321	3	linear	0.04	44000
53983	0,1,2,3,4,5,6,7,8,9,10,11,12,13,14,15,16,17,18,19	54.6033447445,59.0827376119,62.5435871338,67.7467524171,72.6169766713,74.5797772826,79.3251750905,84.841909546,88.2484897411,90.5026055506,95.5182744632,98.8105095001,103.429780567,107.892621313,110.636990205,116.390145454,120.827549573,124.824082275,128.323344788,131.382889679	5	linear	0.04	44000
55518	0,1,2,3,4,5,6,7,8,9,10,11,12,13,14,15,16,17,18,19	-29.5509513529,-25.8841302641,-22.1172458178,-17.7761204414,-14.4134352843,-9.17549153078,-5.42998445063,-2.56965746714,1.30680346126,5.21837076264,9.63223261202,14.8490245093,17.8671929905,22.6322514608,25.0492935899,30.358939205,34.8291449143,39.1141016998,42.0219700835,45.1987288548	3	linear	0.04	44000
52935	0,1,2,3,4,5,6,7,8,9,10,11,12,13,14,15,16,17,18,19	-0.47252551229,4.85739526388,6.55213171544,12.430315395,14.9007628454,18.8200767864,24.2000601196,28.5834702772,31.982158958,36.8773071271,38.8257043284,42.7717185233,47.5129336512,51.610972318,56.2842241047,59.513832786,63.140114225,66.6551000079,72.6004144684,74.9993341589	3	linear	0.04	44000
54792	0,1,2,3,4,5,6,7,8,9,10,11,12,13,14,15,16,17,18,19	-11.8356178936,-7.65810252604,-4.86547370396,0.371676393832,3.58813606958,7.59506286769,10.4981171092,16.3368735652,18.4859469738,23.9849808741,27.0038538803,32.4188259111,35.4936509824,38.3205249108,44.4506024309,47.2932492279,51.1552112717,56.3665307863,58.817244408,62.7536485999	3	linear	0.04	44000
52675	0,1,2,3,4,5,6,7,8,9,10,11,12,13,14,15,16,17,18,19	-31.0643828112,-28.9278658492,-25.1602206141,-21.104472281,-15.1732056115,-11.193145047,-7.08933374194,-2.88624630859,-1.187167984,4.30108866569,8.2253581938,10.8045245107,15.0953693757,20.1747333684,23.7878223617,28.5277679129,33.0330686968,35.995199413,39.3529018791,44.9096013441	3	linear	0.04	44000
52216	0,1,2,3,4,5,6,7,8,9,10,11,12,13,14,15,16,17,18,19	51.0214175595,54.2375271556,58.9703619998,62.4141088855,66.3858221195,70.6742507868,73.7600116068,79.8000056189,82.1758678324,85.5916190643,90.8962894093,94.5695964105,98.9423001552,101.499942483,107.719782676,110.754832253,113.572539148,119.580522856,121.971792466,127.809791491	5	linear	0.04	44000
54312	0,1,2,3,4,5,6,7,8,9,10,11,12,13,14,15,16,17,18,19	-19.5759141957,-17.5801435406,-12.3635622721,-8.04708413201,-4.78122016612,-0.446833729387,2.5553831027,6.39146672257,10.9759735174,16.2446061621,18.9526478833,22.5987856732,26.5423263667,30.7127480151,35.101324909,39.0442300527,42.2301572779,48.2993045808,50.4249408815,55.6268284013	3	linear	0.04	44000
52102	0,1,2,3,4,5,6,7,8,9,10,11,12,13,14,15,16,17,18,19	14.7966535837,18.0704083729,22.3624758483,25.4855428001,29.5996940904,34.9728440245,38.536035347,42.7346982795,44.6333017802,50.5180603107,54.2074201946,56.8444765814,61.5993366085,65.4734743987,69.1425123109,73.8140607715,77.448073797,82.1251500607,84.9755401636,89.578504038	5	linear	0.04	44000
53416	0,1,2,3,4,5,6,7,8,9,10,11,12,13,14,15,16,17,18,19	-22.4637401127,-17.1524641782,-13.1521901816,-9.30448495364,-6.19486042092,-2.78857548171,1.42630793616,5.23235942427,9.92300493286,15.2723458761,17.4588858658,21.4306551874,25.8928278196,29.1240062959,34.6042204271,38.9326979727,41.2687659883,46.4493271978,51.2573990373,54.9398238974	3	linear	0.04	44000
54728	0,1,2,3,4,5,6,7,8,9,10,11,12,13,14,15,16,17,18,19	2.03023606786,5.2437705658,10.115941466,15.4361620232,19.32735304,21.7845674708,25.780448317,29.168896723,35.2304675847,38.031732038,41.1985707361,46.3136086222,49.6401425974,53.1296872085,57.3076672629,61.9216296953,66.995498738,70.0590743936,73.2073484222,79.2615726924	3	linear	0.04	44000
54947	0,1,2,3,4,5,6,7,8,9,10,11,12,13,14,15,16,17,18,19	-33.4361915984,-30.6442076225,-25.3952142277,-22.1174492427,-18.7085762373,-13.4103687291,-10.439735158,-6.86746479031,-2.69739116295,2.84037521922,6.68695580576,9.69284647707,12.7155839189,17.881624597,21.0802478964,25.3968692204,29.9602672306,35.0119523356,38.6530000494,41.67653087	3	linear	0.04	44000
52745	0,1,2,3,4,5,6,7,8,9,10,11,12,13,14,15,16,17,18,19	55.0211367277,57.068380386,61.1160082205,65.3154525472,69.5151193575,73.2554951381,78.9210329842,83.1065798772,86.7807332087,89.2932817295,93.3538094411,98.6190738399,101.130071913,105.989865403,110.625138498,114.870111997,117.073242076,121.376137376,126.276022532,129.29329154	5	linear	0.04	44000
55997	0,1,2,3,4,5,6,7,8,9,10,11,12,13,14,15,16,17,18,19	44.4822957177,49.0182974053,51.9131811639,57.3673030998,60.6667760138,65.9116323867,69.5170216978,71.8205262328,76.2662290832,80.4295228068,85.2871461457,89.2668722368,92.1100385955,97.8619420146,100.539228322,103.753164362,109.66872413,112.265378361,117.695929306,121.563842495	5	linear	0.04	44000
55373	0,1,2,3,4,5,6,7,8,9,10,11,12,13,14,15,16,17,18,19	-27.0831712317,-23.1793330498,-18.1297065031,-14.6554225832,-11.5003748246,-6.42123706092,-2.81570211928,1.65689689589,3.86789267905,9.3033535611,12.8844571111,17.0849925034,20.4131480851,24.7725945574,29.5995348976,31.8449764577,38.050490723,41.7642916351,43.895180564,48.8071670049	3	linear	0.04	44000
54086	0,1,2,3,4,5,6,7,8,9,10,11,12,13,14,15,16,17,18,19	64.9670361883,69.3514920453,73.8659635951,76.8503836814,81.9292207423,85.4261709829,90.1587618369,93.0828783335,97.8612790112,101.001632045,106.149890308,110.005498424,113.507558714,117.734480136,120.318192641,125.446352396,128.178623688,133.522045015,136.314304356,141.003921758	5	linear	0.04	44000
52848	0,1,2,3,4,5,6,7,8,9,10,11,12,13,14,15,16,17,18,19	-13.9030135625,-9.12681714988,-4.97772284209,-2.54190045881,2.31044223217,7.25855665832,10.3607517596,15.0937880167,18.8421825304,23.1468385626,26.852261506,30.0093487568,34.2654518707,37.2004940406,42.5199557439,46.0931997809,51.2025065785,52.9902635607,57.2828382517,61.5387903834	3	linear	0.04	44000
53611	0,1,2,3,4,5,6,7,8,9,10,11,12,13,14,15,16,17,18,19	-38.0256406688,-34.1013790361,-31.8161632507,-26.247794982,-22.0122898384,-19.5524477179,-14.8068490615,-10.0683105035,-6.92935873312,-1.91233870442,1.22085598764,6.40620398441,8.60139090591,14.3913247936,17.050147661,22.3929935395,24.9044974096,29.662407182,34.006846689,37.342718024	3	linear	0.04	44000
55529	0,1,2,3,4,5,6,7,8,9,10,11,12,13,14,15,16,17,18,19	58.1048575617,63.1905567786,66.916786772,71.4000787015,74.9922199549,78.1836410166,82.5944023772,85.8093049893,91.3113929731,94.8514051914,98.2797110032,102.1972528,105.423457959,109.580427066,115.023505655,118.895882534,123.040288148,126.726534941,130.843881367,134.290634191	5	linear	0.04	44000
52728	0,1,2,3,4,5,6,7,8,9,10,11,12,13,14,15,16,17,18,19	-2.90901391827,1.80416878118,4.88636091902,8.51189639691,13.1225224086,17.6864059984,21.7227116163,25.0532359159,28.2726165694,31.6666208803,37.370984112,39.7942335533,45.5645849556,48.1694178079,51.8953939367,55.4747116301,59.8079998381,65.5538063508,69.4567346268,72.2260328896	3	linear	0.04	44000
55024	0,1,2,3,4,5,6,7,8,9,10,11,12,13,14,15,16,17,18,19	64.0575866561,69.0344433516,71.7909624992,75.9263907821,81.1585638517,84.8930560181,87.910195788,93.3099975222,97.6231919001,100.056397711,105.042795685,108.147886155,113.58930848,117.339488068,121.090513495,125.762586721,129.644490201,131.727878431,136.434656891,139.672113269	5	linear	0.04	44000
55458	0,1,2,3,4,5,6,7,8,9,10,11,12,13,14,15,16,17,18,19	-47.3916909039,-44.6483481296,-38.5712340023,-36.5412120337,-32.462093588,-26.6055082163,-24.3300915178,-19.6020757932,-14.5631822673,-12.4694128086,-7.65439784927,-4.73105605378,0.272683864431,5.39789635838,8.42175940488,11.5134553933,15.4614958506,19.8929776107,25.2732856063,28.8324510497	3	linear	0.04	44000
53656	0,1,2,3,4,5,6,7,8,9,10,11,12,13,14,15,16,17,18,19	-49.1926826037,-45.0509009061,-40.9435062147,-36.8726748777,-32.0728821037,-28.0016949039,-25.7582321112,-20.7776794295,-17.6758867602,-12.7290736362,-9.38668623184,-4.0784892017,-0.030635589871,2.37436596865,6.58641904804,10.9256313179,14.8330960602,20.3241879601,23.9609195361,26.8870045937	3	linear	0.04	44000
54247	0,1,2,3,4,5,6,7,8,9,10,11,12,13,14,15,16,17,18,19	31.7607754732,35.7858385143,38.0894908543,43.9705059424,46.4750073649,51.4052020956,54.1091068153,59.3443136562,63.350519603,65.9795155453,71.2546353832,75.7300322356,79.8584855942,82.7812119233,87.6895017619,91.6820193308,93.9414433425,97.8585355591,101.669748324,106.676418712	5	linear	0.04	44000
53531	0,1,2,3,4,5,6,7,8,9,10,11,12,13,14,15,16,17,18,19	38.1253811847,42.7776753486,46.5025822006,51.3038418622,55.0339836386,58.7054100549,63.1528960398,67.6189657457,70.1333889314,74.4208613269,77.7237468743,81.5709761517,86.3954049812,90.1073933598,94.5260043669,98.8890972861,102.082958337,106.654107226,110.952549165,115.608195047	5	linear	0.04	44000
54177	0,1,2,3,4,5,6,7,8,9,10,11,12,13,14,15,16,17,18,19	72.7695474827,77.234562881,81.045968166,86.8848437813,90.6056260052,93.0808365876,97.6991631822,101.449713207,105.562669967,109.829147215,112.901829198,117.697858947,120.742762232,125.883234058,130.151163139,132.746366706,138.188863206,142.146700618,144.746262388,150.081214837	5	linear	0.04	44000
54455	0,1,2,3,4,5,6,7,8,9,10,11,12,13,14,15,16,17,18,19	78.3455048613,82.2046241086,86.3186048014,90.7637164263,95.1160485058,98.5430147396,102.063797668,105.521259947,110.752999815,115.448899468,119.484788767,121.452473379,127.042471088,129.969849767,133.818867565,137.518425246,143.306094995,146.295750063,151.117658665,155.235176146	5	linear	0.04	44000
53201	0,1,2,3,4,5,6,7,8,9,10,11,12,13,14,15,16,17,18,19	-38.1272260577,-34.5640019931,-31.0713063717,-26.8588866275,-21.6140261965,-18.8465006731,-14.8006215086,-10.406891836,-6.85441251971,-3.5153968179,1.08672742497,5.66247485098,9.46383096483,12.4822591636,17.0240432092,20.5310489507,25.122613545,29.3272126722,32.7432907744,36.6344034685	3	linear	0.04	44000
53307	0,1,2,3,4,5,6,7,8,9,10,11,12,13,14,15,16,17,18,19	-22.842585647,-18.4430621567,-12.8042395031,-8.95179442206,-5.95943401899,-2.87060939807,1.68594880743,5.20374378173,10.9362331956,13.9404310568,19.0536544337,21.663284388,27.2516885113,29.0597909217,33.3589241841,37.7385514216,42.5681916243,47.1499303313,50.7722842082,54.2612330645	3	linear	0.04	44000
52971	0,1,2,3,4,5,6,7,8,9,10,11,12,13,14,15,16,17,18,19	-49.1053078049,-46.196012477,-42.9298821163,-38.0096390112,-34.5414635851,-28.9923759313,-26.5342469481,-22.4559846142,-17.407268201,-13.8199577938,-10.0376327505,-6.4162089792,-2.04678213312,0.765673216528,5.02590475902,9.56432032808,13.3927391857,17.0023352473,22.1519885335,26.2958510618	3	linear	0.04	44000
53076	0,1,2,3,4,5,6,7,8,9,10,11,12,13,14,15,16,17,18,19	-42.4067836023,-36.3478389198,-33.9672434825,-30.2482672353,-25.2765544079,-20.4598230671,-18.0437825623,-13.9142646609,-10.0077748729,-4.7553224103,-1.5739564179,1.77557766263,6.74203307347,9.44949971583,14.1042518481,18.2140343673,21.8054180235,25.3876812192,31.6457288318,33.5812686953	3	linear	0.04	44000
55669	0,1,2,3,4,5,6,7,8,9,10,11,12,13,14,15,16,17,18,19	77.1869458275,82.5391750936,85.6148469047,90.0178189185,94.4341039255,97.4523635677,100.893445055,104.439376526,109.793066325,114.370526308,117.073774203,121.737657617,125.448315715,128.863141371,134.245572088,138.082493512,142.455736826,146.666756288,148.733663848,153.844926178	5	linear	0.04	44000
54569	0,1,2,3,4,5,6,7,8,9,10,11,12,13,14,15,16,17,18,19	81.2027531846,83.2452529984,87.942139236,92.7771249714,95.6318946883,100.006478536,104.446529832,107.51953753,111.94485098,117.090162425,121.268700257,124.087120559,128.742264145,131.982558476,135.427927261,140.249167322,143.814691074,147.373982955,151.524206888,155.821918137	5	linear	0.04	44000
54956	0,1,2,3,4,5,6,7,8,9,10,11,12,13,14,15,16,17,18,19	85.5505823026,88.8523498594,91.8814831881,96.3793597242,101.629556506,105.137047908,108.30938156,111.700249621,117.166857348,120.120689223,125.748796454,127.928276202,131.514160574,136.482176731,140.512508753,144.825485035,148.069853768,152.894818939,155.512487066,161.426931735	5	linear	0.04	44000
55006	0,1,2,3,4,5,6,7,8,9,10,11,12,13,14,15,16,17,18,19	-32.7228876094,-27.3813315334,-23.8646422592,-19.3933816495,-16.4177415989,-12.441927156,-8.02388574585,-3.53039926664,-1.35092441461,2.8942549126,8.45446339142,10.9564770154,15.4020460929,18.7747307401,23.5715653334,27.6093084455,32.6036586129,36.0524730709,40.088094888,43.1508577061	3	linear	0.04	44000
52389	0,1,2,3,4,5,6,7,8,9,10,11,12,13,14,15,16,17,18,19	-54.2455588139,-50.6085729426,-46.5962207546,-42.4028793791,-37.9129610747,-34.1247966118,-29.6718445501,-24.9116191608,-20.8485994326,-18.8533667904,-13.0585146049,-9.07460941423,-5.57641526964,-2.1786284275,1.11844416359,5.668481772,9.74450970415,12.9530288951,18.786813704,21.6316495997	3	linear	0.04	44000
55366	0,1,2,3,4,5,6,7,8,9,10,11,12,13,14,15,16,17,18,19	-25.8224495064,-23.0885094245,-19.5279537537,-14.5802645849,-10.8546744164,-6.22868560946,-3.20081891062,0.98186553488,5.54557695775,9.32725103921,14.3883016556,17.9211882367,20.7479484306,24.798611463,29.526508372,34.5722204757,37.3727274433,42.5132083358,45.3875025817,48.9062880545	3	linear	0.04	44000
53854	0,1,2,3,4,5,6,7,8,9,10,11,12,13,14,15,16,17,18,19	4.22548143227,8.53432427221,11.4531943622,15.4781468702,18.9993561231,24.2037406772,28.5420680088,32.8000913546,35.8712219134,39.4890269728,44.8524916952,48.7155829162,53.0978197273,56.6947306942,60.534087656,63.7718948282,69.2766007323,73.2091158773,74.9544315126,80.1717770865	5	linear	0.04	44000
54661	0,1,2,3,4,5,6,7,8,9,10,11,12,13,14,15,16,17,18,19	25.7802244521,31.2054463947,35.3859781879,38.0438329641,41.6406713433,45.6545335195,49.4608680527,53.240759591,57.6579298592,62.3045459227,65.1728338854,71.0855985958,74.0569452739,79.1825694702,81.259963539,86.5588805064,90.7946619399,94.2124510431,97.128881353,101.44401966	5	linear	0.04	44000
53474	0,1,2,3,4,5,6,7,8,9,10,11,12,13,14,15,16,17,18,19	-0.125285174855,3.9294021974,6.2994565393,12.2178349044,16.1193136738,18.3527983217,22.0268594061,26.6844134656,31.4298685872,35.0970514243,40.0764937171,42.4142013436,47.3813880859,52.1748173905,56.1122957096,59.7629436351,64.1434567551,67.5725303993,71.833013835,75.7182893617	3	linear	0.04	44000
54402	0,1,2,3,4,5,6,7,8,9,10,11,12,13,14,15,16,17,18,19	21.3117722311,24.6997448834,29.121612135,33.330857209,36.9826238922,41.3154311839,44.8909535967,49.2767373317,54.1879509298,57.7520846567,61.1957594825,65.9296986814,68.5991980443,72.554089331,77.5943644103,82.2881421302,84.3825991925,90.4647529583,92.3973638531,97.7548403417	5	linear	0.04	44000
54511	0,1,2,3,4,5,6,7,8,9,10,11,12,13,14,15,16,17,18,19	60.353084958,62.4352495052,66.8958842423,71.3743222188,75.3752568508,78.9362111385,82.3901899423,88.5011456872,90.8153654214,94.7826840769,99.8542245174,102.7931423,106.868025611,112.191110293,116.333494851,119.251294057,123.250096055,126.487319884,130.349993935,134.39569559	5	linear	0.04	44000
55929	0,1,2,3,4,5,6,7,8,9,10,11,12,13,14,15,16,17,18,19	21.9250433623,26.4108093202,30.2327668188,34.3081372777,38.0539858518,42.8279369579,47.3535035582,50.9758968458,55.326719699,59.1286224954,62.4451264443,67.7279161882,71.5097491195,74.7020704266,80.0126500667,81.95637705,86.3909827471,91.8716554952,94.698334167,97.9989615604	5	linear	0.04	44000
55945	0,1,2,3,4,5,6,7,8,9,10,11,12,13,14,15,16,17,18,19	77.2906924427,81.7144208741,86.4303291478,90.347925841,94.4135847791,98.2349972508,101.490550273,104.964185863,110.394042451,114.417308107,119.036161439,121.329091204,125.334107577,131.132884258,134.895644127,138.23798351,140.803441219,146.411731779,149.974949012,153.997564711	5	linear	0.04	44000
55732	0,1,2,3,4,5,6,7,8,9,10,11,12,13,14,15,16,17,18,19	-1.01953981262,5.1716567726,8.4486598435,11.6296413435,16.7911664303,19.9489326241,23.5596801169,27.7784019727,31.8158587076,36.2182938378,40.0675874431,44.5780846027,48.8900319334,51.9371635804,55.443186186,60.6945394398,64.6015871293,67.233785827,70.9597968865,75.1329666415	3	linear	0.04	44000
53094	0,1,2,3,4,5,6,7,8,9,10,11,12,13,14,15,16,17,18,19	-22.9674204625,-17.7493950207,-14.4032438605,-10.5554039934,-7.55543448091,-3.18513490038,1.02060852,5.10783914531,9.23218789736,12.8357268224,17.7753354338,20.984236909,25.4257319306,29.1459257476,33.5570479596,36.5668819506,41.3653867988,45.6637132547,49.0593536467,52.6711022773	3	linear	0.04	44000
54522	0,1,2,3,4,5,6,7,8,9,10,11,12,13,14,15,16,17,18,19	-49.581941982,-45.4305432999,-42.9532403869,-37.3775277124,-33.6085656969,-30.6496960243,-26.847054672,-23.2818242614,-17.5514442056,-13.9754395991,-10.7756683942,-6.85474456467,-1.92547324763,1.84509352295,4.6252236275,10.6999317094,14.1438667878,16.8088760109,21.1235315365,24.7008449944	3	linear	0.04	44000
52485	0,1,2,3,4,5,6,7,8,9,10,11,12,13,14,15,16,17,18,19	18.0662668613,22.4947673805,26.2960186458,30.2508362705,33.1681712461,38.8369971291,41.7478612449,46.0919796501,51.3362245332,53.7579713383,57.5665726376,63.1198761402,65.5830707026,71.1354001845,74.2665438203,79.2352867474,82.4846212132,86.3943174217,90.7308090594,93.2114387256	5	linear	0.04	44000
54583	0,1,2,3,4,5,6,7,8,9,10,11,12,13,14,15,16,17,18,19	70.0892047172,73.4340108825,77.4545390539,82.1369443007,86.2644914865,88.7605503438,93.6845302321,96.7287256706,102.274544133,104.889873167,110.013787865,112.869337394,118.059752704,121.715219714,124.845159389,129.280127007,134.792291867,137.525272359,140.629206975,144.535778166	5	linear	0.04	44000
54371	0,1,2,3,4,5,6,7,8,9,10,11,12,13,14,15,16,17,18,19	-37.5750073592,-33.7893774334,-31.3037530735,-25.5481782752,-22.3832130204,-18.7369551433,-14.2249853178,-11.115000258,-5.1977911205,-3.38158550415,1.23620771543,6.68856202336,8.93566626852,13.942755482,17.4317546651,22.1348699827,25.2851469268,28.9806627729,34.006555325,37.2046291985	3	linear	0.04	44000
55345	0,1,2,3,4,5,6,7,8,9,10,11,12,13,14,15,16,17,18,19	2.78652367197,6.62394899014,12.5051051684,15.2436083548,20.2583721876,23.4187145298,28.0352320805,32.3145162557,34.2040356858,38.4535903989,43.3549771527,46.1893148564,51.901925884,54.8548375305,60.0317868781,62.6592310856,68.2928442412,70.4372293981,74.8522045101,80.4110211597	3	linear	0.04	44000
54856	0,1,2,3,4,5,6,7,8,9,10,11,12,13,14,15,16,17,18,19	-13.6935887913,-9.48363814914,-5.46495623555,-1.99845569441,2.46276725673,6.808809436,12.0094997678,14.8951996877,19.0359969062,24.0604539242,27.3633096693,31.6615588335,35.734263045,38.2088399258,43.8296006449,46.1053616446,51.5158719748,54.4625915686,57.7257855846,62.0830393041	3	linear	0.04	44000
55549	0,1,2,3,4,5,6,7,8,9,10,11,12,13,14,15,16,17,18,19	-10.5509105485,-7.88786471544,-4.33299389438,1.33640192929,5.25407619224,8.64661600387,11.9908270573,16.0869983329,20.1101975962,23.4127667131,28.05142142,32.6273883437,35.9916478623,39.744514869,43.6363367244,49.5124809946,52.3991938572,55.1727704023,59.6531036476,63.2298210517	3	linear	0.04	44000
53469	0,1,2,3,4,5,6,7,8,9,10,11,12,13,14,15,16,17,18,19	28.71390935,32.0103058752,35.4547211295,38.5626802653,43.6223697091,47.1134363532,51.4423507336,55.9451545797,58.5222794709,63.3136192781,68.7840310664,72.5253219023,76.646133981,79.9708020518,84.020200536,87.8894146914,92.2518729321,96.5273911838,99.0433298705,102.704283989	5	linear	0.04	44000
53757	0,1,2,3,4,5,6,7,8,9,10,11,12,13,14,15,16,17,18,19	78.7234062114,84.6734663805,88.0202495748,91.9967198703,95.6030297924,100.848181128,103.092021086,108.564371113,111.109529854,116.586033771,119.960519741,124.508255455,128.136678164,130.815556894,136.503249001,139.835819678,142.697999963,147.20849794,150.688419845,154.885830866	5	linear	0.04	44000
52600	0,1,2,3,4,5,6,7,8,9,10,11,12,13,14,15,16,17,18,19	-18.1938822691,-13.2508252752,-9.50804982435,-6.27389229467,-2.87402006169,1.6779494996,6.87332670126,10.8317030741,14.6418134673,18.3585158321,23.2219801054,26.2697567941,29.1433774749,34.9572619288,39.1533333722,42.2268008771,47.0065588392,49.5354566661,54.5267666057,59.0256050873	3	linear	0.04	44000
55031	0,1,2,3,4,5,6,7,8,9,10,11,12,13,14,15,16,17,18,19	67.0041455308,72.2200487211,77.0569012567,79.4829452511,83.7605043747,87.5445267851,91.0663009535,96.6042488305,101.073270744,104.836438788,106.916747582,111.49187159,116.2804719,118.956705207,123.505392005,127.879026881,131.991170982,136.338720832,139.585507391,143.935717153	5	linear	0.04	44000
53236	0,1,2,3,4,5,6,7,8,9,10,11,12,13,14,15,16,17,18,19	9.5744560264,13.4347558849,17.4438519941,21.6045383107,25.9736258501,29.2879948226,33.3688841989,37.5674037085,42.6286745658,45.230505692,50.570884181,54.1063939634,58.6540706869,61.2276512142,65.2035787555,70.1218157555,73.2702928212,79.0282100513,82.0210577497,86.7609491394	5	linear	0.04	44000
52680	0,1,2,3,4,5,6,7,8,9,10,11,12,13,14,15,16,17,18,19	-17.607489115,-14.0702565505,-9.12221918845,-5.15288186442,-1.02892453072,2.20850309635,6.96356171959,9.89708818057,14.0979924532,18.8283860376,23.4964994181,26.9210442147,31.5726194066,34.2898397828,38.1401846054,42.2351207076,46.5475237614,49.6936290698,53.9225191146,59.3815420962	3	linear	0.04	44000
52830	0,1,2,3,4,5,6,7,8,9,10,11,12,13,14,15,16,17,18,19	-17.8768708694,-14.2417384753,-10.5353593532,-6.59080730846,-2.12422436207,0.538467442156,3.89077646882,8.45732508825,12.9435063989,16.9425659661,20.1451232796,25.7418770027,29.788779758,32.7973011682,38.1072488034,40.638256139,45.81035705,48.9020603411,53.193686357,58.086095073	3	linear	0.04	44000
52192	0,1,2,3,4,5,6,7,8,9,10,11,12,13,14,15,16,17,18,19	5.6350672719,8.31912178381,13.7659123177,16.3672040622,20.6866445533,25.2556390597,29.5625109633,32.3668136434,36.5486698905,41.397638094,45.7869598239,50.1191410092,54.2400363639,58.3613364163,61.2049582312,65.3070144367,69.3353939824,74.3638196393,77.2122086485,81.4648452956	5	linear	0.04	44000
54873	0,1,2,3,4,5,6,7,8,9,10,11,12,13,14,15,16,17,18,19	-34.6008406563,-30.3964205059,-26.141729346,-22.1691732144,-18.6338664982,-14.4717648044,-9.80221107159,-5.88072581767,-3.22669606436,1.53652557615,5.85116069919,8.4551922893,12.4003274742,17.2868438693,20.4845146558,26.345395301,29.7167448937,32.6516398733,36.4427092174,42.6014643383	3	linear	0.04	44000
52620	0,1,2,3,4,5,6,7,8,9,10,11,12,13,14,15,16,17,18,19	25.7456940469,30.3669267529,34.1134085378,37.7533402179,42.6327966803,45.9288291648,48.5198750351,52.5871471664,57.5466312626,60.9815127421,64.7487902771,68.9261965336,74.1071811935,78.6499086581,80.9898198033,85.2059794835,88.3647093982,92.388423523,96.5309989804,100.86425918	5	linear	0.04	44000
55824	0,1,2,3,4,5,6,7,8,9,10,11,12,13,14,15,16,17,18,19	51.9264493159,55.9586623513,60.361974757,65.1500767864,69.6428386764,72.3394396505,76.0908517083,81.1239040337,84.9294868972,87.3710587349,91.861310566,96.7336025283,101.269853224,105.471364702,109.02976976,112.943827732,116.277132422,120.315643261,123.473898112,128.362370177	5	linear	0.04	44000
53524	0,1,2,3,4,5,6,7,8,9,10,11,12,13,14,15,16,17,18,19	61.2848467462,64.1310884968,67.8344451546,71.7784738991,77.0972702797,80.1753129218,84.6798051928,87.1350672308,91.6664954235,95.1995226216,99.0779233043,104.903007466,107.347549556,111.627730699,117.12776261,119.476510884,124.023558955,128.692760254,132.661747634,137.295456982	5	linear	0.04	44000
52239	0,1,2,3,4,5,6,7,8,9,10,11,12,13,14,15,16,17,18,19	76.7507995037,79.3747951069,84.4301294509,87.8432236849,92.915506226,94.8797149746,100.693873167,104.115497199,108.869844994,112.077940188,116.402592191,119.416372766,123.0424052,127.436601683,132.102106088,134.764040579,139.701548606,143.712725402,148.466265785,151.489181995	5	linear	0.04	44000
53115	0,1,2,3,4,5,6,7,8,9,10,11,12,13,14,15,16,17,18,19	-15.8387765423,-11.5737059297,-8.88269359015,-5.54474219086,0.44119663942,3.6359470063,7.08423350665,11.4592469037,16.1052949458,18.8238884636,24.0518184181,26.61643892,30.6762798443,35.6486532382,39.3256974913,44.1332386796,46.8123056724,52.2995957988,54.3161541256,60.4642880675	3	linear	0.04	44000
52854	0,1,2,3,4,5,6,7,8,9,10,11,12,13,14,15,16,17,18,19	21.1312288384,26.2234120418,30.6285597176,33.5108508226,38.7534054499,41.4694904646,46.318926804,49.9800969313,53.7506583139,58.9866021675,63.1706005089,66.8776101794,71.4006158825,74.2303385908,78.3020403051,81.4202571612,85.6202746907,91.4777871355,94.1745722124,97.5617183133	5	linear	0.04	44000
187537	0,1,2,3,4,5,6,7,8,9,10,11,12,13,14,15,16,17,18,19	20.3139034678,16.6437613939,13.7893849811,11.6153649877,9.85625322183,7.68167604636,7.05954221882,6.4694159526,5.9827551971,5.77767917833,5.79842400625,6.70479318674,7.93124072549,10.1415665094,11.749353798,14.0207112986,17.0986719438,20.2263281203,23.8407779361,27.942674409	3	poly	0.04	176000
185946	0,1,2,3,4,5,6,7,8,9,10,11,12,13,14,15,16,17,18,19	26.5218402797,22.4597826426,20.0997781622,18.0449502678,15.3282641248,14.4363185481,13.2172330684,12.1803416047,11.4415465581,11.9021465713,11.8438646011,13.0923017701,13.9051099882,16.039009581,17.1921766012,20.1321432551,22.6094888336,26.1062636411,29.2759802055,33.3244221897	3	poly	0.04	176000
185113	0,1,2,3,4,5,6,7,8,9,10,11,12,13,14,15,16,17,18,19	31.2378197816,28.2450817865,25.6103856155,22.7475197582,20.8492631706,19.5827709554,18.2860333782,17.0421742286,17.2591807505,17.2545005224,17.2724952049,18.7341599355,19.0626379554,21.1612427634,22.6498773576,25.5687127574,28.0988830482,31.1627758492,34.9340255508,39.1812008635	3	poly	0.04	176000
184389	0,1,2,3,4,5,6,7,8,9,10,11,12,13,14,15,16,17,18,19	30.0886766672,27.2447808191,23.9183432085,21.8897072769,19.471688482,18.4172930837,17.2900765844,15.7795535023,16.1146699663,15.7296458817,16.3843133507,16.882503686,18.1811771365,19.5086409276,21.1543905205,23.6859385565,26.5422485322,29.5655789361,33.7982803439,37.7058547202	3	poly	0.04	176000
186883	0,1,2,3,4,5,6,7,8,9,10,11,12,13,14,15,16,17,18,19	34.1931411685,31.729736273,28.5271585563,26.5179988135,24.1564134543,22.4594569793,21.2306164695,20.8321417776,20.6404397038,19.7258193119,20.2693234054,21.7379052093,22.2224618496,24.0648531296,25.7514994905,28.8473212879,31.2478892198,34.5524309251,38.2581987513,41.8394547084	3	poly	0.04	176000
185160	0,1,2,3,4,5,6,7,8,9,10,11,12,13,14,15,16,17,18,19	-0.439467102976,-3.18500355608,-6.32234436586,-8.4120714768,-11.1427809264,-12.4589272019,-13.7123351086,-13.9700626708,-14.8643736271,-15.2029175246,-14.6478389419,-13.6367194874,-12.1006190447,-11.1774415822,-8.49644898348,-6.08916215578,-3.64609673485,0.0477450692646,3.36001746331,7.4175202712	3	poly	0.04	176000
187484	0,1,2,3,4,5,6,7,8,9,10,11,12,13,14,15,16,17,18,19	31.9427546362,29.0122325053,26.4524632101,23.1633522738,21.4639811012,19.7705861328,19.1126960628,17.9474536148,17.1787574033,17.47429669,17.5622110537,18.5341501011,19.6179821643,21.5694972467,23.8941045942,25.9792875503,28.5437214782,31.8286404341,35.9481143794,39.6851065464	3	poly	0.04	176000
184731	0,1,2,3,4,5,6,7,8,9,10,11,12,13,14,15,16,17,18,19	15.3673333285,11.9832775575,9.67894840416,6.56744413809,4.54192080093,3.21447492223,1.86747539235,0.824511409225,1.06758799168,0.734573675119,1.25050225684,1.6519149179,3.57539304619,5.05429879244,6.92504662683,9.56175526913,11.7867016154,15.4783684689,18.7553096408,23.1918756184	3	poly	0.04	176000
186386	0,1,2,3,4,5,6,7,8,9,10,11,12,13,14,15,16,17,18,19	6.44457867536,2.7851339095,0.199597479148,-1.91451829671,-4.28881860046,-6.01904243257,-6.75142702393,-7.84822124474,-7.94283413281,-8.2130652258,-7.75852927994,-7.48683060104,-5.98465938795,-4.34572030355,-2.18385736718,0.0133844248938,3.24135729728,5.99192369168,9.19406783442,13.4901513156	3	poly	0.04	176000
187692	0,1,2,3,4,5,6,7,8,9,10,11,12,13,14,15,16,17,18,19	11.3753837492,7.74195639947,4.96555369615,2.76346950151,1.06546246099,-1.05201117273,-2.04065040934,-2.40878339096,-2.99479972109,-2.66723163414,-2.18399969637,-2.11454966544,-0.612763178588,1.29038373339,3.31267713721,4.8604669373,7.87642518235,11.4378535807,14.4750344251,19.2956815555	3	poly	0.04	176000
187939	0,1,2,3,4,5,6,7,8,9,10,11,12,13,14,15,16,17,18,19	6.4743552771,3.46784414017,0.87507667204,-1.32949788891,-3.62551443484,-5.78027159422,-6.40818323991,-7.85229909484,-8.14477190585,-7.51134724214,-7.31117285975,-6.65551011828,-5.79642188131,-4.17186584275,-1.91989556491,0.770878280445,3.17344341302,6.46804320184,10.353142361,13.8119625869	3	poly	0.04	176000
186897	0,1,2,3,4,5,6,7,8,9,10,11,12,13,14,15,16,17,18,19	-0.0207556961899,-3.29820951073,-5.48891800948,-8.46879079129,-10.2758647397,-11.9947788168,-13.1057179833,-13.7537589764,-14.0502589272,-14.7452578588,-14.0231913493,-12.7029232648,-11.490711645,-10.5471360813,-8.36118171107,-5.64657254625,-2.92882577024,0.457982531436,3.42140231365,7.67177153742	3	poly	0.04	176000
187809	0,1,2,3,4,5,6,7,8,9,10,11,12,13,14,15,16,17,18,19	27.4991470888,23.5274276339,21.0717614768,19.0168694193,16.2881071202,14.7856539823,14.1530334907,13.4816682439,12.6906286965,12.7616846211,13.1674463895,14.163740298,14.5679455967,16.834446492,18.4234465803,20.9542112768,24.2966374488,27.2792000644,30.9493760094,35.0191954045	3	poly	0.04	176000
186926	0,1,2,3,4,5,6,7,8,9,10,11,12,13,14,15,16,17,18,19	33.3424431769,30.6622568646,27.980028443,24.7294106758,23.2415916861,21.4695610214,20.1161124936,19.9807414229,19.1973098677,19.1687205972,19.8248382371,19.9528278564,21.3524876126,23.116699975,24.778698796,27.7428330516,30.4136410009,33.2495069898,37.4955094829,40.9045507941	3	poly	0.04	176000
187956	0,1,2,3,4,5,6,7,8,9,10,11,12,13,14,15,16,17,18,19	9.56833429012,6.25420304685,3.24976085932,1.19244852944,-1.00647799519,-2.96732721657,-4.05994281171,-5.13636647496,-5.10611484036,-4.80024383301,-4.8343969173,-4.06032137719,-2.45081213438,-1.63780473711,1.02451154536,3.33038810446,5.89836154269,9.12556096097,12.811519614,16.3856793754	3	poly	0.04	176000
186562	0,1,2,3,4,5,6,7,8,9,10,11,12,13,14,15,16,17,18,19	6.4712781958,3.08869224728,-0.000673127198553,-1.627362611,-3.86627346792,-5.58330654008,-6.61677146672,-7.30992782232,-8.26515925166,-8.46635775619,-7.37014700534,-6.73249583715,-5.81396433817,-3.81688538564,-1.82919905954,0.318795917846,3.05117304781,6.08129126239,9.49918133339,14.361742496	3	poly	0.04	176000
186974	0,1,2,3,4,5,6,7,8,9,10,11,12,13,14,15,16,17,18,19	30.6946078306,28.0599107501,24.7090396833,22.3498125046,20.7347283929,18.8488079446,18.2760798132,16.5313346673,16.6078690192,16.7953677655,16.7430167764,17.7029991766,18.6084381944,20.8492659971,22.7336282327,25.3669704797,27.881344041,31.0630332739,34.6566540049,38.6004613622	3	poly	0.04	176000
185564	0,1,2,3,4,5,6,7,8,9,10,11,12,13,14,15,16,17,18,19	22.6618259354,19.3547857051,16.5281121078,14.01538434,11.7838923438,10.2837115053,8.794544707,8.54625111715,8.16043434348,8.11769938158,8.56427120767,8.79285523875,10.8724898461,11.7224832224,13.7807106281,16.0785917086,19.2793685331,22.814314644,26.0002232021,30.0545889607	3	poly	0.04	176000
186152	0,1,2,3,4,5,6,7,8,9,10,11,12,13,14,15,16,17,18,19	17.8776962026,14.378284712,11.9359144576,9.22004070969,7.61474649628,5.46862615604,5.07134641969,3.55602930245,3.60298564272,3.53323673186,3.88548757947,4.42507651834,6.1163695717,7.07648387284,9.7363026195,12.0790251209,14.2520022651,17.5645976602,21.4932690546,25.6738940866	3	poly	0.04	176000
184504	0,1,2,3,4,5,6,7,8,9,10,11,12,13,14,15,16,17,18,19	23.6739990396,20.5752641601,18.1095955075,15.800808944,13.7250150079,12.1240779232,10.569974245,9.5944497801,9.87287584318,9.01188239869,9.50494823261,11.0289901011,12.0738055019,13.4595734845,15.3420310189,17.4202337062,20.2108179444,23.4714108839,27.8690087278,31.5157802741	3	poly	0.04	176000
186327	0,1,2,3,4,5,6,7,8,9,10,11,12,13,14,15,16,17,18,19	-6.69786591642,-10.1681702323,-12.7946624307,-15.841673324,-17.4365600995,-19.2219729808,-19.7469927696,-20.9528005651,-21.5644962459,-21.2463415005,-21.0032259612,-20.0364365042,-18.597699277,-17.7680355764,-15.1136695419,-13.2480914783,-10.6767345426,-6.97552493138,-3.27396568796,0.872663879665	3	poly	0.04	176000
184834	0,1,2,3,4,5,6,7,8,9,10,11,12,13,14,15,16,17,18,19	33.3992237607,30.6953412311,27.4912205669,25.2838089934,23.856022948,22.0794787762,20.2227880738,19.8923723583,19.5410860735,19.1684108777,20.1007583483,20.5057144142,22.2566492142,23.0383612454,24.9239994603,27.3279885802,30.683073705,34.15716818,37.5778486549,41.8565277274	3	poly	0.04	176000
186091	0,1,2,3,4,5,6,7,8,9,10,11,12,13,14,15,16,17,18,19	30.1669626402,27.6284867493,24.8230082602,22.2203345788,20.403042176,18.692802314,17.3956372278,16.8400799762,16.0550685482,15.9894191822,16.278817223,17.6768028168,18.8841290858,19.9802153611,22.2889385929,24.4352039304,27.700656969,30.1816340043,34.3585221305,38.3313022833	3	poly	0.04	176000
184077	0,1,2,3,4,5,6,7,8,9,10,11,12,13,14,15,16,17,18,19	32.8578372951,29.6640827527,27.1043189164,25.2509919497,22.7673111838,20.9534209769,20.0507597727,19.7214569169,18.4897111932,19.1466152689,19.0431445236,19.9442614257,21.4939438365,23.0396383544,24.5118875502,27.801360839,29.6918729516,33.6859540638,37.3029819302,40.6315764142	3	poly	0.04	176000
186352	0,1,2,3,4,5,6,7,8,9,10,11,12,13,14,15,16,17,18,19	34.8703323688,31.4488764209,28.573278695,26.3569763402,24.4062374563,23.2340090971,21.8684574534,20.5760388232,20.5000008433,20.579815202,20.6426224844,21.6931584447,23.0122674436,24.5947877618,26.097089947,28.4554955574,31.822576422,34.5230762264,38.3376341733,42.3471339639	3	poly	0.04	176000
187781	0,1,2,3,4,5,6,7,8,9,10,11,12,13,14,15,16,17,18,19	31.6163024921,28.152111059,25.6042182259,23.2338189003,20.9099658345,18.8707583061,17.7280577101,17.1100797423,17.0816825398,16.6268047321,16.8227431916,17.8548482127,19.0952603249,20.5793763845,23.1880896952,24.7035949841,27.5151515834,31.1971763013,35.1368912936,38.7086283128	3	poly	0.04	176000
186622	0,1,2,3,4,5,6,7,8,9,10,11,12,13,14,15,16,17,18,19	9.77387120505,6.91365892313,3.32615797955,1.81608463925,-0.251488723316,-1.77951564573,-3.78505516316,-4.57912392526,-4.94384709236,-5.07050717674,-3.97297241068,-3.18265765727,-2.47266362214,-0.837281477095,1.34261828604,3.47375765128,6.7580658438,10.0449342114,13.5049305585,17.0757101932	3	poly	0.04	176000
184023	0,1,2,3,4,5,6,7,8,9,10,11,12,13,14,15,16,17,18,19	12.2510501887,9.36532315904,6.21458433082,4.44393983248,2.01188098038,0.820835779748,-0.998748778855,-1.27990337185,-1.74805575284,-1.50591376067,-1.05641078755,-0.680591103497,0.384173672085,1.96234590499,3.73366615048,6.3532069614,9.39716774447,12.0968390072,15.9356738159,19.87154968	3	poly	0.04	176000
187491	0,1,2,3,4,5,6,7,8,9,10,11,12,13,14,15,16,17,18,19	3.09462269479,-0.075970422802,-2.48641687609,-5.35741285017,-6.77034941088,-8.69626511756,-9.45980531476,-10.4930891607,-11.4223250044,-11.1585003473,-10.4068612815,-10.0385884508,-8.58399378517,-7.27556926737,-4.7436483784,-2.6849323596,0.5481065295,3.80914070097,7.36987517618,10.4930460657	3	poly	0.04	176000
185797	0,1,2,3,4,5,6,7,8,9,10,11,12,13,14,15,16,17,18,19	12.3223110797,9.6010201537,6.43501570133,4.36409497992,1.870705137,0.970430904672,-0.769472385894,-1.66227029243,-2.05623960375,-1.69327699667,-1.30925445329,-0.483613815337,0.563303840194,2.07335580834,4.02342334437,6.50251334099,9.45112057843,13.0622982581,16.054449211,19.9139655241	3	poly	0.04	176000
186859	0,1,2,3,4,5,6,7,8,9,10,11,12,13,14,15,16,17,18,19	8.93313919242,6.15566710373,2.93504062321,0.568914759858,-1.2532434896,-2.84287100611,-3.34393595845,-4.27510750845,-4.96759974782,-4.79491590472,-5.07385136353,-3.90375902471,-2.92062126613,-0.822580369144,1.02445149537,3.76030454563,6.36307667745,9.15906321631,12.8924467971,17.4422629802	3	poly	0.04	176000
187838	0,1,2,3,4,5,6,7,8,9,10,11,12,13,14,15,16,17,18,19	-6.49262602901,-10.1652080068,-12.7860324078,-15.2109033558,-17.0646911587,-18.436573724,-20.1309925786,-21.3152419748,-21.4736148426,-21.1610519182,-20.5216105969,-20.4027078589,-18.8752776722,-17.3263238677,-15.3527023683,-13.0664257896,-9.88572168993,-6.77623260681,-3.39542212274,1.2135613663	3	poly	0.04	176000
185676	0,1,2,3,4,5,6,7,8,9,10,11,12,13,14,15,16,17,18,19	25.2982195104,22.3561207779,19.4072805116,16.4830735507,14.3544816662,13.6550197776,12.3775809478,10.8379880582,11.1099739361,10.7881540898,11.5150492134,12.0752574584,12.9590395889,14.7317163493,16.8034678739,18.7614104158,22.4384629208,25.2200277837,28.7825013751,32.8216057894	3	poly	0.04	176000
184022	0,1,2,3,4,5,6,7,8,9,10,11,12,13,14,15,16,17,18,19	2.41906374345,-0.892766184373,-3.36930710268,-5.55743807282,-8.13050507198,-9.25670776869,-10.8421072496,-11.7011606502,-11.8490786701,-12.1404658928,-11.2171593895,-11.1497319833,-9.38243610992,-7.81221220182,-5.68456507545,-3.1735198461,-1.01038023475,2.35529007027,6.14057415202,10.0101694974	3	poly	0.04	176000
186665	0,1,2,3,4,5,6,7,8,9,10,11,12,13,14,15,16,17,18,19	-3.65528053503,-7.27128996341,-9.51984058199,-12.4464580683,-14.4165969266,-15.6191705163,-16.9736599985,-17.5836987354,-18.0163654249,-18.3899620576,-17.7756423206,-17.3275592689,-16.1007106988,-14.7753157836,-12.3891529212,-9.44579553196,-6.77462705316,-3.66046478296,-0.459183073019,3.29825761839	3	poly	0.04	176000
187209	0,1,2,3,4,5,6,7,8,9,10,11,12,13,14,15,16,17,18,19	7.18876807305,3.33616311173,1.10783102972,-1.23861682872,-3.76609092417,-5.43477768488,-6.052242523,-6.93017977689,-7.44880186595,-7.73407405896,-6.80970709188,-6.38291053456,-5.54134727719,-3.84722849714,-1.36806379196,0.535187812471,3.06418237284,6.78870176879,10.7900907042,14.2132276442	3	poly	0.04	176000
184058	0,1,2,3,4,5,6,7,8,9,10,11,12,13,14,15,16,17,18,19	-7.21833210867,-10.2467634208,-13.2945034118,-15.9228036816,-17.3928708172,-19.5736431924,-20.2074087919,-21.628130266,-21.2729092052,-22.0876989069,-20.8945595847,-20.0640453663,-19.5596760683,-17.5178540776,-15.5562553128,-12.813155851,-10.7560218651,-7.57461820803,-3.11112160793,0.354539431566	3	poly	0.04	176000
186447	0,1,2,3,4,5,6,7,8,9,10,11,12,13,14,15,16,17,18,19	12.2128056811,8.43005706796,5.69116567108,3.1381299278,1.71019685772,-0.24232740942,-1.55990078401,-2.39010115041,-2.44194856289,-2.27729593125,-2.05748140034,-1.92071685348,-0.031956956891,1.38838732021,3.45775489937,5.45043518205,8.29083685543,11.4815642361,15.101186124,19.2037425358	3	poly	0.04	176000
187612	0,1,2,3,4,5,6,7,8,9,10,11,12,13,14,15,16,17,18,19	30.5492001505,28.1139404167,24.6709082507,22.3705542474,20.3791532132,18.9599859967,17.8659006626,16.9175419494,16.9823035835,16.1555938822,16.6005920152,17.5893835745,18.6027146383,20.3168835733,23.03411,25.1711880043,27.7409771979,30.7545541893,34.4670654642,38.2252773363	3	poly	0.04	176000
186815	0,1,2,3,4,5,6,7,8,9,10,11,12,13,14,15,16,17,18,19	25.8207808114,22.2966019446,19.3650684823,17.5362507838,15.6186232376,13.3284845966,12.7294307292,11.8395980161,10.7664157512,11.152177169,11.2349750993,12.5895866119,13.2831921228,15.3180118686,17.5099175978,19.1165812315,22.8227908665,26.0155026644,29.5270973065,33.4435253954	3	poly	0.04	176000
184278	0,1,2,3,4,5,6,7,8,9,10,11,12,13,14,15,16,17,18,19	19.064256588,16.114062864,12.8389534397,10.605772102,8.96079429538,6.85730441963,6.0334784225,5.49877715509,4.88396692166,4.49047023906,5.55887833825,6.11642014322,7.77541813814,8.45397430139,10.9869574233,13.6651117527,15.6649837303,19.2616035314,22.3958344535,26.4487146645	3	poly	0.04	176000
185733	0,1,2,3,4,5,6,7,8,9,10,11,12,13,14,15,16,17,18,19	25.1329785147,21.530975532,19.4733016896,16.4232327669,14.28058722,13.0291646042,11.690518048,10.803425503,11.0719477723,10.4517563734,10.9408447744,11.5283580327,13.2171795354,14.4419633766,17.0033042128,19.003368835,21.4063662779,24.9816792531,28.6252291396,32.2449648432	3	poly	0.04	176000
186800	0,1,2,3,4,5,6,7,8,9,10,11,12,13,14,15,16,17,18,19	6.41679522056,3.57319490846,0.81194621405,-1.19121959624,-3.19537088506,-5.15713151071,-6.37083616258,-7.03710275492,-7.90636659233,-8.0077731998,-6.67974797495,-6.01540186326,-4.90220593692,-3.58275472292,-1.93956572057,0.427441015053,4.07312595406,6.34889110065,10.8159156424,14.8564178608	3	poly	0.04	176000
186116	0,1,2,3,4,5,6,7,8,9,10,11,12,13,14,15,16,17,18,19	-5.19901265536,-8.57223989498,-10.7172414419,-13.2166115437,-15.5137464323,-17.326017257,-17.9900695973,-18.8226861882,-19.3611367127,-18.9782502224,-19.1948128075,-18.2467925987,-17.0799580543,-15.2156363755,-13.637936225,-10.5472651376,-8.68638677324,-5.26193681328,-1.648588244,2.15296583821	3	poly	0.04	176000
187029	0,1,2,3,4,5,6,7,8,9,10,11,12,13,14,15,16,17,18,19	-3.96392182278,-7.85482228125,-9.87671464852,-12.3066297481,-14.8843029168,-15.906423379,-17.3814808548,-18.0804598385,-18.9907772973,-18.9237223875,-18.1852736916,-17.1169286501,-16.000574344,-14.6722152177,-12.3698473847,-10.5212836188,-7.21639220889,-4.45164897928,-0.952213095465,2.89054239778	3	poly	0.04	176000
184973	0,1,2,3,4,5,6,7,8,9,10,11,12,13,14,15,16,17,18,19	26.0977082591,22.438498036,20.0998678968,17.5258428359,14.8282539576,13.690839379,12.2938863088,11.3152770809,10.9093583669,11.7694350225,11.5472311927,12.5052130437,13.9784627656,15.7958520772,17.4017851679,19.3943418555,22.4485042271,25.8827287506,29.7586238078,33.3999370878	3	poly	0.04	176000
185004	0,1,2,3,4,5,6,7,8,9,10,11,12,13,14,15,16,17,18,19	23.3501247966,20.4734971361,17.5831701874,15.8756259156,13.6649602606,12.2343096933,10.424363749,9.9873170885,9.08433216638,9.68745333462,10.1700046002,11.0609732227,11.6518362443,13.1639474036,15.3703230913,17.7271917274,20.7146561153,23.4960667818,27.345887487,31.0551796284	3	poly	0.04	176000
187570	0,1,2,3,4,5,6,7,8,9,10,11,12,13,14,15,16,17,18,19	17.7772852474,14.1341217123,11.6924000004,8.62965381088,7.18195134347,5.42425893831,4.06741616058,3.0400755991,3.32122139848,2.72663935868,3.63882415877,3.83502900263,5.86890772799,7.5971950041,9.16090323416,11.1131362447,14.2653092604,17.4444812505,21.0645759411,25.5416541635	3	poly	0.04	176000
184261	0,1,2,3,4,5,6,7,8,9,10,11,12,13,14,15,16,17,18,19	30.8754228203,27.4748080156,24.0005814853,22.2251951992,20.2307138331,18.4638750033,16.9388555092,16.3131717264,16.0633074829,16.4324943226,16.0046768365,17.3326780552,18.7685494012,19.8993611274,21.7571314109,24.7191598109,26.9433513335,30.879201043,34.4661199826,38.2765447247	3	poly	0.04	176000
185025	0,1,2,3,4,5,6,7,8,9,10,11,12,13,14,15,16,17,18,19	9.00467670167,6.00342944166,3.2588860055,0.698409368032,-1.25328478355,-2.96950939656,-4.22774068377,-5.14428877077,-5.74528903495,-5.24996763403,-5.34821214595,-3.96894840882,-3.04622369704,-1.75783617908,1.0686524942,2.85659627309,5.70224271598,8.96450866092,12.6219899688,16.9427803775	3	poly	0.04	176000
186118	0,1,2,3,4,5,6,7,8,9,10,11,12,13,14,15,16,17,18,19	34.8151214724,31.6325093205,28.7469153431,26.1621671805,24.5475334158,22.1589250835,21.5445190026,20.9545683365,20.1851550482,20.2419024783,20.5748129767,21.7467888942,22.2135908722,24.22062108,26.5705279401,28.5648121862,31.2306825876,34.4279129473,38.642956614,42.0422469749	3	poly	0.04	176000
186336	0,1,2,3,4,5,6,7,8,9,10,11,12,13,14,15,16,17,18,19	20.1045455498,17.4495715106,14.3495062075,11.7951599875,9.65792228926,8.49423307669,7.44500281183,6.65256943715,5.80929626801,6.42750277037,6.00819824439,7.05792873168,8.06580771235,9.73746047358,11.7632445641,14.5598802417,17.450719546,20.8673203813,24.4701851033,28.4717591367	3	poly	0.04	176000
185182	0,1,2,3,4,5,6,7,8,9,10,11,12,13,14,15,16,17,18,19	-4.86131871733,-8.46540795429,-11.2632348763,-12.9948236714,-15.4626312242,-17.1411903787,-18.3704073666,-18.4726238022,-19.4082760113,-18.9123333718,-19.1140417936,-17.805689235,-17.0935940743,-15.1957855321,-13.4074714583,-11.3021689365,-8.04901502085,-4.40144794171,-1.73392647579,3.10512886812	3	poly	0.04	176000
187540	0,1,2,3,4,5,6,7,8,9,10,11,12,13,14,15,16,17,18,19	-4.47108039705,-7.89668469801,-10.1967252786,-12.541358473,-14.5905329715,-16.2485925178,-17.151990955,-18.6260386061,-18.1579279998,-18.9591550818,-18.3268966171,-17.3313506534,-15.8922673769,-14.381139373,-12.9788467818,-10.4618327072,-7.27013954385,-4.667381169,-0.458543156394,3.38900277162	3	poly	0.04	176000
184926	0,1,2,3,4,5,6,7,8,9,10,11,12,13,14,15,16,17,18,19	4.21104141116,1.00286911891,-1.38866154652,-3.79083779726,-5.47014571553,-7.80700035457,-8.47914983905,-9.75460658736,-9.71097463587,-9.83864314342,-9.79023818223,-8.64192685097,-7.43587317457,-5.8087758917,-3.78384065034,-1.67861818251,1.25520802849,4.9800385989,8.11651346875,12.5129603331	3	poly	0.04	176000
185980	0,1,2,3,4,5,6,7,8,9,10,11,12,13,14,15,16,17,18,19	2.38837876234,-0.274962628107,-3.10478357512,-5.78675350962,-7.29320534642,-9.24247259049,-10.6795823025,-11.6154739237,-11.4731768283,-11.3509420689,-10.8605552211,-10.4636701461,-9.25865036797,-7.09234347643,-5.89373170085,-2.69426040508,0.0705866233573,2.91903501282,6.2110811003,9.95219318215	3	poly	0.04	176000
187306	0,1,2,3,4,5,6,7,8,9,10,11,12,13,14,15,16,17,18,19	33.3619289282,29.9563438239,27.9318620323,24.7959233855,23.0563077489,21.2855522464,20.7512206121,19.5498573753,18.9010464135,19.52126504,19.2768758344,20.4259020234,21.2886575505,23.2204791213,25.278251098,27.209701377,30.0481021816,33.5863788643,37.093989022,41.4373545336	3	poly	0.04	176000
186684	0,1,2,3,4,5,6,7,8,9,10,11,12,13,14,15,16,17,18,19	25.4165513009,22.9651555162,19.4122923932,17.1039313747,15.6686991869,13.7972806585,12.7489921438,11.6259930303,11.5950853011,11.0720416002,12.3680981283,12.6219685016,13.8866581087,15.8156000072,17.0956048878,20.2613413017,22.4127650156,25.6095154516,29.0557410835,33.5668406796	3	poly	0.04	176000
187586	0,1,2,3,4,5,6,7,8,9,10,11,12,13,14,15,16,17,18,19	-6.60359341114,-10.4578347118,-13.1805085221,-14.9666338735,-17.7540758508,-18.7894041095,-20.7328649415,-20.9980989622,-21.0861409047,-21.5845189017,-21.081275568,-19.9152251222,-19.447239966,-17.6274235682,-15.8892394954,-12.8652295909,-10.5164951529,-7.13035599872,-3.65364128663,0.537709792906	3	poly	0.04	176000
184280	0,1,2,3,4,5,6,7,8,9,10,11,12,13,14,15,16,17,18,19	13.6606916131,10.4270825523,7.94061581762,5.93131122436,3.577008814,2.10704356173,0.519883236977,0.137874678968,-0.791251680487,-0.424925345904,-0.219527915329,0.903655520954,1.52358276857,3.68890649997,5.26796990267,8.42571196076,11.1908262264,14.0920403247,17.5709610876,21.6773208983	3	poly	0.04	176000
184045	0,1,2,3,4,5,6,7,8,9,10,11,12,13,14,15,16,17,18,19	4.90715804799,1.8925576838,-0.84017419893,-3.05566051814,-4.71729168017,-6.62102937209,-7.6523937459,-8.25415191107,-8.6751817529,-9.02770752796,-8.48333485181,-7.89524564632,-6.76282046212,-5.07337701892,-3.18850442198,-0.91844407411,2.31914323528,5.11771450491,9.0009601902,13.1215554635	3	poly	0.04	176000
187423	0,1,2,3,4,5,6,7,8,9,10,11,12,13,14,15,16,17,18,19	23.225449112,19.7480940149,16.7828768722,14.992771993,12.060970231,10.7017325913,9.57249201341,8.91249137157,8.60395420706,8.35865172343,9.08532615598,10.0518781379,10.7003635096,12.7227109055,14.5503184916,16.7000490149,20.1842413414,22.7879735429,26.5487269831,30.9503315528	3	poly	0.04	176000
185463	0,1,2,3,4,5,6,7,8,9,10,11,12,13,14,15,16,17,18,19	21.6751787428,18.483873932,16.1787002033,13.0195403533,10.9689820381,10.0836918332,8.54276186969,8.17024574395,7.74501414449,7.06019563845,7.30117003344,8.18599373047,10.0946884167,11.7884538637,13.2276328965,15.2655223802,18.3374020624,21.6408551782,25.4785619441,29.2639500078	3	poly	0.04	176000
187255	0,1,2,3,4,5,6,7,8,9,10,11,12,13,14,15,16,17,18,19	6.94196025148,3.0140199194,0.406562369672,-1.5128719208,-3.85810747372,-5.76209009197,-6.90355308218,-7.06019913984,-8.06720191319,-7.96287683983,-7.67139921624,-7.07343084342,-5.86709358923,-3.92365387858,-1.44554715062,0.907454579779,2.85297488318,6.50856517049,10.2052287399,13.7229739346	3	poly	0.04	176000
186374	0,1,2,3,4,5,6,7,8,9,10,11,12,13,14,15,16,17,18,19	18.4778505607,15.1966614494,12.6851680952,10.4470537754,8.24966133563,6.93583094503,5.22336679764,5.22616382837,4.9187996712,4.86490663734,4.76023851103,5.67914755028,6.79699669427,8.85511080161,10.2403597749,13.0801203469,15.984638076,18.4284046358,22.6673882302,26.4744819502	3	poly	0.04	176000
184364	0,1,2,3,4,5,6,7,8,9,10,11,12,13,14,15,16,17,18,19	-8.02330822675,-10.4288164077,-13.4457995365,-16.4001548432,-18.3771101434,-20.111590582,-20.4486191618,-22.1976388138,-22.3005862527,-22.2098031487,-21.4865683371,-20.4127400467,-20.1661883097,-18.5947698893,-15.9729150974,-13.4719658106,-11.2493313925,-7.90920485055,-4.26170993739,0.391451779176	3	poly	0.04	176000
187235	0,1,2,3,4,5,6,7,8,9,10,11,12,13,14,15,16,17,18,19	24.8946299634,22.0031457646,18.8369659679,16.6151321909,14.509853052,12.5553922452,11.339451418,10.6465884517,10.6750686023,9.97419956929,10.5939099925,12.1066721868,13.2639010154,14.0460629149,16.7549497502,18.8873217266,22.0919203672,24.9653346749,28.4342979688,32.4672778232	3	poly	0.04	176000
187180	0,1,2,3,4,5,6,7,8,9,10,11,12,13,14,15,16,17,18,19	16.1490742669,13.4940551384,10.1714659194,8.1549711711,5.93437110798,4.45555486099,3.32648287615,2.43275196623,2.35201788458,2.35866897201,2.81445677994,3.80117043407,4.95255090127,5.79055110532,7.82307570661,10.0918227222,13.5361712909,16.3436885629,19.7343220829,24.0120590122	3	poly	0.04	176000
185039	0,1,2,3,4,5,6,7,8,9,10,11,12,13,14,15,16,17,18,19	24.3963215115,21.149524739,18.0006211566,16.1698805153,13.7007182658,12.8960372797,11.1611951393,10.2874457369,10.1661445224,10.1509916694,10.396165643,11.3073996036,12.4400678013,14.2405623412,16.0335009303,18.5215677308,21.5488468869,24.1819119906,27.7189284017,32.07911095	3	poly	0.04	176000
187743	0,1,2,3,4,5,6,7,8,9,10,11,12,13,14,15,16,17,18,19	-6.97639465548,-10.5598541997,-13.293921969,-15.6920067559,-16.822540742,-18.8730234661,-19.7929654691,-21.258440156,-21.743268272,-21.0957616434,-20.6526167457,-20.5161723483,-19.307100073,-17.2898544001,-15.1310755049,-12.568624235,-9.62715128369,-6.93840030698,-3.56547199045,0.86192684545	3	poly	0.04	176000
185022	0,1,2,3,4,5,6,7,8,9,10,11,12,13,14,15,16,17,18,19	33.5317553913,30.2477541074,27.270840034,25.2547770065,22.9668671273,21.4552352009,20.9041291059,19.5050576285,19.140788828,19.1093029372,19.8952378246,20.8421030281,21.6756971729,22.7828478812,25.3605435227,27.3586104321,30.8606717425,33.8793217123,37.4831187044,40.829802012	3	poly	0.04	176000
184770	0,1,2,3,4,5,6,7,8,9,10,11,12,13,14,15,16,17,18,19	5.32823999738,1.54581104086,-1.31806323645,-3.8530653871,-6.01571115305,-6.70376749401,-8.26016424732,-9.29683215012,-9.62000490167,-9.9445811843,-9.11877747704,-8.27074542059,-7.28672845963,-5.83519359765,-3.81271750402,-1.33933047201,2.01936274107,4.68527581615,8.81512616732,12.6267360557	3	poly	0.04	176000
184390	0,1,2,3,4,5,6,7,8,9,10,11,12,13,14,15,16,17,18,19	-4.51479599007,-7.80557660009,-10.3593808942,-13.4426599565,-15.1399317185,-16.5955749444,-17.4643170488,-18.3789340143,-18.704080885,-18.876117715,-19.0132459719,-17.5582832783,-16.5200847407,-15.0493203639,-13.1436835217,-11.068915647,-7.57560410937,-4.96491649765,-1.43579970184,3.20653879915	3	poly	0.04	176000
187784	0,1,2,3,4,5,6,7,8,9,10,11,12,13,14,15,16,17,18,19	9.16578503694,6.18224939367,3.06853581275,0.563438050494,-1.49765594011,-3.30492223298,-4.04941836249,-5.37673687965,-5.08289318089,-5.68546341429,-5.17845992293,-4.03277417756,-2.62477358986,-1.56063398599,0.177847741589,3.3284071961,6.11962718667,9.35070379307,12.9819125693,16.3378825573	3	poly	0.04	176000
185392	0,1,2,3,4,5,6,7,8,9,10,11,12,13,14,15,16,17,18,19	5.86512371724,2.12825971479,0.0926840663476,-2.53872067484,-4.41599655757,-6.75626567155,-7.26442454159,-8.46209583683,-9.03486107162,-8.66477127053,-8.46639783763,-7.2759645131,-5.982161404,-5.03615122284,-2.74602882678,-0.0153806645182,2.66264419403,6.03362829828,9.34103702627,12.7142953394	3	poly	0.04	176000
186750	0,1,2,3,4,5,6,7,8,9,10,11,12,13,14,15,16,17,18,19	8.63084591346,5.37383714982,3.3159085293,0.44134489183,-1.52564991638,-3.13131624775,-4.49225174775,-4.79005608665,-5.5439582191,-5.14352903996,-5.28025971536,-3.81987574686,-3.02093667097,-1.39484731506,0.324123088927,3.28367518715,5.48038904462,8.82779203426,12.1341130568,16.9859066122	3	poly	0.04	176000
187339	0,1,2,3,4,5,6,7,8,9,10,11,12,13,14,15,16,17,18,19	-3.96044942819,-7.2043336415,-10.3198907534,-12.3914180158,-14.5971004678,-16.0642416034,-17.1982923094,-17.9216867666,-18.101770254,-18.3441581653,-17.937504578,-17.2333766973,-16.2097891167,-14.8493167077,-12.5596132575,-9.80053148025,-7.45591407726,-4.26122988809,-0.696114393839,3.37358632599	3	poly	0.04	176000
184208	0,1,2,3,4,5,6,7,8,9,10,11,12,13,14,15,16,17,18,19	31.5288701251,28.2135074041,24.8797224862,22.9658756175,20.5574157126,19.0422065253,17.67166849,16.8349492507,16.9417076161,16.8657610521,16.7939136877,17.7486056576,19.1405161749,21.0898100053,22.9993568001,25.5238470775,27.8853617933,31.6626057001,34.780191833,39.1782262706	3	poly	0.04	176000
184159	0,1,2,3,4,5,6,7,8,9,10,11,12,13,14,15,16,17,18,19	-5.77920435169,-8.98434117036,-11.5988116706,-14.6135902547,-16.8166051667,-18.3098385439,-19.2523737036,-19.9721301586,-20.8734557256,-20.7976985516,-20.1288790966,-18.8779637863,-17.7886521776,-15.9552758468,-14.827810755,-11.5528328479,-9.31772460604,-5.80093024934,-1.97068183912,1.58810494314	3	poly	0.04	176000
184124	0,1,2,3,4,5,6,7,8,9,10,11,12,13,14,15,16,17,18,19	22.5485531439,19.2525160536,15.8195959439,13.5273787313,11.6204140996,10.5671640929,9.38713996629,8.19795501315,7.26525439348,7.9065333784,8.46470755305,9.09511416471,10.5685125549,11.8516654712,13.6728749009,16.4040115654,19.2985396904,22.4766430219,25.649233333,29.6741851869	3	poly	0.04	176000
186978	0,1,2,3,4,5,6,7,8,9,10,11,12,13,14,15,16,17,18,19	9.24909207219,5.6221163121,3.17870572022,0.599208910518,-1.11440437029,-2.99121385919,-4.26338028736,-4.78184171316,-5.68069534586,-5.76336321991,-5.14719624504,-4.68184831278,-3.02354241976,-1.63242825744,0.372260894965,2.76641423388,5.38201143082,8.469183493,12.8518210551,17.0149627963	3	poly	0.04	176000
186913	0,1,2,3,4,5,6,7,8,9,10,11,12,13,14,15,16,17,18,19	25.1241220316,21.548401744,18.665851876,16.8098063335,14.552828726,12.2692310688,11.6367015609,11.0716179752,10.1501543736,10.2724233292,10.9563637859,11.6985456459,12.6580386023,14.7598083196,16.429152051,19.0789332497,21.6120325889,24.837040854,27.865536133,32.416019958	3	poly	0.04	176000
185878	0,1,2,3,4,5,6,7,8,9,10,11,12,13,14,15,16,17,18,19	21.6945110189,18.4530987724,15.2482249251,13.4551517154,10.9291168696,9.90259689077,8.32915484042,7.43577201826,6.78602368281,7.26024439666,7.11051090918,8.62011574757,9.42011519138,11.3091884814,12.8620711635,15.9292421759,18.5771422037,21.8651412488,25.0847833735,28.6749643502	3	poly	0.04	176000
186816	0,1,2,3,4,5,6,7,8,9,10,11,12,13,14,15,16,17,18,19	1.07384229368,-1.70783078755,-4.77232714067,-7.33434366865,-8.64898388862,-10.937368997,-12.349420419,-12.9746740074,-13.3187856595,-13.0722417133,-13.1618825772,-11.7487581344,-11.2095425627,-9.62371737229,-6.75747361162,-4.84264219676,-2.29892006907,1.64159188864,5.16324075989,8.41889260988	3	poly	0.04	176000
184528	0,1,2,3,4,5,6,7,8,9,10,11,12,13,14,15,16,17,18,19	15.579237841,12.4346465594,10.2427185595,7.71489263182,6.11384060106,3.86379939943,2.7060447326,2.16198282734,1.25597769973,1.63894905152,1.64930856665,2.43609984,4.23364933707,6.02447515337,8.02503335006,9.56785520333,12.7590737311,15.9569493687,19.6240591501,23.5249437638	3	poly	0.04	176000
185650	0,1,2,3,4,5,6,7,8,9,10,11,12,13,14,15,16,17,18,19	35.71897309,32.4354801719,29.4663649514,26.6731326253,24.7081173611,23.2334975897,22.0151720903,21.7294470755,21.1167729299,21.2666790089,21.2305997733,21.9845673382,23.5604467952,24.9711908382,27.0021247829,28.9935044638,32.6019043442,35.4837909517,38.5050038527,43.438704539	3	poly	0.04	176000
184491	0,1,2,3,4,5,6,7,8,9,10,11,12,13,14,15,16,17,18,19	26.5587537938,22.8500721831,20.2152144411,18.0068543361,16.1853041809,14.7707976837,13.0820625386,12.3612419456,12.1348440845,11.4569935448,12.4565478591,13.48317546,14.2146466763,15.8175566479,18.1692548912,20.2700885511,23.4390095689,25.8524084782,30.2419020358,33.4813680878	3	poly	0.04	176000
184337	0,1,2,3,4,5,6,7,8,9,10,11,12,13,14,15,16,17,18,19	35.7263178195,32.2786081053,29.1278145383,26.6806239425,24.9377852122,23.4116485251,21.9369861487,21.7930204297,20.9860500342,21.6479625829,21.9451787715,22.0847031571,23.4280208689,25.3797787211,26.9633894894,29.506361886,32.1559367919,36.0543774135,39.2076226021,43.2981564513	3	poly	0.04	176000
187035	0,1,2,3,4,5,6,7,8,9,10,11,12,13,14,15,16,17,18,19	24.6652478012,21.7105351861,18.9613402398,15.6999478937,14.4925579117,12.4000409333,11.2596182416,10.1269574447,10.4092671469,9.8657280217,10.206980444,11.2788016382,12.502689108,13.9912399793,15.758976235,18.9197371539,20.8313919283,24.8299911427,27.6722063619,32.0280402706	3	poly	0.04	176000
184557	0,1,2,3,4,5,6,7,8,9,10,11,12,13,14,15,16,17,18,19	7.48079187502,3.63194891691,0.854450630759,-1.81494204179,-3.48076125187,-5.13683209963,-6.06565388897,-6.90132183319,-7.542595043,-7.53150086751,-7.0456097807,-6.40880028887,-5.00014831693,-2.93116838892,-1.52345821836,0.930100563719,3.61644706157,6.78316593711,11.1061409233,15.0050497404	3	poly	0.04	176000
184580	0,1,2,3,4,5,6,7,8,9,10,11,12,13,14,15,16,17,18,19	0.359728372005,-2.7918891878,-4.90720844344,-7.42694396679,-10.1916505305,-11.80792007,-12.4873172055,-13.2788905915,-13.3995821577,-14.2195061273,-13.0886201155,-12.9985922616,-11.4795988866,-9.38650488828,-8.23263012567,-5.53819150683,-2.43603264676,0.72010222759,4.34071500498,8.30581049676	3	poly	0.04	176000
186325	0,1,2,3,4,5,6,7,8,9,10,11,12,13,14,15,16,17,18,19	11.1731647763,7.67595581534,5.28454474086,2.98825722333,0.992776197838,-1.30759841174,-1.61679641392,-2.41975227842,-3.27525851407,-3.02936340994,-3.15235900585,-2.28309485426,-0.604998508662,0.540564431808,2.5599843278,5.10340011979,7.8568983851,10.8938092541,14.5478090122,18.3218387275	3	poly	0.04	176000
185812	0,1,2,3,4,5,6,7,8,9,10,11,12,13,14,15,16,17,18,19	28.163590641,24.1305401797,21.465334001,19.5774035049,17.5048536651,15.7747403949,14.8139603665,13.968042216,12.9779638022,13.5049518307,13.6176523952,14.0375945482,15.7619230449,17.4065429127,19.1062229746,21.4360099384,24.2198348037,27.5368087605,31.675972777,35.4193231504	3	poly	0.04	176000
187397	0,1,2,3,4,5,6,7,8,9,10,11,12,13,14,15,16,17,18,19	35.9217042466,31.9781146186,29.3417930553,26.9579241793,25.4424586792,23.3133020635,22.0498008485,21.2456772658,20.9969621703,20.7246378038,21.247540544,22.0520792092,23.1443309925,25.1858723286,26.928072777,28.9764122259,32.5711767288,35.3537599295,39.0566639346,42.7945888626	3	poly	0.04	176000
186576	0,1,2,3,4,5,6,7,8,9,10,11,12,13,14,15,16,17,18,19	29.3011238025,26.3018151086,23.3006068118,21.6960923068,18.9883111303,17.478484571,16.8901290113,15.1561115653,15.7264386239,14.8634676758,16.0116097525,16.580602346,17.6558278812,19.608658135,21.1829526804,24.0076506451,26.1072653679,29.2066551212,32.8994535757,37.0639317194	3	poly	0.04	176000
185822	0,1,2,3,4,5,6,7,8,9,10,11,12,13,14,15,16,17,18,19	-0.701895187806,-3.23990125714,-6.16814351188,-8.43095022054,-10.8022726298,-12.2625200828,-13.5250746242,-14.968851613,-15.2976620547,-14.4646484187,-14.506516309,-13.5544938856,-12.7200426235,-10.7818284994,-8.52686989705,-6.17192742573,-3.47907484508,-0.883608475319,3.18115557778,7.39131717053	3	poly	0.04	176000
186600	0,1,2,3,4,5,6,7,8,9,10,11,12,13,14,15,16,17,18,19	7.31303012175,4.38070590874,1.43023432548,-1.61179220005,-3.37446880521,-5.17712414458,-5.81152267122,-7.1625169431,-7.00350211108,-6.82269637658,-6.59086120606,-6.46963479884,-5.28719560523,-2.87104048875,-1.70328915961,0.957688589318,3.69857384265,7.21630591785,10.5265563286,14.7850270364	3	poly	0.04	176000
185703	0,1,2,3,4,5,6,7,8,9,10,11,12,13,14,15,16,17,18,19	-4.75344618423,-8.14933550722,-10.6209648171,-13.06777541,-15.425225959,-16.7943364582,-18.0415560013,-18.8889164405,-19.491824385,-19.39350981,-19.1258503074,-17.9493319343,-16.5429563986,-15.5668632663,-13.832694158,-10.6381047284,-8.55731742572,-5.10569335054,-1.37430936018,3.07340315858	3	poly	0.04	176000
187768	0,1,2,3,4,5,6,7,8,9,10,11,12,13,14,15,16,17,18,19	30.9537081162,27.3822995734,24.7457202263,22.3022666187,20.9127675456,18.9909953905,17.7154482571,17.5241322794,16.2212211086,17.1259026582,16.97609088,17.7060755351,19.5248187781,20.7206852987,22.5901736041,25.0370982593,28.3265223117,31.5161474711,34.9073890257,38.24532635	3	poly	0.04	176000
185723	0,1,2,3,4,5,6,7,8,9,10,11,12,13,14,15,16,17,18,19	9.23557668707,5.69219004932,3.12610296748,0.788942522443,-1.04744800498,-3.01495491506,-4.31385797359,-5.38371783908,-5.47863562052,-5.86894107237,-4.85908498151,-3.81428151595,-3.50967433002,-1.04732754192,0.0749282597619,3.01123464572,6.23321959743,8.8157970692,12.3522423542,16.1581381607	3	poly	0.04	176000
184253	0,1,2,3,4,5,6,7,8,9,10,11,12,13,14,15,16,17,18,19	25.738413226,22.1024671765,19.9783481263,17.2423837628,15.570099735,13.8514130187,12.6793244619,11.8560651393,11.5810340919,11.4551878727,11.7222800538,12.7850682989,14.2086774306,15.0380324445,17.5090085656,19.8734543157,22.0774618362,25.7679124969,29.2096805456,33.0031934034	3	poly	0.04	176000
184151	0,1,2,3,4,5,6,7,8,9,10,11,12,13,14,15,16,17,18,19	2.44040838911,-0.516616560369,-3.37111723642,-5.15911777132,-7.29535696276,-8.70929029132,-10.4176466642,-11.5719498595,-11.5894548249,-11.1622310273,-11.4675700272,-9.9855360185,-9.65191413487,-7.58934775338,-5.4719431632,-3.43129454098,-0.421319816047,2.49580855468,6.6571690437,10.9053581188	3	poly	0.04	176000
186761	0,1,2,3,4,5,6,7,8,9,10,11,12,13,14,15,16,17,18,19	25.1512952795,21.9608197048,18.7806287118,16.5398287059,14.5310962924,12.4989462777,11.900467425,11.0285613535,11.0362810081,10.4133018563,11.3770768911,11.3021543515,13.1293688609,14.6966397415,16.3203415369,19.3777097999,21.2859164866,24.4498837606,28.6704633413,32.43079284	3	poly	0.04	176000
184505	0,1,2,3,4,5,6,7,8,9,10,11,12,13,14,15,16,17,18,19	9.40686208115,6.28601769827,2.97117138753,1.05901630982,-1.3204592625,-2.94552573877,-3.99923468097,-4.72057840768,-5.34346915386,-5.44843893809,-4.71894221497,-4.11728513155,-2.9477719396,-0.664513688599,0.792600680276,3.65979817556,6.01203121868,8.98115035132,13.1766472091,17.1364380881	3	poly	0.04	176000
184845	0,1,2,3,4,5,6,7,8,9,10,11,12,13,14,15,16,17,18,19	25.4813959193,23.0970802877,19.8018471965,17.8359926729,15.3191955889,13.4580868406,12.5243760524,12.1809473503,10.9461516397,11.0224291171,11.8924672569,13.064319598,13.5537404546,15.0771420102,17.1558659441,19.6753241935,22.4821873884,26.2881557421,29.3576669304,33.8513804489	3	poly	0.04	176000
185555	0,1,2,3,4,5,6,7,8,9,10,11,12,13,14,15,16,17,18,19	29.0692939933,25.8611392462,23.2278795984,20.9241412615,18.7842179187,17.2981503161,15.7326928544,15.0643360906,14.0716359962,14.3218554253,14.9458060434,15.5349541641,16.617486119,18.9891742426,20.7526708771,22.9693158614,25.310314024,28.9878473644,32.2631756778,36.6350468061	3	poly	0.04	176000
186557	0,1,2,3,4,5,6,7,8,9,10,11,12,13,14,15,16,17,18,19	1.20291584484,-1.43314697379,-4.68575122611,-6.45347139904,-9.00411001741,-10.2430132941,-11.8980437799,-12.3948129334,-12.7798796145,-13.0965392794,-12.2118381673,-11.0771425112,-10.2298811347,-8.59806733549,-6.62505394838,-4.1049632685,-1.65779624816,1.37815707023,4.87951413614,9.75010939746	3	poly	0.04	176000
186230	0,1,2,3,4,5,6,7,8,9,10,11,12,13,14,15,16,17,18,19	2.93380504228,-0.867810558268,-3.4508614978,-6.00517280667,-7.90905312541,-8.91995892335,-10.157507246,-11.4156786356,-11.7061351898,-12.051403282,-11.8555779039,-10.468204108,-9.62259625498,-7.68678039941,-5.91329671143,-3.24483316196,-0.784664841778,3.11261898958,5.84038884134,10.2539626907	3	poly	0.04	176000
186089	0,1,2,3,4,5,6,7,8,9,10,11,12,13,14,15,16,17,18,19	35.2326178461,31.3856029874,29.1137522297,26.9913856133,24.3732844981,22.778541344,21.9917899554,20.8792915042,20.8611527123,20.566213425,20.6397160224,21.3604044368,23.2549927469,24.4765069719,26.78027927,28.7881044398,31.4459192701,34.5417451893,38.6393580275,42.7658908477	3	poly	0.04	176000
184372	0,1,2,3,4,5,6,7,8,9,10,11,12,13,14,15,16,17,18,19	11.362624783,8.62421766838,5.76697872595,3.12154550417,1.03994442124,-0.277647690942,-1.07127804639,-1.85434216821,-2.58247763074,-2.40223208014,-2.70833491177,-1.6989438767,0.01713469015,1.02029337684,3.67289767386,6.07391991194,8.77531115788,11.2614675172,15.1578708749,19.1608289457	3	poly	0.04	176000
187161	0,1,2,3,4,5,6,7,8,9,10,11,12,13,14,15,16,17,18,19	30.6778365755,28.0422454706,25.2207893833,22.781861409,20.8288331496,18.839790443,18.0725032553,17.3222595198,16.8684138018,16.2640521941,17.2029998602,18.0292320639,18.5926714465,20.3459568842,22.4876696346,24.6539522089,27.5660715226,31.1681380334,34.7526433311,38.3215366943	3	poly	0.04	176000
185914	0,1,2,3,4,5,6,7,8,9,10,11,12,13,14,15,16,17,18,19	10.1303926035,6.70299184179,3.22435720281,1.14659089337,-1.0342380135,-2.66495308193,-3.95128892888,-4.20658980292,-5.11638388254,-4.97395167004,-4.09077265539,-3.83031830635,-1.95787262639,-0.615447376301,1.65866542794,3.47394161847,6.02235280877,9.78913391379,13.261682089,17.5501223379	3	poly	0.04	176000
187286	0,1,2,3,4,5,6,7,8,9,10,11,12,13,14,15,16,17,18,19	32.0048192972,28.7669062131,26.0371238637,23.5581507253,20.9489020067,19.8385274235,19.0069958071,17.6387919548,17.8021105595,17.800063688,18.3169683713,18.6909742719,19.5959793724,21.3533099186,22.9719481613,25.3934088212,28.7989119901,31.9962901607,35.4466822296,39.0055521287	3	poly	0.04	176000
184234	0,1,2,3,4,5,6,7,8,9,10,11,12,13,14,15,16,17,18,19	12.1785821142,9.74060304014,6.53808291973,4.43563796647,2.10836645695,0.0274238796688,-1.12455972596,-1.09946949815,-2.30269767288,-2.25273949528,-1.59365891216,-1.02162068572,0.679900995584,1.63264212261,4.42285349532,6.89513098991,9.60124396728,12.0336634848,16.1426066252,20.5504523045	3	poly	0.04	176000
185126	0,1,2,3,4,5,6,7,8,9,10,11,12,13,14,15,16,17,18,19	-6.06617806513,-9.53609314138,-12.4776129768,-14.7691430598,-16.6991062333,-17.7014435453,-19.5395662688,-20.1089036547,-20.5749913922,-20.5330606516,-20.23551522,-19.2192361193,-17.8198898398,-16.0948221519,-14.7715023896,-12.4439987719,-8.83292759005,-6.49500687589,-2.90235754333,1.97542967547	3	poly	0.04	176000
187432	0,1,2,3,4,5,6,7,8,9,10,11,12,13,14,15,16,17,18,19	34.4208976898,30.3848858529,27.8657699638,25.9088721119,23.8122208741,21.4677764433,20.815484017,19.533556044,19.8829913156,19.3625621216,19.5429816539,21.0511628921,22.2785227306,23.8099909755,25.1060292769,28.0954666896,30.5316716639,33.5993499137,37.3418988182,41.641240179	3	poly	0.04	176000
185427	0,1,2,3,4,5,6,7,8,9,10,11,12,13,14,15,16,17,18,19	21.3194809799,18.0099630241,15.1152223645,13.2329003995,11.156964333,9.8550355793,8.03723465085,7.64537684901,6.94661901277,7.2082726289,7.40379145584,7.82715520773,9.41405948846,11.0592896878,13.0261391552,15.9580246236,18.242582373,21.4374578338,25.307601642,29.3578366453	3	poly	0.04	176000
187359	0,1,2,3,4,5,6,7,8,9,10,11,12,13,14,15,16,17,18,19	30.3900075363,27.5266726147,24.6768668793,21.9479168267,20.6950488755,19.0740616983,17.7207777203,16.2434273604,16.2603915911,15.8763628056,16.6559256457,16.9347914577,18.5259463196,19.9634555157,21.7319786747,24.796047864,27.8897613565,30.471098365,34.0819721643,37.7936262765	3	poly	0.04	176000
184565	0,1,2,3,4,5,6,7,8,9,10,11,12,13,14,15,16,17,18,19	-5.55471833039,-8.85793696624,-12.0725391179,-14.611790323,-16.6332002928,-18.1073309621,-19.5286909253,-20.2335332373,-20.7264844023,-20.7806330094,-19.5774355214,-19.4410243325,-18.2056487591,-16.1126885105,-14.2641891761,-12.2515616615,-8.87524121668,-5.96910076044,-2.71904986614,1.86261268192	3	poly	0.04	176000
186980	0,1,2,3,4,5,6,7,8,9,10,11,12,13,14,15,16,17,18,19	32.1250614714,29.3310119154,26.5212530993,23.6590244489,22.4952621297,20.4498610155,18.8094767912,18.5891095227,17.6317272121,18.3000633721,18.0102558128,19.6417463041,20.3180885703,21.9450391233,24.2251122754,26.6674015009,29.3876689498,32.8796274198,35.910676159,40.406766094	3	poly	0.04	176000
184600	0,1,2,3,4,5,6,7,8,9,10,11,12,13,14,15,16,17,18,19	7.85450931638,4.74890271614,2.51985150717,-0.345158272851,-2.30195728664,-3.74407280504,-4.5969759272,-5.93599492019,-6.04917574493,-6.75786590902,-5.56078664114,-5.31673624994,-3.49453187344,-2.42197085724,0.103628801168,2.52810891355,5.03324937555,8.349709583,11.434534731,15.2143911256	3	poly	0.04	176000
186228	0,1,2,3,4,5,6,7,8,9,10,11,12,13,14,15,16,17,18,19	34.2767935013,30.3859465904,27.989369404,25.1493276218,23.0778630439,21.4850384559,20.8691800479,19.7405232063,19.1248576859,19.0585562747,19.9371328873,20.9253185367,21.4949791033,23.410388472,25.1666298308,27.6305856411,30.7370337527,33.5989157833,37.7482870314,41.4149707219	3	poly	0.04	176000
187350	0,1,2,3,4,5,6,7,8,9,10,11,12,13,14,15,16,17,18,19	24.1403685961,21.345581315,18.204592428,15.5414762719,13.7991749939,12.1485230681,10.8120753795,10.5315301269,9.92816377259,10.4377553083,10.6384654986,10.9320578209,12.6958337653,14.0112703195,16.3643814172,18.8486223879,21.1866480625,24.8494014417,27.6194716174,32.3575567428	3	poly	0.04	176000
186550	0,1,2,3,4,5,6,7,8,9,10,11,12,13,14,15,16,17,18,19	1.60858870648,-1.62157290034,-4.43693182111,-6.18003037062,-8.85072062839,-10.3886256813,-11.5549829899,-11.7692130876,-12.1620871921,-12.024558123,-11.4632581171,-10.7194676435,-10.4357390619,-7.91387179904,-6.74574566636,-3.49078499011,-0.683953110507,2.2790564683,5.38824602306,10.1367227699	3	poly	0.04	176000
184006	0,1,2,3,4,5,6,7,8,9,10,11,12,13,14,15,16,17,18,19	6.31659548759,3.06536409494,-0.103682301028,-2.14258345677,-3.84601768133,-6.02433484321,-7.50786366169,-7.76711453604,-8.31261475165,-8.78422653742,-7.86805849946,-6.76999630064,-6.03554502803,-4.76278365479,-2.42699090986,0.575162370543,3.01385835659,5.74681069931,9.53942698383,13.735539245	3	poly	0.04	176000
184719	0,1,2,3,4,5,6,7,8,9,10,11,12,13,14,15,16,17,18,19	23.5876324549,20.3804183191,17.3901488465,14.601412234,12.6488344842,10.7466542685,10.0399093525,8.98015641432,8.28853244312,9.22360418301,8.77338963345,10.0052450685,11.5527834504,12.9751078611,14.4052079631,16.9426390284,20.3079454156,22.9294019766,26.6744239696,30.9654660065	3	poly	0.04	176000
187314	0,1,2,3,4,5,6,7,8,9,10,11,12,13,14,15,16,17,18,19	-1.1513344075,-4.56558214832,-7.28033494181,-10.0729475035,-11.8629731505,-13.3543891228,-14.0799300273,-15.4291387985,-15.244424154,-15.9684691623,-15.4778262048,-14.8515118396,-13.5261819994,-11.5492393551,-9.52833521432,-7.64506257045,-4.96610786639,-0.971247686,1.98666232113,6.65444851189	3	poly	0.04	176000
185280	0,1,2,3,4,5,6,7,8,9,10,11,12,13,14,15,16,17,18,19	2.29175292973,-0.651293108907,-3.65040951455,-6.21294611634,-7.92706590149,-9.13715496807,-10.7533150414,-11.568108459,-11.6460592599,-11.9160871647,-11.265785679,-10.8874310504,-10.1266909097,-8.11882731218,-6.14786424031,-3.60628162513,-0.667441411784,2.72283516622,6.02818031456,9.91813043222	3	poly	0.04	176000
186746	0,1,2,3,4,5,6,7,8,9,10,11,12,13,14,15,16,17,18,19	4.87822908634,1.5189700697,-0.585701154514,-3.27824303394,-5.74609969987,-7.08743592239,-7.82365948626,-9.07959386225,-9.68494216909,-9.75917788023,-8.49091226629,-8.43333235258,-6.62605832324,-5.65705730259,-3.15583127981,-0.766836447824,1.96199487835,5.09182699452,8.33868720874,12.4966189265	3	poly	0.04	176000
184549	0,1,2,3,4,5,6,7,8,9,10,11,12,13,14,15,16,17,18,19	26.4027693993,23.2256562933,20.9151098448,17.9588698967,15.9298073552,14.6655138451,13.8078741827,12.7306400237,12.8797972164,12.114974075,12.9146656774,13.4284766477,14.6133776776,16.5786154528,18.1754256061,20.3797359464,24.0372755489,26.498067362,29.9884144668,34.3868851237	3	poly	0.04	176000
185978	0,1,2,3,4,5,6,7,8,9,10,11,12,13,14,15,16,17,18,19	21.2981729007,18.3339957599,15.6756998781,13.0076173699,11.5636377831,9.9960461459,8.15250702887,7.42299092623,7.35128933886,7.19029655771,7.58858257388,8.73228503448,9.38921318497,11.5697036315,13.4965230129,16.0321596424,18.0757835603,21.4436669272,25.2189851303,29.5048096188	3	poly	0.04	176000
186878	0,1,2,3,4,5,6,7,8,9,10,11,12,13,14,15,16,17,18,19	1.50858312247,-1.8128837168,-4.25379962613,-7.05915622724,-8.9554902485,-10.0862460158,-11.9113863359,-12.4657217928,-12.414850109,-13.1086185987,-11.8627744965,-11.3663506275,-10.3441432968,-8.87329664625,-6.81213971434,-3.79489730692,-1.78879041027,1.77227950035,5.45699405959,9.13905702279	3	poly	0.04	176000
185422	0,1,2,3,4,5,6,7,8,9,10,11,12,13,14,15,16,17,18,19	12.4628191128,9.46101232304,6.83671197895,4.10742153094,2.26109205155,0.351545701725,-0.980578095786,-1.20457195537,-2.16035060806,-1.47268304864,-1.29712746888,-0.495545806193,0.56723819167,2.03782137177,4.44278112477,6.51445011173,9.24678053782,12.1111672187,16.3632156975,19.7644963895	3	poly	0.04	176000
187527	0,1,2,3,4,5,6,7,8,9,10,11,12,13,14,15,16,17,18,19	27.6625949084,23.7415020674,21.172159437,19.0017031789,16.3451922934,15.0096224387,13.7588341956,13.5789179295,12.9166971543,12.3312363279,13.4495138688,13.8837288887,14.8387963186,16.9880337761,18.3649105387,21.0630245861,23.7625100736,27.6280011977,31.1336044831,35.2434727739	3	poly	0.04	176000
185494	0,1,2,3,4,5,6,7,8,9,10,11,12,13,14,15,16,17,18,19	29.8980587704,27.025122828,24.536044418,21.7491116188,20.159076326,17.9574626818,16.5059564019,15.938531288,16.1181505228,15.7727119442,16.4873261867,17.2407796767,17.7180195653,19.6074311065,21.9558463745,23.7944226023,26.7443493938,29.6206976227,33.9719204424,37.3891795876	3	poly	0.04	176000
184166	0,1,2,3,4,5,6,7,8,9,10,11,12,13,14,15,16,17,18,19	25.0583068441,21.9068244724,18.9401163125,16.5942275474,14.4594228461,12.6338111123,11.74683392,10.9281478808,10.6212401947,10.606369346,11.1396612505,11.6792751913,13.5451017647,14.570859748,16.4316606273,19.4314725718,22.333358178,25.1708996488,29.0554687616,32.3822954688	3	poly	0.04	176000
187246	0,1,2,3,4,5,6,7,8,9,10,11,12,13,14,15,16,17,18,19	12.76702883,9.10725994426,6.87506028032,3.97295348003,2.41186845311,0.979354420121,-0.389074022795,-1.53227968298,-2.1870278125,-2.3702341482,-1.33828587465,-0.328313300595,0.833132864502,2.05553078595,3.7229597986,6.25250108103,9.22482883343,12.5388910487,16.6007180133,20.0676316978	3	poly	0.04	176000
184171	0,1,2,3,4,5,6,7,8,9,10,11,12,13,14,15,16,17,18,19	9.06503968246,6.43170067709,3.72402318558,0.941251147447,-1.48398499184,-2.8471216884,-3.69559977961,-4.59705027826,-4.85612588721,-5.61640855905,-4.94547677602,-4.20784133026,-2.2626446057,-1.4192041786,1.14819953106,3.43899325164,6.10029330207,9.37445446717,13.012852131,16.6347537584	3	poly	0.04	176000
187181	0,1,2,3,4,5,6,7,8,9,10,11,12,13,14,15,16,17,18,19	7.9746001055,4.53520442287,1.60976137003,-0.391103145954,-2.53554390496,-3.95646902738,-5.8732807409,-5.75209793936,-6.68234958646,-6.43108715627,-5.88831377114,-5.30403954837,-4.087856386,-2.59714354991,-1.06360324349,1.38304273016,4.8824040394,7.69265752656,11.6931932971,14.9531404159	3	poly	0.04	176000
186435	0,1,2,3,4,5,6,7,8,9,10,11,12,13,14,15,16,17,18,19	32.4455027771,29.7364489202,27.089892136,25.0031644057,22.0698643961,21.2165820771,20.1467546667,19.3404354026,18.3835285834,18.1593416035,19.0137648132,19.7266503194,21.4124808344,22.3718833835,24.7665737227,26.7539706298,29.8397189525,33.3830917541,36.2455714568,40.8608582869	3	poly	0.04	176000
184712	0,1,2,3,4,5,6,7,8,9,10,11,12,13,14,15,16,17,18,19	35.5264313158,32.4830516472,29.3049338597,26.8669620055,25.3802666294,23.4222408927,22.2309856628,21.6977972652,21.6456660897,21.1709482391,21.1521100173,22.1679629028,24.0484358062,25.453599068,26.91057606,29.2552072596,32.1772954304,35.8604807194,39.4993460042,43.6452149132	3	poly	0.04	176000
186162	0,1,2,3,4,5,6,7,8,9,10,11,12,13,14,15,16,17,18,19	28.2104738117,25.4473934191,22.8874541186,20.0477065007,18.0439304568,16.9553996468,15.0196681294,14.9038171206,14.0498997198,13.6475773239,14.5424213955,15.2583050854,16.5277372389,18.1185792211,19.6813042794,22.7598935711,24.9552985715,28.4622719622,31.6819653624,36.3753340741	3	poly	0.04	176000
186180	0,1,2,3,4,5,6,7,8,9,10,11,12,13,14,15,16,17,18,19	-6.80599075276,-9.61872502093,-13.1710409724,-15.3138166267,-17.0416206395,-18.9604093725,-19.5497000966,-20.8198494596,-21.5964760427,-21.0470051203,-21.2572368788,-19.8930890553,-18.5273002238,-17.457280962,-14.9926834597,-12.3262229327,-10.2764323427,-7.17363593888,-2.73605524088,0.71231689293	3	poly	0.04	176000
184385	0,1,2,3,4,5,6,7,8,9,10,11,12,13,14,15,16,17,18,19	-1.74528415348,-4.6301946312,-7.77885445125,-9.43883681206,-12.1534738279,-13.2080056776,-15.1272701765,-15.5360855509,-15.6478665353,-15.6134869342,-15.418500199,-14.2550406945,-13.8049481322,-12.2814334577,-9.6097692597,-6.96808911157,-5.07864973867,-1.69373176181,1.85650078901,6.08356401297	3	poly	0.04	176000
186609	0,1,2,3,4,5,6,7,8,9,10,11,12,13,14,15,16,17,18,19	16.3259800644,13.1983245326,11.0505462115,8.83674607616,6.22570865879,5.27964301471,3.75062530225,2.74444060944,2.53954747234,2.06000394229,2.35608896491,3.70021579979,4.39439011258,6.4251713364,8.03213862085,10.499736219,13.907889199,16.5978844267,20.2178854308,24.9169366754	3	poly	0.04	176000
187204	0,1,2,3,4,5,6,7,8,9,10,11,12,13,14,15,16,17,18,19	34.5847951937,31.1932449849,28.3683315194,25.397662139,24.3585644932,22.4419811802,21.4817507566,20.4531501185,19.5845853335,19.468134913,20.1961215429,21.0718846641,22.5667439296,23.6701706061,25.9246387808,28.0022482294,31.1401001492,34.2812721807,38.1583481406,42.1244194114	3	poly	0.04	176000
186342	0,1,2,3,4,5,6,7,8,9,10,11,12,13,14,15,16,17,18,19	27.0030168277,23.8993586745,20.8292029535,18.5713494155,16.4273411186,15.5400659936,13.8564776321,13.2449144724,13.0067312987,12.8908665662,12.6739477793,13.3662767351,14.7682879511,16.3786754518,18.2660702917,20.9952094385,23.9789929774,27.015297365,30.5107379142,34.8891102614	3	poly	0.04	176000
187521	0,1,2,3,4,5,6,7,8,9,10,11,12,13,14,15,16,17,18,19	-3.36859904907,-6.88619466623,-9.23132382245,-11.9303888597,-13.6414966415,-15.3398912926,-16.8451754515,-17.2115698036,-18.2536080132,-18.1201315163,-17.8703641444,-16.6519646776,-15.4566482219,-13.3935780459,-12.2231063625,-9.88745187291,-6.54723160488,-2.98549334497,0.514804389268,4.53500707145	3	poly	0.04	176000
186921	0,1,2,3,4,5,6,7,8,9,10,11,12,13,14,15,16,17,18,19	2.62928593727,-0.356186300194,-3.17066313158,-5.50427289929,-7.22104855554,-9.44839606288,-10.0177948311,-10.9288349702,-11.5650447954,-11.516338211,-11.4195503359,-10.3944024915,-9.46676658186,-7.62439369903,-5.66915964999,-3.59498919234,-0.290673566524,2.98295100734,6.12094085711,10.8125425374	3	poly	0.04	176000
187767	0,1,2,3,4,5,6,7,8,9,10,11,12,13,14,15,16,17,18,19	15.6019762495,12.6404215727,9.78578092869,6.98988308711,5.14554254343,3.95999997316,2.736183111,1.79818582365,1.19532928736,1.23646093833,1.6124074698,2.76447516971,3.84287342222,5.36721737662,6.89946932506,9.62520879376,12.5339092928,15.8298968986,18.8906342974,23.1437315643	3	poly	0.04	176000
186528	0,1,2,3,4,5,6,7,8,9,10,11,12,13,14,15,16,17,18,19	3.88100236894,0.499204615454,-2.35058273561,-5.44816141287,-6.70459664084,-8.81226030224,-10.1998430103,-10.8283024453,-10.9284197392,-10.8268768475,-10.3416963165,-9.79763324232,-8.36228069554,-6.77208934922,-4.98750959097,-2.84417396234,0.0913253464569,3.41237635229,7.20206285006,11.1135833388	3	poly	0.04	176000
184524	0,1,2,3,4,5,6,7,8,9,10,11,12,13,14,15,16,17,18,19	5.495264095,2.45167064932,-0.542508901173,-2.28749359056,-4.71281611442,-6.2707536906,-7.38254108267,-8.55125823792,-8.25490097,-9.03456995634,-8.17917773858,-7.65969922279,-6.52524649897,-4.43511079278,-2.41858676902,0.0560457130386,2.70089504698,6.23463347031,9.48195839041,13.2164959036	3	poly	0.04	176000
185012	0,1,2,3,4,5,6,7,8,9,10,11,12,13,14,15,16,17,18,19	18.5287696591,14.7068005462,12.6839270567,9.44946883573,7.50532613201,6.16927583313,4.82895007581,3.92919893215,4.07787272668,3.50562626954,4.57977602741,4.55533713556,6.12103723832,7.79375489167,9.48009098633,12.6481819898,15.0043332782,18.012051605,21.6302862245,26.1859372141	3	poly	0.04	176000
187969	0,1,2,3,4,5,6,7,8,9,10,11,12,13,14,15,16,17,18,19	19.1962612489,15.9008150001,13.0541329834,11.2586305824,8.99520552126,7.00964311059,6.20521279649,5.43822484014,4.70562580343,4.62026623815,5.27040500196,6.47893064839,7.30310592717,8.52173317782,11.3585758281,13.1342751346,16.3633217357,19.0820551016,22.7365649073,26.4811060998	3	poly	0.04	176000
184705	0,1,2,3,4,5,6,7,8,9,10,11,12,13,14,15,16,17,18,19	8.39127298888,5.64191314016,2.6240615413,0.366205206611,-1.92625269662,-3.85742414943,-4.28656976977,-5.40442448949,-5.88251062273,-6.10607427659,-5.843243683,-4.57350835463,-3.75248234786,-1.98265892603,-0.257234438975,2.88330787371,5.01308446542,8.40529173518,11.746668263,16.2545170341	3	poly	0.04	176000
184453	0,1,2,3,4,5,6,7,8,9,10,11,12,13,14,15,16,17,18,19	23.6102790232,20.9953214451,18.3447421657,15.7551366722,13.7577942799,11.749976691,10.6972463221,10.2237447966,9.82159509915,9.53364198975,9.51611711997,10.8781628207,12.2918994302,13.3652274968,15.2628139571,18.3809175978,20.5189330941,24.188271145,27.7643397138,31.9482198968	3	poly	0.04	176000
185441	0,1,2,3,4,5,6,7,8,9,10,11,12,13,14,15,16,17,18,19	4.79816796074,1.94883866981,-0.740913923882,-4.02401242684,-5.66315859981,-6.88201688678,-8.50132343299,-9.28771471547,-9.21075689236,-9.95068501919,-9.57062626656,-8.66834484911,-7.09938552652,-5.14693373774,-3.7110857884,-0.747546687265,1.19711262988,4.89500967717,8.09372614937,11.9307126579	3	poly	0.04	176000
187170	0,1,2,3,4,5,6,7,8,9,10,11,12,13,14,15,16,17,18,19	32.207949256,28.3604799704,25.8335535117,23.589617469,21.1819594465,19.6449788828,19.1443202869,17.7101186866,17.2551386781,17.0673949367,18.0265281022,18.8378603855,19.981886664,21.5809532293,23.0917739715,25.9015594303,28.9278744292,32.2675474077,35.480634233,39.8410740075	3	poly	0.04	176000
187066	0,1,2,3,4,5,6,7,8,9,10,11,12,13,14,15,16,17,18,19	34.1247292069,30.4274347937,28.0058777417,25.9669333241,23.2813322273,22.2326010065,20.9013194913,19.7592636414,19.8492957307,19.4532424931,19.5568223425,20.6261606532,22.0156739418,23.9019198292,25.7926466297,27.4984665463,30.3331888932,33.493537894,37.5007107317,42.0028336921	3	poly	0.04	176000
184750	0,1,2,3,4,5,6,7,8,9,10,11,12,13,14,15,16,17,18,19	20.7008236767,17.2656061831,14.4983020168,12.4719992045,9.63876105163,8.5405017085,7.09646379273,6.5107959169,6.28982112535,5.66448010919,6.31427360053,7.46296772452,8.07007195293,9.69530898553,12.3536978403,14.1817813008,17.4145739223,20.3299703201,23.7224502588,28.0751111101	3	poly	0.04	176000
186306	0,1,2,3,4,5,6,7,8,9,10,11,12,13,14,15,16,17,18,19	20.2712669727,17.5397113905,14.5800187297,11.8470076818,10.3556582874,8.25477031863,7.47901083043,6.45994124103,5.80058774588,6.55451729672,6.03794399249,7.35305640572,8.6872284565,9.91461374122,11.8766381702,14.2245052058,17.1469238513,20.4386172746,23.6602708212,28.1684625114	3	poly	0.04	176000
185725	0,1,2,3,4,5,6,7,8,9,10,11,12,13,14,15,16,17,18,19	24.9077137616,21.9424727882,19.5868337559,17.215854017,15.0289987521,13.6212169348,11.7368383743,11.3812674466,11.0694857549,10.9868410012,11.6657696581,11.9412694151,13.5035299248,15.1089249456,16.6426700121,18.9426106555,22.500570832,24.9414541876,28.9007730234,32.9163665102	3	poly	0.04	176000
187380	0,1,2,3,4,5,6,7,8,9,10,11,12,13,14,15,16,17,18,19	-3.9333996457,-7.4644998117,-10.3058261932,-12.4594223914,-14.9462324678,-16.3951946314,-17.7253339712,-18.5110001507,-18.3427909216,-18.6028192408,-18.5664866285,-16.9853596872,-16.3243921431,-14.4410060088,-12.2756151393,-9.69409287314,-7.47049562006,-3.6696230565,-0.496260063054,3.76475907036	3	poly	0.04	176000
187122	0,1,2,3,4,5,6,7,8,9,10,11,12,13,14,15,16,17,18,19	-6.14911703072,-9.2012587534,-11.7458057903,-14.0039485535,-16.2183998491,-17.4034138895,-18.8157986589,-19.7133164317,-20.0294869132,-19.5876108034,-19.7741646662,-18.8776981594,-17.2249448372,-16.5412354047,-14.2669879049,-11.2043394743,-8.47045374113,-5.85942668319,-1.84606385172,1.54318196943	3	poly	0.04	176000
186869	0,1,2,3,4,5,6,7,8,9,10,11,12,13,14,15,16,17,18,19	-1.24709120479,-4.01695237352,-7.23339884846,-9.34855258046,-11.0882299278,-13.0621715801,-14.2961744263,-15.0805492242,-15.6250969801,-15.7798067598,-15.1808947032,-13.8739070953,-13.0027436176,-11.3503975639,-9.56079310987,-6.99178836859,-3.65995375004,-0.804319661806,2.9224578337,6.60611515177	3	poly	0.04	176000
187055	0,1,2,3,4,5,6,7,8,9,10,11,12,13,14,15,16,17,18,19	3.39885896397,0.206595744052,-2.51864849809,-5.22344400002,-6.2961533987,-8.3857275947,-9.22903173312,-10.3283683094,-10.6924350371,-10.9164975187,-10.8182974098,-9.26467651745,-7.93022977122,-6.28413750814,-5.19842549276,-2.08324679416,0.453799415507,3.64427433336,6.87789241188,11.1506974553	3	poly	0.04	176000
185678	0,1,2,3,4,5,6,7,8,9,10,11,12,13,14,15,16,17,18,19	30.8777262024,26.8189504607,24.4247030199,21.5861319602,20.0551974881,18.0859214437,17.5465931622,16.8091841033,16.3072618778,15.5791562034,16.5447693308,17.6879190066,18.2867290548,19.8115064647,22.2618735165,24.2725292772,27.3399753285,30.1901647597,33.9893210575,37.6972376093	3	poly	0.04	176000
186522	0,1,2,3,4,5,6,7,8,9,10,11,12,13,14,15,16,17,18,19	1.55714158786,-2.14945110836,-4.78138607946,-6.56860719822,-8.57163549867,-10.9500028383,-11.7942842904,-12.9546926031,-13.1257759941,-13.379803185,-13.0569105194,-11.4500728751,-10.9457273423,-8.47431673868,-6.48907328656,-4.9819046377,-1.6284953885,1.22928103311,5.24495279739,9.4336189822	3	poly	0.04	176000
187935	0,1,2,3,4,5,6,7,8,9,10,11,12,13,14,15,16,17,18,19	4.13372009512,1.40630702211,-1.53650045552,-4.43674473783,-6.35575487552,-7.73299486303,-8.40008860598,-9.89128754244,-10.280738774,-10.2480118155,-9.74952149081,-8.94135062118,-7.2336725546,-5.96285848474,-4.41624701543,-1.08078776589,1.29982866096,4.90342697004,7.62981204035,11.6341584697	3	poly	0.04	176000
187351	0,1,2,3,4,5,6,7,8,9,10,11,12,13,14,15,16,17,18,19	22.0042273007,18.9110470733,16.0766680565,14.0062392226,11.5253046402,9.95870397952,8.84263099746,7.77532270434,7.50271069098,7.81842650763,8.41331427252,8.47838679606,10.0438280098,11.4985237068,13.3711788478,15.6417155382,19.0347997909,22.1143466947,25.6468638287,29.7815445401	3	poly	0.04	176000
185633	0,1,2,3,4,5,6,7,8,9,10,11,12,13,14,15,16,17,18,19	13.0470598402,9.93648236936,7.00694402808,4.69491548179,2.39674513423,1.058480279,-0.436174049356,-0.943880202816,-0.871918277632,-1.34840643716,-0.391296935458,-0.481027997842,1.06309012519,3.14126085886,5.17645066298,6.74858676149,9.76356860335,13.1043817447,16.9450630899,20.7640987117	3	poly	0.04	176000
184855	0,1,2,3,4,5,6,7,8,9,10,11,12,13,14,15,16,17,18,19	-1.52712798244,-5.6647052742,-7.78469848337,-10.3337024254,-11.9578061057,-13.6102946602,-15.499871819,-15.9643096137,-16.5892313934,-16.2569516795,-15.6712485688,-14.8547608334,-14.4596509152,-12.194861602,-10.0255323037,-8.27772664348,-5.53392622434,-2.3453307291,1.14825867312,5.65717919614	3	poly	0.04	176000
185324	0,1,2,3,4,5,6,7,8,9,10,11,12,13,14,15,16,17,18,19	22.6630268822,19.5141553404,16.4387681807,14.1588191956,12.2969969286,11.1717706154,9.42275909702,8.82224325349,8.42463180574,8.62257372268,9.16300594059,10.0950194329,10.7861707952,12.4817595408,14.5694457253,16.8562586659,19.6754479597,22.4080287595,25.9466680981,30.1750288639	3	poly	0.04	176000
184417	0,1,2,3,4,5,6,7,8,9,10,11,12,13,14,15,16,17,18,19	6.77954546503,2.71958895166,0.188345156391,-1.61326693539,-4.35263113343,-5.71395061524,-6.62027288384,-7.82323594591,-7.76134344063,-8.18201675066,-7.64815223339,-6.64016712388,-5.73270510602,-4.12305333973,-1.68132817618,-0.11674028516,3.20576218249,6.45109538912,10.2085785146,13.6847938203	3	poly	0.04	176000
185872	0,1,2,3,4,5,6,7,8,9,10,11,12,13,14,15,16,17,18,19	24.605303603,21.9485838642,18.3133022874,16.0636646716,14.1843646029,12.876360371,11.3404253673,10.6719318234,10.1625501919,10.2586492676,10.4079500752,11.8012181004,13.1502913645,14.807681557,16.6481565424,18.6019475206,21.2621343198,24.9968884689,27.9758108228,32.5805586383	3	poly	0.04	176000
187223	0,1,2,3,4,5,6,7,8,9,10,11,12,13,14,15,16,17,18,19	4.88977078289,2.10598001471,-0.663190859083,-3.55934675919,-5.56202710564,-6.95186676296,-8.67436864168,-9.09834348253,-10.0011092711,-9.58518706472,-9.16664607642,-8.38954104776,-7.42115230745,-5.21547489124,-3.42678418519,-1.5645089852,1.21585836182,4.76251308324,8.84704796006,12.3507187415	3	poly	0.04	176000
186038	0,1,2,3,4,5,6,7,8,9,10,11,12,13,14,15,16,17,18,19	-7.41448134424,-10.8857042632,-13.8929818696,-15.9562401884,-18.1135670318,-19.9509387646,-20.6072249424,-21.4369050519,-22.4097990021,-21.9335944029,-21.2799581132,-21.2097460107,-20.020224202,-17.8058151161,-16.145991733,-13.862963296,-10.9975227374,-7.58295835621,-4.4906049547,-0.236017929296	3	poly	0.04	176000
186845	0,1,2,3,4,5,6,7,8,9,10,11,12,13,14,15,16,17,18,19	13.5116844279,10.1505625101,7.97530341975,5.21457532055,3.48402845118,1.46249330753,0.835738242368,-0.766500536702,-0.564047841824,-0.217695498908,0.0661936933904,0.446976387574,2.14731581681,3.03376202036,5.04569969852,7.73590800333,10.013649744,13.738759272,17.309345857,20.989070088	3	poly	0.04	176000
184513	0,1,2,3,4,5,6,7,8,9,10,11,12,13,14,15,16,17,18,19	23.9376911833,21.2675154542,17.6317807138,15.3975314337,13.792512588,12.3490073391,10.7683512779,10.0202434638,9.9039230327,9.55469663116,10.1497759522,11.1749196959,12.1886815692,13.0796424792,15.6596731844,18.2060054228,20.6398578508,23.9169672812,27.2721407073,31.8441829616	3	poly	0.04	176000
185690	0,1,2,3,4,5,6,7,8,9,10,11,12,13,14,15,16,17,18,19	28.5664691556,25.7388870534,22.9394506301,20.1865598634,18.3446033527,16.6706290405,15.4857758372,15.2736624083,14.3963210185,14.610975343,15.1223879383,15.9948126317,16.6665439404,19.0081903748,20.6147310325,23.2542942939,25.5026928758,28.7521956654,32.0839583213,37.0185265319	3	poly	0.04	176000
185540	0,1,2,3,4,5,6,7,8,9,10,11,12,13,14,15,16,17,18,19	8.15211288046,4.12984479953,2.03535053003,-0.0774333575239,-2.47616539752,-3.82808792314,-5.83462539981,-6.10277265454,-7.02012081808,-6.29792728573,-6.5003375288,-5.31894655634,-4.05709560719,-2.56471229963,-0.633179240874,1.82198214591,4.40424295961,7.55301753276,11.6747200348,15.0945818164	3	poly	0.04	176000
184856	0,1,2,3,4,5,6,7,8,9,10,11,12,13,14,15,16,17,18,19	34.9926014858,31.8246017521,29.6244052933,26.5062181552,24.6492089711,22.9733024487,22.4055102417,21.0212859893,20.9732206238,21.138294575,20.7650590433,21.6207751295,22.9219201297,24.3946331648,26.7364888036,28.8108907015,31.9561114372,34.9265932363,38.912252681,42.4931680448	3	poly	0.04	176000
185706	0,1,2,3,4,5,6,7,8,9,10,11,12,13,14,15,16,17,18,19	35.5925719719,32.2705953603,29.5759359917,27.2796281047,24.9209235888,23.6938835077,22.4707995812,21.4795826352,20.7091448753,21.5846899495,21.7447918908,22.2170161116,23.7853591823,24.8786773155,27.3140562409,29.8805267039,32.0723111038,35.5936736418,39.3832922605,43.4279121137	3	poly	0.04	176000
186042	0,1,2,3,4,5,6,7,8,9,10,11,12,13,14,15,16,17,18,19	-6.75276962562,-9.8410291099,-13.2362691094,-15.6886867483,-17.4582959222,-19.1080668457,-20.3807455934,-21.1903741839,-21.1315343973,-21.5439284729,-20.9301300731,-19.8888877205,-18.7686868107,-16.9961579628,-15.7330204243,-13.2413246227,-10.2743802993,-7.46383723732,-3.73481206566,0.796866635917	3	poly	0.04	176000
187372	0,1,2,3,4,5,6,7,8,9,10,11,12,13,14,15,16,17,18,19	13.2816620488,10.2663781297,7.50292688551,4.68599215195,3.08915236927,0.690677828242,0.396282165714,-0.856051589318,-1.56337451623,-1.14450106502,-0.609712056257,0.36210551446,1.0990936015,2.25420403153,4.60402652392,6.75793109789,9.87821041771,12.7350028084,16.2799527585,21.0751087947	3	poly	0.04	176000
185780	0,1,2,3,4,5,6,7,8,9,10,11,12,13,14,15,16,17,18,19	17.7522445047,14.7422802615,12.2348945519,9.82894143411,7.25397925044,5.560151304,5.25585159376,3.59045272949,3.51987095305,3.93859700451,4.38235061411,4.64560138517,5.77065771552,7.45697451347,9.89987667259,11.7557885062,14.9283551863,18.2490977535,21.9566907123,25.3607784381	3	poly	0.04	176000
186855	0,1,2,3,4,5,6,7,8,9,10,11,12,13,14,15,16,17,18,19	10.2778218604,6.99990577307,3.57427928251,1.53716958759,-0.909643823747,-2.18203181242,-3.54746433243,-4.12661981285,-4.36910165685,-4.28892809975,-3.66238109405,-2.97212719511,-1.73557452329,-0.51408516596,1.05409835214,4.15251642246,6.82935128683,9.44089871036,13.4501087241,17.0547408338	3	poly	0.04	176000
185003	0,1,2,3,4,5,6,7,8,9,10,11,12,13,14,15,16,17,18,19	-1.29535522318,-4.43778654114,-6.35875394597,-9.50322393526,-11.1592347367,-13.1151577562,-13.5467709921,-14.4640433023,-15.5401132754,-15.2503141733,-14.4776684167,-14.2817734635,-12.714577763,-11.3740177501,-9.10030830214,-7.01355908972,-3.6698640739,-0.521077020488,2.73882856849,6.81257430278	3	poly	0.04	176000
186969	0,1,2,3,4,5,6,7,8,9,10,11,12,13,14,15,16,17,18,19	29.0310117015,25.2595543303,22.9583773352,20.3291994754,18.053804035,16.4549610377,15.6305299661,14.9289706563,14.2394166544,13.9750772915,14.1232588804,15.623582288,16.2412750361,17.8155130413,20.0902670092,22.1890351395,25.4802963608,28.5135928472,31.7307588144,35.8119430571	3	poly	0.04	176000
186039	0,1,2,3,4,5,6,7,8,9,10,11,12,13,14,15,16,17,18,19	22.4559578293,19.2610228064,16.4689822083,14.6312835999,12.1098644761,10.4787758819,9.72062172671,9.13735741711,7.96830428652,8.41282951299,8.72481472538,9.24416328476,10.7441124969,12.5754711775,13.7457973022,16.2825390288,18.968661494,22.6300835455,26.0398687225,30.0949116318	3	poly	0.04	176000
186015	0,1,2,3,4,5,6,7,8,9,10,11,12,13,14,15,16,17,18,19	7.13504734202,4.01419100759,0.433997997557,-1.51920922633,-3.13034886949,-5.18024280757,-6.04051306694,-7.46977831352,-7.02698537033,-7.06767205354,-7.53940103962,-6.66480164973,-4.67671038185,-3.17366077513,-1.89644579937,1.17008070518,3.3003510027,7.38484888933,10.328987371,14.4643774388	3	poly	0.04	176000
187129	0,1,2,3,4,5,6,7,8,9,10,11,12,13,14,15,16,17,18,19	-4.57530990683,-7.91486662824,-10.5765534222,-12.1848158684,-15.0157292117,-15.9339555419,-17.0594643598,-17.742632397,-18.5439668844,-18.1750127376,-17.8742784439,-17.7768909217,-16.1257748372,-14.6013125102,-12.9481158042,-10.2288119567,-7.52137615665,-4.66799153175,-0.668390870144,3.3842559758	3	poly	0.04	176000
186317	0,1,2,3,4,5,6,7,8,9,10,11,12,13,14,15,16,17,18,19	36.120479016,33.2109803477,30.4084446975,28.0327532766,25.349802747,23.7150994645,22.7791124148,21.771699068,21.6199285639,21.9383381936,21.4888146009,23.1311882686,24.1322025596,25.1238711164,27.8584608561,30.0366558023,32.2808588062,36.0563652693,39.7986559409,43.7985787543	3	poly	0.04	176000
185061	0,1,2,3,4,5,6,7,8,9,10,11,12,13,14,15,16,17,18,19	9.32853925925,6.16474751253,3.93399781231,1.50595431843,-0.641293541758,-1.98474390488,-3.22095723584,-4.7996228025,-4.86365050488,-4.91167445139,-4.62248908271,-3.66231954659,-2.24113535417,-0.334979161846,1.31367975429,3.89545265398,6.20640191654,9.09787348895,13.414811182,17.2041071363	3	poly	0.04	176000
185727	0,1,2,3,4,5,6,7,8,9,10,11,12,13,14,15,16,17,18,19	14.0109584562,11.0471137038,8.599606671,6.5067301915,4.31173300377,2.06497578504,1.01381103525,0.666774926675,-0.130686428745,0.0834530439866,0.725296568457,1.13635325397,2.63933909486,3.79587009983,5.936573168,8.466685695,10.808978279,14.2453931359,18.3467567722,22.2431773262	3	poly	0.04	176000
187790	0,1,2,3,4,5,6,7,8,9,10,11,12,13,14,15,16,17,18,19	-5.43985970083,-8.9546990639,-11.0472516174,-13.8770759208,-15.8875376054,-17.8134976132,-19.0553440053,-18.9032138353,-19.4564318152,-19.7000605192,-19.760246768,-18.5704220204,-17.435117343,-15.666117703,-14.230106266,-10.9422412941,-8.70200642744,-5.01660267246,-1.71826546599,1.770108197	3	poly	0.04	176000
185417	0,1,2,3,4,5,6,7,8,9,10,11,12,13,14,15,16,17,18,19	-4.97590133853,-7.8845404789,-10.1593795545,-12.7936228383,-15.3539595224,-16.1074489001,-17.7749876629,-18.2402914886,-19.104489024,-18.8705991158,-18.0347074007,-18.1359278121,-16.5755205084,-14.9267068315,-12.7732264657,-10.3225859595,-7.39266821604,-4.31330589111,-1.32731259286,3.14030984973	3	poly	0.04	176000
186218	0,1,2,3,4,5,6,7,8,9,10,11,12,13,14,15,16,17,18,19	14.9099898763,11.5518462946,8.87662546739,6.92093405412,4.44370899571,3.40263030082,1.54450463933,1.03118246455,1.03782049691,0.918232229555,0.867672890552,2.3110890348,3.56793348753,4.80511927571,6.70440523245,9.19190845148,12.3091149035,15.3612033399,18.8819224939,22.6629849073	3	poly	0.04	176000
184228	0,1,2,3,4,5,6,7,8,9,10,11,12,13,14,15,16,17,18,19	21.2380381741,18.1968285011,14.9686253805,12.6208306741,10.5141739052,9.07018987305,8.07648402233,6.85584375991,6.66485126407,6.97699071898,6.85364380806,7.83988952641,8.89086218057,10.6793144307,12.5890733792,15.3902231569,18.2882365233,21.5507059392,24.7085748098,28.4268411921	3	poly	0.04	176000
185361	0,1,2,3,4,5,6,7,8,9,10,11,12,13,14,15,16,17,18,19	10.7981228464,7.61164536193,4.15260721156,2.42507918574,0.22048334562,-1.48115123902,-2.38604407927,-3.66904474404,-3.57809156529,-4.09138863244,-3.64749471862,-2.33592199931,-1.84243137048,0.547329437388,1.88141202531,4.34121618091,7.55127331806,10.5422322282,14.1079136124,17.7052004018	3	poly	0.04	176000
143749	0,1,2,3,4,5,6,7,8,9,10,11,12,13,14,15,16,17,18,19	17.927031518,70.9430426899,96.1510912374,109.864033758,118.923844884,125.122402997,132.550370505,136.947899749,137.794494315,142.367080912,143.927315605,145.998857456,149.081073484,150.304961883,150.738216835,152.538772336,152.076617489,152.0315274,155.996033394,154.496502265	6	hyperbolic	0.04	132000
140612	0,1,2,3,4,5,6,7,8,9,10,11,12,13,14,15,16,17,18,19	-1.57809978193,47.4734855598,71.5779003249,87.5362093114,97.9313798405,103.829682989,110.94516709,113.449385319,117.397323199,120.567623911,121.483591131,125.738343178,127.03146833,127.470706663,128.211002037,128.972810732,129.785339376,130.832439591,134.322291877,135.130661629	5	hyperbolic	0.04	132000
143486	0,1,2,3,4,5,6,7,8,9,10,11,12,13,14,15,16,17,18,19	-18.0924708525,30.729035365,56.8191094631,71.9115223245,82.3133392093,89.4623296556,95.1154028837,96.529852571,100.120393103,104.342607864,106.954954532,106.514441099,110.128535849,112.212212697,111.295054918,112.973930861,113.285360307,114.88171533,115.167420339,117.179521929	5	hyperbolic	0.04	132000
143939	0,1,2,3,4,5,6,7,8,9,10,11,12,13,14,15,16,17,18,19	-94.705931615,-43.5663186293,-19.9633787632,-5.00921247773,5.61123816414,12.9296371529,19.6604511261,21.580352021,26.2650267835,30.6233844476,29.6485218577,32.9134285932,34.0992719767,35.6540434223,38.3947751343,39.7430844221,38.7523608615,40.3623559207,42.0132795648,43.1353295024	3	hyperbolic	0.04	132000
140327	0,1,2,3,4,5,6,7,8,9,10,11,12,13,14,15,16,17,18,19	46.7325301864,98.1507934639,122.300312723,138.71386181,148.618995337,156.452167287,159.06434922,165.591832463,167.649865357,171.542870785,173.271506791,175.964153807,178.100781905,177.3057983,179.510921459,181.888458359,182.656095956,182.551615638,181.755395603,183.396056579	6	hyperbolic	0.04	132000
143744	0,1,2,3,4,5,6,7,8,9,10,11,12,13,14,15,16,17,18,19	125.645447877,177.196008698,201.206588565,216.826695142,226.983665425,231.562624894,237.051945994,242.541094656,244.958727511,248.656705805,252.473091775,252.902968427,256.026694063,255.21411235,255.736752455,258.181902303,257.86280524,260.604692709,260.72298665,261.878834623	4	hyperbolic	0.04	132000
142399	0,1,2,3,4,5,6,7,8,9,10,11,12,13,14,15,16,17,18,19	-51.390083785,-2.04173233519,23.213051617,35.7929964422,48.4361910562,53.7781238998,60.409614958,65.4479527115,67.2040547102,71.0715521001,71.5999563429,74.8997448803,76.6005910487,77.2953481347,78.5951461369,80.8464122677,81.2617217994,82.4001203736,81.6125253427,81.5641455676	5	hyperbolic	0.04	132000
141017	0,1,2,3,4,5,6,7,8,9,10,11,12,13,14,15,16,17,18,19	126.797002135,178.913903034,203.983511177,219.298925874,227.753049331,234.215989941,242.155088962,243.237064966,248.334814062,249.385556008,252.17465268,253.913895183,258.365898507,259.615957758,260.559952702,259.995867995,259.764883042,263.149349643,263.645551899,264.923922352	4	hyperbolic	0.04	132000
140074	0,1,2,3,4,5,6,7,8,9,10,11,12,13,14,15,16,17,18,19	83.7670247402,133.891733472,160.681585033,175.011236939,183.067438858,193.161543031,196.661849506,201.645580344,206.108486874,207.75669882,208.488418941,211.811502209,212.908600409,214.638588055,216.547583394,215.416907386,218.88705448,219.374718686,219.894863107,221.924187765	4	hyperbolic	0.04	132000
140809	0,1,2,3,4,5,6,7,8,9,10,11,12,13,14,15,16,17,18,19	51.4851587732,104.344989775,126.750587706,143.795535622,153.840239388,158.995409515,165.034587713,169.028799946,174.420948844,174.541615364,178.930977998,180.374723837,182.277300667,181.880373363,182.670804103,185.242303861,184.891303791,186.725373348,186.911187043,188.645167199	4	hyperbolic	0.04	132000
141640	0,1,2,3,4,5,6,7,8,9,10,11,12,13,14,15,16,17,18,19	-112.102677482,-61.5262033983,-35.9998290755,-23.9403307015,-14.2428565676,-5.9401646532,-0.376259374939,5.02077305217,7.88747494366,11.6158582363,12.275807203,14.8246811602,17.2582149491,17.1352677235,17.1219298634,19.5868347141,22.4134016363,21.3025156776,23.4486389003,21.8993906208	3	hyperbolic	0.04	132000
141197	0,1,2,3,4,5,6,7,8,9,10,11,12,13,14,15,16,17,18,19	93.7882094741,143.665121436,167.042135283,182.266232689,194.327693662,199.495833624,205.366680071,208.827546953,212.433769089,214.902521375,217.887869032,221.070401905,222.221250459,224.777004217,223.706825778,226.302196077,227.998897384,226.647137568,229.110897919,229.47839537	4	hyperbolic	0.04	132000
140023	0,1,2,3,4,5,6,7,8,9,10,11,12,13,14,15,16,17,18,19	29.0221101041,80.6912338971,105.319063701,119.287704877,131.291581042,136.17427894,144.540030636,148.97666151,152.30719954,154.571075329,156.160600246,157.256115488,157.69866337,161.918759674,161.586712674,161.541384461,165.174099771,166.15278938,167.209794616,164.970256893	6	hyperbolic	0.04	132000
143114	0,1,2,3,4,5,6,7,8,9,10,11,12,13,14,15,16,17,18,19	-71.8767156549,-21.1140575651,3.56900547692,17.3439883771,29.4413507338,36.9688551503,40.6083391714,44.0173451743,47.918530753,49.8830311486,51.6174751946,55.1096732302,58.1359080265,57.6935797849,60.5573273266,61.7453500334,62.6316183069,62.1806456786,63.9336821634,63.7513209974	3	hyperbolic	0.04	132000
142497	0,1,2,3,4,5,6,7,8,9,10,11,12,13,14,15,16,17,18,19	125.983855902,176.630823729,201.825398269,216.285777272,227.455130399,233.483383978,237.495527104,242.108720226,246.808236019,249.995882995,251.286560708,251.499843601,253.900662088,256.230375321,256.489357833,257.322036583,260.522690728,261.668764486,261.833909727,262.837331658	4	hyperbolic	0.04	132000
143585	0,1,2,3,4,5,6,7,8,9,10,11,12,13,14,15,16,17,18,19	111.17427684,162.042160363,189.282226984,203.526948205,214.005755908,221.055077267,226.124563965,227.948624048,232.136653974,237.038555741,238.638624234,240.324438547,241.7821403,243.620532127,242.688857781,244.96891299,247.756595342,247.774115149,247.307054905,247.53261838	4	hyperbolic	0.04	132000
140836	0,1,2,3,4,5,6,7,8,9,10,11,12,13,14,15,16,17,18,19	-17.4039618966,32.4069911765,55.569960063,71.555522295,81.5019043079,87.2241203324,92.5785961239,96.9737598651,102.70645353,102.879011449,104.788520857,108.658244486,109.561358581,112.394976804,113.563412721,111.992274156,113.047159169,114.633408904,116.012250867,117.379498687	5	hyperbolic	0.04	132000
141797	0,1,2,3,4,5,6,7,8,9,10,11,12,13,14,15,16,17,18,19	-104.655428381,-51.9911122906,-27.7101810575,-14.4623688929,-3.79271102462,4.17668643134,9.56996771054,12.3553874584,15.7607709363,17.9018876354,21.123207711,22.2470255242,26.7391535366,24.8442238562,26.7382101108,28.3609391119,31.2603794312,29.9123665564,31.8747928904,30.7323604262	3	hyperbolic	0.04	132000
143598	0,1,2,3,4,5,6,7,8,9,10,11,12,13,14,15,16,17,18,19	-86.8993875137,-39.4892722077,-14.4525216013,3.36653942039,11.1483980648,18.5054572691,24.062576457,28.1258524637,30.6248695916,35.7499957393,35.8076217904,38.8824272184,42.136523412,42.2139164579,42.9000344775,43.7666004397,45.0808417005,46.941857194,46.4516701847,46.0259198151	3	hyperbolic	0.04	132000
143726	0,1,2,3,4,5,6,7,8,9,10,11,12,13,14,15,16,17,18,19	35.2646690998,86.9287284215,110.56244909,126.182241894,137.058852161,142.89714487,147.726321097,152.01347934,157.770725869,160.101110999,162.792826859,162.638116653,163.751462364,166.488367178,167.966389292,169.158974492,168.973182415,169.946076834,170.207647888,172.732270255	6	hyperbolic	0.04	132000
141592	0,1,2,3,4,5,6,7,8,9,10,11,12,13,14,15,16,17,18,19	-6.19910326679,43.1978512906,68.7565908166,82.0530701944,92.6686882414,100.930041831,105.432449389,109.306453788,114.093641915,114.362608247,116.189495093,120.540285764,121.437162575,122.222676531,124.636614649,125.864101112,124.971407372,126.647604022,126.212363479,127.265437061	5	hyperbolic	0.04	132000
142677	0,1,2,3,4,5,6,7,8,9,10,11,12,13,14,15,16,17,18,19	-34.8871432792,17.7140259318,42.1690770137,56.6769023957,68.3002959924,75.3201810315,80.5970074564,82.5863005659,87.3176407855,89.3957354134,93.1917311669,92.8338366234,96.5660384776,97.71625138,97.5830511505,99.5633574777,98.9867441567,102.14569963,101.130992218,102.260190094	5	hyperbolic	0.04	132000
142062	0,1,2,3,4,5,6,7,8,9,10,11,12,13,14,15,16,17,18,19	-67.2967637282,-17.3871609647,9.75357823453,23.0003808769,34.1168660569,39.5031839394,47.9423173846,50.5708337109,55.1036292338,57.9543392388,60.4493207228,60.3720722437,63.8918038046,64.0585851425,63.876714142,65.0009611719,67.2494558092,67.8590134091,68.7814647315,68.2000312664	3	hyperbolic	0.04	132000
141560	0,1,2,3,4,5,6,7,8,9,10,11,12,13,14,15,16,17,18,19	126.47526384,175.972893978,202.969388271,218.500009501,227.10581374,234.306303666,240.762379756,245.200031277,246.136225634,251.874924398,253.682814221,255.722320366,256.561185906,258.097056034,259.937070469,261.166008627,260.294754157,261.946977392,264.086610779,261.685960387	4	hyperbolic	0.04	132000
143797	0,1,2,3,4,5,6,7,8,9,10,11,12,13,14,15,16,17,18,19	-45.5997341388,5.21644759387,28.790026581,43.7154204425,52.5627887745,62.4369582879,65.8096321647,70.5975234843,74.5816653972,77.8845482227,80.7958930286,81.6160729537,81.1316389105,84.5178003244,86.0280359881,88.29237929,87.2106948491,87.4790313281,88.0232540311,90.2243781765	5	hyperbolic	0.04	132000
143280	0,1,2,3,4,5,6,7,8,9,10,11,12,13,14,15,16,17,18,19	102.075607408,151.264613897,176.251929747,191.378558255,201.487129237,208.856260767,213.497716941,218.619533897,223.168238828,224.814556733,228.044972929,230.258744236,230.851566358,232.417369754,233.741724754,235.16383864,237.241645988,238.265580846,238.058051982,238.545318385	4	hyperbolic	0.04	132000
143627	0,1,2,3,4,5,6,7,8,9,10,11,12,13,14,15,16,17,18,19	126.917973597,177.463848742,201.146570103,216.648125022,226.481373991,235.013247921,238.706531604,243.477456627,247.644556631,248.616560323,250.500937983,254.557483225,257.249531158,257.918771791,257.715025403,260.126994894,260.458464084,260.533213446,262.562075905,261.624784019	4	hyperbolic	0.04	132000
143995	0,1,2,3,4,5,6,7,8,9,10,11,12,13,14,15,16,17,18,19	10.7066279487,61.3616909861,83.825695862,100.790674437,110.306441666,117.47713172,122.943766415,126.789235174,129.895545249,132.175682007,136.165527639,135.860127139,138.811343418,139.593723148,140.565318328,141.018201407,145.117451601,145.697454691,145.469013527,147.319624863	5	hyperbolic	0.04	132000
142064	0,1,2,3,4,5,6,7,8,9,10,11,12,13,14,15,16,17,18,19	84.2059118701,133.599634497,160.071473505,176.093666466,184.989357742,190.332220365,197.832184006,202.171287039,203.108307582,208.434476507,209.774655208,213.196734635,213.627572571,215.978231384,215.128626952,215.375044224,219.27098884,219.786771563,218.170201929,221.713063516	4	hyperbolic	0.04	132000
143228	0,1,2,3,4,5,6,7,8,9,10,11,12,13,14,15,16,17,18,19	22.3629327014,70.9468834277,95.8942363147,111.873280601,121.037292237,128.964576743,135.541221178,138.60035448,141.065478142,144.985522934,145.879677167,149.942161201,151.251144059,153.018953704,151.972599721,155.850483757,155.151768088,156.249727999,156.608784046,158.295786611	6	hyperbolic	0.04	132000
143012	0,1,2,3,4,5,6,7,8,9,10,11,12,13,14,15,16,17,18,19	-93.802462249,-45.8805507301,-18.0974321407,-5.19558122047,5.68559114632,10.8978615332,16.3109085711,20.6762124894,26.7319428149,28.8190887204,29.98580494,31.2242084947,32.857237586,33.5837093977,36.8306722981,38.8163495433,39.7572250149,40.2645790615,38.575814474,40.5782693572	3	hyperbolic	0.04	132000
140576	0,1,2,3,4,5,6,7,8,9,10,11,12,13,14,15,16,17,18,19	-21.8855131415,26.9598058992,52.4866672681,69.6610794236,77.5175177179,86.688387351,91.3268799095,96.3001883292,98.0949535521,101.607309425,103.176154225,106.555647639,106.351118548,109.335382476,110.475092817,112.440632907,110.22190072,113.610454543,113.701225362,112.607696251	5	hyperbolic	0.04	132000
143575	0,1,2,3,4,5,6,7,8,9,10,11,12,13,14,15,16,17,18,19	126.292718648,175.293925717,201.087289974,217.556416737,226.485015311,235.404365884,239.607168743,242.858435509,247.720020915,251.282788802,252.71444565,254.297557572,256.975673979,258.474985029,256.95506562,258.746742913,259.096770683,260.85303495,260.856164135,264.195605619	4	hyperbolic	0.04	132000
142676	0,1,2,3,4,5,6,7,8,9,10,11,12,13,14,15,16,17,18,19	89.5541763389,139.336870719,162.091040814,178.244080542,186.866947709,196.811051207,202.632860431,206.288364077,208.451765403,212.43836257,214.824330346,214.577491484,218.304457446,219.678923929,218.761346152,219.148184987,221.714277695,221.905904923,223.652384521,225.693269317	4	hyperbolic	0.04	132000
143277	0,1,2,3,4,5,6,7,8,9,10,11,12,13,14,15,16,17,18,19	-30.9897137083,18.0162338521,43.3016207755,58.1961416115,70.3929893436,74.3132541365,81.5648203833,85.861252148,89.2971177879,90.1751853387,94.557024054,96.2054663343,95.9458097242,99.4244296842,99.8318782439,102.621181031,102.756367514,103.870376932,103.620155022,103.250040401	5	hyperbolic	0.04	132000
140309	0,1,2,3,4,5,6,7,8,9,10,11,12,13,14,15,16,17,18,19	62.5737996147,111.516218837,138.603223954,152.797311679,163.338119097,171.458283829,174.903691828,181.150590892,182.228016871,186.176543925,187.595743872,190.878986794,190.684946523,191.239488442,193.895957828,195.585553848,194.868573332,196.859407906,198.813813865,198.100847486	4	hyperbolic	0.04	132000
143000	0,1,2,3,4,5,6,7,8,9,10,11,12,13,14,15,16,17,18,19	-83.3815874286,-32.7265906944,-7.68725359242,4.99729036779,15.1656942938,23.5814763243,29.08968238,34.8986456486,35.4199660087,39.5221336528,39.971626398,43.7235011877,46.781948186,46.9213615187,47.9735320015,48.7298337563,49.9080292539,50.3343313037,52.7711896555,52.7268279546	3	hyperbolic	0.04	132000
143284	0,1,2,3,4,5,6,7,8,9,10,11,12,13,14,15,16,17,18,19	-37.1774417678,12.3024969935,40.2780820949,54.5308402862,62.6532467229,70.8274618364,76.7212276672,79.5660201485,85.4507204156,86.5518130997,89.0224797051,89.4508993969,93.756192675,94.6833890593,94.187683272,95.0201530581,96.0260590658,96.6919683022,99.0370958298,98.502048666	5	hyperbolic	0.04	132000
143866	0,1,2,3,4,5,6,7,8,9,10,11,12,13,14,15,16,17,18,19	-13.1194860426,37.7753980863,61.0991447467,77.7634637853,87.1080860814,95.0485002032,100.774375177,105.083867788,107.938470166,109.249962832,113.878794503,115.902924057,114.562374788,116.540822978,120.394321182,119.044096739,119.488050974,122.362000607,123.295577016,122.2188758	5	hyperbolic	0.04	132000
140547	0,1,2,3,4,5,6,7,8,9,10,11,12,13,14,15,16,17,18,19	-73.6066528564,-26.194626094,1.2351623965,16.1725950046,23.4160565104,30.8567238989,38.8479458658,41.3255412769,43.588129884,47.3567140055,50.8656987402,53.1763433455,53.6771758351,53.8042315292,54.7408049239,57.4809595522,56.7275781313,57.618631668,60.477732819,61.2351142517	3	hyperbolic	0.04	132000
143640	0,1,2,3,4,5,6,7,8,9,10,11,12,13,14,15,16,17,18,19	-52.98816709,-4.5064820548,23.4330862665,37.2945193093,48.0014366843,53.0037068972,57.9139654231,63.7962432968,68.4951699978,68.4525591463,70.579852,74.4520509406,75.9824544999,76.5795646213,78.8496629598,78.6621417543,80.2636373123,82.3147662595,82.0243375436,82.3629940163	5	hyperbolic	0.04	132000
143206	0,1,2,3,4,5,6,7,8,9,10,11,12,13,14,15,16,17,18,19	-92.0936540636,-43.4561049445,-16.9232225075,-2.73280638249,7.37423676789,12.8340067315,18.4178678738,24.3026025128,28.0213063366,30.8475379734,32.416782064,31.970872105,36.6211668753,36.7587517236,37.6916357978,39.0890789316,39.956419719,39.6062888639,42.7876887892,43.4367696243	3	hyperbolic	0.04	132000
143953	0,1,2,3,4,5,6,7,8,9,10,11,12,13,14,15,16,17,18,19	119.147656742,169.163879052,192.561492859,208.959888587,218.031531121,224.949068407,228.318954346,232.640811674,238.318423976,240.076818627,243.005753107,245.048905899,246.719648055,247.101541618,249.585525393,249.742483358,250.100757668,250.794270124,252.387197074,253.190656939	4	hyperbolic	0.04	132000
142778	0,1,2,3,4,5,6,7,8,9,10,11,12,13,14,15,16,17,18,19	31.2553411223,80.6066650658,107.606860537,123.605828103,130.640954697,138.578332597,146.223405107,148.466635148,150.571763119,153.560271259,156.481241786,159.214960463,160.494951284,161.991245127,164.978876506,163.300162502,165.085481133,166.989648512,167.45809575,167.536330493	6	hyperbolic	0.04	132000
140537	0,1,2,3,4,5,6,7,8,9,10,11,12,13,14,15,16,17,18,19	-46.0927901555,1.61319091221,27.9552825606,42.9120025984,52.3279325528,58.6308259607,63.389701871,68.0660633137,71.7573674853,74.0941382086,76.6429061704,78.2323921393,81.2496011338,81.6474203991,82.0638523175,85.717051358,85.7160866753,87.2458859077,89.0401350378,86.92075961	5	hyperbolic	0.04	132000
140641	0,1,2,3,4,5,6,7,8,9,10,11,12,13,14,15,16,17,18,19	20.4776165999,71.6290725346,94.4879794448,110.83006082,119.555758673,128.133479573,133.191033837,137.757591602,139.996977731,142.153685694,145.608581837,148.820559776,149.187626372,152.491115823,153.495218992,151.489865799,153.043168828,154.044600388,155.605773372,157.839270472	6	hyperbolic	0.04	132000
142153	0,1,2,3,4,5,6,7,8,9,10,11,12,13,14,15,16,17,18,19	92.337332848,143.53531035,168.67480131,183.398440425,194.546623652,201.047027431,205.899658175,210.463858533,213.673522641,215.302742881,219.072451978,219.558069961,222.472633244,224.304273764,222.748979812,223.527992359,225.625010739,226.009276042,227.007707848,228.313008096	4	hyperbolic	0.04	132000
142018	0,1,2,3,4,5,6,7,8,9,10,11,12,13,14,15,16,17,18,19	81.9182949677,132.270215682,156.582113252,174.469197796,184.554837244,190.847624566,194.465342197,197.911838267,203.459854471,207.24186194,209.396243322,211.042070785,211.835122628,212.094341639,214.334491505,216.045881275,217.403291717,215.961437487,217.855343497,219.395013915	4	hyperbolic	0.04	132000
142097	0,1,2,3,4,5,6,7,8,9,10,11,12,13,14,15,16,17,18,19	-96.9280224453,-45.2722706338,-19.4325270237,-5.73953309941,5.11703678549,12.7716405506,15.2525144472,21.6821015933,24.933837118,27.8818167116,28.6262819029,30.6118291565,31.582422973,34.5229735334,36.7856870852,36.1718705961,38.996316638,38.4436611942,37.3571141128,41.0476024365	3	hyperbolic	0.04	132000
142692	0,1,2,3,4,5,6,7,8,9,10,11,12,13,14,15,16,17,18,19	-47.6218825652,4.43271273391,28.0773876037,45.1391099122,54.4837463522,59.8509225852,67.5150818975,69.253579516,73.9618377448,74.9371581714,80.0465705937,81.3989246958,82.7143464913,81.7840494299,84.688199029,84.3412061729,85.4182036186,87.8111072147,88.5512582305,87.5020479158	5	hyperbolic	0.04	132000
143358	0,1,2,3,4,5,6,7,8,9,10,11,12,13,14,15,16,17,18,19	41.6363898875,90.4291259503,114.184444637,129.874861521,141.094900609,148.830542511,151.9255074,157.622654561,161.465782324,162.984839265,164.268359367,167.923226907,168.870448026,171.539976325,173.460095796,171.269103687,175.123435603,176.412465309,174.759099238,176.489751674	6	hyperbolic	0.04	132000
143775	0,1,2,3,4,5,6,7,8,9,10,11,12,13,14,15,16,17,18,19	-64.8148224032,-13.4661228119,10.675531949,27.2269455712,36.4610642836,42.1149933441,49.2930667639,51.1126441816,57.4777624668,57.1454899256,60.4481393479,62.9823572161,64.6534810777,65.6924411355,66.1201654207,68.8463016902,69.2786103344,68.8882412768,69.4850588532,70.2637672406	3	hyperbolic	0.04	132000
140683	0,1,2,3,4,5,6,7,8,9,10,11,12,13,14,15,16,17,18,19	110.520020833,158.385329487,184.870142429,198.901098342,211.212740361,217.617466201,222.521575068,225.859193941,228.540233655,233.521819938,235.828316577,237.15681253,237.863253077,241.100871104,240.809919568,241.366204998,243.237985066,242.358176549,243.307353856,245.103679703	4	hyperbolic	0.04	132000
143022	0,1,2,3,4,5,6,7,8,9,10,11,12,13,14,15,16,17,18,19	-45.2741534031,3.27896302122,29.2571291099,41.9380931644,52.5070280655,62.2584426625,67.4138236407,71.6163742345,74.1283857619,75.6468822179,77.3769297497,79.3259856214,83.137754991,84.6453109406,83.3158009101,86.6385185126,87.9499300233,87.501032849,88.8792499987,89.9752766648	5	hyperbolic	0.04	132000
141667	0,1,2,3,4,5,6,7,8,9,10,11,12,13,14,15,16,17,18,19	95.812823577,144.238805036,167.599267549,185.649574644,195.7760967,202.129633805,205.339572674,209.432371441,213.196764859,215.393849726,218.255513907,219.714542519,222.727299979,225.078237538,227.028117697,227.435111055,225.759052053,229.072540526,229.124793963,228.784707227	4	hyperbolic	0.04	132000
141109	0,1,2,3,4,5,6,7,8,9,10,11,12,13,14,15,16,17,18,19	-101.973813498,-54.0295198744,-28.3091504255,-15.1474539128,-4.2886863289,4.99396618184,9.13381574916,14.1999940539,15.4009564336,19.5961625079,20.9571442495,23.8755658973,26.11531819,28.050788931,26.0004606236,27.4639618093,30.7400512377,31.1912919541,30.1127573731,33.7649772333	3	hyperbolic	0.04	132000
140716	0,1,2,3,4,5,6,7,8,9,10,11,12,13,14,15,16,17,18,19	0.616807146389,48.4968716777,75.0927548793,87.6542496375,98.3188089666,105.977482517,110.671734866,115.360774696,119.386605025,122.336334905,125.754215954,125.519756896,126.361432142,130.810708445,131.477853624,130.199933988,133.078669861,134.538599353,133.358800291,135.444605943	5	hyperbolic	0.04	132000
142136	0,1,2,3,4,5,6,7,8,9,10,11,12,13,14,15,16,17,18,19	41.6986527057,90.3686048062,115.571280932,131.765795826,141.174142414,146.789647194,154.262967175,157.318763201,160.137995738,163.735823108,163.920465887,167.126477217,170.373085683,170.046489189,172.488627834,172.548031265,173.163587239,173.970179703,176.404156357,177.908082434	6	hyperbolic	0.04	132000
143261	0,1,2,3,4,5,6,7,8,9,10,11,12,13,14,15,16,17,18,19	57.7382172876,108.800967262,133.194934433,149.291999834,158.928235073,165.5924823,171.621810882,175.190312037,178.029310701,182.294632048,181.856743116,185.797673706,187.222175221,187.787320427,189.032401171,191.089445817,190.172096097,192.251430614,194.937950433,195.427551491	4	hyperbolic	0.04	132000
141404	0,1,2,3,4,5,6,7,8,9,10,11,12,13,14,15,16,17,18,19	-127.685135416,-79.9697956962,-51.7735784265,-39.9172996479,-27.1125758423,-20.1096304291,-15.4219788863,-12.1103417326,-8.356178593,-4.81711019293,-4.50333037803,-0.0117647078597,0.699318898808,1.60163295276,1.41470020741,3.2975074563,5.52322687256,7.43987713463,7.52171723266,8.000338075	3	hyperbolic	0.04	132000
141140	0,1,2,3,4,5,6,7,8,9,10,11,12,13,14,15,16,17,18,19	11.2068822542,61.7609360666,86.6033755275,102.824742024,110.64236686,118.60012663,125.556190838,127.188517833,130.075506684,135.343974179,137.679921599,138.208831296,141.367971436,142.587915772,143.23471645,143.106078152,145.568404984,145.760216108,144.666899871,148.674334476	5	hyperbolic	0.04	132000
141870	0,1,2,3,4,5,6,7,8,9,10,11,12,13,14,15,16,17,18,19	-64.369066814,-14.1618076913,9.16455548484,24.2015518184,34.6465087872,42.5393948594,47.0700961863,49.9683387182,56.4458811143,57.5510565085,60.3453918226,62.7874440142,63.1619149003,65.4727553615,65.792646378,67.6403012905,67.3965895185,70.4975828423,70.4867966158,70.7896683985	3	hyperbolic	0.04	132000
140140	0,1,2,3,4,5,6,7,8,9,10,11,12,13,14,15,16,17,18,19	-134.74381173,-82.5937660745,-58.4544161616,-44.714147176,-34.8608136014,-27.9668842499,-21.8700881343,-17.1660544097,-12.4369140037,-12.2978040275,-7.20050839166,-7.84363085793,-5.56886010318,-5.04183289869,-1.03467088778,-2.85516760265,-1.28440725086,-0.847713323015,1.32032804535,1.44984652246	3	hyperbolic	0.04	132000
140354	0,1,2,3,4,5,6,7,8,9,10,11,12,13,14,15,16,17,18,19	39.1462277117,89.4045561127,113.08635072,129.09271311,139.825520304,145.981432749,150.391849499,155.730259362,159.982879446,160.221552311,164.595076925,167.22840436,165.933665804,167.576561318,169.890205969,169.809929268,170.845438102,172.608135679,174.819340393,173.113961781	6	hyperbolic	0.04	132000
140847	0,1,2,3,4,5,6,7,8,9,10,11,12,13,14,15,16,17,18,19	114.020138945,164.352653364,187.745362779,204.074019969,215.960921504,222.520616333,226.826661052,232.681919168,235.786627415,237.314556911,239.941566381,241.226686314,243.088929417,246.034326641,244.939716597,245.273737761,247.562473591,250.183469856,247.925347047,249.233883692	4	hyperbolic	0.04	132000
143593	0,1,2,3,4,5,6,7,8,9,10,11,12,13,14,15,16,17,18,19	-94.9351895196,-42.2780211888,-17.9460367362,-2.40179371958,6.43487136668,13.6057066873,19.5749833159,24.2829386849,28.3572726244,30.8179077144,32.1351777355,34.5502567828,35.5779669669,35.7181457967,37.6293450848,37.5780507221,39.2433463217,42.2197555878,40.960583594,42.375744983	3	hyperbolic	0.04	132000
140487	0,1,2,3,4,5,6,7,8,9,10,11,12,13,14,15,16,17,18,19	-49.6044388512,-2.61736677906,25.441601479,39.5274495227,47.9726704868,54.9223786555,62.3394940166,65.6316935762,69.4786816849,70.9372869462,74.4839473847,76.0043118619,75.8123832454,78.9707616736,80.0618312865,79.5055042921,82.8141760509,82.850530268,84.0995832062,86.2330702396	5	hyperbolic	0.04	132000
142864	0,1,2,3,4,5,6,7,8,9,10,11,12,13,14,15,16,17,18,19	80.9555017542,130.07222893,155.027208566,171.889265887,183.005113555,189.989782314,192.760119546,198.858215414,199.769228151,205.070980684,205.306554345,209.117670993,208.315836414,210.474758755,211.724395772,214.125686226,214.648527879,215.702763675,217.538991961,218.386539697	4	hyperbolic	0.04	132000
142999	0,1,2,3,4,5,6,7,8,9,10,11,12,13,14,15,16,17,18,19	18.5292066802,69.8432009547,93.1545953165,108.892780714,121.331466509,126.835174966,131.65296293,137.503729424,139.413613918,140.71890092,145.931630707,146.945613362,148.989059281,150.496424402,151.788523999,151.962384582,153.153748289,155.530743019,153.55319567,154.894727218	6	hyperbolic	0.04	132000
141690	0,1,2,3,4,5,6,7,8,9,10,11,12,13,14,15,16,17,18,19	11.4048049224,60.7939116722,86.2489912448,102.235699993,111.436958909,117.396964886,121.634129123,127.296752476,129.935452413,134.454093864,134.414839262,136.765489891,137.591119566,142.073020363,142.437265483,143.414828796,144.398033178,145.263191939,146.495924023,144.7647033	5	hyperbolic	0.04	132000
143133	0,1,2,3,4,5,6,7,8,9,10,11,12,13,14,15,16,17,18,19	-91.2057587521,-40.9106691241,-17.0560773538,-1.91953405586,7.36947968678,16.4287803813,22.0363871552,24.208125181,26.621053683,29.9464903319,34.2639637975,33.4724727777,38.0514490421,36.3128586515,40.307623935,39.7025461304,41.4109005673,42.0098459052,43.0613148567,44.442278486	3	hyperbolic	0.04	132000
143250	0,1,2,3,4,5,6,7,8,9,10,11,12,13,14,15,16,17,18,19	-67.6579667679,-17.9190039787,5.85743689848,23.330585824,33.4540684193,38.1947642701,44.0997317865,50.1654917238,53.2262787994,56.1376421065,57.8926335107,57.7376200487,61.0839643327,63.117926771,63.0687588471,64.7697327113,65.1441261339,65.3846083211,67.8076410603,67.9400253755	3	hyperbolic	0.04	132000
140506	0,1,2,3,4,5,6,7,8,9,10,11,12,13,14,15,16,17,18,19	-6.00755032916,45.3943116935,71.225355687,84.685708492,95.9834724154,101.027049093,106.505694439,110.865375428,114.655139478,117.696408515,120.234774264,120.968217788,122.446573336,125.469048615,127.833920674,127.370883181,127.768920644,130.032461587,130.1852762,129.718525103	5	hyperbolic	0.04	132000
143962	0,1,2,3,4,5,6,7,8,9,10,11,12,13,14,15,16,17,18,19	34.3556038123,84.5736094223,111.584219507,127.655648095,135.847349135,143.644858703,149.942491159,152.437956124,157.105158579,157.77488983,161.995527789,161.244524256,164.581853891,164.894891925,168.638257824,169.047702973,170.44833276,168.769093518,172.390529382,172.166525229	6	hyperbolic	0.04	132000
143048	0,1,2,3,4,5,6,7,8,9,10,11,12,13,14,15,16,17,18,19	56.9761102091,107.732604905,131.41738234,146.673894882,157.220672364,163.899627528,170.047761315,173.490138786,176.486637333,180.976958554,183.909474876,184.259095099,186.517774553,187.5694769,189.145257228,190.453386786,190.648972198,192.633133229,191.041161445,192.995473419	4	hyperbolic	0.04	132000
141617	0,1,2,3,4,5,6,7,8,9,10,11,12,13,14,15,16,17,18,19	-21.9442207001,28.5656716872,52.9939015581,69.9034506383,77.5214491174,84.6663549146,89.8254495765,94.4327013928,99.2875423778,102.045540166,103.307453772,106.027220362,108.109318385,107.514519044,110.366035903,112.545079339,111.982275825,113.014218941,112.638306516,114.853190734	5	hyperbolic	0.04	132000
142338	0,1,2,3,4,5,6,7,8,9,10,11,12,13,14,15,16,17,18,19	-94.858985869,-44.0591648021,-17.1555755915,-2.64313404697,5.5503312974,12.7136961986,20.0913930679,24.157873404,27.6338170709,29.0547375497,30.7015919617,33.8129402081,33.3092813037,35.5031021253,39.1047426153,38.3143216366,40.0255452864,40.4189513549,41.3501022113,43.2356216775	3	hyperbolic	0.04	132000
140276	0,1,2,3,4,5,6,7,8,9,10,11,12,13,14,15,16,17,18,19	37.6506298577,86.2787991985,113.776628435,128.496084946,137.301673628,143.766676753,150.404772227,153.157232227,157.936407887,159.970237526,163.681699949,162.646859009,165.654886953,167.636734333,167.936199383,169.023317748,169.512433498,173.002274141,171.935928189,172.411150367	6	hyperbolic	0.04	132000
142672	0,1,2,3,4,5,6,7,8,9,10,11,12,13,14,15,16,17,18,19	61.8497613605,113.054526799,135.7391937,152.113677198,160.430479728,170.393192721,175.035007698,178.218886435,180.092398571,184.221841847,186.964751528,188.284924289,188.993510373,192.029262582,192.086269011,194.738231724,195.025784484,194.175030742,195.200167425,198.69730468	4	hyperbolic	0.04	132000
143968	0,1,2,3,4,5,6,7,8,9,10,11,12,13,14,15,16,17,18,19	-90.0198846875,-39.3109947118,-17.4580675276,-2.38853579689,10.3444634557,17.8410956658,23.439121012,25.9805547813,30.5538827987,31.420352862,32.7618531765,35.5884389372,39.382155688,39.094228022,40.2202345402,41.847576956,43.5904355848,42.3799410846,43.7650270432,45.2864843567	3	hyperbolic	0.04	132000
143218	0,1,2,3,4,5,6,7,8,9,10,11,12,13,14,15,16,17,18,19	12.7033843503,65.2924692577,88.2971014657,104.286975486,112.973711052,121.614720731,126.861962869,132.396238094,134.102195927,137.13098376,138.428022049,140.51305091,144.110536195,145.552172479,146.266720753,146.846708835,147.724749949,147.490287957,150.892272625,151.239953713	6	hyperbolic	0.04	132000
141154	0,1,2,3,4,5,6,7,8,9,10,11,12,13,14,15,16,17,18,19	-48.9045051469,2.03733584376,25.896473714,43.0692063303,51.6143660904,59.8430577322,64.9686009557,68.5080570589,71.3978702325,73.0592941991,77.4531531787,80.6351633297,79.7678552231,81.9502172501,83.735679914,84.8258245491,85.7323690341,84.8255279485,86.420244897,86.9584891188	5	hyperbolic	0.04	132000
140381	0,1,2,3,4,5,6,7,8,9,10,11,12,13,14,15,16,17,18,19	106.147738917,155.687269632,179.633842006,194.153674671,204.48050048,212.650167151,216.738120491,221.853760971,227.118217561,229.989594086,231.28423978,233.116157145,234.538388959,236.151582606,236.678308389,238.631398954,240.592450245,238.400565465,242.194093899,241.826187666	4	hyperbolic	0.04	132000
140937	0,1,2,3,4,5,6,7,8,9,10,11,12,13,14,15,16,17,18,19	116.870334376,166.204944901,192.660634409,209.259810112,216.071869337,223.243099947,230.209012485,233.926152473,236.752150691,239.09375783,243.952378272,243.886976973,247.354032145,249.089939171,249.692262201,249.096894289,250.212177603,252.402010395,254.033111648,252.894524095	4	hyperbolic	0.04	132000
141544	0,1,2,3,4,5,6,7,8,9,10,11,12,13,14,15,16,17,18,19	21.5069377201,71.5526461835,96.4993867447,113.030729384,123.62564121,128.417031728,133.986740873,140.670754978,143.565632675,145.09100629,149.426109879,150.287529577,150.04759988,152.350130708,153.576863299,153.938710286,155.816376897,158.263199521,159.588247911,158.438631803	6	hyperbolic	0.04	132000
142431	0,1,2,3,4,5,6,7,8,9,10,11,12,13,14,15,16,17,18,19	97.1273120142,147.52160917,170.035972744,187.889984918,196.957977609,201.902511394,210.243765852,214.116526384,216.573609629,217.900568984,222.472403561,224.52269151,224.485156934,227.876183468,229.080540509,226.983160387,231.176692385,230.634985864,231.474127075,230.856666903	4	hyperbolic	0.04	132000
140286	0,1,2,3,4,5,6,7,8,9,10,11,12,13,14,15,16,17,18,19	-51.4980119546,-1.98193117508,22.5026161794,39.285378744,48.0667942298,54.4407290135,59.3259260487,63.5089382689,67.6239398208,70.3438534142,73.5098433144,75.8328966683,77.8317102704,79.5621331971,78.3551125078,79.1029023353,82.2868078945,83.7228642863,82.9698377176,82.8525626739	5	hyperbolic	0.04	132000
142657	0,1,2,3,4,5,6,7,8,9,10,11,12,13,14,15,16,17,18,19	-27.3330916645,24.007388253,47.8760735955,64.745955062,72.2969940415,79.5350658949,84.9302773051,91.3427401489,95.1599806987,95.149135967,98.3382087193,99.3006074947,101.624974481,102.62734321,104.936802541,105.229413597,105.768025287,107.046263846,110.397816983,110.805289127	5	hyperbolic	0.04	132000
142114	0,1,2,3,4,5,6,7,8,9,10,11,12,13,14,15,16,17,18,19	-103.885411249,-54.5948639162,-27.4790150607,-13.501201418,-4.29766448877,4.44448670535,10.8075673629,14.6392387792,16.2991057035,21.1258679044,22.8604661604,23.7508552851,24.2435886691,25.913634249,26.3919812394,30.6037052491,29.4664699655,31.114972362,32.8748008528,30.9422531624	3	hyperbolic	0.04	132000
141387	0,1,2,3,4,5,6,7,8,9,10,11,12,13,14,15,16,17,18,19	62.1632589488,115.023947869,138.127268975,151.842817751,161.847636544,169.138343325,175.554384382,181.885923456,182.60501555,186.042235778,187.402721969,188.829692829,193.429585904,194.181716122,193.337624455,195.320525492,195.735403299,198.276056024,199.521782219,199.067975403	4	hyperbolic	0.04	132000
143611	0,1,2,3,4,5,6,7,8,9,10,11,12,13,14,15,16,17,18,19	109.695970515,158.818643882,182.664895251,198.935365133,208.626295183,217.619738415,222.469889512,224.498822048,228.881132006,230.415116973,235.611725379,235.720535881,238.906761026,240.043795204,240.826306664,240.422066946,243.742486384,244.618786985,245.033220112,243.626887252	4	hyperbolic	0.04	132000
143859	0,1,2,3,4,5,6,7,8,9,10,11,12,13,14,15,16,17,18,19	89.3302669402,140.356571296,167.089927076,180.250894755,190.379993393,197.717900894,203.905261671,206.144997623,210.632868731,213.115417042,217.10968194,219.23158221,218.189850984,222.598706451,222.198804643,222.378586099,225.442781114,225.26567155,225.247122159,225.208490692	4	hyperbolic	0.04	132000
142357	0,1,2,3,4,5,6,7,8,9,10,11,12,13,14,15,16,17,18,19	90.9909929859,142.050389014,164.743563356,181.178788008,192.064868082,196.854594358,203.249046364,207.797994398,209.657898172,212.690276382,217.293442863,217.276446602,220.202716204,219.528810398,220.576760713,222.646221829,222.902798417,223.902354266,224.35073144,226.901074217	4	hyperbolic	0.04	132000
143852	0,1,2,3,4,5,6,7,8,9,10,11,12,13,14,15,16,17,18,19	-61.5545538314,-13.7469046378,11.775662131,26.5897425223,37.3967410254,43.0793743381,48.9358833546,54.2765345744,56.2084265997,57.8181682403,62.5620200833,64.762482868,65.0796680428,65.605139359,67.2096587145,69.9971642972,69.8075973518,71.8346831749,70.1101842724,71.8240875531	3	hyperbolic	0.04	132000
140816	0,1,2,3,4,5,6,7,8,9,10,11,12,13,14,15,16,17,18,19	5.41055068654,55.4180332537,80.3693554313,95.3900318931,106.903007163,114.744998185,118.436127308,122.197408679,127.707615596,128.530149298,132.730534477,134.389488743,134.529516784,135.205174375,136.052762502,138.384539816,139.812577827,139.919357946,141.288001098,141.868287274	5	hyperbolic	0.04	132000
140965	0,1,2,3,4,5,6,7,8,9,10,11,12,13,14,15,16,17,18,19	38.310593322,88.2743850536,113.109354367,127.608047029,137.355972892,144.253768578,150.600591885,154.948203911,157.813228428,159.868812896,163.408036025,166.254355474,166.647763156,166.542391765,171.071833069,171.984581163,169.814595543,173.883800224,173.149823003,174.985261401	6	hyperbolic	0.04	132000
141572	0,1,2,3,4,5,6,7,8,9,10,11,12,13,14,15,16,17,18,19	99.0902066878,148.260808441,173.183857541,189.909242336,199.598729346,204.518423834,210.476198146,213.806701107,217.484963545,222.753708722,223.379922516,225.705181163,228.999251214,228.564809212,229.474384206,229.661596715,233.731892013,232.039083861,232.862852602,234.050680919	4	hyperbolic	0.04	132000
142767	0,1,2,3,4,5,6,7,8,9,10,11,12,13,14,15,16,17,18,19	-67.2852927329,-17.1858421083,9.2561136065,23.5538791537,34.2493934093,41.0390846467,46.5835338921,48.1142208353,53.6834848044,54.4792336162,59.4250454641,60.8838342757,62.0620346957,64.0993399415,64.2105716135,64.2352573693,66.6449414395,68.5960152966,68.651359306,69.7609586543	3	hyperbolic	0.04	132000
143543	0,1,2,3,4,5,6,7,8,9,10,11,12,13,14,15,16,17,18,19	-21.8560174873,28.3673545807,51.6058652076,67.9217054315,77.5026997651,85.940248022,90.171152046,93.1870342177,96.7869782607,99.1083271204,101.415611546,105.161078312,106.628171678,108.854968647,109.629832601,110.003804922,110.06803284,112.225537716,114.182250506,112.677822625	5	hyperbolic	0.04	132000
140492	0,1,2,3,4,5,6,7,8,9,10,11,12,13,14,15,16,17,18,19	-94.0245900172,-45.3895884116,-19.2908979904,-3.5447352727,5.75515048346,11.2833426593,16.9088847657,22.8844785384,26.9268909577,28.430446897,31.396084501,34.3380722568,34.0913042949,36.0207801474,37.7611076844,39.1142990104,40.5880726008,38.9802564023,40.3854022782,41.0635666563	3	hyperbolic	0.04	132000
141686	0,1,2,3,4,5,6,7,8,9,10,11,12,13,14,15,16,17,18,19	76.0967391366,127.000781064,150.501984849,167.520878545,175.310728295,181.979327381,188.634600385,194.443962374,195.858332718,198.416990557,199.993134936,204.635829569,203.314896992,204.929037724,207.230996081,209.028333175,209.099877789,211.265198558,210.332918186,211.534803644	4	hyperbolic	0.04	132000
140057	0,1,2,3,4,5,6,7,8,9,10,11,12,13,14,15,16,17,18,19	-121.725749915,-73.1712751764,-45.4642049197,-32.8184008249,-21.9993377406,-13.5869332961,-7.40649541148,-6.45767697487,-2.0462749448,-0.24882052717,2.03459112767,5.95407925238,7.44056321449,9.62210001488,10.0179192339,11.2875938644,10.8599254141,11.8021166221,12.4560954628,13.1613892848	3	hyperbolic	0.04	132000
142604	0,1,2,3,4,5,6,7,8,9,10,11,12,13,14,15,16,17,18,19	12.6264487284,59.4303619378,85.8478090698,100.674405114,109.475047412,119.088061558,123.883112563,128.090824737,131.893600739,134.67186588,134.625998404,137.767233175,139.55457845,141.351218629,142.3242824,144.804466078,143.678463341,145.112151323,147.699599241,145.640531143	5	hyperbolic	0.04	132000
140884	0,1,2,3,4,5,6,7,8,9,10,11,12,13,14,15,16,17,18,19	115.549005965,168.449449183,193.287004855,205.90934996,216.746639021,223.245665246,231.116714042,232.012135669,236.570476246,239.627426745,241.97193217,243.109715586,245.631726404,247.478054194,247.468217965,248.128236043,250.071613273,251.554658478,252.358671868,251.210288191	4	hyperbolic	0.04	132000
140615	0,1,2,3,4,5,6,7,8,9,10,11,12,13,14,15,16,17,18,19	-44.0098914091,4.80045247677,30.5357322597,45.2873084313,54.4536167072,62.9992834715,65.6688542869,72.3568158111,74.2911432976,76.1750050879,79.0491377372,82.5349842322,84.0066320774,84.1360160434,86.2380688584,85.4104665742,89.4093478734,88.1776280813,89.5951391036,89.255406243	5	hyperbolic	0.04	132000
143940	0,1,2,3,4,5,6,7,8,9,10,11,12,13,14,15,16,17,18,19	-21.1654338009,30.9276758249,54.0561087471,70.3424421264,79.9585918839,86.6530762773,92.9590534042,96.3034065334,99.7671221926,101.770006244,103.520484593,108.002886732,107.673614851,108.779086378,110.912343857,113.417729538,111.712010483,115.684460634,113.836479695,115.41097942	5	hyperbolic	0.04	132000
142033	0,1,2,3,4,5,6,7,8,9,10,11,12,13,14,15,16,17,18,19	62.2744476583,110.496020308,138.65149686,153.617055466,161.602679241,168.551070339,174.191272723,178.480726328,181.001105516,183.497625427,187.196799491,187.600917954,189.382321503,190.32062304,193.181819952,195.260107649,196.748912924,195.608059793,197.253623376,197.821348545	4	hyperbolic	0.04	132000
140288	0,1,2,3,4,5,6,7,8,9,10,11,12,13,14,15,16,17,18,19	77.1587672538,128.244212741,152.128683293,168.384969404,176.453484216,183.801077597,188.986838936,192.396906294,196.470267376,199.452507563,200.585241073,203.545883378,206.441136878,207.255760477,208.455320702,208.802655548,210.080255952,211.030584481,211.060068673,213.182792081	4	hyperbolic	0.04	132000
141242	0,1,2,3,4,5,6,7,8,9,10,11,12,13,14,15,16,17,18,19	107.190233311,156.94502083,180.590676284,194.785091683,203.862118293,212.586642301,218.272311969,220.678878368,226.820723574,229.486658721,231.525548769,231.823015059,234.896446596,234.364988769,237.93330833,239.079796092,239.15785127,240.762094297,238.859883316,240.13274895	4	hyperbolic	0.04	132000
141402	0,1,2,3,4,5,6,7,8,9,10,11,12,13,14,15,16,17,18,19	2.13137742298,52.537418804,77.118653642,94.9296710452,102.368571466,111.744180464,117.300122522,120.549993726,124.61493218,127.233862599,129.952401579,128.671210909,131.414648518,135.000145964,135.473698064,136.039162821,137.817918191,137.557802473,138.162498742,139.090771147	5	hyperbolic	0.04	132000
142232	0,1,2,3,4,5,6,7,8,9,10,11,12,13,14,15,16,17,18,19	1.99355839972,53.3843301511,77.1672648215,91.6026900156,102.906248478,110.514457297,115.778824164,119.157932952,123.623434036,126.013168058,128.266207712,130.843803985,132.69948899,134.016888295,133.539785059,133.363914066,136.055230082,136.509034671,136.85030804,138.789674482	5	hyperbolic	0.04	132000
143183	0,1,2,3,4,5,6,7,8,9,10,11,12,13,14,15,16,17,18,19	74.4747683547,124.046816864,150.301513109,163.165745652,176.104347399,182.780321866,186.915310426,191.888122567,193.728014675,195.768291599,201.044209955,202.810627906,204.784358324,203.272869195,206.235409573,206.416404912,207.098560231,209.585191068,208.714474077,210.365683814	4	hyperbolic	0.04	132000
142190	0,1,2,3,4,5,6,7,8,9,10,11,12,13,14,15,16,17,18,19	-134.668111235,-84.6135792443,-60.8258163854,-44.4721993469,-34.7969422017,-25.8112644049,-20.2387992395,-17.2621188108,-12.5133559484,-10.320175795,-10.8150082513,-8.65375053506,-7.21657244604,-4.0326630149,-2.69157271333,-1.74888535075,-0.0277440069466,0.775331598671,1.90845611083,-0.0240192506863	3	hyperbolic	0.04	132000
141445	0,1,2,3,4,5,6,7,8,9,10,11,12,13,14,15,16,17,18,19	117.229601754,167.408716227,195.166257663,208.713569906,219.009171856,226.411447784,230.761328063,233.851726291,239.790049378,240.735937087,242.62855887,245.915178466,247.445412195,249.495247673,248.383080094,250.296881391,253.445881206,253.968571027,254.016404904,253.555391524	4	hyperbolic	0.04	132000
141451	0,1,2,3,4,5,6,7,8,9,10,11,12,13,14,15,16,17,18,19	54.8326951326,103.366014892,127.684012698,144.814506298,154.609571096,162.017562003,166.744062622,170.239807271,172.326880885,177.16952813,178.401279131,180.07255782,182.161410673,183.661648593,186.069091111,187.092768265,185.614425482,187.717851344,186.749125024,187.93743836	4	hyperbolic	0.04	132000
141007	0,1,2,3,4,5,6,7,8,9,10,11,12,13,14,15,16,17,18,19	-101.7761107,-53.4730558377,-26.8075888157,-11.8132394216,-1.11295097792,2.97765729022,8.5671161828,15.5772676294,16.4854346435,19.0615716952,23.1038017664,24.5744169279,25.6985740224,28.0229844432,27.3543787143,27.8793184995,31.5731641092,31.0447398672,32.9996971522,32.4376292021	3	hyperbolic	0.04	132000
140839	0,1,2,3,4,5,6,7,8,9,10,11,12,13,14,15,16,17,18,19	27.3513225543,76.4922077172,100.436810442,115.720526456,127.598722568,132.135207933,137.40053099,144.676749125,147.351834369,149.787685137,152.784148188,153.105185023,155.48727579,156.18892436,158.059614707,157.575142517,159.786721545,158.92166993,160.209751666,163.567245932	6	hyperbolic	0.04	132000
140577	0,1,2,3,4,5,6,7,8,9,10,11,12,13,14,15,16,17,18,19	-63.6655633213,-14.4244343843,12.3701686481,27.8411077257,36.0602493506,43.8323481169,47.6356673494,53.6034088539,55.6804351579,57.9253941396,62.7427762696,64.1446049462,66.44843266,67.9153280094,68.1326215819,68.0959540358,70.4820345811,70.3019536194,69.8089743348,72.6270919331	3	hyperbolic	0.04	132000
143217	0,1,2,3,4,5,6,7,8,9,10,11,12,13,14,15,16,17,18,19	-21.7763554927,28.3304536569,53.4812213966,67.8927968374,77.8578431639,84.9843977107,89.3831816766,92.4716952745,97.3776750607,101.253001168,102.880094028,103.970030376,105.256520914,107.354969945,106.753824034,108.236288935,111.168841685,111.667926092,110.895416219,114.260607228	5	hyperbolic	0.04	132000
141409	0,1,2,3,4,5,6,7,8,9,10,11,12,13,14,15,16,17,18,19	-47.0539566355,3.80387630264,30.6304344079,44.0211391391,54.7918632763,60.904565607,67.7018389507,71.6383144791,75.0419270475,75.6442424831,78.0561581646,82.8379715688,83.9279069668,84.4991168873,84.8909858328,87.0333161773,86.0710677278,89.6740027538,90.8727703504,89.9720329423	5	hyperbolic	0.04	132000
142352	0,1,2,3,4,5,6,7,8,9,10,11,12,13,14,15,16,17,18,19	-95.8285919096,-45.4128029659,-21.5717520127,-6.86954819735,5.64375739428,10.2604084931,15.7347023543,20.5648337662,25.4469813867,28.2348794471,30.1063733109,31.2850326842,34.0203065656,35.6420219418,34.5087969778,35.5564953059,39.0502742827,37.3083323437,39.6500340431,40.0605286292	3	hyperbolic	0.04	132000
141730	0,1,2,3,4,5,6,7,8,9,10,11,12,13,14,15,16,17,18,19	56.1388019698,105.99708994,128.846057557,146.473461639,155.008100848,160.663126809,168.922646833,172.511094909,173.511243321,176.445497678,180.150184458,182.308480367,183.366476252,184.567243916,185.57821534,188.782020202,186.946443963,188.66286393,189.138189535,189.561849468	4	hyperbolic	0.04	132000
142995	0,1,2,3,4,5,6,7,8,9,10,11,12,13,14,15,16,17,18,19	-9.93259723866,41.7479337183,66.2024923104,79.8168350551,89.2849565961,99.0988728917,101.587435532,107.100319859,109.496933591,113.914307677,116.142643641,115.958987156,118.362461862,119.573120143,122.170429809,121.539254923,123.32919233,125.903074222,126.562380839,125.937489175	5	hyperbolic	0.04	132000
142318	0,1,2,3,4,5,6,7,8,9,10,11,12,13,14,15,16,17,18,19	90.7486428495,141.124021552,167.142150211,181.300608599,191.947519454,200.216853331,204.443981278,208.30454748,212.286330286,214.965567785,216.966279821,219.17131166,219.545084072,221.829614071,223.445797911,226.353532552,225.183653405,225.438427524,226.513823913,229.243247156	4	hyperbolic	0.04	132000
142963	0,1,2,3,4,5,6,7,8,9,10,11,12,13,14,15,16,17,18,19	64.3523743863,113.720102695,140.171549032,155.650857109,163.5330618,170.581294119,176.477807294,181.136788959,184.045684507,187.372095119,191.230459226,190.476248081,194.678415423,195.920970347,197.147835499,196.085758679,198.086019411,197.99219609,197.939244026,200.16846598	4	hyperbolic	0.04	132000
140144	0,1,2,3,4,5,6,7,8,9,10,11,12,13,14,15,16,17,18,19	134.121296733,185.354129755,209.382613934,226.72546374,234.258243546,242.748347161,249.144707498,253.795437262,253.895080404,259.049861424,259.944901263,260.967716966,264.050380058,265.645478284,267.327949447,268.255177858,269.415889466,268.28252297,270.774832846,270.99148797	4	hyperbolic	0.04	132000
143148	0,1,2,3,4,5,6,7,8,9,10,11,12,13,14,15,16,17,18,19	-34.8598823911,15.209941739,40.2439768714,53.6299394776,63.7401240255,72.622686547,77.0695983024,79.9536665309,84.8725011824,87.7876820878,87.9692920777,90.7892362488,92.0643795325,94.5125981418,95.1234236785,97.9727086935,97.9444970819,97.3052107311,99.5584194527,99.3775880864	5	hyperbolic	0.04	132000
141129	0,1,2,3,4,5,6,7,8,9,10,11,12,13,14,15,16,17,18,19	-25.663586571,27.2531622026,49.8327591541,67.1282041312,75.7749096412,82.9277539287,89.973350238,91.4294358104,94.3619941579,97.0962891702,100.899377196,104.323564515,106.247286768,105.689410744,105.808986232,107.943095773,108.381841737,109.583876668,109.580059298,111.337251416	5	hyperbolic	0.04	132000
140333	0,1,2,3,4,5,6,7,8,9,10,11,12,13,14,15,16,17,18,19	-98.3979661813,-47.2394806152,-23.8209126218,-7.97763323098,1.6791632139,9.06889719069,13.3359953415,18.2008533977,21.1663889453,25.4514926265,25.2621770264,27.5736312008,28.575312331,31.7157684626,32.2924964392,34.6933943345,33.2435877644,33.9452087304,36.356945675,37.2212411369	3	hyperbolic	0.04	132000
140595	0,1,2,3,4,5,6,7,8,9,10,11,12,13,14,15,16,17,18,19	-5.64322820135,41.9634074425,68.1815900745,83.3179638159,94.7690852945,102.249990962,107.40531832,109.29875997,114.651125566,115.979484754,118.891639191,120.788322539,120.693456342,123.092919178,124.986696854,127.472545618,126.750189085,127.336085925,128.107070766,128.457696806	5	hyperbolic	0.04	132000
142955	0,1,2,3,4,5,6,7,8,9,10,11,12,13,14,15,16,17,18,19	-67.2583210753,-19.0082152072,7.96412905674,21.5729762123,33.6982153259,38.0016267022,43.3361850666,49.1229468893,53.7226605215,54.2532891436,58.6692888413,59.8415355269,61.4510075974,62.5651974027,65.0474049884,64.001366549,65.1169718345,67.3326665179,67.0206751761,67.961586975	3	hyperbolic	0.04	132000
140678	0,1,2,3,4,5,6,7,8,9,10,11,12,13,14,15,16,17,18,19	-54.6144191354,-5.22686138741,18.8318960249,34.3350938632,45.4962656202,53.5738417068,58.0798052857,62.1719038421,64.726868622,67.1772419626,70.5994456579,72.8581929689,75.358097964,73.5103653334,77.0558170125,77.272060075,79.7217991694,80.3064621623,80.6763255972,81.3898549213	5	hyperbolic	0.04	132000
140593	0,1,2,3,4,5,6,7,8,9,10,11,12,13,14,15,16,17,18,19	-13.4983352426,36.7575937854,61.5451270282,77.0979502809,88.0623311194,96.1803395228,100.284557989,104.361053293,109.321543357,111.24707787,113.619568634,114.465969118,117.546757936,119.257924998,120.698463231,119.652684123,120.437350791,123.596907136,124.070985023,122.890535166	5	hyperbolic	0.04	132000
141261	0,1,2,3,4,5,6,7,8,9,10,11,12,13,14,15,16,17,18,19	116.543875426,169.0638448,193.0942678,208.128518617,217.12234443,224.958679836,229.366562144,233.757782787,235.968700577,240.223020482,244.156277273,242.823844097,246.045991847,246.278943555,249.130136072,248.608370866,250.842921827,252.993011034,253.535871183,253.616876221	4	hyperbolic	0.04	132000
143428	0,1,2,3,4,5,6,7,8,9,10,11,12,13,14,15,16,17,18,19	-132.91407216,-82.8577458584,-57.9518659734,-43.943638443,-32.5244122478,-27.3094020267,-22.0320231433,-18.815578949,-13.9539207546,-11.0165518246,-9.84942346904,-7.06314987953,-5.99063391499,-4.39686656689,-2.57153183478,-2.45771655311,-1.12079193362,-0.446666646018,0.871772654,3.08184045451	3	hyperbolic	0.04	132000
142490	0,1,2,3,4,5,6,7,8,9,10,11,12,13,14,15,16,17,18,19	13.0023693833,64.0615347313,90.7496746415,103.520256963,113.246299978,121.203749213,125.462933536,132.04318316,134.456327157,135.879679082,138.887219897,139.857165215,142.245226006,144.588371823,147.011706322,147.749774105,146.745996558,149.718214038,149.414840804,148.638755566	5	hyperbolic	0.04	132000
143685	0,1,2,3,4,5,6,7,8,9,10,11,12,13,14,15,16,17,18,19	43.1240812706,93.2522220166,120.8652975,134.5378897,143.335666185,152.282933994,156.760372767,160.685161042,162.963140641,165.600751864,169.811631492,170.894483608,173.964823834,172.824694822,177.247003073,176.567776425,178.970611449,178.123490742,178.090494375,180.023822048	6	hyperbolic	0.04	132000
140193	0,1,2,3,4,5,6,7,8,9,10,11,12,13,14,15,16,17,18,19	61.7230130997,111.618707759,139.069135853,153.191567888,164.464718836,170.798200445,176.460439967,179.985298053,182.603097097,186.760315993,186.465294018,188.502514318,192.64385627,193.621509591,193.114062354,194.869108174,197.01367616,195.726586516,197.144314563,199.865423103	4	hyperbolic	0.04	132000
141781	0,1,2,3,4,5,6,7,8,9,10,11,12,13,14,15,16,17,18,19	-72.0669185489,-20.6837817037,4.71752611582,18.8864139575,29.1616131881,35.8025792449,43.0223712215,47.5814943891,49.0993266119,51.023594237,53.5701425822,57.8352503992,58.0423534081,58.2909717784,59.5592394471,61.8151806419,61.4711672287,63.948130418,65.8017762856,65.0299202572	3	hyperbolic	0.04	132000
141201	0,1,2,3,4,5,6,7,8,9,10,11,12,13,14,15,16,17,18,19	11.3760744723,58.4011861858,84.837246696,101.470365769,111.588491046,115.679674058,121.373348158,125.560699737,130.61742422,132.608178834,136.282811375,135.695967216,137.637305915,138.356291742,142.041582353,143.467261381,142.760378476,145.290085678,144.610903684,145.483690807	5	hyperbolic	0.04	132000
140873	0,1,2,3,4,5,6,7,8,9,10,11,12,13,14,15,16,17,18,19	79.3630548197,128.89913925,153.347388055,169.369367678,178.213309778,184.866853599,190.955355,196.545679659,197.304944468,200.906897386,203.212814907,204.933902656,208.258508217,210.044621805,210.969217987,209.959013078,211.517630531,213.765629822,212.291031905,213.291103443	4	hyperbolic	0.04	132000
143811	0,1,2,3,4,5,6,7,8,9,10,11,12,13,14,15,16,17,18,19	-5.74639631747,45.8272586259,69.0071083302,85.9365482121,96.1386757181,104.196291894,108.039030882,113.948341936,114.013332731,117.393681928,121.241735067,122.295579569,124.901919988,125.952027179,128.523541703,126.257870233,129.483036323,129.063761686,129.693071513,130.483180542	5	hyperbolic	0.04	132000
142661	0,1,2,3,4,5,6,7,8,9,10,11,12,13,14,15,16,17,18,19	-131.519494967,-78.4696862358,-53.6801489733,-39.8543169089,-30.6915668254,-22.0706342681,-18.7662254778,-12.2100536154,-11.1871537297,-7.74037436349,-6.20368697089,-2.73936932082,-2.22563497819,1.30308456383,0.181503618468,3.25988701157,3.12205610388,4.75572548453,6.31096902047,6.79504556582	3	hyperbolic	0.04	132000
141328	0,1,2,3,4,5,6,7,8,9,10,11,12,13,14,15,16,17,18,19	110.53023352,158.319514209,184.849135248,198.79245429,210.044684971,215.39174289,222.290260726,228.013290897,230.560716673,233.993948651,235.816811657,235.213839876,238.078412895,238.83016157,240.637781479,241.883684961,243.196848065,245.390430084,245.6648991,245.176575996	4	hyperbolic	0.04	132000
142369	0,1,2,3,4,5,6,7,8,9,10,11,12,13,14,15,16,17,18,19	42.4694140349,90.6955504243,114.691128399,131.573659284,139.896644229,148.455243478,152.564516942,156.220612684,162.103644969,162.606290648,164.830905658,168.434743548,168.342822234,171.973090643,171.31479367,172.963758017,175.04996315,174.12773798,176.354987703,177.911830431	6	hyperbolic	0.04	132000
143061	0,1,2,3,4,5,6,7,8,9,10,11,12,13,14,15,16,17,18,19	95.276700988,145.855125683,168.934721739,185.30989043,194.991958831,203.730475469,205.841018985,212.509321718,216.379333479,218.933080133,220.238382375,222.524325282,223.61972517,223.842203659,227.151735058,225.695389579,229.076678074,230.125811907,228.800957374,230.802683705	4	hyperbolic	0.04	132000
143245	0,1,2,3,4,5,6,7,8,9,10,11,12,13,14,15,16,17,18,19	66.148450575,114.595060234,139.076621801,154.717945973,165.338316895,171.519085792,179.525128787,183.413116035,187.292280969,188.869483201,190.825237911,193.911830515,195.539715504,196.691532107,198.571752135,196.47721237,200.202303891,199.360562548,202.255331173,202.603305365	4	hyperbolic	0.04	132000
141500	0,1,2,3,4,5,6,7,8,9,10,11,12,13,14,15,16,17,18,19	129.695297095,179.148823939,205.7289649,219.048292733,229.29752969,236.457513609,242.268139373,246.178109112,249.368837939,251.924156225,254.693534635,256.419363007,258.059416083,259.59354114,261.781243419,264.177869661,263.13167602,263.156101615,266.23868118,265.444958472	4	hyperbolic	0.04	132000
141161	0,1,2,3,4,5,6,7,8,9,10,11,12,13,14,15,16,17,18,19	-120.159930158,-71.9677807261,-47.5508404055,-32.7302031994,-20.0268419236,-13.8288688331,-9.60276813507,-4.73066726523,-2.40915070229,1.50269269354,3.29197790822,5.87209494828,6.73862731318,8.75019289449,8.75638613352,12.0025023569,12.6286645667,10.9012978762,14.599920032,13.6613421596	3	hyperbolic	0.04	132000
140259	0,1,2,3,4,5,6,7,8,9,10,11,12,13,14,15,16,17,18,19	100.002146643,150.754619631,175.939114216,189.810877652,200.794436595,208.902044533,214.030225711,217.093821447,221.473076306,224.337981018,225.113779331,227.398971144,229.553892721,231.67554724,229.994037557,232.723276179,235.24269522,233.458915255,234.0377518,235.421256818	4	hyperbolic	0.04	132000
141687	0,1,2,3,4,5,6,7,8,9,10,11,12,13,14,15,16,17,18,19	-113.035574256,-64.8487144629,-40.3080016097,-23.7991055933,-14.4287137536,-8.88154705546,-3.18856199634,2.28155411081,5.40501687769,7.66934134102,11.4828716936,13.4770318662,14.9082100853,17.2360901261,16.5860536684,17.499580478,18.910803785,19.7600962302,19.8911771663,21.6138266597	3	hyperbolic	0.04	132000
142766	0,1,2,3,4,5,6,7,8,9,10,11,12,13,14,15,16,17,18,19	13.3299383811,63.2582113306,90.1384863495,102.895534069,112.954127271,121.884364061,127.135752596,132.213776917,134.876277801,136.641124911,137.803992352,139.392650269,142.810072324,143.227618776,143.613941524,147.52058589,146.277366921,147.940029065,147.419471579,150.328685381	5	hyperbolic	0.04	132000
140335	0,1,2,3,4,5,6,7,8,9,10,11,12,13,14,15,16,17,18,19	-103.096409567,-54.9813819156,-30.1243936091,-12.4442204187,-1.93812508734,5.35546965458,8.16736087277,11.8794264937,16.6781250634,17.8861639774,20.7083631031,23.9236682926,26.5084381179,28.0304458256,27.9682868388,29.974931532,30.1832936602,32.1989298061,31.7695080418,33.1876555684	3	hyperbolic	0.04	132000
140466	0,1,2,3,4,5,6,7,8,9,10,11,12,13,14,15,16,17,18,19	72.8732459485,124.380591808,147.83328959,164.284569544,172.639737623,181.886525834,185.946833129,190.585699541,194.260451708,196.769134269,200.342345347,199.470852792,204.022103058,204.308391696,205.095229099,205.21654417,208.061212508,207.974889604,208.741194552,208.804281636	4	hyperbolic	0.04	132000
142776	0,1,2,3,4,5,6,7,8,9,10,11,12,13,14,15,16,17,18,19	93.949785565,143.629113607,167.58245168,182.268854024,193.546641369,201.821998255,206.711300529,210.795706691,215.078446511,216.561039412,220.017957809,220.33079061,220.924367619,223.158938757,224.964080854,226.865585193,225.840806469,227.32587998,227.136022016,230.660026817	4	hyperbolic	0.04	132000
141346	0,1,2,3,4,5,6,7,8,9,10,11,12,13,14,15,16,17,18,19	89.137300955,139.403133565,164.251359355,179.655836571,187.481604348,194.743936002,201.572225855,205.191401611,207.823975905,212.19480906,214.454134062,216.782773907,215.979364561,217.341677476,220.588540968,220.438163976,222.229410104,223.624112455,223.569175851,222.776924643	4	hyperbolic	0.04	132000
141416	0,1,2,3,4,5,6,7,8,9,10,11,12,13,14,15,16,17,18,19	74.8324203436,127.076962061,151.372227155,165.758533082,176.170179267,182.479076357,187.199735802,193.10935067,197.535109286,197.770668901,200.910670593,204.211579602,203.141078576,205.65642167,205.9539328,209.498531023,210.405136243,211.213603658,212.870016319,211.23159584	4	hyperbolic	0.04	132000
140416	0,1,2,3,4,5,6,7,8,9,10,11,12,13,14,15,16,17,18,19	71.5877159091,120.462448798,145.948812675,162.263132904,170.563215429,178.068995093,185.142606464,189.757124906,191.684940301,195.293320671,197.469553952,199.732327494,199.581734454,202.787035623,204.387693918,204.925960221,205.986943606,206.325130439,207.899804913,206.410521725	4	hyperbolic	0.04	132000
142513	0,1,2,3,4,5,6,7,8,9,10,11,12,13,14,15,16,17,18,19	-130.318507378,-79.0999301038,-54.9912624143,-38.133961426,-30.5740066006,-22.3223235479,-17.5216971945,-13.6722829386,-10.4113627315,-5.70853484427,-3.95126046053,-3.37834007754,-2.39029819955,-0.920937151361,1.45102094344,2.63755819199,3.01369695476,5.03027853103,4.20293138193,7.11727777102	3	hyperbolic	0.04	132000
141382	0,1,2,3,4,5,6,7,8,9,10,11,12,13,14,15,16,17,18,19	-90.9757644603,-39.703325584,-15.9934250201,-0.0727702880754,7.75769722176,15.3644861356,22.135652368,25.5279551674,27.0907392665,32.3192849374,33.8512433621,34.0901532586,36.8447884494,37.4473886113,41.3783001585,39.3979505375,41.2013323376,41.818421733,44.691459057,44.9812144776	3	hyperbolic	0.04	132000
141575	0,1,2,3,4,5,6,7,8,9,10,11,12,13,14,15,16,17,18,19	79.081701116,126.601687019,152.981636635,167.324513543,178.709415479,185.82182452,189.361424266,194.886173415,196.833667748,202.5637552,204.484461133,204.388405845,207.934922527,207.242842907,209.801061301,210.409103932,212.886701003,211.446618461,211.752171444,213.94881322	4	hyperbolic	0.04	132000
142682	0,1,2,3,4,5,6,7,8,9,10,11,12,13,14,15,16,17,18,19	121.718126269,171.968088116,197.623834202,212.682625062,224.686388046,231.445060453,234.478295077,240.13095616,242.237323593,245.19233021,247.37380967,251.939995097,251.836369184,252.261544106,253.02915787,254.909619545,256.661257175,257.728618127,259.144542321,260.455363434	4	hyperbolic	0.04	132000
141992	0,1,2,3,4,5,6,7,8,9,10,11,12,13,14,15,16,17,18,19	78.2933877173,125.918727604,153.505568742,166.345613446,177.409107164,184.550456178,189.308382209,194.163293853,197.468871599,199.847585245,201.161794895,205.712370956,206.867123344,206.257695901,207.963803145,211.40252275,209.921831969,210.559580366,212.336110951,211.969082246	4	hyperbolic	0.04	132000
142480	0,1,2,3,4,5,6,7,8,9,10,11,12,13,14,15,16,17,18,19	10.8054360631,59.1715195578,85.5813279298,97.9556381373,108.409106341,116.070585977,122.074687147,127.506604834,129.492445866,133.715312702,133.643676954,134.786535423,139.408527256,139.976795687,140.685354804,140.495155951,141.194781908,143.535359435,145.454843519,146.956102281	5	hyperbolic	0.04	132000
142583	0,1,2,3,4,5,6,7,8,9,10,11,12,13,14,15,16,17,18,19	-122.780853828,-73.6130359748,-47.9282447122,-34.3226989902,-23.3652518796,-18.0042450173,-11.6641847186,-7.92390615195,-2.50915030916,-0.655843815639,2.16586788198,1.23265749979,5.65058049836,7.27936128779,5.7373876544,9.75991474416,9.18992121997,10.5171252672,9.61690438281,10.7790580303	3	hyperbolic	0.04	132000
143751	0,1,2,3,4,5,6,7,8,9,10,11,12,13,14,15,16,17,18,19	26.5474822282,74.8175695776,101.206929719,115.274383928,126.18303745,131.061254353,138.761619203,141.026882109,144.431016039,149.361266033,152.13392874,153.196845022,152.438746335,156.65125546,155.784118995,156.740803189,160.400621946,159.352043331,161.427264853,162.15506983	6	hyperbolic	0.04	132000
142542	0,1,2,3,4,5,6,7,8,9,10,11,12,13,14,15,16,17,18,19	-85.3916667049,-37.0670390553,-10.2536830145,2.76160361631,13.5220436119,19.9542956683,25.5690869672,31.3455609806,33.3277332666,36.2974245436,39.1730728896,41.4092024781,42.6703136043,43.187920365,46.36460517,47.813585401,46.1591523702,49.3670494433,48.7028166906,50.9494850107	3	hyperbolic	0.04	132000
140247	0,1,2,3,4,5,6,7,8,9,10,11,12,13,14,15,16,17,18,19	-109.352595223,-56.8724997433,-33.4110580368,-19.3458061935,-7.39835112913,-1.8931206395,2.7202990651,9.41652212317,11.7028177895,13.6834084744,18.0944681692,18.0437581271,20.6884310996,20.687059152,24.1351553967,25.1914785947,24.8725950795,24.9650953428,27.7391133717,26.1922507208	3	hyperbolic	0.04	132000
142194	0,1,2,3,4,5,6,7,8,9,10,11,12,13,14,15,16,17,18,19	-86.9698763655,-35.9635663684,-10.2769275938,3.67567163164,13.3844020949,19.9250800583,24.4166468972,29.5124728839,32.8908501184,35.7682450265,37.8016035278,39.6432308729,42.8589416378,43.3460932285,43.1327189816,44.9926620616,45.6568362154,47.7072477501,49.8352080056,50.7669162905	3	hyperbolic	0.04	132000
140877	0,1,2,3,4,5,6,7,8,9,10,11,12,13,14,15,16,17,18,19	-60.0944297932,-10.5656146478,14.1894325546,31.2560967399,42.18182521,49.2480283495,54.799153486,58.6270562689,62.1039965249,63.9411643657,67.376886807,66.7660161946,68.6135669141,71.5838879047,73.5983800963,74.3989506069,73.3607790741,74.0320898047,74.7302605988,77.6868394463	5	hyperbolic	0.04	132000
142591	0,1,2,3,4,5,6,7,8,9,10,11,12,13,14,15,16,17,18,19	-103.967887714,-56.968325929,-32.3823328964,-15.8644085726,-5.84656792922,0.690476427051,7.93913305993,10.4498463737,15.9276069188,18.644165142,18.804457357,20.5814208719,22.631574498,25.0400437529,24.2996603427,25.937263476,27.7795903103,28.432953742,29.7495106265,28.3107301256	3	hyperbolic	0.04	132000
142320	0,1,2,3,4,5,6,7,8,9,10,11,12,13,14,15,16,17,18,19	-106.316485802,-58.4788589558,-33.1902101082,-17.9615419109,-6.39651356382,-1.35370626914,5.60027284331,9.66452645353,14.2734030493,15.8433122428,19.0325902487,20.1243062071,21.8262798369,21.6459366997,22.9981569596,25.8865810072,26.3433928998,27.1649121487,28.4573845102,28.6704682169	3	hyperbolic	0.04	132000
141889	0,1,2,3,4,5,6,7,8,9,10,11,12,13,14,15,16,17,18,19	-110.043963562,-62.0120208744,-35.5155478051,-20.6827887743,-11.9062366332,-2.82556106467,1.31959630668,4.88847808136,9.48538699016,9.43836005912,12.3487349486,13.5950200592,17.0519652277,18.094021242,21.069522699,19.947495058,20.8847353509,21.2666300344,21.8944554395,24.9436619304	3	hyperbolic	0.04	132000
143080	0,1,2,3,4,5,6,7,8,9,10,11,12,13,14,15,16,17,18,19	-102.472257555,-51.5002298695,-27.3539317488,-10.5314470674,-2.86602701486,3.98396510624,11.0903103855,16.0703970971,18.5157426104,20.1142684905,24.8693610261,24.3014988152,28.2101136526,28.2850237436,29.1237689015,30.899249608,32.9966408081,32.4924864865,34.9907201006,32.8979409219	3	hyperbolic	0.04	132000
143840	0,1,2,3,4,5,6,7,8,9,10,11,12,13,14,15,16,17,18,19	-49.7477646995,1.62782062289,25.6255510024,41.5131937841,49.0243117838,57.0446374228,62.0198536353,65.7368953926,70.3126205189,71.3927308411,74.746654547,76.3628983688,79.3624911631,81.5811149061,80.9181650699,81.1214685309,83.1455099476,82.7474900838,83.5236765197,84.6302751718	5	hyperbolic	0.04	132000
143515	0,1,2,3,4,5,6,7,8,9,10,11,12,13,14,15,16,17,18,19	-73.1650492055,-21.7687105959,3.02469533422,16.9464937281,26.6163487747,34.5574491689,41.0813428779,43.6849396487,47.3550634478,49.1230762214,52.98646546,54.3876654317,56.706340565,57.1981746761,59.5969849083,60.501701432,59.9940107051,61.4704797199,63.1596359196,62.1252043907	3	hyperbolic	0.04	132000
142414	0,1,2,3,4,5,6,7,8,9,10,11,12,13,14,15,16,17,18,19	-91.1744324632,-39.8907998038,-14.3476782658,-1.45447485931,9.80868771762,16.3118512451,21.2151276909,25.6726104949,29.5938551102,32.2234435018,36.4846069784,38.4211709088,38.6806494585,39.5107152353,40.5872900473,41.8744416273,43.5835335586,43.5176470564,45.5380833373,44.2161067826	3	hyperbolic	0.04	132000
141884	0,1,2,3,4,5,6,7,8,9,10,11,12,13,14,15,16,17,18,19	-87.1260262219,-35.5485968568,-12.696646116,2.50685439937,12.2270678333,20.9471569403,25.4136855914,29.2709001561,34.2080677307,36.1606942378,39.9604502084,41.1596521738,43.2804198839,44.5036870724,44.9528659863,46.4030701361,45.431838467,45.956744896,48.4611659433,47.8668006599	3	hyperbolic	0.04	132000
140912	0,1,2,3,4,5,6,7,8,9,10,11,12,13,14,15,16,17,18,19	-22.8512408479,25.5221014198,51.3020509525,64.822192807,75.9937712441,83.2854274524,88.1795395065,93.1153502749,97.8646896181,97.4633647087,103.027768442,103.301935958,104.458601233,107.466372409,108.346131377,107.877753592,110.291989303,109.163224793,112.061355597,110.459584084	5	hyperbolic	0.04	132000
140417	0,1,2,3,4,5,6,7,8,9,10,11,12,13,14,15,16,17,18,19	-36.476771045,14.3306015221,38.5063611867,51.982564869,62.3033602127,71.6814732206,75.7152833241,79.8058551884,82.1098445124,84.6697714631,87.1091387718,89.6747361091,90.7152601168,92.9278727952,94.0226607305,95.2205223446,96.2784162356,97.9441587368,100.091791952,100.02850978	5	hyperbolic	0.04	132000
141807	0,1,2,3,4,5,6,7,8,9,10,11,12,13,14,15,16,17,18,19	96.8527444381,145.965377785,170.156553363,187.011016736,195.899962858,203.478428412,208.721016709,214.179860771,215.863927931,218.884356401,221.530489348,223.746429189,225.360360651,224.903118055,228.594661084,227.30673182,229.380658262,231.310140596,229.745194821,233.063835469	4	hyperbolic	0.04	132000
141363	0,1,2,3,4,5,6,7,8,9,10,11,12,13,14,15,16,17,18,19	52.5771734929,100.491709091,125.760285914,142.893543579,149.476703349,158.513377419,162.691130953,167.052262653,171.156473105,172.931382966,177.715261224,178.263896344,178.061834457,180.379189211,181.994363553,183.850213075,183.430364621,185.535333919,186.109296308,188.070183705	4	hyperbolic	0.04	132000
140812	0,1,2,3,4,5,6,7,8,9,10,11,12,13,14,15,16,17,18,19	112.54794207,162.000531882,188.073335072,204.287141643,214.445928079,218.571341182,226.767675469,228.994888939,234.463512287,235.480601197,239.293856848,240.052812957,240.143451336,242.328592915,244.200179287,244.11596169,245.421841905,246.392882034,246.329361529,249.286731025	4	hyperbolic	0.04	132000
141305	0,1,2,3,4,5,6,7,8,9,10,11,12,13,14,15,16,17,18,19	-6.70284690758,44.2399592108,68.6188871464,83.3856195222,96.0691792144,103.006313645,106.315312307,110.769757756,115.665951388,117.517371862,118.003695293,120.348230365,122.249201773,123.897254309,126.783903616,125.749296886,126.908491102,130.184787899,129.454219914,129.674096121	5	hyperbolic	0.04	132000
141776	0,1,2,3,4,5,6,7,8,9,10,11,12,13,14,15,16,17,18,19	58.1633419115,105.898699206,132.919888872,148.460253918,155.379894444,165.635684225,169.750433314,173.332861724,176.026693818,180.688688483,181.167154703,183.802838528,183.853650813,188.195320595,189.183468109,190.852076429,189.103785334,192.202166589,191.543774356,191.52908393	4	hyperbolic	0.04	132000
143977	0,1,2,3,4,5,6,7,8,9,10,11,12,13,14,15,16,17,18,19	-13.9191662446,38.1039971088,60.9199056569,78.7878106265,86.3830201783,94.2529374684,99.7424546538,105.60249773,108.687209747,111.565440008,113.082216761,114.956144009,114.973625059,116.137791245,120.292958914,118.513027536,119.571419054,122.360248051,121.961980353,123.389480631	5	hyperbolic	0.04	132000
140688	0,1,2,3,4,5,6,7,8,9,10,11,12,13,14,15,16,17,18,19	70.5213078225,119.573430043,142.777377385,160.578369294,169.564069692,177.834962313,181.204268179,187.578272311,190.970258028,192.486449661,193.209142714,196.745292257,199.253389082,199.680040711,202.131060041,199.96364392,203.799460398,201.846079557,203.503672099,205.337470359	4	hyperbolic	0.04	132000
141573	0,1,2,3,4,5,6,7,8,9,10,11,12,13,14,15,16,17,18,19	-8.65993301463,43.1814667527,68.4211309126,83.0755261725,90.8382411657,99.2167898064,106.53616215,107.619218207,110.947937195,114.928370169,116.372955943,121.051195335,121.170861473,120.89830713,123.630909838,123.476260724,126.394192685,127.589734151,127.559869867,129.514294948	5	hyperbolic	0.04	132000
141975	0,1,2,3,4,5,6,7,8,9,10,11,12,13,14,15,16,17,18,19	114.223694523,166.357458658,191.657153217,206.261396874,216.453093217,221.546757498,228.106968273,231.513784996,233.792474895,239.86556386,238.956924033,240.957367506,243.752459407,244.901852173,245.243765551,247.626608441,249.670044484,250.688354945,251.77290949,250.047041234	4	hyperbolic	0.04	132000
141563	0,1,2,3,4,5,6,7,8,9,10,11,12,13,14,15,16,17,18,19	29.5627498858,80.476154501,106.118438694,118.388614351,130.76354293,137.463069245,141.738810182,144.806766106,149.708968986,153.702739619,154.753511164,155.281093352,159.686576506,160.230416776,161.504578515,163.505546822,162.106737327,162.018156177,163.177460141,165.441004771	6	hyperbolic	0.04	132000
143430	0,1,2,3,4,5,6,7,8,9,10,11,12,13,14,15,16,17,18,19	96.1310055118,147.617244952,172.431558898,186.090120907,197.304232633,203.269781413,207.608144978,212.49479337,217.51926826,219.483950581,219.488391933,224.57777633,225.993573071,227.615260116,229.087785969,227.500491612,227.870895073,230.841304622,231.159191421,230.497673156	4	hyperbolic	0.04	132000
140392	0,1,2,3,4,5,6,7,8,9,10,11,12,13,14,15,16,17,18,19	-122.816249564,-73.8818319332,-47.2549721303,-34.0397796283,-24.729358262,-15.2804616523,-12.2348137979,-6.04490820715,-2.3388467936,-0.85555696962,-0.371330356828,3.09556459755,5.92835238527,7.66263122025,8.11307687354,9.40488196016,8.67474887048,9.49698828133,12.2684578894,10.6352916675	3	hyperbolic	0.04	132000
142538	0,1,2,3,4,5,6,7,8,9,10,11,12,13,14,15,16,17,18,19	-83.5041954447,-33.0747772752,-6.10669746835,7.66894223608,16.8754300412,23.6165781338,29.7584945581,33.5266422966,37.2231794544,39.4117566339,41.2646020683,44.1493091263,46.1035982966,45.996464993,48.3300392362,50.7135666156,51.0886682317,51.4303129764,51.39553683,54.3682676093	3	hyperbolic	0.04	132000
140249	0,1,2,3,4,5,6,7,8,9,10,11,12,13,14,15,16,17,18,19	70.6399027447,122.138790022,144.19776772,162.25569715,170.316747733,177.1772506,181.492833848,188.132824355,191.097192621,194.485981754,194.466957211,197.524550484,197.866857542,199.390803165,201.02678891,203.237372885,205.285426999,203.969340905,204.868113503,204.699933857	4	hyperbolic	0.04	132000
140944	0,1,2,3,4,5,6,7,8,9,10,11,12,13,14,15,16,17,18,19	95.8954661965,145.809975112,170.177855705,183.491426155,194.549839443,201.856669292,207.019312929,211.994994355,214.366320428,218.878887001,220.252118643,221.373461822,222.137579935,223.504349788,225.85209486,228.869521515,228.66403778,229.706020919,231.060149887,229.383539078	4	hyperbolic	0.04	132000
142056	0,1,2,3,4,5,6,7,8,9,10,11,12,13,14,15,16,17,18,19	74.156378576,124.690122388,149.827960443,164.34664166,171.780475773,180.625203495,187.363524987,191.280016773,194.490285771,197.012470722,196.902331949,199.646820036,202.39638109,203.095170068,204.580524189,204.554302984,205.001799875,208.074001482,207.044267944,208.859328303	4	hyperbolic	0.04	132000
143391	0,1,2,3,4,5,6,7,8,9,10,11,12,13,14,15,16,17,18,19	80.2617697942,131.301806264,155.932130962,171.190352996,179.505881972,189.672707183,191.670746621,197.146234019,201.98354439,204.853606313,205.552675443,209.288521297,210.4269204,212.333756931,213.410932272,213.364432611,215.110462217,215.251027036,215.401206756,215.837981281	4	hyperbolic	0.04	132000
142294	0,1,2,3,4,5,6,7,8,9,10,11,12,13,14,15,16,17,18,19	-45.729931272,2.94603478072,30.3242281428,44.0995878694,54.5575495315,63.0546844028,68.4713907792,72.0822062502,74.871046716,77.4878480986,78.1715552006,80.5026624239,83.6861989158,84.0000196641,85.1557047993,86.5594581412,88.0382302023,89.0019622239,89.7285770199,88.7085679475	5	hyperbolic	0.04	132000
140179	0,1,2,3,4,5,6,7,8,9,10,11,12,13,14,15,16,17,18,19	-43.4961749304,5.84143700881,32.3968709033,46.8303586002,58.109768094,62.8454983252,67.5866341031,71.4563947447,76.3730285532,79.6888160042,81.4147850337,83.3180963038,83.8497165643,86.1269727204,88.7649837492,87.6764511074,88.0348915846,89.5121243316,91.9860056742,91.2044807835	5	hyperbolic	0.04	132000
141115	0,1,2,3,4,5,6,7,8,9,10,11,12,13,14,15,16,17,18,19	-38.2554506915,13.3018319101,34.9851764859,52.5368700137,61.5617113605,69.2527999675,75.4224894392,79.5125086094,81.1688289097,85.7116531435,87.4213425462,88.953368344,89.9884272194,91.899849403,93.6326964021,93.4903947234,93.5299670234,96.5962862317,98.2184192563,96.8299337308	5	hyperbolic	0.04	132000
405411	0,1,2,3,4,5,6,7,8,9,10,11,12,13,14,15,16,17,18,19	1.067568738,4.58497602116,0.333422603012,6.02254274624,5.80989296772,6.14351571085,11.068607775,16.2141740489,32.1654358535,49.8290491464,79.8096494107,100.840705391,124.793073589,135.682544846,144.427666415,150.203769359,147.263936646,148.755589585,149.387863204,151.00053297	5	scurve	0.04	396000
406508	0,1,2,3,4,5,6,7,8,9,10,11,12,13,14,15,16,17,18,19	10.2591389653,7.28348108444,9.03024116787,8.47508696328,6.44353804293,8.25337003891,17.5205228664,21.9792344909,33.7493978198,56.848308058,80.9354362738,109.055759203,126.223951541,139.382659595,145.641572059,153.202788736,155.057559238,155.870272614,157.131862429,153.588107468	5	scurve	0.04	396000
407642	0,1,2,3,4,5,6,7,8,9,10,11,12,13,14,15,16,17,18,19	-65.4491535127,-63.4755453146,-68.4807694278,-65.2451899561,-66.2097271712,-61.0168568697,-59.4943628619,-49.0390198655,-35.5180273915,-17.8211660292,10.7719309642,32.5017622936,54.2700643501,70.224854605,75.6531379426,76.3145026612,83.4612777155,83.6608214115,86.3353435789,81.0451259649	3	scurve	0.04	396000
404393	0,1,2,3,4,5,6,7,8,9,10,11,12,13,14,15,16,17,18,19	-106.25474953,-103.265152941,-99.7379701602,-105.557766523,-99.5986876688,-96.6494290844,-97.3180973903,-88.8281318655,-72.1945600095,-53.0221989205,-31.4727003892,-2.38989438423,16.8989551554,32.9783877031,37.8350921931,40.9808645307,46.488891923,48.239473106,45.9934308721,45.314899843	3	scurve	0.04	396000
406070	0,1,2,3,4,5,6,7,8,9,10,11,12,13,14,15,16,17,18,19	-88.1046465661,-93.0938388934,-86.9673980901,-92.3892330681,-87.856367144,-86.0453218116,-82.4303280381,-75.6016399788,-60.2182137638,-43.3682638864,-18.0157035095,8.63852147034,32.0477817238,40.3414892399,52.7065456764,54.6408790505,60.0498507938,55.1536506872,55.8594026056,58.9454709425	3	scurve	0.04	396000
404387	0,1,2,3,4,5,6,7,8,9,10,11,12,13,14,15,16,17,18,19	-82.8619330297,-79.3629558504,-83.0526716169,-78.8606882852,-82.0397742743,-75.4082294455,-71.9720805209,-67.0293342158,-51.9741469957,-35.1893672695,-4.14059588466,20.7018331675,34.8100424226,49.2596856919,57.5766525191,60.1622494004,63.1608740916,66.786656914,66.7425930871,64.7803207897	3	scurve	0.04	396000
405073	0,1,2,3,4,5,6,7,8,9,10,11,12,13,14,15,16,17,18,19	-0.139157029024,4.61784642422,1.98736430794,6.25979301356,5.50796450778,3.64425983297,9.67225527797,16.2847553546,35.1409908593,51.67821201,79.1559548686,103.841570306,123.150968832,138.310658507,141.063260096,150.488216488,151.678030642,152.398292757,151.281302823,152.130941219	5	scurve	0.04	396000
405561	0,1,2,3,4,5,6,7,8,9,10,11,12,13,14,15,16,17,18,19	-122.518012165,-120.436182137,-122.841922252,-118.213405954,-122.693752363,-117.005336856,-114.331070849,-105.482189304,-89.0986245101,-75.1615848023,-47.6522594905,-23.1374710684,-3.66820868515,11.5458684314,18.3500545808,25.5478912009,27.9176313206,27.3503350835,25.8479482306,28.4781223056	3	scurve	0.04	396000
405762	0,1,2,3,4,5,6,7,8,9,10,11,12,13,14,15,16,17,18,19	44.8158470482,41.5704502087,45.6196228599,46.6266507003,46.079342695,45.9197005317,51.4288925382,60.3890676008,70.8526648712,92.2722407398,120.664443059,145.89563905,165.990612354,178.364912844,185.85293059,190.872144817,189.728812325,194.377124226,190.315290315,192.810366185	4	scurve	0.04	396000
404054	0,1,2,3,4,5,6,7,8,9,10,11,12,13,14,15,16,17,18,19	-13.9729680291,-12.9432766308,-12.333353478,-8.40833011882,-6.96638709715,-7.14627319232,0.385464465715,8.03403630026,17.9538816723,39.2244437552,63.1112278416,88.8740242155,107.895450555,123.079910998,132.972560434,133.043548831,133.545126031,136.415120281,137.956770951,135.455280184	5	scurve	0.04	396000
404776	0,1,2,3,4,5,6,7,8,9,10,11,12,13,14,15,16,17,18,19	2.68628055741,3.34896038605,1.92835460887,1.54064331772,7.12508155732,8.08254975604,13.8930942653,18.9302062512,30.5908210056,53.2529405634,76.6767008076,102.050432086,119.698413738,137.607284731,146.576206445,145.91631991,149.205190397,150.034954508,152.677903169,152.376630012	5	scurve	0.04	396000
405031	0,1,2,3,4,5,6,7,8,9,10,11,12,13,14,15,16,17,18,19	-25.6894792614,-21.602484174,-24.409151153,-25.7564865278,-21.8612562092,-18.5577012007,-16.8267813619,-8.68081128033,6.38348367274,24.6189859661,49.4981417011,72.3462356617,92.2068839617,106.214800261,113.388897528,123.522777766,120.027885379,126.274991228,123.540998245,124.542224793	5	scurve	0.04	396000
407221	0,1,2,3,4,5,6,7,8,9,10,11,12,13,14,15,16,17,18,19	-66.920549736,-70.4170251354,-66.0803130461,-67.0144086328,-65.008097898,-63.0394432593,-58.7442701585,-51.3960634285,-38.376476423,-15.8018480969,5.70173279051,28.7796314176,53.135712341,63.1744553372,74.3559655571,77.8274210003,82.0019632299,78.3960905476,80.4266356896,77.5979553697	3	scurve	0.04	396000
407871	0,1,2,3,4,5,6,7,8,9,10,11,12,13,14,15,16,17,18,19	33.0401454282,31.2136912065,31.7191891769,30.5020957243,37.555430567,36.1722155219,38.9804646743,46.7346292718,61.4781236092,79.4926041706,104.485069705,129.616245474,151.515545899,163.631858973,175.032823542,179.882317663,181.852414003,180.159543948,179.086194763,179.012069896	5	scurve	0.04	396000
406083	0,1,2,3,4,5,6,7,8,9,10,11,12,13,14,15,16,17,18,19	-115.483495911,-112.160781423,-116.621821795,-115.039420533,-111.548529787,-110.539236935,-107.793677189,-97.3748561692,-84.1918565404,-63.6443387522,-40.3235391575,-14.8106226837,8.17484630181,19.1219333445,29.2660654703,31.534137606,32.9327111568,36.0210747645,35.4651745105,37.646799962	3	scurve	0.04	396000
406372	0,1,2,3,4,5,6,7,8,9,10,11,12,13,14,15,16,17,18,19	-74.4236727855,-71.9013498945,-72.3401073429,-76.5671874724,-74.2264630562,-67.7576761113,-63.960543467,-61.007420914,-47.7987352886,-26.985688437,-1.03681904424,24.2935121868,47.3367767991,55.9083877307,68.3533874035,67.4891004759,69.9042715406,70.3475293127,72.6391359605,77.0385875123	3	scurve	0.04	396000
407364	0,1,2,3,4,5,6,7,8,9,10,11,12,13,14,15,16,17,18,19	-82.2093551117,-78.2592558787,-79.8150077973,-83.0916519963,-76.063099908,-74.8394551821,-74.2938195544,-67.7900379461,-50.6184221708,-30.0185525522,-5.62072955455,15.8331390058,36.3242607236,53.2650328444,58.0773111481,66.688489395,63.895268864,68.0012594556,65.5887888611,67.2742639361	3	scurve	0.04	396000
407739	0,1,2,3,4,5,6,7,8,9,10,11,12,13,14,15,16,17,18,19	-39.9586882747,-39.5725821601,-39.4437060261,-38.8836004227,-39.1814006005,-34.2538932023,-32.1826138575,-23.6737909282,-10.667920119,12.5692058212,33.131196701,57.7787414571,82.5586399863,95.5741731985,102.917500431,103.851025281,109.196148224,109.842116847,110.070084017,109.034205588	5	scurve	0.04	396000
404188	0,1,2,3,4,5,6,7,8,9,10,11,12,13,14,15,16,17,18,19	-131.875017097,-133.197878016,-135.104479303,-134.894676221,-129.796559994,-133.488993103,-129.658937689,-120.017227815,-105.905997957,-84.6098577662,-57.1476933253,-33.9701637326,-14.322961596,-2.14616714938,3.24397212345,9.64963300589,9.34385734818,14.2160870761,14.2534700395,12.1213295951	3	scurve	0.04	396000
405227	0,1,2,3,4,5,6,7,8,9,10,11,12,13,14,15,16,17,18,19	-4.60027219053,-5.06148241124,-3.67854602628,-1.04661050179,-2.39138525437,-0.919132927306,6.32684394116,12.7517533931,24.468140688,49.7037807879,70.9357276675,97.1583796557,119.268785744,131.264451085,138.602197044,139.27882675,142.046803845,145.617768468,149.157057573,148.969747223	5	scurve	0.04	396000
405630	0,1,2,3,4,5,6,7,8,9,10,11,12,13,14,15,16,17,18,19	-31.7665861759,-31.1538079276,-31.5233073048,-26.2316566972,-28.0697092737,-27.7795041242,-24.0623840052,-10.5900302563,2.0817188857,20.520046705,43.0685141159,72.3533801833,90.0932143182,101.262094175,110.059175241,113.485956302,119.951402217,118.06589651,120.579366306,122.330904846	5	scurve	0.04	396000
407676	0,1,2,3,4,5,6,7,8,9,10,11,12,13,14,15,16,17,18,19	-64.7474101498,-65.6638124914,-67.6958334425,-66.9684349258,-68.5653830624,-66.0440094468,-61.6653288905,-53.3494738943,-40.7023754343,-19.179296078,6.06910926981,28.7339951527,54.7652366305,67.56740759,72.2090578034,75.8833914254,80.7793787024,83.64725971,83.3454387842,84.4137723502	3	scurve	0.04	396000
407077	0,1,2,3,4,5,6,7,8,9,10,11,12,13,14,15,16,17,18,19	-124.670077788,-122.664375613,-121.583446393,-122.592695733,-118.575559811,-117.179477428,-115.645942024,-105.221859705,-91.7375245108,-68.6663075241,-47.6843684621,-24.7847963243,-3.37538206793,9.28856493858,20.9765658287,25.6060178629,27.3590888825,25.9629694643,27.6200453604,25.265973967	3	scurve	0.04	396000
407617	0,1,2,3,4,5,6,7,8,9,10,11,12,13,14,15,16,17,18,19	-98.3459872629,-99.4094959577,-96.4357506443,-99.8042875196,-95.9713046257,-96.7860816412,-92.8656159743,-79.9988111513,-72.1141180134,-47.8317087626,-24.0780235074,2.99709274636,18.1271183417,32.3337095446,44.4509296393,47.290879608,46.2302274887,51.8903797362,52.1372287699,51.8693751617	3	scurve	0.04	396000
406764	0,1,2,3,4,5,6,7,8,9,10,11,12,13,14,15,16,17,18,19	-145.060120015,-147.78213306,-146.872536261,-142.234818559,-145.64180711,-138.771504745,-133.769005436,-125.949929681,-118.70611181,-95.7216291634,-67.2856052333,-46.4256892006,-27.5440018924,-12.7575763447,-5.52238295885,-2.73940361922,-0.554556926044,3.11693691428,3.44035369449,4.45639102241	3	scurve	0.04	396000
407354	0,1,2,3,4,5,6,7,8,9,10,11,12,13,14,15,16,17,18,19	16.5119316458,16.6454854412,16.2272868621,19.1685469479,20.9537883667,18.3274976925,23.2014054424,34.5241143801,49.6026289849,64.723786078,93.1998132047,113.451842846,134.627120275,150.282875418,156.963871185,159.263868917,166.700964815,166.096284217,165.86761414,165.165764348	5	scurve	0.04	396000
404870	0,1,2,3,4,5,6,7,8,9,10,11,12,13,14,15,16,17,18,19	87.7808790722,87.6807598243,84.2514201594,85.0447892999,89.3182498648,90.6526240447,93.4155841241,101.999160664,116.888072892,133.035976475,157.646466769,182.187984395,206.0792949,216.816852821,223.440059806,229.385392516,232.271773417,231.678688225,234.542471299,235.287114976	4	scurve	0.04	396000
404127	0,1,2,3,4,5,6,7,8,9,10,11,12,13,14,15,16,17,18,19	109.71093744,108.626473912,112.192075852,108.790815255,114.538828841,114.742236995,120.081580293,123.611476436,141.455841207,161.024904209,185.77355878,209.054004872,227.519995843,243.801785832,253.593077723,256.023400151,255.535874224,255.597532584,261.158844632,257.343677093	4	scurve	0.04	396000
404414	0,1,2,3,4,5,6,7,8,9,10,11,12,13,14,15,16,17,18,19	115.371232973,113.87187131,115.114667367,117.692427859,118.908255956,120.469189097,122.543811869,133.438861525,143.59886507,167.112140986,191.702464388,212.871148295,235.764604765,248.425778992,259.364551143,264.060933238,266.614847181,265.429118559,266.84025303,267.80556468	4	scurve	0.04	396000
404927	0,1,2,3,4,5,6,7,8,9,10,11,12,13,14,15,16,17,18,19	-10.6349881668,-9.42394751321,-9.06998830436,-12.8004035132,-7.74437671822,-6.14613473251,0.900613037473,8.68564210218,21.725517152,38.3504273351,64.7415407576,90.9179027148,107.787064037,122.122954788,130.568693989,131.877317802,134.749775979,138.431386502,136.870983058,139.614158871	5	scurve	0.04	396000
404309	0,1,2,3,4,5,6,7,8,9,10,11,12,13,14,15,16,17,18,19	-6.08657279058,-9.00047466792,-5.81322087144,-6.71190107674,-5.78823937429,-5.37327938598,2.95249354718,8.21000165829,25.3595889103,42.4021003386,68.2934771399,93.3088885068,114.273178156,124.29818147,132.813764634,138.01822471,143.605264205,144.449618199,143.821740459,145.467463907	5	scurve	0.04	396000
407319	0,1,2,3,4,5,6,7,8,9,10,11,12,13,14,15,16,17,18,19	-4.51493819976,-4.75420254965,-2.40595157275,-6.27504564395,-4.92384466958,-1.46356206977,3.42591844706,12.9073360743,26.6119310577,42.6207006567,67.7544314756,93.8293165083,115.720247937,126.290111742,139.177422914,138.902681813,141.972680051,141.425332931,141.81172562,145.554962904	5	scurve	0.04	396000
406279	0,1,2,3,4,5,6,7,8,9,10,11,12,13,14,15,16,17,18,19	-11.8120871509,-6.46651311852,-8.39425913656,-8.76353405541,-5.570171749,-6.75218418325,1.39639275744,9.82447345829,17.7234334329,38.4505614096,64.7096632533,92.9575822386,109.246720529,126.06349275,128.786458298,135.665930175,138.474354076,138.774426638,138.376047961,140.49602892	5	scurve	0.04	396000
404028	0,1,2,3,4,5,6,7,8,9,10,11,12,13,14,15,16,17,18,19	-126.614522047,-129.182669639,-125.825715373,-124.333109803,-124.286158235,-125.415425517,-120.095774078,-110.970785611,-100.099788745,-75.4176782119,-50.8596416176,-24.6145670095,-7.46149646995,8.03473156132,13.6719484833,15.1936518665,20.3647762676,20.0244452817,19.43186779,21.3301209924	3	scurve	0.04	396000
407977	0,1,2,3,4,5,6,7,8,9,10,11,12,13,14,15,16,17,18,19	-84.6475131406,-89.8730095257,-84.737552971,-87.3768067688,-85.8389047214,-81.3183752346,-81.9480928916,-70.6932603419,-55.4989096738,-38.4682132083,-14.6471711203,13.8637480062,32.3260472999,45.2688391471,56.2588543562,55.3477220527,61.3739229808,58.781535439,61.6702377322,63.1266758436	3	scurve	0.04	396000
406185	0,1,2,3,4,5,6,7,8,9,10,11,12,13,14,15,16,17,18,19	-68.2081093228,-68.0608340655,-64.1930617685,-65.1171923539,-60.1966231734,-59.2625588684,-59.184706863,-51.1259194534,-33.2403474058,-14.2932827448,9.85860830879,35.8174167396,52.1372693062,67.9297443263,78.2772617517,77.3648435742,83.6298619899,84.1882904777,83.4224934304,87.3134921009	3	scurve	0.04	396000
406527	0,1,2,3,4,5,6,7,8,9,10,11,12,13,14,15,16,17,18,19	118.874770509,119.7238339,117.8503875,124.54084095,125.415543784,126.418442684,127.495830997,138.120894492,152.927123757,170.57940083,196.462688764,222.142621082,241.631343974,255.581442859,261.038816768,264.727173572,270.034464264,270.280605234,271.6088326,268.404929754	4	scurve	0.04	396000
407445	0,1,2,3,4,5,6,7,8,9,10,11,12,13,14,15,16,17,18,19	-50.9564788059,-51.4453663086,-50.4294606279,-51.1212181803,-51.8922117667,-49.996390458,-43.7151603108,-32.512433399,-20.9883908921,-1.84667804849,22.4428982215,47.9777227782,71.6875234629,82.3525464081,92.8053421177,96.9411490924,96.6305285092,97.3239188278,97.815483167,96.1650037101	5	scurve	0.04	396000
407116	0,1,2,3,4,5,6,7,8,9,10,11,12,13,14,15,16,17,18,19	-116.42184837,-119.707474541,-117.120832733,-120.738225294,-116.824037093,-116.473212625,-110.446844354,-102.86510013,-91.5373481636,-70.7793434531,-45.0119271841,-20.6093422494,1.92513647997,16.6824448218,23.9827287933,23.6628675185,31.5946116369,30.1215049883,31.03546644,30.4060267641	3	scurve	0.04	396000
405364	0,1,2,3,4,5,6,7,8,9,10,11,12,13,14,15,16,17,18,19	128.615896876,129.897871364,133.566667002,128.83785424,131.450238974,135.810326828,142.295977828,149.005210084,159.853934904,180.627292031,205.355259383,231.13821323,249.693221055,266.624158106,270.08537505,273.406353046,278.079364828,281.518973571,277.855174323,279.005875452	4	scurve	0.04	396000
407841	0,1,2,3,4,5,6,7,8,9,10,11,12,13,14,15,16,17,18,19	91.4539667028,94.0525320337,94.4066754456,91.214298137,91.9954487848,94.2527757477,104.12265271,111.328349604,121.98158476,141.511193278,169.330285374,190.493401998,215.237214631,225.741764907,230.330224407,238.153456834,236.932502646,238.663424082,239.765836958,241.764262801	4	scurve	0.04	396000
407244	0,1,2,3,4,5,6,7,8,9,10,11,12,13,14,15,16,17,18,19	103.300684807,102.49947343,106.106152486,103.783639917,106.705279719,112.425636441,112.888457296,123.325969406,135.092164096,153.857142606,182.995816571,203.558162247,225.239868954,236.746871395,245.755924279,253.788363794,255.819668188,252.254439679,251.534409907,252.399341985	4	scurve	0.04	396000
407076	0,1,2,3,4,5,6,7,8,9,10,11,12,13,14,15,16,17,18,19	-9.76388061103,-7.09436105049,-5.46417096488,-5.63530039076,-3.48996039634,-6.88940738899,-1.69954617178,8.48596493004,21.7752902862,44.4299238565,68.4145601193,90.0460523109,112.911191552,122.264789686,134.556524901,134.705267494,135.987052083,138.318060921,139.39094164,138.70463254	5	scurve	0.04	396000
406387	0,1,2,3,4,5,6,7,8,9,10,11,12,13,14,15,16,17,18,19	-33.4592203959,-31.0400835343,-30.4729188837,-30.4151611773,-28.0981123101,-26.1030516024,-24.5326082906,-12.161494605,-1.66798823577,22.0903896325,47.5786311106,66.7813541017,90.6594370793,103.999895023,111.385557354,112.879342171,114.101914691,117.899649468,121.435684737,119.357335983	5	scurve	0.04	396000
407570	0,1,2,3,4,5,6,7,8,9,10,11,12,13,14,15,16,17,18,19	13.4838768704,14.9091340456,15.397590058,17.0540360805,15.0670098227,18.2971079716,23.138236559,30.9762301776,47.88989221,64.8971943819,92.0772749534,114.209689778,135.002879894,148.226991497,158.450342439,162.811035978,164.0196845,163.111835206,163.116935149,165.538786213	5	scurve	0.04	396000
404642	0,1,2,3,4,5,6,7,8,9,10,11,12,13,14,15,16,17,18,19	-136.638968195,-134.559564452,-136.7942706,-136.907255701,-135.63488051,-131.866564085,-123.640019889,-115.933956911,-102.778456936,-84.6874451801,-57.2748950911,-36.2338440981,-16.8959635222,1.26563450392,5.11936800123,12.01639079,11.9490235652,16.3542718999,17.5362765355,16.9772339074	3	scurve	0.04	396000
406426	0,1,2,3,4,5,6,7,8,9,10,11,12,13,14,15,16,17,18,19	-105.784156268,-103.46029809,-103.730308264,-101.818084497,-101.750193436,-99.2871841503,-94.1346836133,-86.0764087998,-74.5637746459,-53.2337289669,-31.282575597,-4.31097822636,19.9923261443,28.91752003,37.6335133181,40.9583768904,45.3799680427,47.8814217052,43.4141049677,46.9286333707	3	scurve	0.04	396000
405233	0,1,2,3,4,5,6,7,8,9,10,11,12,13,14,15,16,17,18,19	-18.5441872619,-19.9279312893,-20.3713749722,-14.2618941199,-14.9440168811,-13.6326635919,-12.5418650583,-3.82462847344,9.93964130587,30.0184043339,59.0322484124,84.2746535528,102.195265836,114.035347672,120.796676066,125.275361718,130.849459474,129.222989995,132.759444228,134.295128223	5	scurve	0.04	396000
407839	0,1,2,3,4,5,6,7,8,9,10,11,12,13,14,15,16,17,18,19	-137.946758595,-136.661102679,-134.605397917,-134.319561096,-132.925449372,-130.566157247,-130.957575944,-119.562733485,-105.658234877,-87.0394235986,-60.3951431637,-38.3796769192,-16.9331204434,-7.75241726529,4.42586160409,5.53716707835,9.84209756123,10.2348252398,9.5474472646,10.5800738276	3	scurve	0.04	396000
404684	0,1,2,3,4,5,6,7,8,9,10,11,12,13,14,15,16,17,18,19	-15.1309950599,-12.8537308677,-13.8637205447,-16.0556454248,-15.174632636,-8.96608207778,-5.24777245032,1.42560714284,14.736168702,33.2631241022,63.3026640207,83.4636430685,108.462931217,119.912880931,124.779664529,130.7924424,131.901867504,132.560043196,133.000469811,135.073780885	5	scurve	0.04	396000
405562	0,1,2,3,4,5,6,7,8,9,10,11,12,13,14,15,16,17,18,19	-54.240611492,-52.5077395278,-56.5303069047,-55.9481583988,-50.2361779439,-50.2899812612,-48.0682454858,-40.1021087338,-22.6733666164,-4.43149494516,17.1147596955,43.1728389001,62.8358450895,75.0333315888,88.5884600569,88.5032636367,94.6316710081,96.5695487169,97.5324961028,94.3420554612	5	scurve	0.04	396000
405800	0,1,2,3,4,5,6,7,8,9,10,11,12,13,14,15,16,17,18,19	69.7929452032,72.8453110658,73.1018234793,69.6881457113,71.5827057346,74.860326607,78.3710438142,84.202558762,97.5703762604,117.12307494,145.481898129,170.96628776,186.384365767,202.652013631,208.491514083,213.055671594,217.884708855,215.965099107,217.309675734,218.215762342	4	scurve	0.04	396000
404962	0,1,2,3,4,5,6,7,8,9,10,11,12,13,14,15,16,17,18,19	-34.9816165207,-36.9605298272,-34.2151905792,-33.9048265987,-32.0688302359,-34.8746127888,-26.3033715226,-22.2372518626,-8.60951781259,15.5499566655,40.5438375963,62.7079452952,82.7286319559,98.3213401815,103.962752043,108.140350905,111.287201178,110.431680452,112.979333087,110.726479986	5	scurve	0.04	396000
406600	0,1,2,3,4,5,6,7,8,9,10,11,12,13,14,15,16,17,18,19	-133.683255625,-136.049122287,-131.352899412,-132.494772547,-133.819871615,-130.096630804,-126.018569029,-116.913047104,-102.942228057,-86.2713526271,-60.6517260838,-35.6124454585,-17.0984336288,-2.63045123849,5.62295055041,9.04278054041,14.1152626172,16.4783552715,16.011747516,14.8475634865	3	scurve	0.04	396000
405869	0,1,2,3,4,5,6,7,8,9,10,11,12,13,14,15,16,17,18,19	-136.423297397,-134.831124274,-138.174820588,-134.348289274,-136.303666309,-130.125619846,-129.664191961,-118.407092887,-107.33664035,-85.1551219243,-64.145335267,-35.0454899956,-16.9105491357,-3.33251187882,3.26478544682,6.86125048632,11.3403218864,10.5741915265,10.1819494989,15.7886619599	3	scurve	0.04	396000
407288	0,1,2,3,4,5,6,7,8,9,10,11,12,13,14,15,16,17,18,19	117.068275686,115.886690803,115.541199254,116.381597139,116.201756669,119.351478155,124.933229706,131.628337636,144.439618629,168.092719564,189.182172735,216.324972802,236.823990082,252.872853396,258.936445073,260.426420543,262.744793471,263.892337159,268.406707182,268.671163029	4	scurve	0.04	396000
404512	0,1,2,3,4,5,6,7,8,9,10,11,12,13,14,15,16,17,18,19	32.6897794668,30.3750189196,28.9086946833,30.9385347722,31.1247835145,32.4563328857,38.1454766337,43.9525832739,62.2091068997,77.007468883,102.005696626,131.565815748,151.888346604,161.987805805,169.756523513,173.627168292,178.654302509,179.852513545,181.26515396,177.145485033	5	scurve	0.04	396000
404626	0,1,2,3,4,5,6,7,8,9,10,11,12,13,14,15,16,17,18,19	52.4904333807,55.2835085771,54.5940796037,57.4956299104,54.7684169804,61.1214127144,65.4918506398,69.1003933693,86.6867855228,106.350484336,127.994184113,152.467744998,175.027139204,187.306470548,194.271243168,197.949218914,201.803789421,206.058862718,201.984703723,206.469906202	4	scurve	0.04	396000
404736	0,1,2,3,4,5,6,7,8,9,10,11,12,13,14,15,16,17,18,19	80.0677527786,83.3898751086,83.6209850103,80.008641874,80.8495429137,84.8736156854,87.0661648805,98.2318355369,111.372058417,133.373243903,153.576448576,181.922451749,201.482145364,216.465624995,221.897275197,224.846629966,229.886038809,231.078793897,229.507354887,227.491328553	4	scurve	0.04	396000
406906	0,1,2,3,4,5,6,7,8,9,10,11,12,13,14,15,16,17,18,19	-106.324061943,-102.345404637,-102.109459752,-105.381801918,-105.178984157,-102.317698286,-97.9668565994,-85.7583510127,-77.1579601439,-52.0869243647,-27.1400983932,-7.35996497708,14.1725468393,30.3525572293,32.8026818152,41.277903164,43.9769640173,42.175546415,45.1815321952,46.8880961479	3	scurve	0.04	396000
406792	0,1,2,3,4,5,6,7,8,9,10,11,12,13,14,15,16,17,18,19	-90.2869550346,-90.885173325,-86.9214295203,-85.4739101649,-83.4963713627,-81.0499967968,-80.3306565567,-72.560690105,-55.3581347412,-34.8192384178,-11.5054544213,12.1049087096,29.8882228723,42.0953506627,50.2830268672,58.2473272745,62.5964571758,60.4381386633,63.8902192518,59.4102884292	3	scurve	0.04	396000
407420	0,1,2,3,4,5,6,7,8,9,10,11,12,13,14,15,16,17,18,19	-41.1215702936,-37.9539799949,-36.5687272238,-37.3181742898,-35.6805654308,-36.6886194222,-26.903749467,-19.2415555884,-5.66656497251,12.7070060389,36.8062903959,63.9217067544,83.5385981788,94.73123201,104.817104811,108.034495228,112.675556001,110.817791735,113.146447198,113.076821029	5	scurve	0.04	396000
406511	0,1,2,3,4,5,6,7,8,9,10,11,12,13,14,15,16,17,18,19	53.8423377523,57.9228134232,55.4834799806,57.5490352301,59.2651082828,56.2145288587,60.1674281982,72.6263225333,85.3384116065,104.862932878,129.916982115,152.518247922,172.50040275,187.002065865,197.097332105,197.714229811,204.612308588,204.213040447,201.563997334,206.474542432	4	scurve	0.04	396000
406289	0,1,2,3,4,5,6,7,8,9,10,11,12,13,14,15,16,17,18,19	65.2535482308,64.5880657187,70.6526645054,66.3756247258,72.6486509944,70.9069114393,77.8817273294,84.8980792614,97.2615626051,118.176521945,139.552681012,167.343691444,185.197167186,202.406870705,210.390521605,215.244602538,213.597304941,216.116695116,215.592468571,214.637509106	4	scurve	0.04	396000
407993	0,1,2,3,4,5,6,7,8,9,10,11,12,13,14,15,16,17,18,19	33.9268265401,34.3006026731,33.7645589562,31.6264803563,35.1159984264,38.2808481671,41.7663367883,45.8374675473,64.2940880361,79.4799064559,106.728383408,129.739895153,150.550234819,168.525141045,173.747663377,175.925842741,179.729072633,182.815761747,179.976792218,185.043242179	5	scurve	0.04	396000
407493	0,1,2,3,4,5,6,7,8,9,10,11,12,13,14,15,16,17,18,19	89.5032769437,87.509434506,90.20121557,93.5015575074,91.2653076936,93.7415844061,99.5718708795,109.01065401,116.77597395,138.197157184,162.150329338,189.967807167,211.373136199,223.998587413,230.790273098,237.817959529,235.457711206,236.643865736,236.611959194,237.902456673	4	scurve	0.04	396000
404114	0,1,2,3,4,5,6,7,8,9,10,11,12,13,14,15,16,17,18,19	108.308756357,108.075836959,103.423131886,103.540400651,104.764269477,113.011982735,113.888428309,124.396791617,136.653218062,154.727730522,180.562776212,206.610923183,227.091711226,239.361906074,249.693683014,248.425558432,251.122128544,252.265302358,251.597440086,256.543602399	4	scurve	0.04	396000
404857	0,1,2,3,4,5,6,7,8,9,10,11,12,13,14,15,16,17,18,19	151.261205018,146.798508475,151.920086741,147.998438195,151.272803275,155.157045048,157.020467796,163.493784589,181.509414682,197.31476297,222.804610261,246.212388962,270.02009225,284.775653017,287.098070366,290.850315593,298.65462949,296.337326138,295.197498741,298.991473323	4	scurve	0.04	396000
404555	0,1,2,3,4,5,6,7,8,9,10,11,12,13,14,15,16,17,18,19	-33.1803489974,-32.6780223958,-32.2833376136,-33.0285298491,-30.2798284149,-26.3656799861,-26.4469111581,-17.8591710578,-0.640130177915,20.306826214,44.6222214036,68.4438102887,86.0114773015,100.36827882,107.032129244,113.433165884,113.795919098,117.084382755,116.940144462,118.411477284	5	scurve	0.04	396000
406385	0,1,2,3,4,5,6,7,8,9,10,11,12,13,14,15,16,17,18,19	106.818665685,109.996321359,109.116671046,110.706424896,111.891983553,109.542395401,112.240958138,122.192465142,134.515284494,158.144677456,180.855454332,203.860769356,227.349599972,242.805389983,247.913757294,255.211936349,251.815823535,252.436590949,256.055986731,253.375246543	4	scurve	0.04	396000
406344	0,1,2,3,4,5,6,7,8,9,10,11,12,13,14,15,16,17,18,19	-112.844586305,-108.095231494,-110.920315168,-109.066696756,-109.217759749,-102.859461255,-104.977055646,-94.6003029774,-83.2596088321,-61.1471274654,-35.7328729458,-10.8778381386,9.0274997115,20.958743072,30.7805371545,36.5826860413,38.9183018235,41.1320562769,38.7711713062,38.3978379989	3	scurve	0.04	396000
404094	0,1,2,3,4,5,6,7,8,9,10,11,12,13,14,15,16,17,18,19	-87.419480671,-88.58791366,-84.017883373,-82.3347715565,-83.342367459,-83.0944024801,-78.3800831847,-71.4713170984,-57.3182684435,-35.8106163933,-13.6139873911,12.9093119241,31.5511336374,49.3177991982,56.2001389423,59.7699241475,59.2445045136,60.3793901681,64.0538526712,62.9163778371	3	scurve	0.04	396000
404034	0,1,2,3,4,5,6,7,8,9,10,11,12,13,14,15,16,17,18,19	-22.7311994342,-18.8055243735,-21.9553758243,-18.0500141565,-16.305720078,-18.0749273661,-13.7672181972,-6.01986653233,12.4489477915,29.2842493245,56.6673219218,79.1073399307,100.226290699,114.641184614,123.03602198,124.673113909,128.203926671,127.805698777,129.295935494,131.227223562	5	scurve	0.04	396000
405456	0,1,2,3,4,5,6,7,8,9,10,11,12,13,14,15,16,17,18,19	-144.795375177,-141.578037749,-138.562958033,-141.003790499,-140.288086192,-137.496117819,-132.224808078,-125.374802426,-112.120221768,-95.2014110455,-64.4005367693,-40.466433311,-20.5932410705,-7.26963673916,-1.6156792107,6.35113908974,6.28403161307,9.81345347008,8.40898511268,10.5224231222	3	scurve	0.04	396000
404903	0,1,2,3,4,5,6,7,8,9,10,11,12,13,14,15,16,17,18,19	-39.2632003861,-36.9677732668,-37.4793094007,-34.9648105197,-35.3168070953,-34.4952692562,-28.2457658178,-22.5174410079,-7.1263970137,14.4978017889,37.7830552747,63.506588269,83.3023648083,98.8098857122,102.798938817,106.673301333,108.839120086,110.031676407,110.671512564,115.090659843	5	scurve	0.04	396000
405202	0,1,2,3,4,5,6,7,8,9,10,11,12,13,14,15,16,17,18,19	-104.176102977,-102.858782322,-100.168513292,-101.455598465,-100.309450363,-99.1850164726,-91.8663858452,-86.2225426369,-70.8751704558,-51.4026670584,-26.8244126579,-3.03804745873,20.8897877606,33.5644678319,39.8119028274,42.2388947855,46.5457712336,47.9758885949,44.3372591353,45.0998321246	3	scurve	0.04	396000
407730	0,1,2,3,4,5,6,7,8,9,10,11,12,13,14,15,16,17,18,19	-38.2119805787,-37.8853766404,-38.9270631887,-35.0076628047,-36.3171114626,-31.5851219567,-30.4849158774,-23.0425587634,-7.65959620192,10.2865094611,39.0350106047,61.2430775688,83.824948392,95.5115283538,105.958345822,107.123562746,110.920567661,109.87437503,115.221546981,109.858055475	5	scurve	0.04	396000
406662	0,1,2,3,4,5,6,7,8,9,10,11,12,13,14,15,16,17,18,19	-119.014108439,-118.133756092,-122.078208843,-116.693913351,-115.708284082,-118.274885535,-112.298644386,-101.425972022,-89.3939183165,-72.8468233572,-42.1248381122,-23.1743137199,1.53001388752,10.1427897018,19.6246079696,28.1259391898,26.73256568,29.7030088249,28.7158688578,32.6171830175	3	scurve	0.04	396000
405932	0,1,2,3,4,5,6,7,8,9,10,11,12,13,14,15,16,17,18,19	-88.6649317268,-82.801752276,-85.0637282744,-85.2143575323,-82.3438079088,-82.6468159171,-75.3651964555,-70.1883895636,-56.7765669948,-36.6477139909,-8.75580332892,14.4027832689,32.060563575,46.6972973782,51.8544335832,61.7691007098,60.1261805171,63.4918335591,63.1689506133,63.1714511408	3	scurve	0.04	396000
407179	0,1,2,3,4,5,6,7,8,9,10,11,12,13,14,15,16,17,18,19	-107.702350435,-107.849985737,-109.426588109,-109.930825428,-108.876618404,-104.37887077,-99.9656156557,-92.1600803555,-76.4844304281,-56.4556242254,-33.4342786072,-9.75760635929,11.2784242045,26.9492265888,35.1440724526,34.2172153465,40.4092802268,37.4369608071,44.3439408824,42.6072713263	3	scurve	0.04	396000
404535	0,1,2,3,4,5,6,7,8,9,10,11,12,13,14,15,16,17,18,19	-90.6654365722,-89.3383734995,-89.7557416318,-88.9804362719,-87.791347212,-87.1422166743,-82.754414547,-71.350692655,-55.9051231529,-38.8977574331,-14.1879590335,11.2937661723,33.4471117482,44.7983900498,55.0812310885,53.3053807186,61.4554463559,56.7335346464,63.3917157824,58.2261322047	3	scurve	0.04	396000
404161	0,1,2,3,4,5,6,7,8,9,10,11,12,13,14,15,16,17,18,19	91.3920510237,86.2060684639,89.3399671818,92.888531395,91.7678935327,92.6898776172,99.2096276269,106.157072595,119.331766037,138.595605471,161.015966903,185.632750046,211.085253744,222.548283573,230.906292935,230.96131662,237.673399432,238.616914868,237.889100136,239.622440257	4	scurve	0.04	396000
406312	0,1,2,3,4,5,6,7,8,9,10,11,12,13,14,15,16,17,18,19	11.6774368686,9.85322815959,10.62962923,10.2567540016,11.0442661497,12.187711714,16.3941549799,23.7180762075,39.3200974025,58.0520089029,83.639509024,106.280898028,129.276149013,138.922563406,150.289293342,151.450037252,157.047870892,154.304802395,158.906761769,156.873570553	5	scurve	0.04	396000
405348	0,1,2,3,4,5,6,7,8,9,10,11,12,13,14,15,16,17,18,19	-136.802889628,-141.102677732,-134.535441304,-138.365117479,-137.107602442,-133.46427545,-131.012859218,-119.518732242,-109.496279585,-89.708358178,-64.2407830251,-35.8122560754,-18.2849992016,-4.49682390725,4.66026487277,7.87988002898,9.18169236496,7.44069029627,10.4922047789,10.8117479535	3	scurve	0.04	396000
404150	0,1,2,3,4,5,6,7,8,9,10,11,12,13,14,15,16,17,18,19	13.3680939977,16.8401606579,14.8167322982,18.669477062,18.1883109588,23.5477947402,24.1176594251,34.5931704848,43.3719517592,64.9929397816,88.1622984566,118.869232582,134.961563033,147.944031049,155.54871677,161.590982406,160.409921845,163.610468741,163.261998505,164.295884275	5	scurve	0.04	396000
405897	0,1,2,3,4,5,6,7,8,9,10,11,12,13,14,15,16,17,18,19	-0.939003540785,0.103020656873,-3.14351986067,2.57559492157,1.20229199658,5.92648919831,9.52549467721,15.7030156981,27.1257917327,46.6264711716,73.2219354645,97.5914029052,116.158963208,134.790557886,141.945809928,145.204238441,144.238015604,150.123393504,150.611427406,145.789695411	5	scurve	0.04	396000
405982	0,1,2,3,4,5,6,7,8,9,10,11,12,13,14,15,16,17,18,19	-78.4658733442,-78.0728735758,-79.3244431207,-81.7188899288,-80.8181902091,-74.5707898669,-69.4781714838,-63.2536158377,-47.596150647,-33.0376328741,-5.11666787855,16.7156403105,39.5207541025,49.9854977674,60.8575096976,68.2315641824,69.4553313699,68.3970398961,71.9918178018,67.5662826653	3	scurve	0.04	396000
405612	0,1,2,3,4,5,6,7,8,9,10,11,12,13,14,15,16,17,18,19	101.111262059,103.642580513,103.723566363,102.006646243,100.901322936,105.876735089,107.296501956,114.548396558,128.717827081,149.006676993,177.774154033,202.942292959,221.324978224,231.305819504,240.732382894,248.759259277,246.546808397,251.313702482,248.499399725,248.195947959	4	scurve	0.04	396000
405822	0,1,2,3,4,5,6,7,8,9,10,11,12,13,14,15,16,17,18,19	76.0257498556,75.7929827692,77.8627007296,76.4494465295,77.105311187,80.7742842943,85.6395539575,97.3714202275,108.394479108,126.330042462,152.190608083,175.207716923,197.171545357,209.62922346,219.311721657,223.283956088,227.489818487,227.4231831,229.455949058,228.72668229	4	scurve	0.04	396000
404586	0,1,2,3,4,5,6,7,8,9,10,11,12,13,14,15,16,17,18,19	-136.369417813,-138.882646642,-134.34039067,-136.443900068,-130.927549755,-132.764681953,-126.012486417,-121.098430837,-105.799966986,-87.5866913637,-61.3144190707,-37.2600006373,-16.423189066,-2.42208506862,6.46162810491,8.22038169598,9.50879351482,10.7503565802,10.4660710869,16.6846995807	3	scurve	0.04	396000
404994	0,1,2,3,4,5,6,7,8,9,10,11,12,13,14,15,16,17,18,19	-132.481874589,-133.713111801,-129.988538309,-134.36162516,-129.289478973,-129.881736351,-124.170376135,-115.498973322,-103.85478749,-85.4032677126,-55.7947250631,-30.2125549866,-13.7249939204,1.56167500469,5.0803200648,13.4945498968,12.5595685819,17.1316656678,15.4147732344,19.1612239196	3	scurve	0.04	396000
406922	0,1,2,3,4,5,6,7,8,9,10,11,12,13,14,15,16,17,18,19	28.9903239851,34.2520817144,30.6870535866,29.7391606665,34.4378783422,33.8217122187,39.9077322195,48.766153459,58.5740676898,81.5859762119,109.410237056,134.290828701,153.999454286,163.168979725,171.107961495,174.497374836,178.197926531,182.317658921,180.115796019,180.150605357	5	scurve	0.04	396000
407749	0,1,2,3,4,5,6,7,8,9,10,11,12,13,14,15,16,17,18,19	-13.9829185713,-15.7952745232,-15.730675467,-13.750333892,-10.6541590151,-12.4706316465,-6.25573549469,0.771022320759,18.0815070825,35.4678840496,63.8500055597,83.655482138,108.260422495,117.974750149,125.420395833,133.544181052,135.16459244,132.519675493,132.978183112,135.047930634	5	scurve	0.04	396000
406187	0,1,2,3,4,5,6,7,8,9,10,11,12,13,14,15,16,17,18,19	58.7391313033,57.9898980743,56.0573494133,58.9838689697,56.5014884163,60.4034398097,67.6444526593,72.0687129688,88.0860326138,109.131069199,133.905317255,155.088073739,175.124781162,193.471987847,199.014912535,202.44718912,205.113609401,206.910516199,207.445011037,209.063804184	4	scurve	0.04	396000
407627	0,1,2,3,4,5,6,7,8,9,10,11,12,13,14,15,16,17,18,19	49.0169380696,52.2996633026,47.3975862457,49.9516812294,51.8590776678,56.769052817,59.572973461,66.0225199738,81.8165540737,101.046057507,126.788411804,150.017678401,168.61736794,182.008665559,192.533899698,193.60856243,197.105079442,200.743726801,195.785522004,197.416683634	4	scurve	0.04	396000
405160	0,1,2,3,4,5,6,7,8,9,10,11,12,13,14,15,16,17,18,19	-105.647128267,-102.309575372,-103.173334624,-103.081484846,-103.785083241,-97.4933003896,-96.04705415,-86.2123298665,-75.7470076567,-55.2719691305,-29.5420796718,-2.72468423137,17.3900119917,30.3496140436,39.2056748038,43.715195559,44.1252688497,45.3203598397,44.7622108883,45.5342560075	3	scurve	0.04	396000
405111	0,1,2,3,4,5,6,7,8,9,10,11,12,13,14,15,16,17,18,19	46.8952458408,52.8543775463,50.394060334,53.0247850721,53.0520860885,50.7857234035,60.2464318168,64.3587356393,81.3789472886,101.41592481,124.274200821,152.273739751,167.000470515,185.50635437,193.656888093,194.788419146,198.967361405,200.451296723,201.153835691,201.676724171	4	scurve	0.04	396000
404784	0,1,2,3,4,5,6,7,8,9,10,11,12,13,14,15,16,17,18,19	44.7548865277,50.0102452573,46.0453419299,49.2574378138,51.3820361462,53.1433611198,58.8604408569,65.8016432352,78.8258675288,95.4246968969,124.423924279,149.755556416,169.003546107,178.777043373,190.623908211,191.373451337,195.879152009,198.555901075,198.621421006,193.77975305	4	scurve	0.04	396000
405406	0,1,2,3,4,5,6,7,8,9,10,11,12,13,14,15,16,17,18,19	150.057027897,147.064966003,148.960076452,147.815392127,151.190535367,154.153638293,155.283302049,164.361470622,176.793617698,196.604784902,222.053386462,247.8308789,266.918781117,282.098629952,288.633956428,296.594579358,296.225050786,299.425775761,295.235525906,299.713119458	4	scurve	0.04	396000
405173	0,1,2,3,4,5,6,7,8,9,10,11,12,13,14,15,16,17,18,19	-101.606261121,-103.871785106,-100.218229839,-98.3563990353,-101.641767278,-99.9278168116,-91.7507889202,-87.3044953811,-69.5580592287,-52.0628969804,-26.8587226856,0.259449658122,17.1094764397,31.5761236499,37.5513130868,44.6873228298,44.5827627245,49.7007884943,46.091468383,48.0309257883	3	scurve	0.04	396000
405837	0,1,2,3,4,5,6,7,8,9,10,11,12,13,14,15,16,17,18,19	-107.834603235,-107.386402898,-107.067233478,-110.586404974,-105.643997744,-103.685549305,-100.346563487,-92.8913466652,-75.9449282471,-56.1850932231,-34.4226730281,-6.89043885598,13.5169202191,22.1444923865,34.8571625574,36.0841689182,37.7387760546,39.7788313354,40.2767886303,43.307607107	3	scurve	0.04	396000
406406	0,1,2,3,4,5,6,7,8,9,10,11,12,13,14,15,16,17,18,19	-45.3758198209,-44.9735420285,-46.8469630445,-48.131924761,-42.6678995602,-39.2903400488,-35.6244304943,-31.1727513398,-19.0033357563,4.45986785681,30.1725455529,55.2026017694,74.6699619006,85.4730712651,96.0671717212,102.258477613,102.950913261,105.576197695,100.725417796,104.619658252	5	scurve	0.04	396000
404976	0,1,2,3,4,5,6,7,8,9,10,11,12,13,14,15,16,17,18,19	-84.4457305051,-81.2353853657,-81.8635409723,-84.3330108492,-82.9278027842,-78.1884045598,-70.787805007,-68.3438068383,-54.383031623,-30.9006907032,-5.44014691371,17.5575035704,38.436627475,52.2755400309,61.2667320537,65.3571096316,67.7541731631,63.713626345,68.0467214002,66.1459327189	3	scurve	0.04	396000
406989	0,1,2,3,4,5,6,7,8,9,10,11,12,13,14,15,16,17,18,19	-113.08663244,-115.164242619,-115.719553861,-112.628488614,-110.158575318,-109.569138969,-103.374527273,-97.0262488662,-81.4698273719,-66.4796051074,-37.7676269752,-16.7278236643,3.73063782483,22.4974300405,25.1306597762,28.7775239728,35.7007055446,35.7343152258,33.935106382,38.2994565401	3	scurve	0.04	396000
406274	0,1,2,3,4,5,6,7,8,9,10,11,12,13,14,15,16,17,18,19	-26.6730640965,-26.1125102698,-27.9800936734,-23.1585927416,-25.7748137985,-20.2061834223,-20.74102391,-9.26837797776,2.61775054815,20.4900817003,49.4139595374,73.6086712096,94.0486644441,103.915893873,112.355323094,121.087110988,123.562880303,124.656632894,119.33316929,124.252118976	5	scurve	0.04	396000
404399	0,1,2,3,4,5,6,7,8,9,10,11,12,13,14,15,16,17,18,19	-91.5557106252,-86.8617103021,-89.472619813,-91.5403162859,-90.253556664,-87.5221677798,-79.2324786021,-76.251492185,-62.9764839174,-42.3375409961,-15.9396361585,10.1331320512,27.535763224,43.8589583705,50.7761440336,57.5100904807,60.5666819488,58.5917012384,62.0640676418,58.765058047	3	scurve	0.04	396000
406404	0,1,2,3,4,5,6,7,8,9,10,11,12,13,14,15,16,17,18,19	-96.408641029,-101.06559799,-99.4637836786,-95.2963927331,-95.734361716,-97.2125670558,-90.2658767625,-79.7431448533,-66.9555778024,-47.6241784113,-21.1328634325,1.48675204387,19.0356973032,32.1151014901,41.8152670534,45.05112064,48.7665733299,47.3546462378,49.3571823488,52.1626493124	3	scurve	0.04	396000
407242	0,1,2,3,4,5,6,7,8,9,10,11,12,13,14,15,16,17,18,19	141.466441646,143.740984271,140.64936289,144.309096318,141.595955692,146.995232915,152.536344669,156.814659886,169.373047824,194.812813304,213.852935975,238.443358291,261.338036323,274.799259233,285.149262324,286.152065968,289.865819643,289.465914112,291.915829277,291.307955457	4	scurve	0.04	396000
407786	0,1,2,3,4,5,6,7,8,9,10,11,12,13,14,15,16,17,18,19	121.318354969,115.534827133,119.170258614,117.425723469,120.338836293,123.28924829,128.782314851,132.278280452,145.167891867,168.952745253,191.764661488,221.187529549,238.063192428,254.210724243,258.897534933,263.468187566,264.142869563,269.458102468,270.479555183,265.500004912	4	scurve	0.04	396000
404151	0,1,2,3,4,5,6,7,8,9,10,11,12,13,14,15,16,17,18,19	-15.5251513169,-14.003370551,-13.9725971275,-13.760719953,-11.9413592008,-12.976062503,-10.5489966793,0.750537703573,15.0924457056,31.5593389931,57.3080337844,81.0416343227,103.790726447,116.871613859,122.619637068,128.630593841,133.927903894,131.952787112,132.945814775,132.08649461	5	scurve	0.04	396000
406060	0,1,2,3,4,5,6,7,8,9,10,11,12,13,14,15,16,17,18,19	-124.425130679,-129.689252528,-125.578785644,-127.852244072,-127.899613826,-123.80418725,-116.877858423,-111.71452514,-101.005763945,-77.170332066,-53.7188311242,-30.673730666,-7.21592074346,4.40801877188,15.5835352616,15.5818137696,18.1837136764,19.5366479059,21.2435345381,23.2249511965	3	scurve	0.04	396000
406039	0,1,2,3,4,5,6,7,8,9,10,11,12,13,14,15,16,17,18,19	-104.836960548,-103.197640654,-104.808960849,-102.887842144,-105.053869101,-98.4632419915,-98.7868105424,-91.7466949542,-77.5563031781,-52.561843781,-30.8288414185,-3.80175277061,13.6098743869,27.9883369255,37.1043444711,42.4340995856,40.6929910726,45.3840311381,43.9855867675,41.3547668292	3	scurve	0.04	396000
404644	0,1,2,3,4,5,6,7,8,9,10,11,12,13,14,15,16,17,18,19	8.24001325744,10.2752295435,11.2516137989,12.8352896364,15.4392117968,15.6146943165,16.2404165325,27.2055889854,43.4049505586,59.8076587743,87.4258921354,107.134250417,131.560897069,142.756582118,154.225508741,153.743563112,159.710617931,156.709561532,157.340325965,160.247992522	5	scurve	0.04	396000
407328	0,1,2,3,4,5,6,7,8,9,10,11,12,13,14,15,16,17,18,19	45.667945533,50.3847140277,46.3615957914,46.3784881813,48.279115892,53.1453703978,53.5454841003,63.4425488788,76.5958350261,98.1401236312,124.294126178,145.80383252,164.810955878,181.845493476,189.078820618,195.062856949,198.371271209,199.115242184,197.319083214,197.875018924	4	scurve	0.04	396000
407518	0,1,2,3,4,5,6,7,8,9,10,11,12,13,14,15,16,17,18,19	36.1835836259,34.9495243077,38.3616268983,38.6609172373,34.1731369198,38.8616283045,41.7743086823,54.2980616745,62.7943544658,82.8522013071,112.764432166,132.779133211,154.656578807,168.858042469,175.936033302,182.079233046,185.032620953,184.842344948,185.564843905,182.122553548	5	scurve	0.04	396000
405045	0,1,2,3,4,5,6,7,8,9,10,11,12,13,14,15,16,17,18,19	-56.9928270507,-55.4051690924,-58.3044892358,-56.1413834631,-56.4185525657,-52.7980036325,-46.1716825401,-38.0878962863,-24.680235699,-3.65296193998,18.3813346248,41.8431606012,63.8085512497,76.8982435268,86.6159980446,86.403096421,92.2037353328,90.4876910994,91.4764911838,91.559367752	5	scurve	0.04	396000
407368	0,1,2,3,4,5,6,7,8,9,10,11,12,13,14,15,16,17,18,19	-116.228787034,-117.060680446,-116.538107222,-113.581096797,-113.556529692,-109.292100994,-108.13560739,-99.1755678985,-89.5131293722,-65.5688881099,-44.801101746,-13.7079872056,1.42875513932,17.1081344779,21.6846855032,28.0287090784,29.6289329285,30.0681844319,32.3830159358,30.5298313007	3	scurve	0.04	396000
404839	0,1,2,3,4,5,6,7,8,9,10,11,12,13,14,15,16,17,18,19	80.9592795628,80.9482867673,85.4586700947,87.2873864771,87.3572009448,85.5519496223,90.8172438117,102.556379695,114.091496064,135.151632285,157.467534076,180.576263736,203.804122529,213.927180085,226.291701384,228.333137919,233.871455055,231.453884389,234.36771271,233.855471358	4	scurve	0.04	396000
407300	0,1,2,3,4,5,6,7,8,9,10,11,12,13,14,15,16,17,18,19	-2.84789721839,-3.58887363833,0.651082213887,-0.556140069345,2.65642405932,-0.544377668095,7.5075438525,11.9503923146,25.9889730103,50.7138545798,69.9061934374,100.681909647,115.917621087,130.137632228,140.051990089,142.386419357,144.25897488,145.848990609,148.620796313,150.749401607	5	scurve	0.04	396000
407714	0,1,2,3,4,5,6,7,8,9,10,11,12,13,14,15,16,17,18,19	11.7372648973,9.40253434685,10.5126971989,12.7523544697,12.2409812241,18.4951780855,18.7084719434,27.4612353084,39.7153594018,59.9888570523,88.9546270917,112.908716701,130.46049949,146.666910116,154.447489018,153.893475903,160.499521158,161.088447274,159.450777816,162.516904563	5	scurve	0.04	396000
404801	0,1,2,3,4,5,6,7,8,9,10,11,12,13,14,15,16,17,18,19	41.8969023243,48.2007611602,42.7263672695,43.1131505468,48.2300615538,49.126604689,51.4857582655,61.9270214885,74.1465764451,92.9400516259,120.418868236,144.738586888,165.249557771,175.407439978,187.944856789,191.457010271,194.322250622,195.677411715,191.928200729,197.116539595	4	scurve	0.04	396000
404125	0,1,2,3,4,5,6,7,8,9,10,11,12,13,14,15,16,17,18,19	-69.3993515614,-70.4796085506,-68.237243522,-70.1054115194,-69.9122282688,-65.7491300516,-60.4559517569,-51.6896355319,-38.7302894208,-19.7509595015,3.77185479125,25.872961873,48.2492302962,64.3235431166,70.8623371798,75.503000639,74.226621712,77.5160949575,77.0261212877,78.5786744068	3	scurve	0.04	396000
405842	0,1,2,3,4,5,6,7,8,9,10,11,12,13,14,15,16,17,18,19	6.75394146382,3.86334090751,4.28367107418,5.51604617128,9.55540063905,11.5093544413,13.0015428914,24.8376682038,39.1520330301,56.8640586398,78.1931836958,105.090370801,127.04063164,142.611559636,149.479988289,148.296160254,152.696393588,157.259684422,154.832225655,156.676080476	5	scurve	0.04	396000
406384	0,1,2,3,4,5,6,7,8,9,10,11,12,13,14,15,16,17,18,19	-8.60035089647,-9.86017569811,-7.02421273354,-8.94508103692,-4.87107471952,-7.51428318255,-0.262643882366,5.72753959353,18.2618516022,43.9164856472,67.9850976908,91.3434066027,110.256036444,122.460964606,132.959702372,134.416888147,137.19517155,139.83053153,138.635280727,137.504307	5	scurve	0.04	396000
407616	0,1,2,3,4,5,6,7,8,9,10,11,12,13,14,15,16,17,18,19	-68.749852408,-73.7037772463,-71.1623912202,-71.8419284974,-69.0027316059,-64.4785099189,-61.1058755087,-53.1686234044,-41.8039538311,-21.0778694965,3.11179198964,28.3725918026,50.5985046572,63.3464982718,66.4522492189,71.9577690376,74.9564253817,78.2221891331,77.1720053907,80.1124041628	3	scurve	0.04	396000
407163	0,1,2,3,4,5,6,7,8,9,10,11,12,13,14,15,16,17,18,19	114.97625205,112.723716585,115.922881885,115.666421274,116.280577627,121.153976686,126.537310441,130.040098287,144.516538303,164.204157199,186.873040673,214.86284795,232.30080969,246.100728904,258.442039966,257.865031245,263.133303244,262.706004889,263.542237443,261.87078425	4	scurve	0.04	396000
406471	0,1,2,3,4,5,6,7,8,9,10,11,12,13,14,15,16,17,18,19	-55.7665245855,-59.2796688416,-57.0257350739,-57.5062188961,-51.8108478814,-53.6259936938,-49.5569362253,-39.0721960413,-25.5674951676,-4.57462869366,21.6334587533,45.5563448843,62.4416843762,76.6414499697,86.1052056516,91.0519681132,90.3776034283,93.1643291248,93.4879246954,90.7844021805	5	scurve	0.04	396000
404818	0,1,2,3,4,5,6,7,8,9,10,11,12,13,14,15,16,17,18,19	7.5299335301,12.7223508076,6.95644990709,9.03857808813,11.2278255803,12.293850198,19.7365725714,29.0575668386,36.6032149626,60.5857099956,83.3488719793,107.36335665,131.421032661,143.513450129,151.719332837,155.794034381,155.073503471,156.079714026,157.733862142,157.651075317	5	scurve	0.04	396000
406357	0,1,2,3,4,5,6,7,8,9,10,11,12,13,14,15,16,17,18,19	-62.9422147955,-67.8760929093,-63.551525388,-63.2963446766,-65.0402192642,-62.9672804835,-55.8199481428,-48.7998543553,-35.041413596,-18.4034540755,12.8419813076,33.561722732,53.5610511312,70.5756401917,77.4034303314,79.96632995,84.2215494997,86.3809269192,86.970153698,85.1343154573	3	scurve	0.04	396000
406827	0,1,2,3,4,5,6,7,8,9,10,11,12,13,14,15,16,17,18,19	-138.475909445,-144.037831616,-137.823279416,-142.6696032,-140.949819174,-134.036414816,-133.617212313,-123.140743936,-111.468956301,-94.4549086927,-67.0172519166,-43.4792609732,-18.6378079519,-8.88266780803,-0.275109772361,3.01612304725,8.62083050679,5.19784985135,5.71852119217,10.9142934982	3	scurve	0.04	396000
405833	0,1,2,3,4,5,6,7,8,9,10,11,12,13,14,15,16,17,18,19	87.2304057074,85.9301075295,84.5089750831,84.1344685109,90.5467001673,88.6721780592,94.3922230643,104.579243677,113.091359409,137.402508929,161.532071198,185.223867602,202.10156086,221.634495511,227.894143824,228.059323769,234.172047425,237.116112517,233.505681358,233.190589857	4	scurve	0.04	396000
407879	0,1,2,3,4,5,6,7,8,9,10,11,12,13,14,15,16,17,18,19	-120.675194098,-122.474598398,-119.356430804,-123.013651059,-120.909211021,-117.453974706,-110.033093664,-107.690478709,-94.4976981906,-74.2676859415,-45.8876889636,-23.6473629444,-4.49805742101,11.9217193975,16.4547919513,25.0870788219,25.1838814586,26.5387893645,29.9693464601,28.2825644308	3	scurve	0.04	396000
406119	0,1,2,3,4,5,6,7,8,9,10,11,12,13,14,15,16,17,18,19	-56.7170884714,-60.6237803346,-55.4147893734,-55.3902295701,-59.3751660538,-53.7809828693,-47.2401560599,-42.1567424605,-26.1174308682,-10.5585089564,14.7152006643,39.4442014267,63.5594847714,71.7825452747,81.8755566731,87.6139260117,89.4983230088,92.6997044918,89.8351848459,92.8033101088	5	scurve	0.04	396000
406838	0,1,2,3,4,5,6,7,8,9,10,11,12,13,14,15,16,17,18,19	-48.2864646448,-51.4997207538,-46.4379229389,-47.4689472044,-48.5229671722,-46.2500768063,-41.6906843341,-30.974018445,-17.3667332267,2.34119733075,28.6691299889,53.2719281812,74.0832992749,86.5252700805,94.9506196938,93.6366467805,100.218595422,97.3402410196,103.4440472,101.114462435	5	scurve	0.04	396000
405403	0,1,2,3,4,5,6,7,8,9,10,11,12,13,14,15,16,17,18,19	106.942394025,106.128932101,107.231672738,109.664703585,107.039781919,113.703775625,114.942507909,123.081777558,137.582983471,153.899532907,181.172994403,209.81862244,226.53036465,242.221317295,246.008057242,255.223869255,254.17764967,258.137047977,256.796806305,257.186801406	4	scurve	0.04	396000
406664	0,1,2,3,4,5,6,7,8,9,10,11,12,13,14,15,16,17,18,19	-0.79857316099,0.79157663223,2.21778215298,-1.04336115487,1.34595305095,5.70218751634,8.73296276305,18.7086058011,28.2222418411,47.3634795057,72.3136923431,100.401179386,121.560846853,134.848162964,143.368681375,145.913870622,148.959073624,151.38093771,148.607792687,151.263777153	5	scurve	0.04	396000
404630	0,1,2,3,4,5,6,7,8,9,10,11,12,13,14,15,16,17,18,19	85.9634407277,83.6776035253,87.1636974758,89.5592331242,86.7067550169,91.4361652418,95.6166574553,103.362901832,115.354254494,136.433287835,161.811785183,188.481550137,206.894800446,220.277046894,227.213370474,232.555699918,229.972767532,232.815135818,235.889718812,235.494719244	4	scurve	0.04	396000
405454	0,1,2,3,4,5,6,7,8,9,10,11,12,13,14,15,16,17,18,19	137.528949882,142.184876161,139.135180187,141.683883969,139.96392989,142.318279807,147.990149152,156.096548454,166.890646508,191.894678279,213.92520863,239.821026719,258.91862532,269.675737226,278.526255227,284.67554102,286.866388805,284.735365086,285.96142757,285.443561211	4	scurve	0.04	396000
407608	0,1,2,3,4,5,6,7,8,9,10,11,12,13,14,15,16,17,18,19	75.3888520969,77.4055664782,74.3264157166,75.1754827883,78.5404187863,81.4903347689,86.979431925,92.9722776322,106.52694785,125.35577337,151.464585276,171.971228446,195.67968899,205.225334507,218.446285632,217.256553607,219.946194732,223.8769169,224.564114157,224.128913207	4	scurve	0.04	396000
407656	0,1,2,3,4,5,6,7,8,9,10,11,12,13,14,15,16,17,18,19	-143.445736751,-143.429375943,-146.00531424,-142.46724359,-143.314612168,-136.504172482,-136.889458351,-128.612397168,-111.697451829,-94.9971688776,-68.2890309448,-46.189536145,-23.4510217209,-12.4917857505,-3.65824775058,4.4674811961,3.26253985809,2.48616011523,5.62390001973,3.81977972455	3	scurve	0.04	396000
407086	0,1,2,3,4,5,6,7,8,9,10,11,12,13,14,15,16,17,18,19	42.5654469394,46.8414837468,45.9296035197,45.1275209109,48.2750301565,51.6460504012,53.2497086752,61.675546543,78.5050489899,96.515056236,120.833402946,146.412600925,162.296938481,181.891709053,187.534446256,191.750158271,190.45988612,194.101347195,193.341856599,193.104646475	4	scurve	0.04	396000
405854	0,1,2,3,4,5,6,7,8,9,10,11,12,13,14,15,16,17,18,19	93.569560167,97.8273760432,98.9780057421,97.1336647437,97.1155021416,103.883295304,105.967584306,114.753903544,126.204313393,145.570660715,169.832866434,197.325494612,217.138920235,232.702870809,238.400166369,239.270064832,243.529285317,242.303121152,244.533784879,247.571993855	4	scurve	0.04	396000
407938	0,1,2,3,4,5,6,7,8,9,10,11,12,13,14,15,16,17,18,19	136.998750715,132.872136551,136.412445824,138.199578509,133.520139577,138.006134462,146.504588521,152.86627666,162.428043455,184.829965936,210.176353991,234.57367922,254.764509469,265.434801465,273.505740056,279.261699749,282.652057704,285.225441411,284.640892572,280.91809094	4	scurve	0.04	396000
404701	0,1,2,3,4,5,6,7,8,9,10,11,12,13,14,15,16,17,18,19	-83.0304677999,-88.2318923583,-85.4866917731,-81.9642073131,-84.3648625188,-79.1073521372,-77.4754151679,-71.3197096261,-55.0425711352,-35.3668605384,-10.3694964201,15.377523214,33.0740967799,44.3234265171,57.5842853886,56.1393028965,62.4097920151,62.889051511,64.8617574422,65.7622064837	3	scurve	0.04	396000
404146	0,1,2,3,4,5,6,7,8,9,10,11,12,13,14,15,16,17,18,19	3.05979533238,3.57514317179,6.70057607737,6.99668363064,6.73390533136,10.8497764893,14.6136653567,20.1437836883,34.9360696645,51.7569361884,82.1303992303,105.87586211,121.429471504,139.454665149,148.476797972,151.461816462,150.485670425,156.42135741,150.649219304,151.092812555	5	scurve	0.04	396000
407388	0,1,2,3,4,5,6,7,8,9,10,11,12,13,14,15,16,17,18,19	128.448820338,129.319016047,132.78633567,131.675620883,129.633450445,132.179759885,134.896085206,146.0844883,157.907282426,176.02036896,204.034122102,227.858257455,246.187232295,259.817521215,269.435531499,273.134573319,278.289181591,280.099913754,278.019379463,279.006883335	4	scurve	0.04	396000
405040	0,1,2,3,4,5,6,7,8,9,10,11,12,13,14,15,16,17,18,19	-73.2801507089,-78.6839925796,-73.2492308389,-73.8476629534,-73.1409089238,-73.1080768496,-70.6556144431,-58.7547010255,-47.7202410128,-28.1936534042,-2.08623276312,24.4256408002,42.4983046158,57.3456991438,65.7181091829,70.2398296404,72.7712873581,72.131271388,70.8945216487,72.8250474844	3	scurve	0.04	396000
406762	0,1,2,3,4,5,6,7,8,9,10,11,12,13,14,15,16,17,18,19	-124.083598013,-123.302511423,-125.794081527,-121.630621827,-123.991835071,-118.900733618,-118.835607309,-109.008610294,-95.3728890334,-73.290991809,-51.3327382514,-26.5638412051,-2.30283759698,8.55605886488,14.2150343109,23.5808554534,23.7892112097,20.9142994695,26.2806636119,26.9549971588	3	scurve	0.04	396000
406649	0,1,2,3,4,5,6,7,8,9,10,11,12,13,14,15,16,17,18,19	15.9052277544,14.4721267031,11.8246398069,14.9613227099,18.0408123579,20.5693252301,25.962861824,30.3913020593,45.07409311,63.0842201147,88.5522419066,114.128062976,130.679692713,147.420938673,156.636501126,162.622888316,164.458458496,161.958878846,162.057398895,160.700421841	5	scurve	0.04	396000
405955	0,1,2,3,4,5,6,7,8,9,10,11,12,13,14,15,16,17,18,19	103.29635352,100.980018573,103.394682013,104.432987807,102.933408887,105.553168419,114.688247652,118.660589918,129.981928396,151.203896667,174.646803744,205.591012408,224.511967314,235.504209388,246.260768584,246.062022246,251.939660445,251.543386166,253.057290004,255.719260295	4	scurve	0.04	396000
406232	0,1,2,3,4,5,6,7,8,9,10,11,12,13,14,15,16,17,18,19	115.557322772,111.74022183,110.149511253,114.806197585,117.432498191,113.974806714,122.521071243,126.108671679,139.578257055,160.381776441,184.611228682,213.446730885,233.674799682,246.008612444,256.599982037,255.047992624,258.12188921,262.892819802,261.285078282,263.530212171	4	scurve	0.04	396000
406695	0,1,2,3,4,5,6,7,8,9,10,11,12,13,14,15,16,17,18,19	-121.542117135,-120.659122086,-118.407867244,-119.627224589,-119.780107304,-116.487488195,-112.317725213,-104.021252613,-88.7003065289,-66.8836754961,-42.7585748154,-19.4386845852,2.39504927141,14.2660583379,23.0896408442,25.6009835973,30.7759572303,28.1424006467,27.1181208727,28.2795081841	3	scurve	0.04	396000
405265	0,1,2,3,4,5,6,7,8,9,10,11,12,13,14,15,16,17,18,19	48.2617974499,48.911660492,48.9705585735,54.0070242405,50.138255313,57.77689516,61.722871662,66.8075103502,81.4245354906,99.9880062996,124.715667381,152.280823148,167.831935513,186.325712552,191.735487489,194.13809063,195.095212775,201.892740875,197.705656892,198.117144969	4	scurve	0.04	396000
405769	0,1,2,3,4,5,6,7,8,9,10,11,12,13,14,15,16,17,18,19	69.7377098197,68.6083689629,65.7372803673,67.442285266,70.5842302516,75.1796232761,74.3759053148,82.3766112314,95.4545063731,121.090062947,140.555033271,166.385188372,191.134964833,203.195170121,206.409549676,211.787813754,215.453383062,213.985657359,217.310661314,216.410533838	4	scurve	0.04	396000
404112	0,1,2,3,4,5,6,7,8,9,10,11,12,13,14,15,16,17,18,19	-109.836931842,-112.808414528,-110.254164391,-114.523914049,-112.731866669,-109.376494125,-107.333602508,-96.7717906301,-82.330763234,-64.729154464,-35.4501471458,-16.0301818929,9.6436838904,18.3256404485,28.5303655669,34.5460675676,33.5057854641,33.0432544994,39.1232463951,34.5155567808	3	scurve	0.04	396000
404632	0,1,2,3,4,5,6,7,8,9,10,11,12,13,14,15,16,17,18,19	-26.9754638799,-29.4597571656,-31.3307019939,-26.5647662839,-26.8733398583,-24.5817124551,-21.9438614333,-16.1439083697,-2.17407787852,21.7397538173,43.5186886192,69.6675382833,90.0811077878,104.656600864,108.910170232,113.042210588,117.57840986,116.59082634,118.499218021,117.547209483	5	scurve	0.04	396000
405467	0,1,2,3,4,5,6,7,8,9,10,11,12,13,14,15,16,17,18,19	115.920982834,114.613897392,117.372997487,115.974715228,117.13024787,124.225611973,124.690227765,135.248377773,149.022393304,165.607293554,192.927884882,219.125027346,234.717817394,252.049546273,258.004545092,265.785299271,265.46416449,263.532988303,266.111535391,263.946842609	4	scurve	0.04	396000
406924	0,1,2,3,4,5,6,7,8,9,10,11,12,13,14,15,16,17,18,19	-32.080739146,-32.8924191517,-32.7002403954,-29.1049011223,-28.8745007795,-27.3374351918,-22.5892157922,-18.0247043663,-5.07968061956,13.9971547277,40.849266737,66.9792743516,85.2666374208,101.573343692,108.081703868,110.482173771,113.271676785,113.088473455,116.781727679,119.061659249	5	scurve	0.04	396000
404106	0,1,2,3,4,5,6,7,8,9,10,11,12,13,14,15,16,17,18,19	151.399978712,146.063414798,148.204143304,147.284744874,149.543380069,154.750071359,159.068513878,164.685067121,176.77609984,199.810276598,224.630137461,245.584226394,267.961162237,280.995595617,288.3087466,294.536077329,296.819972303,299.195265682,298.550847334,296.311780903	4	scurve	0.04	396000
406094	0,1,2,3,4,5,6,7,8,9,10,11,12,13,14,15,16,17,18,19	-36.8511616489,-35.8584958646,-35.9037315401,-33.509338037,-34.7416577714,-33.7039389534,-30.5875037475,-22.4511221993,-8.90325840059,16.0278567641,41.0257439645,63.3691026031,83.9802442358,93.7038154467,107.102392856,111.058439902,113.589838305,111.804435936,113.095088712,115.34820512	5	scurve	0.04	396000
405229	0,1,2,3,4,5,6,7,8,9,10,11,12,13,14,15,16,17,18,19	-18.8747368683,-22.0980427829,-19.785912494,-23.0445199746,-23.0138978055,-19.6082335919,-11.1391425184,-4.95059829849,8.03203981411,30.1747214047,51.2975399538,79.1601657501,96.0469466939,109.37414657,117.799449709,123.878841407,122.574191772,126.177818307,124.049737883,125.953455976	5	scurve	0.04	396000
405778	0,1,2,3,4,5,6,7,8,9,10,11,12,13,14,15,16,17,18,19	-37.2164489739,-39.6390111657,-36.8311564429,-39.6543235945,-35.0265521764,-36.0130714807,-30.1119081194,-24.8612234468,-9.7198388232,13.4111180243,33.8410720765,63.4185282257,78.5227366276,92.8248962349,102.297717052,104.308273986,109.261919787,109.832796604,108.69304603,112.2090969	5	scurve	0.04	396000
407710	0,1,2,3,4,5,6,7,8,9,10,11,12,13,14,15,16,17,18,19	93.0186182154,92.2692193491,91.7308513474,94.349831368,94.5185491872,93.8555169195,100.701752026,104.404533844,118.785182832,142.727724047,168.088711166,191.782380937,209.490832251,224.832043694,228.807449252,238.577832387,240.426655631,236.442278589,239.711769085,242.946756005	4	scurve	0.04	396000
404031	0,1,2,3,4,5,6,7,8,9,10,11,12,13,14,15,16,17,18,19	-146.46700433,-147.203182927,-146.662142745,-147.7789471,-147.757432519,-144.563351629,-138.566853221,-129.835709354,-116.449987553,-97.3680132948,-72.4021462639,-48.0698447175,-25.6696274226,-11.2959489669,-5.88175540894,-0.568222155899,-2.68059328374,-0.507824430829,0.358912875015,0.179749796892	3	scurve	0.04	396000
405616	0,1,2,3,4,5,6,7,8,9,10,11,12,13,14,15,16,17,18,19	17.7635944625,15.2953035047,16.2230370776,15.7935857629,21.6165946488,19.153495534,26.283562169,34.8909357803,45.2421689392,70.2505070643,90.6505535136,114.832189166,139.676695934,148.53748885,160.873680301,160.45890822,165.453256533,164.082398202,169.541002998,167.086098371	5	scurve	0.04	396000
406276	0,1,2,3,4,5,6,7,8,9,10,11,12,13,14,15,16,17,18,19	-40.128872049,-43.9665922146,-39.1816192239,-42.921695705,-42.0873039654,-36.4430436981,-31.6086652769,-26.3119386841,-11.9666933049,9.70560892865,30.9724721619,60.4565684418,78.5256115668,91.79914378,96.1273172224,100.117597853,107.009230972,104.971419858,108.566896296,109.003333615	5	scurve	0.04	396000
407728	0,1,2,3,4,5,6,7,8,9,10,11,12,13,14,15,16,17,18,19	1.17293060567,4.12907684171,1.23664138166,4.14699225008,3.17927252476,8.44938143173,12.2328524768,19.2614379833,31.6443001528,47.9601439098,78.3344756664,100.083181156,123.665531625,132.265639243,143.985770646,144.522427294,149.444149237,152.437800226,148.827960948,152.434870282	5	scurve	0.04	396000
405429	0,1,2,3,4,5,6,7,8,9,10,11,12,13,14,15,16,17,18,19	-72.9551491095,-76.5396771715,-74.2774796267,-76.7124889766,-77.1207426991,-69.9351961388,-68.9527110054,-61.063089282,-47.3281359494,-29.3315715414,-0.67637311144,26.3671936155,44.5399422096,55.5261421286,67.8955888968,72.1013258251,72.5005935703,73.1575115633,73.4545731201,73.6097242567	3	scurve	0.04	396000
405518	0,1,2,3,4,5,6,7,8,9,10,11,12,13,14,15,16,17,18,19	143.799529292,143.09955489,142.27218752,144.310709197,144.395183362,149.022120948,153.117586385,161.287494812,175.196852871,190.024314513,217.20194922,243.399443799,266.073208062,273.967472064,284.349087317,289.253645969,293.654115922,294.144472832,289.265820806,295.788256365	4	scurve	0.04	396000
407292	0,1,2,3,4,5,6,7,8,9,10,11,12,13,14,15,16,17,18,19	-4.52379293297,-9.61043901673,-7.08703510978,-3.91257152905,-4.40805788055,-1.89361278584,0.0146208879455,8.7401146415,24.3195484423,43.5411873125,65.8907028197,90.9677669784,112.564309124,124.775101024,135.269591829,140.327415426,137.658429671,144.925271938,145.377816082,142.816228638	5	scurve	0.04	396000
404627	0,1,2,3,4,5,6,7,8,9,10,11,12,13,14,15,16,17,18,19	-93.6906389198,-95.022277543,-95.0022187319,-94.6595233386,-95.0605068178,-89.3706372614,-88.2049238365,-77.0361585889,-64.8979688571,-44.1371486701,-23.3605640781,0.0708210764589,21.8753356116,36.9093072488,42.538888212,49.4419702115,52.2737116524,53.1412578419,54.0395856786,54.2069243547	3	scurve	0.04	396000
406943	0,1,2,3,4,5,6,7,8,9,10,11,12,13,14,15,16,17,18,19	16.1176107523,12.5735788077,13.8130084489,12.196715664,15.2452732059,20.1216945003,20.7591075113,29.9513694061,41.3000779896,60.524836538,86.7248896585,112.662359576,130.534205511,146.182491871,154.190093349,156.413091455,161.50589826,164.995098761,165.647257011,162.697119151	5	scurve	0.04	396000
404438	0,1,2,3,4,5,6,7,8,9,10,11,12,13,14,15,16,17,18,19	-110.207613881,-108.83550716,-105.447266463,-108.85213514,-106.998724102,-100.22482354,-97.3464954717,-90.1490578442,-79.3302806881,-58.3303765147,-35.7699901943,-9.4310967269,12.6046165384,23.1843423278,31.1964838948,37.2026385618,42.1283785767,42.4079744174,38.9890595067,43.3971400737	3	scurve	0.04	396000
404317	0,1,2,3,4,5,6,7,8,9,10,11,12,13,14,15,16,17,18,19	42.5963197582,47.2813226525,48.0106386451,43.902799215,47.0862180623,50.7962263247,56.1129379867,62.2124520429,75.524149491,91.324911428,121.07304274,142.973411066,162.722392323,179.525408831,184.104073415,190.755220388,190.631762005,193.23582735,196.789497317,191.251724312	4	scurve	0.04	396000
407047	0,1,2,3,4,5,6,7,8,9,10,11,12,13,14,15,16,17,18,19	-139.24589953,-136.579063019,-133.553721353,-133.883074047,-136.090167701,-130.993122505,-128.580813093,-118.330399043,-108.415668996,-84.541276689,-64.5318583255,-34.3697025846,-14.4949716321,-3.95183970945,2.50844967388,7.94773610448,8.20978453238,14.0820674069,14.5941813304,13.4756007576	3	scurve	0.04	396000
405224	0,1,2,3,4,5,6,7,8,9,10,11,12,13,14,15,16,17,18,19	145.542560573,150.254657618,147.149540502,146.715051114,150.261513978,153.537953478,152.699219493,161.800367514,178.045132332,196.997664463,219.366377118,247.738420925,263.567963559,280.79596363,287.901630668,294.212080463,291.487640694,294.62773693,293.491705073,295.321788379	4	scurve	0.04	396000
405580	0,1,2,3,4,5,6,7,8,9,10,11,12,13,14,15,16,17,18,19	50.4361256357,51.3652390862,55.1014709078,51.2795083603,53.2747502456,57.4045041816,62.7242523891,70.295080487,80.7462585211,103.799884523,126.091645409,153.638182823,171.569645502,184.19162886,192.700961059,200.242674382,196.895913735,201.528186748,200.571138097,201.536070064	4	scurve	0.04	396000
407950	0,1,2,3,4,5,6,7,8,9,10,11,12,13,14,15,16,17,18,19	60.8719400877,61.7122471372,65.7204423241,64.502864876,64.3455674203,69.7772943,71.078459666,81.5267801425,89.8123614938,116.00496345,138.374694205,164.720659295,182.67833408,196.248264765,201.164401648,208.505820797,208.892883268,210.256374456,210.372194106,211.782318094	4	scurve	0.04	396000
405307	0,1,2,3,4,5,6,7,8,9,10,11,12,13,14,15,16,17,18,19	-58.6263990102,-62.1970705085,-58.4228062225,-56.5468789278,-60.4918000163,-52.7414931772,-51.3296139011,-42.0905189867,-29.0610608404,-11.3694201978,15.2907045874,41.0028564149,59.6245931066,70.4761755369,83.5927911949,85.0936332093,85.0202529683,85.8345954377,90.7852686603,87.7890154782	5	scurve	0.04	396000
407287	0,1,2,3,4,5,6,7,8,9,10,11,12,13,14,15,16,17,18,19	-30.5754137417,-26.950871956,-26.9850625945,-26.7381690877,-25.9313495179,-28.3159970344,-21.0103453555,-10.5645572372,-0.108563728518,20.4424175022,47.2986541395,72.2738328475,87.1282328552,100.940534939,111.918549414,116.480459274,116.348240963,117.801174762,122.543151267,121.190746635	5	scurve	0.04	396000
406927	0,1,2,3,4,5,6,7,8,9,10,11,12,13,14,15,16,17,18,19	10.694989537,6.22862474514,5.92583196107,11.0098106611,11.1192005923,15.4059425594,15.1681024716,24.0231911985,40.9187855266,56.849022706,84.1464221874,107.765294502,126.990224445,144.458390281,149.156233855,154.379801324,155.522025048,154.250837257,158.404775695,156.320904557	5	scurve	0.04	396000
406602	0,1,2,3,4,5,6,7,8,9,10,11,12,13,14,15,16,17,18,19	-140.418361893,-138.635421453,-135.159560778,-133.826343843,-136.690971765,-134.360942531,-127.487258381,-119.358692786,-107.619382495,-88.154043362,-60.1809962978,-39.6005201305,-18.6474920854,-5.16363632431,1.3442066935,8.74526933212,10.1892920091,14.1805420847,11.6443464584,12.4962705087	3	scurve	0.04	396000
407703	0,1,2,3,4,5,6,7,8,9,10,11,12,13,14,15,16,17,18,19	-13.769394056,-13.8022723738,-12.1983704135,-10.8158549147,-9.64989490556,-9.37680853946,-4.18357605949,1.87126351505,18.9227625874,37.2010561459,62.0776332673,84.9383696495,109.196363779,119.935511199,126.69271302,134.630714739,134.341274589,136.08677489,137.487318082,134.979831303	5	scurve	0.04	396000
405859	0,1,2,3,4,5,6,7,8,9,10,11,12,13,14,15,16,17,18,19	-144.952451787,-143.607955202,-140.394278631,-138.652880471,-140.164870753,-138.458232469,-135.869285662,-123.319038463,-114.774085445,-96.1099173673,-65.0440763043,-46.0717816775,-23.7062322471,-9.87580387376,-0.42944391789,5.39692132594,2.03053416302,9.08972080625,8.34427456023,8.51614924052	3	scurve	0.04	396000
404600	0,1,2,3,4,5,6,7,8,9,10,11,12,13,14,15,16,17,18,19	-53.6739782003,-50.9126284538,-52.425726499,-53.4691711491,-49.9714786974,-48.8177535488,-42.9505432449,-34.9795039364,-19.9051667585,-4.68430176248,19.0278864279,49.3683117022,66.8762824839,77.9170094247,85.6844723675,91.3617801106,93.890025962,98.5817690172,94.6353235858,95.0860643557	5	scurve	0.04	396000
405189	0,1,2,3,4,5,6,7,8,9,10,11,12,13,14,15,16,17,18,19	-15.3567926873,-13.6730150925,-9.59127573831,-11.4445675902,-11.0584558872,-7.9389080878,-2.48068381591,4.77384669656,18.4802763306,39.8105295846,65.1763285507,87.6574604305,107.748901822,118.992161192,126.865930044,135.33297062,134.127563337,136.019753968,136.567438351,138.249961511	5	scurve	0.04	396000
404233	0,1,2,3,4,5,6,7,8,9,10,11,12,13,14,15,16,17,18,19	-145.781402317,-147.910358039,-142.634466674,-145.66643837,-145.369140965,-141.900653868,-137.546199519,-127.595868941,-115.961005292,-95.7108833044,-67.7703486875,-47.3722565323,-28.5420811706,-10.2566898381,-7.3922030784,-3.33863237561,-0.102188405072,1.74178870345,2.82513991331,5.73655738327	3	scurve	0.04	396000
404410	0,1,2,3,4,5,6,7,8,9,10,11,12,13,14,15,16,17,18,19	56.0272226251,53.9276074993,58.3002310425,58.366567609,58.2651863601,62.8747578573,66.4205806377,73.4593084584,87.1734493632,107.299600089,128.209062463,155.300730385,176.172763805,190.763274646,195.398278149,203.405794395,200.744865321,203.291151768,204.195516559,202.988143711	4	scurve	0.04	396000
404102	0,1,2,3,4,5,6,7,8,9,10,11,12,13,14,15,16,17,18,19	71.2027729252,71.1119518525,68.4904905232,73.8669281527,72.0072824685,74.3957403483,80.5565483529,86.1124059379,101.687982122,121.288643909,144.564483689,170.400011942,188.957834022,203.095397206,215.100688802,216.130443342,215.35150455,220.638335138,222.576479089,223.002128901	4	scurve	0.04	396000
406109	0,1,2,3,4,5,6,7,8,9,10,11,12,13,14,15,16,17,18,19	-110.662974451,-109.092902417,-111.437830694,-107.90451127,-107.18765683,-101.964450079,-103.08512274,-91.0756660617,-81.199173456,-57.8434473992,-37.5957277005,-7.36508039177,10.2992674727,26.1767314574,32.1882396555,37.4230849002,40.3135529996,37.5907296299,40.3026179877,39.4819648611	3	scurve	0.04	396000
406339	0,1,2,3,4,5,6,7,8,9,10,11,12,13,14,15,16,17,18,19	-131.207209964,-132.405660009,-127.796117168,-128.287731304,-130.451870302,-128.031591406,-123.923470848,-112.671188381,-102.06644537,-82.9710128066,-52.715114362,-29.1349854448,-9.17374656556,3.80068710908,11.8217739878,12.8363487434,15.2527978254,15.231505015,17.3523083849,21.1671636286	3	scurve	0.04	396000
404398	0,1,2,3,4,5,6,7,8,9,10,11,12,13,14,15,16,17,18,19	-90.860233337,-87.2270646819,-88.8720009842,-91.2799676162,-87.5398919248,-88.1340068663,-82.3127934123,-76.9680113039,-61.5368135058,-39.9207716813,-14.9410322517,8.5390967249,26.3659706728,44.2157047173,49.6899765683,52.3968587472,58.6737325986,61.3182919515,58.7607968531,58.8129021205	3	scurve	0.04	396000
406202	0,1,2,3,4,5,6,7,8,9,10,11,12,13,14,15,16,17,18,19	50.7990513785,45.3706013854,49.8373510795,51.0253582093,49.4984844734,51.0505915353,57.3075330116,62.534023612,78.9498277284,98.2837554612,124.897587155,145.89449146,170.306931002,179.311843489,192.209174851,190.547168673,194.570772882,195.704494917,197.579045948,199.893400679	4	scurve	0.04	396000
407389	0,1,2,3,4,5,6,7,8,9,10,11,12,13,14,15,16,17,18,19	19.0726072244,15.6225536447,13.6321563049,14.8472596585,20.3468240976,21.0386990476,21.8150763962,32.1857534665,46.075956751,67.4487011692,91.9455853221,114.427167485,138.013086763,151.174617397,159.42488127,159.733161303,160.605494627,165.154021882,165.155413866,166.110871045	5	scurve	0.04	396000
406223	0,1,2,3,4,5,6,7,8,9,10,11,12,13,14,15,16,17,18,19	74.693198273,75.4318090228,77.463513751,74.996106327,78.7319923163,79.1335265592,86.1167758831,93.6886739655,102.193155869,125.319460519,147.968238977,173.498678961,195.906322157,210.892559555,216.330072422,223.660513144,222.572615648,222.108937903,225.738080417,228.183375499	4	scurve	0.04	396000
407074	0,1,2,3,4,5,6,7,8,9,10,11,12,13,14,15,16,17,18,19	7.55269132813,9.5545891228,4.50622642902,4.22156773365,10.380859918,13.4225397134,12.3483113207,24.7308408362,36.1346110799,53.2213910269,81.4342921813,104.9219045,127.755944595,141.837527835,148.767368459,154.046112769,157.036422711,153.078960561,156.007964422,157.450168582	5	scurve	0.04	396000
407226	0,1,2,3,4,5,6,7,8,9,10,11,12,13,14,15,16,17,18,19	-105.642719748,-107.661268101,-107.958155681,-103.150735269,-106.660975369,-98.2078024283,-96.6790347777,-86.1783445097,-76.76665457,-53.7806698638,-29.4792118731,-8.32510734325,15.2039093365,30.119114444,33.3220445846,40.9449104877,41.4334077528,45.3658476076,44.938532595,44.2758951452	3	scurve	0.04	396000
405431	0,1,2,3,4,5,6,7,8,9,10,11,12,13,14,15,16,17,18,19	8.45292648036,8.21494834485,11.8351164586,9.31688873288,11.8486950007,16.9806533052,19.7098816579,26.8080557024,38.8947870861,59.0161835966,82.9068561982,112.241557697,133.78469241,146.678471167,150.195625912,154.628135815,156.997143623,156.831149966,163.16529095,160.966565051	5	scurve	0.04	396000
404332	0,1,2,3,4,5,6,7,8,9,10,11,12,13,14,15,16,17,18,19	25.9416134948,27.8818091023,27.8878133374,29.7527895225,31.0074151914,31.9714905532,37.9563828873,42.4676069028,56.4846331441,78.2499502211,101.692120218,127.46892036,146.288322977,156.992234737,166.379774163,170.096244518,175.198422407,178.565266806,177.158237427,175.289569801	5	scurve	0.04	396000
407829	0,1,2,3,4,5,6,7,8,9,10,11,12,13,14,15,16,17,18,19	-102.996439429,-98.4905764322,-97.9348542218,-100.162140998,-95.7134832056,-95.9368516719,-89.0714501613,-83.4017732388,-70.8436961899,-52.5015877417,-22.9392048187,2.60681961638,16.9716093831,33.6540195687,41.2870427404,42.0206754815,47.9781933278,46.7634557694,47.4061476768,48.1910901311	3	scurve	0.04	396000
360165	0,1,2,3,4,5,6,7,8,9,10,11,12,13,14,15,16,17,18,19	155.1345687,154.288934303,153.515028428,153.230705511,153.681103595,153.381432889,153.034613481,154.426355685,154.526717763,154.992248951,154.611970147,154.720486185,154.7445988,154.935276315,155.714614695,154.764975411,155.750090189,154.778306713,154.198644831,154.410614188	6	sin	0.04	352000
361526	0,1,2,3,4,5,6,7,8,9,10,11,12,13,14,15,16,17,18,19	161.923143681,162.237997286,160.937525942,160.852929958,160.852376138,161.559119388,160.72389489,161.664366878,161.96880494,161.158151105,162.828677515,162.692657122,163.31081068,162.646728762,162.312249701,162.838925934,162.286918556,161.942395955,162.213623336,161.62934737	6	sin	0.04	352000
363368	0,1,2,3,4,5,6,7,8,9,10,11,12,13,14,15,16,17,18,19	150.68682097,149.714503158,150.299086687,149.778985445,149.448345861,149.594546232,148.847611487,148.983348635,150.198801622,150.035869985,150.255782517,151.374634418,150.667926764,151.260518319,150.744418234,150.994533363,150.545997709,151.557913137,150.225748357,150.253469552	6	sin	0.04	352000
361918	0,1,2,3,4,5,6,7,8,9,10,11,12,13,14,15,16,17,18,19	148.125999797,148.365875741,148.051459332,147.586946874,146.718636741,147.315393005,147.019097917,147.677153505,146.92960381,147.283249867,147.946052663,148.936538842,148.391741713,149.720780404,149.664664645,148.592743584,149.04031986,148.440701579,148.476406718,148.022232833	6	sin	0.04	352000
360919	0,1,2,3,4,5,6,7,8,9,10,11,12,13,14,15,16,17,18,19	159.961027273,160.312651527,160.316988863,159.639675416,159.747518737,158.629674972,160.118956027,160.254348752,159.685486875,159.875726664,161.112873231,161.318523684,161.380548543,160.602839321,161.558761075,161.700758007,161.653665513,160.698271148,160.894646526,160.676782147	6	sin	0.04	352000
361557	0,1,2,3,4,5,6,7,8,9,10,11,12,13,14,15,16,17,18,19	149.37136315,148.289807725,148.07282052,148.008126354,147.990824161,147.940339276,148.370725711,148.497477542,148.395788304,149.343363915,148.414759955,148.721018587,149.018603246,149.857341492,150.061902329,149.20674488,150.074509652,148.952063235,149.066460353,148.983525739	6	sin	0.04	352000
360732	0,1,2,3,4,5,6,7,8,9,10,11,12,13,14,15,16,17,18,19	153.539480211,152.726383066,152.736574611,153.144051141,152.062954308,151.73807981,152.22584583,152.804335058,152.62998228,153.100834212,153.389709018,153.34648977,154.090890847,153.631376638,154.576791658,155.017733238,154.123040907,154.480029007,154.445779999,152.793946759	6	sin	0.04	352000
361606	0,1,2,3,4,5,6,7,8,9,10,11,12,13,14,15,16,17,18,19	152.052689156,150.481036793,150.970548401,150.602703579,150.487265532,150.436328085,151.25418576,150.507152488,150.609481052,151.296412471,152.292391517,152.651156026,151.608553853,151.731089166,152.915341784,152.918722564,151.588973965,152.105604476,152.471641106,151.757859459	6	sin	0.04	352000
362343	0,1,2,3,4,5,6,7,8,9,10,11,12,13,14,15,16,17,18,19	138.093006645,137.806809178,137.041891924,137.588943768,137.465126426,136.820245353,136.360606069,136.383855514,137.810847098,137.740142427,137.318304006,138.483282673,138.208931504,138.821586751,139.14416284,139.289625192,137.803702947,138.480371378,137.861505506,137.899529981	6	sin	0.04	352000
362843	0,1,2,3,4,5,6,7,8,9,10,11,12,13,14,15,16,17,18,19	149.799941947,149.446311533,149.395763427,148.875053146,149.657118804,148.711929684,148.776172561,149.938879114,150.287287648,150.063391442,150.264847422,150.902848986,150.454291569,151.807726728,150.54164606,151.169979561,150.706388685,151.324506824,150.132123062,149.492799718	6	sin	0.04	352000
361414	0,1,2,3,4,5,6,7,8,9,10,11,12,13,14,15,16,17,18,19	154.160693338,155.038289708,154.483813635,153.565940447,154.147319419,153.259657586,154.29168408,153.448554687,154.978255042,154.351200764,155.119609448,154.968903523,156.102969621,156.397844728,155.188336102,156.246995766,155.485771745,155.52684543,154.520639117,154.358417243	6	sin	0.04	352000
362936	0,1,2,3,4,5,6,7,8,9,10,11,12,13,14,15,16,17,18,19	156.243198436,156.443750614,156.529956627,155.68133734,155.002535524,155.410521623,155.20365723,155.426814931,155.714486782,156.523140965,157.023863503,156.985340425,158.161062946,157.687266779,157.197744415,157.712632121,157.361404349,157.847919924,156.648251603,157.334196582	6	sin	0.04	352000
361975	0,1,2,3,4,5,6,7,8,9,10,11,12,13,14,15,16,17,18,19	158.617423384,158.680974999,157.626552376,158.628577969,157.827488813,157.612785655,157.922777034,158.64744405,158.861034061,158.869312284,158.686446757,159.877009769,159.144326057,159.511357735,160.312822235,160.485314584,159.294216182,159.977059417,158.653396513,159.345858589	6	sin	0.04	352000
363114	0,1,2,3,4,5,6,7,8,9,10,11,12,13,14,15,16,17,18,19	155.076877158,155.419588986,154.493866454,154.320756205,155.219385469,154.993441108,154.165598746,154.096853017,154.522022672,155.542877303,155.956486387,156.688431592,156.026786674,156.28286514,156.217644557,156.357053622,156.615528644,155.423756056,156.600933054,155.608645017	6	sin	0.04	352000
361341	0,1,2,3,4,5,6,7,8,9,10,11,12,13,14,15,16,17,18,19	135.221627813,135.094285616,134.992607744,134.562748585,135.33913062,134.554745227,134.964991627,135.697501436,135.530856588,135.619047992,135.384928027,135.760351557,137.119161516,137.411128239,136.638532809,137.491394685,136.861699377,136.073417951,136.262191414,136.199759566	6	sin	0.04	352000
360446	0,1,2,3,4,5,6,7,8,9,10,11,12,13,14,15,16,17,18,19	160.914834618,160.487402334,160.383316809,159.785582595,159.505395289,160.16120449,159.075094357,160.189133897,159.664074883,160.944367717,160.617374994,161.687373512,161.318720021,161.592332578,162.282058331,161.154709924,161.955238989,160.865787011,160.658600542,160.081488043	6	sin	0.04	352000
360061	0,1,2,3,4,5,6,7,8,9,10,11,12,13,14,15,16,17,18,19	159.719556387,158.863730714,158.70020414,158.787572143,158.058814051,158.137080008,157.985979443,157.877731305,157.861536378,159.160287468,159.42822767,158.81199389,160.378546864,159.708931305,159.393455125,159.505834301,159.30370861,159.482142626,159.657162659,158.678436546	6	sin	0.04	352000
362419	0,1,2,3,4,5,6,7,8,9,10,11,12,13,14,15,16,17,18,19	145.866235349,146.302883254,145.335117205,144.899966832,145.785630008,144.381688801,145.591844787,144.999517114,144.836100613,146.604242607,146.873396276,146.394570925,147.226134522,146.938062488,147.196539635,147.506258239,146.460919669,146.704382095,146.834152029,145.959278238	6	sin	0.04	352000
361957	0,1,2,3,4,5,6,7,8,9,10,11,12,13,14,15,16,17,18,19	139.560426546,139.794242983,139.531755885,139.103914688,138.371766465,138.851955441,138.641019161,138.364659629,138.635946988,140.018413262,140.282052891,139.610499666,139.92027745,141.067835315,141.17292212,140.668261555,140.589109462,139.955838908,139.76434769,140.09488151	6	sin	0.04	352000
363966	0,1,2,3,4,5,6,7,8,9,10,11,12,13,14,15,16,17,18,19	158.851316396,159.050373835,158.512458969,158.428338842,157.639937058,157.615344383,158.002109545,158.573923381,158.857060416,159.035240699,158.373174422,159.391010655,158.95188506,159.727556013,160.060434822,159.637415003,159.878777458,159.64207912,158.756286243,158.860606946	6	sin	0.04	352000
362924	0,1,2,3,4,5,6,7,8,9,10,11,12,13,14,15,16,17,18,19	140.298547816,139.783360361,139.027806785,139.898580148,139.522739673,138.836811317,138.915305482,139.736323562,139.532909368,140.125683701,141.210205395,141.093978089,141.664302789,141.371711755,141.084882709,142.04989117,141.288511551,140.263636132,140.146396238,140.097257726	6	sin	0.04	352000
363910	0,1,2,3,4,5,6,7,8,9,10,11,12,13,14,15,16,17,18,19	149.541508873,150.281749365,149.216966098,148.473190865,148.536365028,148.245279008,148.599952945,149.88628109,149.064696329,149.614583186,150.235462699,149.755973024,149.961757127,150.840504164,150.861569983,150.96526778,151.011517485,151.243523916,149.910147497,149.723199935	6	sin	0.04	352000
361373	0,1,2,3,4,5,6,7,8,9,10,11,12,13,14,15,16,17,18,19	148.845337111,149.304845222,148.621145617,148.738689844,149.314542272,148.540049734,148.959614852,148.822891757,148.63985337,148.658589401,149.398179897,150.467581247,150.365390616,151.114018619,149.86071477,149.913346822,151.035355225,149.960839366,150.313258208,149.717151139	6	sin	0.04	352000
362044	0,1,2,3,4,5,6,7,8,9,10,11,12,13,14,15,16,17,18,19	161.316341872,160.113675685,159.790968748,160.462121737,160.431264061,159.606875245,159.69206459,159.711894512,160.64183874,160.213127259,161.696069592,160.796150267,162.272430419,161.230490818,162.05506136,162.098603079,162.42886196,161.813523208,160.595745974,160.418670876	6	sin	0.04	352000
363609	0,1,2,3,4,5,6,7,8,9,10,11,12,13,14,15,16,17,18,19	140.330765235,141.144015416,140.549309234,139.466304553,140.255796346,140.614872388,139.682516819,140.102023264,140.418991345,141.099182621,141.066224619,141.291356069,141.908815821,141.315441963,141.518631143,141.9791685,141.422120019,140.869969564,140.654381509,140.35529194	6	sin	0.04	352000
360820	0,1,2,3,4,5,6,7,8,9,10,11,12,13,14,15,16,17,18,19	144.354006858,142.97768681,142.838202506,143.303431103,142.562181315,142.28806951,143.380664772,142.443732768,142.692555324,143.334628974,144.355678085,144.377905197,144.732107025,145.372966229,144.506610134,145.374889203,145.212657647,144.635469,144.045006116,143.379236012	6	sin	0.04	352000
361490	0,1,2,3,4,5,6,7,8,9,10,11,12,13,14,15,16,17,18,19	136.227408412,135.746951,135.036322965,135.290494608,135.261159767,135.534241824,134.680582066,135.339318776,136.420902685,136.483477053,137.252861527,136.9271865,136.557402838,137.982197104,137.478132968,137.04119788,137.880698747,136.342393989,137.193063012,136.201888353	6	sin	0.04	352000
360326	0,1,2,3,4,5,6,7,8,9,10,11,12,13,14,15,16,17,18,19	144.50345752,145.275980193,143.868276281,144.844522146,144.833152932,143.571102289,144.150844032,143.847388211,144.330271033,144.598368797,145.045527617,146.038964714,145.995576142,146.718332162,146.113600552,146.761495659,146.633150662,146.243788277,145.070202761,145.36860742	6	sin	0.04	352000
362813	0,1,2,3,4,5,6,7,8,9,10,11,12,13,14,15,16,17,18,19	136.307926983,135.235814592,135.238559017,135.867097967,135.493539257,135.429448059,134.900749409,134.607437608,134.991316225,136.008953912,136.787194934,135.755537117,136.694971082,136.389073879,137.044636763,136.46114077,136.3112795,136.985588302,135.755644154,136.040173796	6	sin	0.04	352000
361678	0,1,2,3,4,5,6,7,8,9,10,11,12,13,14,15,16,17,18,19	143.703535452,143.792095975,142.567804452,143.2418267,142.068892862,142.345443326,142.197435269,142.820794077,143.503935692,142.798866486,144.220140155,143.572042601,144.24296588,143.875489876,144.849039735,144.531295802,144.362769301,143.408115253,143.526940894,143.192073039	6	sin	0.04	352000
362677	0,1,2,3,4,5,6,7,8,9,10,11,12,13,14,15,16,17,18,19	138.115973989,137.375910009,138.052002633,137.031775643,137.597121762,136.731444951,137.784256523,138.187427622,137.23088826,137.74957567,138.098916208,139.149918489,139.481026552,139.117064145,139.120401428,139.490706117,139.078599038,139.486662057,138.475389505,137.815038904	6	sin	0.04	352000
362407	0,1,2,3,4,5,6,7,8,9,10,11,12,13,14,15,16,17,18,19	161.433354309,160.86171344,161.549768705,160.292335241,160.365559995,160.844616168,160.358246842,161.446069483,161.104889122,160.923403739,161.194983333,162.38353436,163.142407477,162.389982624,163.298898696,162.981689148,162.718296332,163.007065397,161.934508709,161.481366582	6	sin	0.04	352000
361037	0,1,2,3,4,5,6,7,8,9,10,11,12,13,14,15,16,17,18,19	141.979348703,141.342522012,140.246654438,140.846644586,140.34369264,141.209956047,140.148887122,140.64618071,140.698451035,140.802852087,141.925688026,142.163971467,142.338536025,141.772514874,143.116559897,143.043092517,141.823444709,141.717562329,142.556796825,141.509803561	6	sin	0.04	352000
363695	0,1,2,3,4,5,6,7,8,9,10,11,12,13,14,15,16,17,18,19	161.795930577,161.741447239,161.616854959,162.051630803,160.992527591,161.062682183,161.099328082,162.328978504,162.592719117,161.842760559,162.637272784,163.086402058,163.755196898,164.116450698,164.174156921,163.957028358,163.932517643,163.154889977,162.702295156,163.195207164	6	sin	0.04	352000
360253	0,1,2,3,4,5,6,7,8,9,10,11,12,13,14,15,16,17,18,19	156.284529398,155.459212374,155.323610956,155.211897926,155.062989283,155.238735206,155.897225379,155.645955749,156.609969497,156.250279118,156.924739569,157.395562816,157.079912401,157.396013194,158.228388233,157.19947843,157.361143634,156.86857516,156.158431679,157.108775253	6	sin	0.04	352000
361064	0,1,2,3,4,5,6,7,8,9,10,11,12,13,14,15,16,17,18,19	158.751519363,159.350589988,159.316494926,158.91422615,157.722952141,157.834517429,158.863283689,158.832627897,159.603445269,158.748104364,159.749439943,159.823052201,160.453181656,160.745184159,160.309416743,160.654960852,160.841728037,160.427668092,160.274345981,159.139003713	6	sin	0.04	352000
360564	0,1,2,3,4,5,6,7,8,9,10,11,12,13,14,15,16,17,18,19	147.090810195,145.869057169,146.563157201,145.417151024,145.66142617,145.821522054,146.264524348,145.674879485,146.527016262,146.48872192,147.214619783,147.212716971,147.411906759,147.413788204,148.371620392,148.027806122,147.634418296,147.380104774,147.509279906,146.461253271	6	sin	0.04	352000
360100	0,1,2,3,4,5,6,7,8,9,10,11,12,13,14,15,16,17,18,19	161.833720146,162.539199651,162.277024233,162.16465954,161.365533749,161.795049995,160.917377774,162.002600316,161.727256603,162.094706199,162.245122776,162.854364796,163.38014392,163.443784639,163.724718885,162.808390519,163.846904222,163.692701688,162.857844943,162.631021891	6	sin	0.04	352000
360884	0,1,2,3,4,5,6,7,8,9,10,11,12,13,14,15,16,17,18,19	156.978097005,157.409823716,157.378057055,157.210410206,156.661315234,156.809609397,157.189692645,156.53395607,156.669709739,157.677060906,156.875980225,157.521652254,157.549390043,158.539602822,158.438026586,157.583629278,158.910481665,158.563140787,156.97295889,157.301965254	6	sin	0.04	352000
360324	0,1,2,3,4,5,6,7,8,9,10,11,12,13,14,15,16,17,18,19	143.208329275,142.706885541,142.180583293,140.879410521,141.612286175,142.13111032,141.606769696,141.849667571,142.374919306,142.949636314,141.915989635,143.665982655,143.216233318,143.090124586,143.565116602,143.053196717,142.765883023,143.806022711,142.66451665,142.364794182	6	sin	0.04	352000
362050	0,1,2,3,4,5,6,7,8,9,10,11,12,13,14,15,16,17,18,19	139.983219921,139.883409779,140.072777497,139.272442263,140.145955948,139.742900576,140.125472024,140.722893231,140.244664207,139.886835593,140.955292619,141.202256182,140.918050499,142.144145855,141.970396563,140.945365159,141.512409699,140.896998274,140.646910502,140.05640921	6	sin	0.04	352000
361567	0,1,2,3,4,5,6,7,8,9,10,11,12,13,14,15,16,17,18,19	139.331999182,139.107322951,139.734910132,138.528293026,139.446892161,139.432373087,138.664310598,139.772321149,139.190486722,140.145292845,140.056486654,140.473065269,140.527922141,141.184432412,140.48687764,140.424817564,141.118698061,141.235020225,140.196869306,139.251507467	6	sin	0.04	352000
360519	0,1,2,3,4,5,6,7,8,9,10,11,12,13,14,15,16,17,18,19	142.758457138,143.027727537,142.609735598,142.060951244,142.740855927,142.136837897,142.895433011,142.358875918,143.512555588,142.802477875,143.718591694,143.365785529,143.371598794,143.47541239,143.757379188,143.59622179,143.794579571,144.3579451,144.331147642,143.916467332	6	sin	0.04	352000
360954	0,1,2,3,4,5,6,7,8,9,10,11,12,13,14,15,16,17,18,19	141.056624567,140.611474523,139.579649953,140.476149568,139.806480955,140.097974373,139.400606467,140.154811153,140.807859677,140.269452238,140.465590504,140.779913982,141.536587336,142.050364377,140.983981107,141.262488183,141.052564765,140.816322695,141.504674629,140.837541283	6	sin	0.04	352000
362816	0,1,2,3,4,5,6,7,8,9,10,11,12,13,14,15,16,17,18,19	158.885919497,157.822579019,158.569881901,158.626715637,158.06071558,158.350226611,158.584862884,158.266440611,159.044753895,159.365283797,158.540969192,160.019150075,160.319187067,160.477380773,160.356987641,160.232577974,159.927908995,159.840129685,159.37389829,158.283208981	6	sin	0.04	352000
362782	0,1,2,3,4,5,6,7,8,9,10,11,12,13,14,15,16,17,18,19	158.648996345,157.820408733,157.611518361,157.672836082,156.751084763,158.011281391,157.133476111,158.207964501,157.373772975,158.640658311,159.096040094,159.298704557,158.703355749,158.918255012,159.90849433,159.550876339,159.443362598,159.403110401,157.926255304,157.862664876	6	sin	0.04	352000
360075	0,1,2,3,4,5,6,7,8,9,10,11,12,13,14,15,16,17,18,19	139.512125631,139.601387625,140.025709655,139.449058364,139.194023143,139.407738988,139.586012744,139.814679083,140.172786973,139.12657706,140.874749111,140.262826133,141.41458599,141.594749489,140.475955864,140.594193428,140.576258241,140.025205044,139.891390843,139.341967827	6	sin	0.04	352000
363184	0,1,2,3,4,5,6,7,8,9,10,11,12,13,14,15,16,17,18,19	140.268477455,139.082965155,139.592583937,138.833526774,138.224433405,138.626830742,139.159315006,139.071527831,139.23833295,138.780378425,140.339131629,140.284583987,139.778411146,140.305922287,140.4579824,141.348374403,141.110411956,140.223824355,140.204512487,139.855594582	6	sin	0.04	352000
362864	0,1,2,3,4,5,6,7,8,9,10,11,12,13,14,15,16,17,18,19	144.61230338,144.831487513,143.700830909,143.99059846,143.963100718,143.776031147,143.211553494,143.702421808,144.881336086,144.931241964,144.383504512,145.913606642,145.317466345,145.162963634,146.317706656,145.16198749,145.936253943,145.531199919,144.419208628,144.608159812	6	sin	0.04	352000
363682	0,1,2,3,4,5,6,7,8,9,10,11,12,13,14,15,16,17,18,19	163.002838961,163.678171333,163.159594579,162.549580431,161.765226365,162.016424275,163.044489224,163.422565295,162.477496557,163.448213509,164.044528543,164.497827745,163.860001376,164.818842465,164.379715039,164.671141645,163.818094341,163.368134621,163.755095306,163.233315533	6	sin	0.04	352000
362383	0,1,2,3,4,5,6,7,8,9,10,11,12,13,14,15,16,17,18,19	154.70034613,153.321628488,153.550751727,153.668533918,153.515533402,153.292084091,153.003285527,153.859654807,154.239124999,154.461554354,154.66046487,154.149013877,155.32254916,155.62587047,155.722050035,154.964250672,154.17779421,155.064185679,154.400994294,154.666256759	6	sin	0.04	352000
360770	0,1,2,3,4,5,6,7,8,9,10,11,12,13,14,15,16,17,18,19	144.513475819,144.7450264,143.091858945,143.790125439,144.14307507,142.835459047,143.421935824,143.921347919,143.383114465,143.728230044,145.019196283,144.729562332,144.705693512,145.251539548,145.466080557,145.71158422,144.92829622,144.481843436,144.675106517,143.717358539	6	sin	0.04	352000
360850	0,1,2,3,4,5,6,7,8,9,10,11,12,13,14,15,16,17,18,19	156.125856786,156.512313252,155.062955646,154.971968154,155.31559347,155.053327832,154.737404159,155.567189401,156.020795709,156.364523338,156.319536873,157.107951287,156.198839142,157.199495942,157.1798718,157.010897864,156.838113225,156.235922064,155.864186431,156.116970227	6	sin	0.04	352000
363655	0,1,2,3,4,5,6,7,8,9,10,11,12,13,14,15,16,17,18,19	162.712546199,162.225296447,161.829565223,161.881561396,162.073926477,161.4341903,162.232714328,162.753298764,162.737206045,162.810445398,162.573863729,163.077131718,164.229263961,163.298143653,164.526827271,163.357985059,163.561849501,164.212324506,163.853759229,162.436008885	6	sin	0.04	352000
362815	0,1,2,3,4,5,6,7,8,9,10,11,12,13,14,15,16,17,18,19	144.298220005,143.46589722,142.93964583,143.164245381,142.517937168,143.333572825,143.514230556,142.805041907,144.050976766,144.177254123,143.624279014,144.48008535,145.337271216,144.330061028,144.711871723,144.886370254,144.270488215,144.15042023,144.032829404,143.775420236	6	sin	0.04	352000
361558	0,1,2,3,4,5,6,7,8,9,10,11,12,13,14,15,16,17,18,19	153.371445212,153.304765786,153.038623998,152.485722063,152.736962269,153.371763963,152.796738071,152.958212325,153.53052921,153.884159159,153.69673588,154.441799422,155.368514493,154.497404987,155.521290402,155.503053622,154.19228255,154.527568424,154.501432797,154.019946382	6	sin	0.04	352000
360819	0,1,2,3,4,5,6,7,8,9,10,11,12,13,14,15,16,17,18,19	159.932305927,159.453771333,159.827101728,160.065541349,159.269586331,159.65576968,159.583407019,159.664904624,160.707822442,160.58470334,160.367367433,160.950348728,161.644192485,161.854370564,161.327890989,160.711606054,161.103560117,160.737198404,160.697469373,160.021789072	6	sin	0.04	352000
360164	0,1,2,3,4,5,6,7,8,9,10,11,12,13,14,15,16,17,18,19	143.075275924,143.8643639,142.52381019,142.374320383,143.084962782,143.147041303,143.144447149,142.335625133,142.816288049,143.670064179,143.862081701,143.825042861,144.036832085,144.048970929,143.838395845,144.558196486,143.699674837,143.874768837,143.391532002,143.241011511	6	sin	0.04	352000
360085	0,1,2,3,4,5,6,7,8,9,10,11,12,13,14,15,16,17,18,19	162.528383165,161.237386583,161.094235446,160.842204121,161.929102537,161.100336464,160.94075151,162.035783915,161.927639109,162.744249305,162.340260826,163.395865515,162.304996026,162.563000954,163.199414937,163.054492382,163.249754617,163.281128781,162.681967874,162.566056744	6	sin	0.04	352000
363140	0,1,2,3,4,5,6,7,8,9,10,11,12,13,14,15,16,17,18,19	144.204053921,144.014446164,143.949574532,143.338836739,144.22196099,143.138794414,143.522607767,144.232995086,143.702036477,144.06251733,145.513933821,144.522953833,145.652539954,146.295313591,145.180451399,145.795280027,145.459221187,145.432637339,145.335035596,145.292178043	6	sin	0.04	352000
362378	0,1,2,3,4,5,6,7,8,9,10,11,12,13,14,15,16,17,18,19	146.256932087,146.425547627,145.5965765,145.991790205,145.389257141,144.916470955,145.368304775,145.838830035,146.620879819,145.503464568,146.302044755,147.024698492,146.552750011,147.001781788,147.229987292,147.415188611,147.10907922,146.243171824,147.421961314,146.181153603	6	sin	0.04	352000
361550	0,1,2,3,4,5,6,7,8,9,10,11,12,13,14,15,16,17,18,19	147.487516288,147.259499626,146.761352325,145.55318136,146.511501572,146.762584205,145.820307272,145.965571791,147.003355617,146.227435834,146.860781041,147.49299551,147.540764947,147.29869555,147.363135605,147.385459826,148.509282909,147.452552484,147.010390748,146.484312289	6	sin	0.04	352000
360035	0,1,2,3,4,5,6,7,8,9,10,11,12,13,14,15,16,17,18,19	160.227604327,159.177110808,158.793808252,158.814443888,158.834764506,158.795356517,158.702797153,159.572391023,159.743287549,159.675036543,159.669905014,160.309648054,160.618503405,161.676854757,161.21156941,161.041943268,160.416109157,160.341314704,159.943772188,160.339290078	6	sin	0.04	352000
360971	0,1,2,3,4,5,6,7,8,9,10,11,12,13,14,15,16,17,18,19	152.979312535,152.153103404,152.055212407,152.146502867,150.908875288,151.743449633,151.940304626,152.158394749,151.771581647,152.099875191,152.117621622,152.201250242,153.641709678,153.419308041,153.203407222,153.752567185,152.869653118,153.67213036,152.92341665,152.243918375	6	sin	0.04	352000
361094	0,1,2,3,4,5,6,7,8,9,10,11,12,13,14,15,16,17,18,19	136.162717743,136.079944096,136.207366776,135.530479854,135.964385841,135.771007741,135.576386368,136.198496676,135.742948191,136.979675982,137.240486397,137.975981532,137.71199933,138.480394975,137.7934141,137.290795969,138.293240884,138.106793354,137.498897835,136.576381744	6	sin	0.04	352000
363331	0,1,2,3,4,5,6,7,8,9,10,11,12,13,14,15,16,17,18,19	152.895846413,152.419112198,151.908446656,151.95193471,151.254725187,152.282020732,151.477775578,152.814629736,152.537248307,152.578818566,153.004933507,153.076464834,154.242666805,153.540124453,153.617626364,153.417122114,154.350909578,153.448053423,153.144661641,152.63109132	6	sin	0.04	352000
361964	0,1,2,3,4,5,6,7,8,9,10,11,12,13,14,15,16,17,18,19	157.052792959,156.00003843,156.582012105,155.311678738,156.273456586,155.051766925,156.234654747,155.784409957,156.56383094,155.935116083,157.124149032,157.692902188,157.875775096,158.117364819,157.788688497,157.236151302,157.024243263,156.693083964,157.578767393,156.634342992	6	sin	0.04	352000
363522	0,1,2,3,4,5,6,7,8,9,10,11,12,13,14,15,16,17,18,19	139.116595304,139.566048758,138.297094233,139.03838752,138.539086207,138.805249861,138.073199519,139.219515678,139.143175232,140.069419598,139.303979469,140.169251753,140.355542936,141.129717647,140.993219436,140.343153352,139.890595088,140.120358546,139.147493229,139.863679007	6	sin	0.04	352000
361965	0,1,2,3,4,5,6,7,8,9,10,11,12,13,14,15,16,17,18,19	145.063934481,143.923593567,144.075117833,144.795349974,144.66098377,143.92296924,143.934843286,143.762581541,143.909903279,145.549723539,144.816771096,145.41700318,146.096017621,145.39576922,146.630887335,145.949180517,145.723433676,146.317565896,145.116464638,145.184711086	6	sin	0.04	352000
363244	0,1,2,3,4,5,6,7,8,9,10,11,12,13,14,15,16,17,18,19	136.941086115,136.143798317,135.813391552,135.09406276,135.90476286,135.823574086,134.775491355,135.884846739,136.05738478,136.356747923,136.922188509,137.346361713,136.50596625,137.715333556,137.48609183,137.844708401,137.433976495,137.512619097,136.510158422,136.702048979	6	sin	0.04	352000
363613	0,1,2,3,4,5,6,7,8,9,10,11,12,13,14,15,16,17,18,19	145.865589987,144.817411517,145.23602658,145.152602866,145.363085931,144.11521114,144.542327943,144.425947554,145.418094243,145.827975648,145.95238028,146.194974544,146.099732659,145.885183199,146.871107016,146.170392735,145.848884762,145.567449624,146.505764241,146.318204909	6	sin	0.04	352000
361776	0,1,2,3,4,5,6,7,8,9,10,11,12,13,14,15,16,17,18,19	142.735681166,143.182715442,142.112761114,141.608009339,141.514806202,142.21005037,142.277895764,141.809180975,141.823500049,143.203031841,142.95193776,142.823724446,144.088530021,144.03540857,143.967250377,143.179132157,143.924254379,144.026873426,143.015579217,142.267930961	6	sin	0.04	352000
361179	0,1,2,3,4,5,6,7,8,9,10,11,12,13,14,15,16,17,18,19	153.283788383,152.866312606,151.68951822,151.649776084,151.462457998,151.559706271,152.680327649,152.052695826,152.199203146,152.539803978,153.283631382,154.108125693,153.064399465,153.749076602,153.823076817,153.932419106,153.955611482,153.609050836,152.628758601,152.9626504	6	sin	0.04	352000
361659	0,1,2,3,4,5,6,7,8,9,10,11,12,13,14,15,16,17,18,19	143.333936712,143.517357855,142.702305951,142.033513674,142.842767255,142.111766031,142.305963149,143.554693914,142.421797068,143.587998,144.05984431,143.778369068,145.036730445,144.61581703,144.683052024,144.824333934,144.748320177,144.202588103,143.25222359,143.583076692	6	sin	0.04	352000
362564	0,1,2,3,4,5,6,7,8,9,10,11,12,13,14,15,16,17,18,19	141.332432784,140.679219818,141.313448615,141.348902465,141.127021172,141.500776144,141.498566464,141.692347333,140.800787298,141.727018464,142.195688606,142.754885582,142.323632363,142.138207772,142.01494691,142.792610659,142.04332127,141.895477841,142.376317705,141.87823728	6	sin	0.04	352000
363025	0,1,2,3,4,5,6,7,8,9,10,11,12,13,14,15,16,17,18,19	157.9658582,156.721215428,157.389104213,156.544853163,155.84800767,155.69582295,156.805398407,156.710575038,156.822844801,156.622185846,157.545111934,157.827773694,157.769277942,157.779316929,157.911648356,158.283106189,158.005379444,158.374285695,157.052878932,158.011265683	6	sin	0.04	352000
360667	0,1,2,3,4,5,6,7,8,9,10,11,12,13,14,15,16,17,18,19	145.890098815,146.091845215,145.177414223,145.732051137,144.380212542,144.968519805,145.017287721,144.983473554,144.61371133,145.241250883,146.735568951,147.025251187,147.095100358,146.587389903,147.322708227,147.54765117,146.932622188,146.795040226,145.52599556,145.235222475	6	sin	0.04	352000
360141	0,1,2,3,4,5,6,7,8,9,10,11,12,13,14,15,16,17,18,19	148.276177009,148.06115522,147.789431059,147.232569231,147.52687954,147.392674056,147.804544013,146.612312018,148.131228079,147.503699214,148.426220086,147.934944192,148.378813887,148.836502986,148.949789323,149.567492847,148.717599746,148.049299352,148.056414248,147.767111697	6	sin	0.04	352000
360262	0,1,2,3,4,5,6,7,8,9,10,11,12,13,14,15,16,17,18,19	154.899606369,154.773705329,154.007837901,153.90023056,153.585125492,154.167330222,154.876916618,154.046897569,153.949061086,154.520227433,155.801974023,155.063058013,156.102383804,156.014936042,156.833833765,155.585012828,155.940076885,156.303162677,155.901451397,154.850673399	6	sin	0.04	352000
363642	0,1,2,3,4,5,6,7,8,9,10,11,12,13,14,15,16,17,18,19	142.091919379,140.862787621,140.81195251,140.455495301,140.778332488,140.934538385,140.211662206,141.387947958,141.965228046,141.618517154,141.275825258,141.649262206,142.14117116,142.511967007,142.498508421,143.128149733,142.637701183,143.108714939,142.269685977,141.269527195	6	sin	0.04	352000
361986	0,1,2,3,4,5,6,7,8,9,10,11,12,13,14,15,16,17,18,19	146.278459774,146.368098366,146.065493035,145.149801769,144.872831375,144.681010195,145.090666646,145.929491426,145.119008673,145.83112933,146.071317565,146.453702545,146.808579563,147.74780816,147.602558117,147.649340432,146.74544454,147.35501206,146.51179412,145.86268137	6	sin	0.04	352000
362141	0,1,2,3,4,5,6,7,8,9,10,11,12,13,14,15,16,17,18,19	163.601044278,162.73338161,162.659299695,161.636152225,161.604019312,162.546419084,161.992581481,162.157634975,163.219760853,162.249413645,162.5919611,163.15934212,163.358981108,164.457581,163.732386304,163.850619332,164.075135184,164.119419123,164.153033035,162.612432487	6	sin	0.04	352000
362616	0,1,2,3,4,5,6,7,8,9,10,11,12,13,14,15,16,17,18,19	163.71232587,162.643985985,161.992051075,161.594898367,162.07259879,161.321074691,162.691774884,162.421789499,162.253297167,163.217111683,163.940214596,163.452563225,163.76851138,164.159677234,163.992708398,163.517886516,164.093852679,163.708229999,163.823757791,162.656397439	6	sin	0.04	352000
360825	0,1,2,3,4,5,6,7,8,9,10,11,12,13,14,15,16,17,18,19	150.905258378,150.045201508,150.069904372,150.472701721,149.885825658,149.868603216,150.455423772,150.34832078,150.994607581,150.444393819,151.785325447,150.792261241,151.085557869,151.710334203,152.414610497,152.549664945,151.906139303,151.725951037,151.102857991,150.934462896	6	sin	0.04	352000
361249	0,1,2,3,4,5,6,7,8,9,10,11,12,13,14,15,16,17,18,19	151.300250025,150.659771573,150.511778734,150.557732499,149.837605019,149.71577674,150.280062646,150.596066032,151.053345614,150.568503048,150.566406035,152.003238185,152.346664795,152.107099722,151.561311959,151.806325881,151.082627939,151.066795624,150.733682651,151.402905861	6	sin	0.04	352000
363074	0,1,2,3,4,5,6,7,8,9,10,11,12,13,14,15,16,17,18,19	136.375448073,135.560986802,135.440573652,135.722683999,135.053094744,134.789575339,135.464115296,135.975099425,136.402532746,135.654866201,136.810592944,136.167958099,136.452706041,137.697340375,137.360621968,137.126991723,137.665638842,136.291561243,136.769932732,136.369919702	6	sin	0.04	352000
361477	0,1,2,3,4,5,6,7,8,9,10,11,12,13,14,15,16,17,18,19	150.544467642,150.389548935,150.036124037,149.119125153,148.334094691,148.417202215,149.109571419,149.813419008,148.830559543,150.221362786,150.580959911,149.859968585,151.341281949,150.636799194,150.311189354,151.658395798,150.261466725,150.008003578,150.888847349,149.803105762	6	sin	0.04	352000
363986	0,1,2,3,4,5,6,7,8,9,10,11,12,13,14,15,16,17,18,19	162.809974255,161.851941148,161.515611867,160.715549231,160.837112626,161.055548202,160.82477828,161.020336359,161.842200025,162.416844942,161.604668468,162.70423062,163.215507147,163.335084781,163.291261489,162.91127645,162.316744234,162.918205557,162.101717875,162.03885775	6	sin	0.04	352000
362190	0,1,2,3,4,5,6,7,8,9,10,11,12,13,14,15,16,17,18,19	138.574967124,138.035240126,138.677753082,137.338752525,138.287948759,137.524733841,138.616896666,138.723730461,138.375336092,138.143003123,139.781322913,139.968487606,139.02386718,140.323306115,139.743250196,140.004806953,139.94550418,139.62348913,139.225530603,138.522114098	6	sin	0.04	352000
362216	0,1,2,3,4,5,6,7,8,9,10,11,12,13,14,15,16,17,18,19	159.321566297,158.579809818,157.723275434,157.206858468,157.898777311,158.174849948,157.982774661,157.467859502,158.85479705,158.20157502,159.081707921,158.923981421,159.572291948,159.861135577,159.610535423,160.386750196,160.005283312,159.977420482,158.373200978,159.272080525	6	sin	0.04	352000
363774	0,1,2,3,4,5,6,7,8,9,10,11,12,13,14,15,16,17,18,19	162.895982022,162.336024374,162.179363636,161.296682655,161.095825673,160.966208941,162.122015905,162.203666816,161.511229364,162.744674133,163.31842193,162.352169288,162.570362982,164.157325196,163.27366018,163.101331019,163.125548945,162.420524985,162.770973091,161.797651809	6	sin	0.04	352000
363732	0,1,2,3,4,5,6,7,8,9,10,11,12,13,14,15,16,17,18,19	135.616262946,136.471846142,135.798252097,134.904261378,134.444132835,134.434692199,134.706398124,135.025422666,135.759958776,135.170113434,136.76698934,137.215693314,136.114416696,137.226185777,136.899081673,137.656509437,136.636982968,136.856793247,136.544242635,136.469246782	6	sin	0.04	352000
361060	0,1,2,3,4,5,6,7,8,9,10,11,12,13,14,15,16,17,18,19	139.072479256,138.801055297,139.360494806,139.170062416,138.21929096,137.796597191,138.042841395,138.999234597,139.628035935,139.5831382,139.55797788,139.98366837,140.680456986,140.186339907,140.224569295,140.345453666,139.874735368,140.648631756,139.329890323,139.473681852	6	sin	0.04	352000
361452	0,1,2,3,4,5,6,7,8,9,10,11,12,13,14,15,16,17,18,19	160.637202924,160.343319202,158.967457085,159.131943043,158.614587039,159.311716042,159.961527766,159.723958864,159.672529567,160.578138007,160.861303296,161.359167641,161.043696598,161.510924935,161.702169235,160.568499591,160.850580726,161.29904828,161.094690766,160.331946926	6	sin	0.04	352000
363688	0,1,2,3,4,5,6,7,8,9,10,11,12,13,14,15,16,17,18,19	140.174993206,139.382707329,138.920545023,138.415063262,137.82718341,138.403893539,137.914305774,138.696607183,139.159041099,138.765826878,139.708011376,139.732499835,140.148863691,140.180961074,140.760285849,140.189121304,140.600106571,139.466216466,140.025495964,140.172609676	6	sin	0.04	352000
360725	0,1,2,3,4,5,6,7,8,9,10,11,12,13,14,15,16,17,18,19	145.452452311,146.170496036,144.522616849,145.736224214,145.261684042,144.698190645,144.552236855,145.190772372,145.187982945,145.822624519,146.199104415,146.570782305,146.476754804,146.316174424,147.272128432,146.135050178,146.697634247,146.160789928,146.639133562,145.313832537	6	sin	0.04	352000
360204	0,1,2,3,4,5,6,7,8,9,10,11,12,13,14,15,16,17,18,19	140.764837901,141.261433771,140.317779961,140.803675271,139.860706863,139.878110814,140.358414931,139.551970668,140.064709859,140.554425192,141.487617702,140.745539808,142.314240328,142.354272296,141.222526574,141.50641897,141.569349897,141.505991183,140.872524403,140.450937113	6	sin	0.04	352000
362886	0,1,2,3,4,5,6,7,8,9,10,11,12,13,14,15,16,17,18,19	158.775405288,158.29039383,157.752370556,157.45797612,158.273181642,158.012443539,158.727125235,158.02929487,159.034969487,158.947389266,159.562259443,160.157134057,159.997169263,159.255997537,160.116434845,159.216034995,159.381905658,159.99904235,158.912831034,158.352888227	6	sin	0.04	352000
362601	0,1,2,3,4,5,6,7,8,9,10,11,12,13,14,15,16,17,18,19	155.51160646,154.105403056,153.90926093,154.473479637,154.377692921,154.383176723,154.381258061,154.999942631,154.52341931,155.213581693,155.457327334,155.166369974,156.340690446,155.625888139,156.661598574,155.845427502,155.571609428,155.028389963,156.058029702,155.024506539	6	sin	0.04	352000
363047	0,1,2,3,4,5,6,7,8,9,10,11,12,13,14,15,16,17,18,19	140.105262178,141.007682539,139.716359235,139.781822978,139.919650567,139.863720161,139.706567275,140.298813853,139.626693221,141.107382382,141.07922516,141.95322147,141.494577365,141.36857185,141.438406071,142.468499025,142.076211602,141.143285972,141.318193145,140.823898952	6	sin	0.04	352000
362513	0,1,2,3,4,5,6,7,8,9,10,11,12,13,14,15,16,17,18,19	148.363038893,147.357410799,147.40348507,147.640798631,146.666903266,147.574900197,147.850367575,147.273701665,148.008562288,148.175285048,147.694576418,148.484412666,149.263006405,149.788187921,149.402156222,149.899248334,149.324370801,149.511987183,148.553502032,148.734399852	6	sin	0.04	352000
362110	0,1,2,3,4,5,6,7,8,9,10,11,12,13,14,15,16,17,18,19	148.499709013,147.654282462,148.447500853,147.325182529,147.826344471,147.153311699,147.392112904,147.409578657,148.254589866,148.996363583,148.981390529,148.481908212,148.788709485,148.680555233,148.853459126,148.890648099,148.937782121,149.766665036,148.48465476,148.445063756	6	sin	0.04	352000
361336	0,1,2,3,4,5,6,7,8,9,10,11,12,13,14,15,16,17,18,19	143.293298997,141.723862491,142.081023192,141.280778772,142.148201889,142.511346556,141.573350364,141.725456356,143.020856023,142.105405238,143.621204853,143.119567074,143.070402143,143.879052929,143.489772891,143.89026332,143.685298701,143.278077774,142.742860905,143.172320173	6	sin	0.04	352000
363166	0,1,2,3,4,5,6,7,8,9,10,11,12,13,14,15,16,17,18,19	144.889247301,143.579433518,143.148892959,144.108685336,142.910775064,143.287070065,143.843296205,142.836976493,144.033253397,143.48975447,144.08378617,144.419019089,144.20701126,145.069797701,145.262607392,145.025861206,144.622043359,144.540118127,145.004625014,144.463754634	6	sin	0.04	352000
361236	0,1,2,3,4,5,6,7,8,9,10,11,12,13,14,15,16,17,18,19	139.183518277,137.928055048,138.975405634,137.932866484,138.357252144,138.41812606,137.970202201,138.508864851,139.243076041,138.290544576,139.013916944,139.860468106,139.74221391,139.719866768,140.368672247,139.894097062,140.189169386,139.489480646,139.571735787,139.203979612	6	sin	0.04	352000
360187	0,1,2,3,4,5,6,7,8,9,10,11,12,13,14,15,16,17,18,19	162.201335214,162.052660269,161.770985707,161.349153953,161.204965702,161.495388275,161.525173223,161.216101901,162.025398221,162.717002339,163.256473259,162.765154381,163.879543804,164.128909513,163.580507584,163.871860745,164.004331812,163.625252425,163.507099688,162.621067356	6	sin	0.04	352000
363544	0,1,2,3,4,5,6,7,8,9,10,11,12,13,14,15,16,17,18,19	145.482253053,144.438307227,143.905138028,144.412397958,144.348913424,143.936361347,144.580773878,144.463300117,144.029658831,144.47491247,144.326523582,145.748214408,145.871031268,145.15060243,145.123149972,145.958177374,145.705063565,146.058442717,144.693046634,144.202844556	6	sin	0.04	352000
360775	0,1,2,3,4,5,6,7,8,9,10,11,12,13,14,15,16,17,18,19	138.680802185,138.213149003,138.429348037,138.53543356,137.984614734,137.3938641,138.475374834,138.02998266,138.185383199,138.033214456,139.452329667,140.10023401,139.948586688,140.510908196,139.965306698,140.221874371,140.473493042,138.79389294,138.603466688,139.388442753	6	sin	0.04	352000
360168	0,1,2,3,4,5,6,7,8,9,10,11,12,13,14,15,16,17,18,19	153.60471715,151.974637276,152.058954521,152.40007853,152.428267623,151.438591012,151.432759805,151.604139915,152.42356073,153.194484929,152.686950565,152.668515436,154.363919323,153.754150169,154.340272291,153.789332483,154.298076276,153.547572018,153.495858349,153.02431092	6	sin	0.04	352000
360213	0,1,2,3,4,5,6,7,8,9,10,11,12,13,14,15,16,17,18,19	150.466714812,149.396431575,150.007679236,149.657553869,148.36820292,149.437190559,149.699465819,149.952795458,149.207046958,149.16055707,150.745441167,150.149844545,151.291845648,150.723413362,151.710110585,151.171576376,150.203068901,151.306419449,150.882348375,149.402525793	6	sin	0.04	352000
361142	0,1,2,3,4,5,6,7,8,9,10,11,12,13,14,15,16,17,18,19	144.423978809,144.010581459,143.786085813,144.488992671,143.967301436,143.508480003,143.262618212,144.754738109,143.747878036,144.736148677,145.350325108,145.266389015,146.087405065,145.679576307,145.349056208,146.272906728,145.181793037,145.602128089,144.722840183,145.474385455	6	sin	0.04	352000
363103	0,1,2,3,4,5,6,7,8,9,10,11,12,13,14,15,16,17,18,19	140.666649202,139.962122005,139.795547283,140.126369498,140.206805122,140.14568416,140.087783556,139.839023218,140.163268614,140.598516829,140.467642764,141.350216889,141.500942883,141.538987298,142.71038581,142.67424828,141.505335573,141.467987344,141.751431755,141.706459248	6	sin	0.04	352000
361420	0,1,2,3,4,5,6,7,8,9,10,11,12,13,14,15,16,17,18,19	139.196294995,137.762839238,137.801958175,137.775155432,137.787978577,137.578505391,138.470635264,138.527602923,138.524557516,138.244006266,139.113772726,139.684343005,139.265276169,139.483013727,139.392571175,139.416173539,140.125866313,139.551569172,138.60047918,138.26719952	6	sin	0.04	352000
363815	0,1,2,3,4,5,6,7,8,9,10,11,12,13,14,15,16,17,18,19	146.745442917,147.434193361,146.278250973,146.683524126,146.320533696,146.88178342,145.929526043,146.57674227,147.032865187,146.532494624,147.559482917,148.162405836,147.576774286,148.213686234,148.56683746,147.543040349,148.672930303,148.146515977,148.06011791,146.743650033	6	sin	0.04	352000
360445	0,1,2,3,4,5,6,7,8,9,10,11,12,13,14,15,16,17,18,19	138.971138507,137.659981275,137.452724107,137.46784514,137.748121787,138.132717233,137.083536943,137.429142019,138.112884488,138.270421183,139.099609516,139.296131746,138.831008769,138.795167766,140.127952054,139.743390789,139.153720311,139.772846997,138.276451716,138.636530296	6	sin	0.04	352000
360408	0,1,2,3,4,5,6,7,8,9,10,11,12,13,14,15,16,17,18,19	159.081088837,159.718380797,159.263353434,158.366485969,158.182844655,158.456549163,158.52754954,158.814713552,158.991219348,159.250867963,159.002059126,160.372458678,160.459583236,160.425321852,160.542335904,159.757068009,159.479521837,159.486072423,158.968900566,160.01738624	6	sin	0.04	352000
360335	0,1,2,3,4,5,6,7,8,9,10,11,12,13,14,15,16,17,18,19	140.152912657,141.100180909,140.015163394,139.443130338,139.176611158,140.249916334,140.129041618,140.179394966,140.322710699,139.958284348,140.317944134,141.395295405,140.877184677,142.261591772,141.19234057,141.810172518,141.673152207,140.77116502,141.622950766,140.980192971	6	sin	0.04	352000
363239	0,1,2,3,4,5,6,7,8,9,10,11,12,13,14,15,16,17,18,19	156.742127156,155.019973435,155.948043186,154.645001961,155.364375283,155.146691009,155.704837884,154.838014815,156.076065473,155.857067025,155.578929954,156.08092119,156.387455716,156.247035936,156.697323846,157.214643173,156.699942339,156.895488799,156.429375749,156.412356644	6	sin	0.04	352000
360064	0,1,2,3,4,5,6,7,8,9,10,11,12,13,14,15,16,17,18,19	144.655553213,144.627353182,145.371252062,144.960676087,145.057198734,143.742522812,144.760294401,144.271868266,144.257302881,145.349203463,145.127306236,145.410645923,145.794535238,145.84965315,146.609504651,145.887285062,145.71111345,145.951339429,146.045203007,144.771357434	6	sin	0.04	352000
362330	0,1,2,3,4,5,6,7,8,9,10,11,12,13,14,15,16,17,18,19	156.749861938,156.283267814,156.259068906,154.739401631,155.08282125,155.264691861,155.310603508,155.091946974,156.142719646,155.53310379,156.191383187,157.359407001,156.75042242,156.789953125,157.390192526,157.580444095,156.488566532,156.53187876,156.101498005,156.253866448	6	sin	0.04	352000
363519	0,1,2,3,4,5,6,7,8,9,10,11,12,13,14,15,16,17,18,19	164.21455472,164.14446206,164.199857713,164.172676037,163.429709295,162.854674028,163.337860396,164.098702857,163.617220221,163.667335778,165.166310487,165.536451905,165.323116134,165.885980211,164.992633572,164.965383408,165.917368734,165.096841169,165.316689396,164.914848841	6	sin	0.04	352000
361891	0,1,2,3,4,5,6,7,8,9,10,11,12,13,14,15,16,17,18,19	145.049069096,145.251106577,144.706367407,144.476577747,143.85578508,143.903014067,144.195574014,143.81261853,143.645373952,145.215055308,145.344916897,145.525073089,146.244034063,145.901745792,146.183144506,146.055468363,145.100032329,146.149535457,145.164730092,144.771375447	6	sin	0.04	352000
360423	0,1,2,3,4,5,6,7,8,9,10,11,12,13,14,15,16,17,18,19	153.113799406,152.728074491,153.198577334,152.527671946,151.763667132,152.714093969,153.147978606,152.244001029,153.462777875,153.708038786,154.092167088,154.138220278,154.540426588,154.725245712,154.489332255,154.034439843,154.386172319,153.563838531,154.1471526,153.696215692	6	sin	0.04	352000
361272	0,1,2,3,4,5,6,7,8,9,10,11,12,13,14,15,16,17,18,19	151.077415696,150.671662218,149.970675197,149.571575703,150.323655137,149.041678713,149.254107746,150.243691798,149.498663947,150.225328799,150.68980218,151.787856802,151.859993044,152.226929407,150.98769669,152.311576134,151.545803526,150.647095985,151.50922327,150.575016982	6	sin	0.04	352000
363554	0,1,2,3,4,5,6,7,8,9,10,11,12,13,14,15,16,17,18,19	162.313814313,162.197699343,160.653457164,161.2419086,160.874068976,160.524341891,160.995008706,161.818332402,161.756821655,161.092004335,162.291547846,162.205020338,162.577207795,163.442464341,162.745206428,162.348343489,162.804723554,162.121386668,161.698059153,162.048097112	6	sin	0.04	352000
361016	0,1,2,3,4,5,6,7,8,9,10,11,12,13,14,15,16,17,18,19	153.284762648,154.12653489,152.720472591,152.228942022,153.562154109,152.72677446,152.886743565,153.782723213,153.549642277,154.10740446,153.921207575,154.586434956,153.848595159,154.98742517,155.471901892,155.093664033,154.366087399,154.487172564,153.825682072,153.593393035	6	sin	0.04	352000
363666	0,1,2,3,4,5,6,7,8,9,10,11,12,13,14,15,16,17,18,19	164.028885177,163.707449601,162.535350984,162.737351711,162.239059213,162.933212081,163.532666382,162.64879377,163.188415056,162.968867195,163.597364511,163.860825592,163.932338571,164.530882456,164.630816694,165.118084223,165.300282894,165.169004524,164.224521991,163.834770185	6	sin	0.04	352000
362492	0,1,2,3,4,5,6,7,8,9,10,11,12,13,14,15,16,17,18,19	147.33211856,147.191870293,146.555718696,146.842491486,146.561888272,146.362392343,146.538886902,146.145514572,147.341184447,147.752212735,147.464422016,148.049547034,147.734160827,148.656468626,147.932025829,147.820076323,148.400243535,147.219452142,147.467298329,146.75196774	6	sin	0.04	352000
362173	0,1,2,3,4,5,6,7,8,9,10,11,12,13,14,15,16,17,18,19	150.563920174,150.936536455,150.170974391,150.061934706,149.227125595,149.568862774,149.1843895,150.217244593,149.899971639,150.833581626,150.566133398,151.175185273,151.285603599,151.443279791,150.865624104,151.737792163,152.108020337,150.805109056,151.134650455,150.784721967	6	sin	0.04	352000
363804	0,1,2,3,4,5,6,7,8,9,10,11,12,13,14,15,16,17,18,19	150.320304556,148.893789462,148.897405515,149.24393028,148.492948552,148.321645439,148.882266175,149.518098338,149.433097837,149.745657308,150.410265037,150.558456553,150.270638758,150.691640453,151.404699621,150.736781437,150.729570523,150.085057956,149.792020639,150.44841486	6	sin	0.04	352000
360293	0,1,2,3,4,5,6,7,8,9,10,11,12,13,14,15,16,17,18,19	151.208502636,150.566211388,149.512046963,150.380391586,149.71472541,149.145795983,149.644593138,149.911648829,150.772334282,151.399687258,150.734792507,150.663225775,152.179986613,151.359130727,151.624612078,152.430682639,151.881125263,151.63677791,150.550841897,151.552982773	6	sin	0.04	352000
363809	0,1,2,3,4,5,6,7,8,9,10,11,12,13,14,15,16,17,18,19	163.587108697,163.472290673,163.692203086,163.276271364,163.113687173,162.465738646,162.418016523,163.142772787,162.849904442,163.488878577,164.347002757,165.013844467,164.175132872,164.206451485,165.152442153,164.636408288,164.272945276,164.023930473,163.794780946,163.52387005	6	sin	0.04	352000
363559	0,1,2,3,4,5,6,7,8,9,10,11,12,13,14,15,16,17,18,19	142.367337831,141.464902301,140.625893317,140.419072207,140.298210884,140.185788507,141.216097232,140.984710606,141.002829839,140.785517704,141.954143952,141.85825064,142.919878971,143.015418415,141.910640085,142.403299342,142.465531334,141.664569425,142.474794931,141.229137131	6	sin	0.04	352000
363009	0,1,2,3,4,5,6,7,8,9,10,11,12,13,14,15,16,17,18,19	144.679351387,143.15172886,142.75193478,143.696104589,142.540847272,142.529503596,143.316440862,143.922723509,142.935737928,143.500043567,144.961767222,144.634503244,145.396523189,145.084148316,144.949169449,144.614145259,145.046928113,144.712805576,144.856652949,144.098350646	6	sin	0.04	352000
360259	0,1,2,3,4,5,6,7,8,9,10,11,12,13,14,15,16,17,18,19	149.473841609,149.417675002,148.611276553,148.181309678,148.53161702,147.341190393,148.775307671,148.584450184,149.078892678,149.524134591,148.875981179,149.275472363,150.106525635,149.602828152,150.400986308,149.916758719,150.465335886,149.206842742,149.11771917,149.547210925	6	sin	0.04	352000
362929	0,1,2,3,4,5,6,7,8,9,10,11,12,13,14,15,16,17,18,19	141.348861008,140.656792308,141.346124445,140.0432259,141.025877227,140.825293246,140.385320944,140.545386562,141.206894688,142.030271739,141.952443583,141.347520354,142.310399537,142.47491149,142.083536458,142.318465998,141.702622918,141.886739556,142.399737609,142.211480058	6	sin	0.04	352000
361058	0,1,2,3,4,5,6,7,8,9,10,11,12,13,14,15,16,17,18,19	153.343334031,152.496975209,152.124855091,151.508952921,152.461065753,151.360797246,152.569587572,152.705968138,152.132505115,153.033627466,153.571495313,153.398484055,153.556593785,153.919142753,154.395787521,154.388918432,153.349875296,153.153828633,153.07996498,152.241840465	6	sin	0.04	352000
360179	0,1,2,3,4,5,6,7,8,9,10,11,12,13,14,15,16,17,18,19	159.946754873,159.061752924,159.182931984,158.960581821,158.950149268,158.064550465,158.555998414,158.032113695,158.216774629,158.826900209,159.179735015,159.813946462,160.813180663,160.995100769,159.661433829,160.728321567,159.557607219,159.926991105,159.677571016,159.208954795	6	sin	0.04	352000
362021	0,1,2,3,4,5,6,7,8,9,10,11,12,13,14,15,16,17,18,19	146.043633759,145.919394929,145.007292918,145.240965864,144.253706791,143.857587687,144.330129812,145.258080343,144.732090122,145.502918776,146.322278195,145.548848146,145.970627912,146.325061478,146.033937133,147.073132032,145.799720332,146.705342771,146.609590092,145.555855491	6	sin	0.04	352000
360413	0,1,2,3,4,5,6,7,8,9,10,11,12,13,14,15,16,17,18,19	148.393202949,147.453245104,147.550149333,147.804590902,147.230061678,147.228008772,146.79643045,147.990898724,148.114803174,147.907739279,149.105391678,148.685868638,148.964797772,149.290434589,149.034200633,148.756172506,149.820451084,149.102162987,149.26131422,148.134040387	6	sin	0.04	352000
362562	0,1,2,3,4,5,6,7,8,9,10,11,12,13,14,15,16,17,18,19	137.290693313,136.575159052,136.443434392,136.66544147,135.860919861,136.547793606,136.730400379,136.454292121,137.72080268,137.789839176,138.263442863,138.397405257,138.225184582,137.91091509,139.065016142,138.468350652,137.708669536,137.729070745,137.348539202,137.656243606	6	sin	0.04	352000
360649	0,1,2,3,4,5,6,7,8,9,10,11,12,13,14,15,16,17,18,19	160.163166047,159.690203242,159.580057217,159.121296777,159.057331661,159.138615147,159.23898047,159.638417153,159.852689677,159.304736808,159.994045634,160.773351468,159.876559118,161.075876568,160.978749189,161.075281446,160.934554837,160.28785742,160.844424153,159.350268174	6	sin	0.04	352000
360352	0,1,2,3,4,5,6,7,8,9,10,11,12,13,14,15,16,17,18,19	136.308142638,136.264619875,135.695255854,135.944675654,136.524068148,135.886170899,136.382857861,136.168377315,136.226075503,137.274744758,136.898194562,138.031282158,137.546088397,138.170141651,137.984389024,137.925994265,137.755377985,137.093337328,138.03353409,136.945629483	6	sin	0.04	352000
362879	0,1,2,3,4,5,6,7,8,9,10,11,12,13,14,15,16,17,18,19	164.373370237,163.927006154,164.157302795,164.018624721,164.309777094,163.322560884,164.425506226,164.722485015,164.922756709,164.266442745,165.392868131,165.042458955,166.19193576,165.882737913,166.321823635,166.033564322,165.290114466,165.441488606,164.598570586,164.265180757	6	sin	0.04	352000
363914	0,1,2,3,4,5,6,7,8,9,10,11,12,13,14,15,16,17,18,19	152.505373103,152.68304312,152.446150816,151.968301321,151.594672638,151.381515998,152.054763076,152.0147406,152.323900107,151.625325563,152.516797379,153.481372641,153.504611566,153.133915257,153.098901559,152.852825693,152.607064292,152.480116267,153.216015042,152.842273545	6	sin	0.04	352000
363070	0,1,2,3,4,5,6,7,8,9,10,11,12,13,14,15,16,17,18,19	141.381287739,141.562806029,140.707411758,139.789508862,140.062641081,140.218852002,140.677510248,140.969651596,140.433764265,141.237174643,141.280002193,141.049383893,142.560993783,142.133853708,142.818697068,141.646258174,142.668332115,142.539243261,142.021085409,141.642309789	6	sin	0.04	352000
362284	0,1,2,3,4,5,6,7,8,9,10,11,12,13,14,15,16,17,18,19	136.466138488,135.853042426,135.477913989,135.214315758,135.274154071,135.456582981,134.871770724,135.090166979,134.719340335,135.162717683,136.396274911,135.604669514,136.197540659,136.636022225,136.823987242,136.655967128,136.250859112,136.081206117,135.859730382,135.507913185	6	sin	0.04	352000
362917	0,1,2,3,4,5,6,7,8,9,10,11,12,13,14,15,16,17,18,19	153.28069596,153.305884028,153.587929483,152.363302567,152.088653683,152.533248424,152.566260663,152.788777468,153.803480781,153.462692512,154.11672103,154.406230095,153.575776552,154.659093458,155.030395985,154.189834167,155.077552873,154.549560202,153.822535424,153.833811909	6	sin	0.04	352000
360428	0,1,2,3,4,5,6,7,8,9,10,11,12,13,14,15,16,17,18,19	149.956035335,150.225827116,149.330015803,149.744869939,149.324535122,148.648037178,149.703219554,149.572546699,149.678076727,149.376624248,149.955095892,149.808792739,151.365320881,151.525005076,151.165943123,150.348722286,151.162845201,150.474210684,150.396308526,149.514710326	6	sin	0.04	352000
363472	0,1,2,3,4,5,6,7,8,9,10,11,12,13,14,15,16,17,18,19	151.157436652,150.286797374,151.032396719,149.742122797,150.26174485,149.807455363,150.123861019,150.203958008,150.25082632,150.632313036,151.791458446,151.720369083,151.474630264,152.608169212,152.936307927,152.74940989,152.409845226,152.109757736,152.29343286,151.580314743	6	sin	0.04	352000
363828	0,1,2,3,4,5,6,7,8,9,10,11,12,13,14,15,16,17,18,19	156.657975418,156.357893619,156.640576235,156.084938734,155.010096888,155.475239435,156.11529721,155.491420049,155.438273783,156.167978041,156.180235239,156.469000695,157.764132276,157.975373895,157.536682327,157.128591237,157.325480562,157.389871711,157.402555435,155.786399285	6	sin	0.04	352000
361682	0,1,2,3,4,5,6,7,8,9,10,11,12,13,14,15,16,17,18,19	148.385515299,148.210897163,147.701261005,147.198707884,147.959684489,147.302165965,147.16758283,148.562818864,147.786278484,148.408326634,149.511675485,148.939604556,148.824868647,150.178399948,149.000656189,149.325786664,149.235995005,149.072348255,149.533717187,149.103511548	6	sin	0.04	352000
360898	0,1,2,3,4,5,6,7,8,9,10,11,12,13,14,15,16,17,18,19	142.93150838,143.616371426,142.859708048,142.66281108,142.061108777,142.532628039,143.238923057,143.426010312,143.22342138,144.111274056,144.441657711,143.766614701,144.97177767,144.575641779,145.200756579,144.129477278,145.178332747,143.617640932,144.662793286,143.80993734	6	sin	0.04	352000
361960	0,1,2,3,4,5,6,7,8,9,10,11,12,13,14,15,16,17,18,19	143.669588197,143.623282978,142.885478946,142.295060225,141.74772081,142.326229539,142.976688602,142.019178298,143.133068016,142.341324722,143.605569522,143.644094819,144.123613891,144.600593248,143.722914377,143.998677115,144.08909604,143.812561687,143.829984022,143.802869787	6	sin	0.04	352000
360602	0,1,2,3,4,5,6,7,8,9,10,11,12,13,14,15,16,17,18,19	146.34348729,146.161435008,145.944436981,144.911265305,144.741957425,145.42949212,144.954808563,145.729679483,145.0193951,145.488880193,146.459807031,146.843422607,146.977653103,146.575661594,146.230991414,147.557605713,147.111642537,146.549587819,146.401018838,146.224062173	6	sin	0.04	352000
361151	0,1,2,3,4,5,6,7,8,9,10,11,12,13,14,15,16,17,18,19	156.702204801,156.187550824,156.142406162,156.073329713,155.659959834,155.680512878,156.39788843,157.018424145,157.239364181,156.507504716,157.404958515,156.858166697,157.869177615,158.521440204,157.439916862,157.880860551,158.085417608,157.454397058,156.845360254,156.290953774	6	sin	0.04	352000
360331	0,1,2,3,4,5,6,7,8,9,10,11,12,13,14,15,16,17,18,19	153.728101114,152.170039426,152.663403466,151.992328561,152.654979354,151.307955261,152.778394448,152.397955374,152.548020674,152.993311549,152.658868451,154.004712763,153.499290383,153.220362516,153.320553156,154.631949455,153.862858829,154.20979754,153.954521835,153.362443069	6	sin	0.04	352000
360431	0,1,2,3,4,5,6,7,8,9,10,11,12,13,14,15,16,17,18,19	157.383902593,156.67443781,157.095791906,156.23767629,156.523489529,156.561177202,156.221307355,156.975091313,156.815463723,156.718160565,157.437630239,158.30046138,158.846003622,158.727927947,159.015355204,158.691304472,158.218756436,158.700424188,157.982940497,157.895147107	6	sin	0.04	352000
360024	0,1,2,3,4,5,6,7,8,9,10,11,12,13,14,15,16,17,18,19	143.016403164,143.140634677,143.139569941,142.397841519,141.905321371,142.351297508,142.094693266,141.631370633,142.160783586,142.800497894,143.379867241,143.216643605,143.845706904,144.611337385,143.907248031,144.485907463,143.790137235,143.506892735,143.815542285,142.791477717	6	sin	0.04	352000
362324	0,1,2,3,4,5,6,7,8,9,10,11,12,13,14,15,16,17,18,19	153.864501451,153.344200322,153.713760613,153.281688958,153.367182007,153.577230121,153.354059036,154.08382341,153.557805349,154.356054185,153.574760692,154.906147485,155.308179494,155.421484708,155.072640533,155.093553201,154.476047893,154.744638661,154.455208758,153.457241874	6	sin	0.04	352000
361357	0,1,2,3,4,5,6,7,8,9,10,11,12,13,14,15,16,17,18,19	156.532823062,155.909497458,156.697028829,155.590447355,155.805340435,155.545675858,155.288510794,155.421628783,156.445311652,155.860826305,156.032789809,157.145283837,157.782862508,157.856193892,158.081819338,157.015430767,157.448408656,156.934897741,157.241211131,156.535305442	6	sin	0.04	352000
361763	0,1,2,3,4,5,6,7,8,9,10,11,12,13,14,15,16,17,18,19	153.662531154,153.871669398,153.397966366,153.026527816,153.404892869,153.4016979,153.221145339,153.090357256,153.026108239,154.005167799,153.993231873,154.926163874,154.705712468,154.602523547,154.502695833,154.394115025,154.747889162,155.221786192,154.848731246,153.816347718	6	sin	0.04	352000
360285	0,1,2,3,4,5,6,7,8,9,10,11,12,13,14,15,16,17,18,19	137.887971488,138.224640588,138.284856065,137.799168529,136.607902253,137.031439077,136.656929174,138.028456088,137.860963981,138.450818819,139.026473948,138.696970468,139.429929921,139.957863371,138.659210887,139.648217697,139.376294187,138.998897414,138.081583678,138.258823749	6	sin	0.04	352000
361122	0,1,2,3,4,5,6,7,8,9,10,11,12,13,14,15,16,17,18,19	147.210679995,146.746715503,147.431122482,146.121966495,146.900458661,146.662631953,146.129239741,146.879235527,146.854411023,146.778739769,147.179784546,147.795361318,148.046118065,148.458534629,148.081167015,148.620887042,148.698773823,147.637786835,147.430578811,146.789267731	6	sin	0.04	352000
363777	0,1,2,3,4,5,6,7,8,9,10,11,12,13,14,15,16,17,18,19	157.794969483,156.848847269,157.32450315,156.500077412,156.305371104,156.325146541,157.026071794,155.890986019,156.457227701,157.258510623,157.263614349,156.999030289,158.429677772,158.165556195,158.817238022,158.696276734,158.607242151,158.064236344,157.507022427,157.878345919	6	sin	0.04	352000
361885	0,1,2,3,4,5,6,7,8,9,10,11,12,13,14,15,16,17,18,19	158.127622211,157.516577526,156.493594295,156.233222244,156.711742569,156.472848754,156.553421013,156.863746606,157.15841399,157.177319771,158.031202519,158.811780943,158.256178978,158.04912193,158.220250126,158.449223121,157.863972031,158.875055457,158.383434489,158.133083331	6	sin	0.04	352000
361113	0,1,2,3,4,5,6,7,8,9,10,11,12,13,14,15,16,17,18,19	147.651195042,146.758521443,146.475504343,145.976761953,146.635844093,146.046040917,145.826031295,147.277794586,147.63197511,146.731341037,147.428561903,147.883099245,147.449482432,148.605964815,147.719890952,148.476882024,148.8163787,147.796323473,147.210151412,146.98190641	6	sin	0.04	352000
361230	0,1,2,3,4,5,6,7,8,9,10,11,12,13,14,15,16,17,18,19	138.81262772,137.640421509,138.125588955,137.338954025,136.604821954,137.665248375,136.905852555,137.550771548,137.258633991,137.524672578,138.692102817,138.158072094,138.708157822,139.424286244,138.463783726,138.768231011,138.953978887,138.303654707,137.760016451,138.508031002	6	sin	0.04	352000
360862	0,1,2,3,4,5,6,7,8,9,10,11,12,13,14,15,16,17,18,19	161.371777827,160.72190899,161.538690563,160.916132481,161.068872716,160.398012884,161.482047152,160.38421315,161.813258923,161.636413612,162.040105783,162.344373436,161.962935927,162.996451677,162.832493867,162.949378544,162.798791148,162.17676047,161.532422687,161.09621457	6	sin	0.04	352000
360128	0,1,2,3,4,5,6,7,8,9,10,11,12,13,14,15,16,17,18,19	141.088301679,141.186762736,140.505086765,140.973837458,140.675631695,140.786787916,139.660188541,140.533901386,141.302425888,140.274860177,140.621119299,142.188107507,141.977246129,142.530253112,142.086895626,142.761221605,141.900613393,141.603158159,140.870800183,141.505848056	6	sin	0.04	352000
361202	0,1,2,3,4,5,6,7,8,9,10,11,12,13,14,15,16,17,18,19	144.196270393,144.815073499,143.865898217,143.008806644,144.008708954,143.275613807,142.88916822,143.847650967,143.68606866,144.272343087,144.317106772,144.320541748,145.405876087,145.835210039,145.571191776,145.056999638,144.556614595,144.774184166,144.539535826,144.331419327	6	sin	0.04	352000
360662	0,1,2,3,4,5,6,7,8,9,10,11,12,13,14,15,16,17,18,19	143.263446149,143.293272868,143.407976026,142.677821082,143.102466663,142.714119191,142.391845635,143.181558873,142.498815495,143.249624193,143.152758259,144.541625542,144.499974446,144.00496016,143.838811633,144.200064382,143.928905511,144.690695566,144.454764042,143.404992913	6	sin	0.04	352000
362478	0,1,2,3,4,5,6,7,8,9,10,11,12,13,14,15,16,17,18,19	141.779791489,141.373106351,141.270337644,140.577557956,139.979457895,139.844658382,141.071297787,141.420236326,141.483137033,140.771528449,140.879646845,141.299674954,141.962804758,141.833077012,142.748745041,142.136232925,142.437525283,141.929078513,141.300251969,141.518606334	6	sin	0.04	352000
362557	0,1,2,3,4,5,6,7,8,9,10,11,12,13,14,15,16,17,18,19	161.296194865,162.034267338,161.88182358,160.436165859,161.71841496,160.472601887,161.029861066,161.601806966,162.159510924,161.375071056,162.845389821,161.810853667,162.402456086,162.848433167,162.35242789,162.446398538,163.565561059,162.163121947,162.036077472,161.834446334	6	sin	0.04	352000
362075	0,1,2,3,4,5,6,7,8,9,10,11,12,13,14,15,16,17,18,19	151.785524619,151.662474594,151.563077939,151.766840324,150.653774527,150.738975782,150.40935486,151.603591459,150.682995009,151.755700388,152.050752851,151.731387501,152.138398715,152.443587962,152.185986616,152.324463917,152.593258711,152.766137279,151.836374585,152.182263451	6	sin	0.04	352000
363723	0,1,2,3,4,5,6,7,8,9,10,11,12,13,14,15,16,17,18,19	135.135818408,134.656151698,134.557348459,134.332207886,135.037210063,135.041132099,135.054694473,133.948202043,134.726378888,135.188168983,135.764975362,136.425681294,135.778820643,136.603284113,136.952822888,135.955436252,136.764333801,136.198342705,135.534402136,135.443349006	6	sin	0.04	352000
363445	0,1,2,3,4,5,6,7,8,9,10,11,12,13,14,15,16,17,18,19	151.131390261,150.417895121,149.992181867,149.613995725,148.887054941,150.136225208,150.423025122,149.884867967,150.003277545,151.142408479,150.917457975,150.718593455,151.991358603,150.965804409,151.113544294,150.902932613,151.977627729,151.081978402,150.381107905,149.965970706	6	sin	0.04	352000
362416	0,1,2,3,4,5,6,7,8,9,10,11,12,13,14,15,16,17,18,19	164.109109635,162.896038829,162.902820543,162.595452927,162.826345965,162.758743735,162.7728528,163.008520902,163.656859529,163.085197172,163.395902532,164.574202478,164.657614762,164.376121992,164.710172888,164.240118179,164.653337633,164.774169256,163.593052213,164.385997148	6	sin	0.04	352000
363747	0,1,2,3,4,5,6,7,8,9,10,11,12,13,14,15,16,17,18,19	147.437123512,147.700514421,147.161135525,146.284391083,146.047679194,145.900388622,146.8198547,147.373099345,146.271011859,147.711905929,147.180338217,148.038166613,148.549929007,147.885084709,148.248723211,148.490335073,148.305671216,148.006072855,147.909503302,147.034438387	6	sin	0.04	352000
363433	0,1,2,3,4,5,6,7,8,9,10,11,12,13,14,15,16,17,18,19	159.431408453,158.862617043,157.943962917,158.875651963,158.54895157,157.7267345,158.289480741,158.849586048,158.566908835,159.253141524,159.455372726,160.07018888,160.056047072,160.586656058,160.565553475,160.30887924,159.846907583,160.581497952,160.018420609,159.547615737	6	sin	0.04	352000
361784	0,1,2,3,4,5,6,7,8,9,10,11,12,13,14,15,16,17,18,19	150.71562301,150.356876339,149.141962907,150.112424081,149.012617675,149.206788972,150.05559337,149.555532605,150.540529633,151.007200354,151.097415974,151.43448924,151.080858383,151.341156804,151.19465101,150.752546745,151.306231573,151.282136058,150.956218376,149.814784522	6	sin	0.04	352000
362225	0,1,2,3,4,5,6,7,8,9,10,11,12,13,14,15,16,17,18,19	149.144071933,148.570238109,148.620233867,148.302441517,148.252064446,148.663352875,148.04996637,147.606216463,148.851966243,148.963335517,149.746731755,148.979421543,149.335419774,150.233914184,149.449296147,150.363635723,149.468748573,149.744973221,149.291678386,148.645854903	6	sin	0.04	352000
363297	0,1,2,3,4,5,6,7,8,9,10,11,12,13,14,15,16,17,18,19	164.191565413,163.99282061,163.87306377,163.94058579,164.184559564,163.050364713,163.124195102,164.493359764,164.697134241,164.09382234,165.207989279,165.67248315,165.600642636,165.225382747,165.565543106,165.682339239,166.147400736,165.477045601,165.510183931,165.3170906	6	sin	0.04	352000
363703	0,1,2,3,4,5,6,7,8,9,10,11,12,13,14,15,16,17,18,19	146.006974528,144.367542695,144.656383633,144.054933786,144.566922476,144.155089494,144.828845775,143.960069036,144.752602647,144.894717693,146.129786262,145.941543491,145.62049918,146.386944178,146.365121925,146.58673871,146.593773179,145.713350143,145.791021714,145.470139586	6	sin	0.04	352000
361486	0,1,2,3,4,5,6,7,8,9,10,11,12,13,14,15,16,17,18,19	153.726678466,154.422053672,152.772461477,153.715371473,153.766393751,152.766600309,152.492269773,153.27283069,152.92483702,153.394865428,154.53576382,153.891816777,154.207434277,154.851182117,155.440009678,154.79484705,155.21049286,154.904570178,154.372177541,153.83345903	6	sin	0.04	352000
361870	0,1,2,3,4,5,6,7,8,9,10,11,12,13,14,15,16,17,18,19	162.522209009,162.332437491,162.332319299,161.958945603,160.866698746,160.893259194,161.760429257,161.037423255,161.897456094,162.69320672,162.768526112,163.455436318,163.626967223,163.498423625,162.850878934,162.761623608,163.033863598,162.477611879,163.133471861,162.64915603	6	sin	0.04	352000
360287	0,1,2,3,4,5,6,7,8,9,10,11,12,13,14,15,16,17,18,19	152.961842854,154.087983349,153.269952686,153.536264983,152.662115371,152.256151094,153.229049905,153.288308285,152.69985212,153.709074678,153.152747194,153.743615025,154.792934914,154.787912945,154.922806966,154.221311905,154.748153389,155.043454003,153.576727042,153.243390544	6	sin	0.04	352000
360663	0,1,2,3,4,5,6,7,8,9,10,11,12,13,14,15,16,17,18,19	161.205092096,161.23328187,159.992141415,159.749714288,159.905481514,159.659813933,159.967959391,159.776953074,161.290988104,161.434202123,161.043003947,161.031006274,162.12626691,161.667343402,162.031880842,161.630871421,161.425291479,162.469843978,161.884325149,161.23957865	6	sin	0.04	352000
362072	0,1,2,3,4,5,6,7,8,9,10,11,12,13,14,15,16,17,18,19	162.400222053,162.793249867,161.990827413,162.375031206,162.009933674,161.994575351,161.666768718,161.3717796,161.703696447,162.921545477,162.902279739,162.929993811,163.70839346,163.759723128,163.248534162,163.223021506,164.205941196,163.055171424,163.756405988,162.179892133	6	sin	0.04	352000
363589	0,1,2,3,4,5,6,7,8,9,10,11,12,13,14,15,16,17,18,19	157.383352526,157.309268993,156.73278347,155.55514077,155.346248512,156.073705604,156.18367877,156.936215511,157.027780878,157.326222024,157.460035848,158.108562052,157.078566732,157.468302008,157.302731055,158.464786391,157.249118072,157.750083967,156.851042476,156.879704433	6	sin	0.04	352000
360581	0,1,2,3,4,5,6,7,8,9,10,11,12,13,14,15,16,17,18,19	144.649440652,144.811240071,143.968692728,144.10252403,143.145425776,144.069940707,144.369154499,144.405893587,144.164700298,143.764407993,144.696912593,145.611403163,145.680400889,145.90439348,145.765655199,146.280173387,144.890456368,145.029485516,145.256395978,144.180713157	6	sin	0.04	352000
363670	0,1,2,3,4,5,6,7,8,9,10,11,12,13,14,15,16,17,18,19	140.817959661,141.091030906,140.368037763,140.730414565,139.625477312,139.673906654,140.231835641,140.360521725,140.710646271,140.685072723,140.625898191,140.954801541,142.439849417,141.729966485,142.206106814,142.445692812,141.702466384,142.139802282,141.729081569,140.633944363	6	sin	0.04	352000
360658	0,1,2,3,4,5,6,7,8,9,10,11,12,13,14,15,16,17,18,19	161.650577424,161.977797906,161.442944413,161.674986502,161.85603714,161.237035504,160.967884397,161.248539532,161.37073973,161.678176877,162.743325652,162.231227557,163.706763537,163.54504103,162.699417658,162.850861682,163.725374318,163.625194578,162.132539324,162.265500925	6	sin	0.04	352000
361149	0,1,2,3,4,5,6,7,8,9,10,11,12,13,14,15,16,17,18,19	139.566841352,139.136412317,139.896044081,139.392394834,139.061252723,138.332070276,139.515212493,139.472804181,139.247237021,139.443240469,140.488257595,140.843583086,140.310032611,140.037240431,141.480281291,140.446020923,141.216707474,140.817796547,140.292461179,139.978703752	6	sin	0.04	352000
360481	0,1,2,3,4,5,6,7,8,9,10,11,12,13,14,15,16,17,18,19	162.692852725,163.14154016,162.86222909,162.381699085,162.32164675,162.303176476,162.288789914,162.498091395,161.976433882,162.238972002,162.82429567,162.817989629,163.681208106,163.319923104,164.044130518,163.995853317,163.407419611,164.014319511,162.994341762,163.039706571	6	sin	0.04	352000
360512	0,1,2,3,4,5,6,7,8,9,10,11,12,13,14,15,16,17,18,19	159.368420161,159.102452776,158.568384001,158.580522639,158.314776319,158.977324299,158.110273567,159.438178892,158.998123027,159.986355276,160.575175104,160.707613364,159.96665,160.138673549,161.253062012,160.034131429,159.871452905,159.857298101,160.298556298,159.076334713	6	sin	0.04	352000
363805	0,1,2,3,4,5,6,7,8,9,10,11,12,13,14,15,16,17,18,19	138.563855546,137.800386491,138.57154325,137.278689426,138.157583048,137.769804594,137.573472124,137.21046857,138.486533212,138.042080822,139.299832727,138.818758578,139.788030419,139.984316992,139.988975178,140.047883548,140.210313252,139.453077975,138.590797991,138.165784519	6	sin	0.04	352000
363825	0,1,2,3,4,5,6,7,8,9,10,11,12,13,14,15,16,17,18,19	140.802512141,139.259537014,140.052896368,139.662170536,139.145700063,139.355258472,139.692383232,139.227729446,140.061432554,140.423411348,141.076181501,140.197386491,141.419379726,141.512769372,141.736476639,141.744366596,141.708059097,140.435830959,140.288292343,140.204583954	6	sin	0.04	352000
360489	0,1,2,3,4,5,6,7,8,9,10,11,12,13,14,15,16,17,18,19	154.165341493,153.887971951,153.636259321,153.389890897,154.015583807,152.9820164,154.066430159,153.851156852,154.224559021,154.792481623,154.647212947,154.315351139,155.907705079,155.043434336,156.081705469,156.070657467,155.191538938,155.364739647,154.872289946,154.967375521	6	sin	0.04	352000
363139	0,1,2,3,4,5,6,7,8,9,10,11,12,13,14,15,16,17,18,19	154.565670125,154.856637854,153.691122727,153.902940686,153.775555345,154.356348964,153.469710511,154.367114843,153.92346101,154.474730248,154.662197692,155.908481186,156.096670498,155.778233178,155.305934317,156.169243318,155.982689549,155.95386288,154.911565345,154.349608912	6	sin	0.04	352000
