ID	X	Y	cluster	func	noise	original_trajectory
157974	0,1,2,3,4,5,6,7,8,9,10,11,12,13,14,15,16,17,18,19	112.804586472,169.082417305,189.491930541,207.492479151,217.552175813,218.054612046,228.916197668,234.612013409,229.529320588,235.284630881,238.06896885,242.730673871,240.13327253,240.343104475,246.797573079,247.76357564,244.859492633,245.279575003,246.180231896,250.961465013	3	hyperbolic	0.12	132000
156903	0,1,2,3,4,5,6,7,8,9,10,11,12,13,14,15,16,17,18,19	-5.134155972,49.749440755,72.2184572344,83.6483545927,101.73485536,104.892498609,111.725942629,109.943540307,114.816140114,122.422008805,125.560869672,128.037045353,127.609305416,131.427838424,124.531931092,132.961334474,125.630356554,130.45063795,131.258929541,132.498048645	3	hyperbolic	0.12	132000
157123	0,1,2,3,4,5,6,7,8,9,10,11,12,13,14,15,16,17,18,19	98.221432421,148.250191693,173.102667608,181.612664156,198.069569382,197.04209587,207.169706882,214.109414587,219.327285027,214.811948716,215.993833824,217.904789092,220.795332451,227.918339771,230.200091388,223.077836615,226.964458785,226.812399174,233.788986644,226.840196568	3	hyperbolic	0.12	132000
158513	0,1,2,3,4,5,6,7,8,9,10,11,12,13,14,15,16,17,18,19	-109.752207286,-63.2975119496,-30.1162802245,-18.4673289914,-7.77496416667,-6.85389856049,3.52858550681,8.70894817642,12.220522159,14.9785399919,17.0046033146,13.7461406253,19.4653476975,22.350349167,22.5496639744,23.2652284006,25.3633839725,24.1756942704,25.1148143945,22.7043859647	3	hyperbolic	0.12	132000
157144	0,1,2,3,4,5,6,7,8,9,10,11,12,13,14,15,16,17,18,19	-36.6682875589,11.8851495826,30.158972141,45.8793141419,60.5768674845,64.9883820434,69.1018992172,73.9441274778,79.5308502868,80.8112715281,81.4645083043,88.3381047803,91.7833308751,89.5833791229,92.7892911548,90.4561337566,89.9400222586,90.5410729243,90.9780036106,90.3963982593	3	hyperbolic	0.12	132000
156954	0,1,2,3,4,5,6,7,8,9,10,11,12,13,14,15,16,17,18,19	-137.487471791,-88.2000068419,-58.7347827148,-41.6705542287,-33.8971402237,-25.8356816167,-19.8389015209,-17.9103000142,-16.2183130742,-11.5401272322,-9.92991672361,-7.71943198509,-3.32624260102,-8.00321595831,1.85429274052,-3.38828811575,1.59121272484,-1.96241211971,0.211073019235,4.25361306266	3	hyperbolic	0.12	132000
156126	0,1,2,3,4,5,6,7,8,9,10,11,12,13,14,15,16,17,18,19	-105.027446806,-47.6200001201,-26.288163406,-5.50153810494,-5.2502808503,1.94436525348,16.0258426838,14.4056735581,14.7493085433,23.4891801712,28.6803708462,24.6276240446,26.6088050953,25.3855372631,33.3127388492,31.0710683396,35.5640560296,31.5911744116,32.5049279767,37.2225374033	3	hyperbolic	0.12	132000
156746	0,1,2,3,4,5,6,7,8,9,10,11,12,13,14,15,16,17,18,19	62.9727466223,116.900101947,136.718012127,156.24691067,157.42102861,166.66933065,170.477731249,177.440978003,177.351912903,182.225515891,189.245754647,188.882799063,195.471072771,195.877418162,194.375680854,197.449161552,193.243723683,194.713178172,191.871441328,194.042158567	3	hyperbolic	0.12	132000
159474	0,1,2,3,4,5,6,7,8,9,10,11,12,13,14,15,16,17,18,19	115.699410264,167.165360394,193.129951142,208.597899984,216.653834902,224.903063285,234.30393995,234.801784488,234.33608397,237.683646925,241.584580556,246.164385748,247.221529256,246.433468611,252.263904182,251.609658956,247.758139994,251.274700876,257.014296769,255.653725161	3	hyperbolic	0.12	132000
156653	0,1,2,3,4,5,6,7,8,9,10,11,12,13,14,15,16,17,18,19	-121.714975303,-74.2709297662,-50.5993110759,-39.6113565047,-29.423880956,-19.9638593414,-16.7334641395,-13.0701627503,-7.73668137949,1.28263545973,-0.405942470208,5.38342646255,-0.107009475885,3.38244256065,5.85259951008,7.93647895732,11.9276919143,4.46403495519,10.8572946669,5.68700423947	3	hyperbolic	0.12	132000
158387	0,1,2,3,4,5,6,7,8,9,10,11,12,13,14,15,16,17,18,19	77.0048519684,129.592497309,149.151279412,171.066144088,182.046702812,180.669969124,190.201341899,193.406504272,198.606342539,198.705522161,207.392573242,202.5054925,208.952906137,210.292707875,214.736350933,211.44141082,214.516423725,209.983236557,215.295309677,216.317868319	3	hyperbolic	0.12	132000
157441	0,1,2,3,4,5,6,7,8,9,10,11,12,13,14,15,16,17,18,19	83.6177394401,128.017396753,155.956671323,171.199933439,175.835741714,185.32903756,192.078928805,196.613060041,196.238771332,204.919242134,206.392799369,208.458556819,205.178494202,209.516939793,207.119359061,215.288289616,210.227735133,218.978110847,218.315978471,213.649460061	3	hyperbolic	0.12	132000
159764	0,1,2,3,4,5,6,7,8,9,10,11,12,13,14,15,16,17,18,19	65.7736404207,117.166263882,143.147693921,159.500655034,165.746785445,177.919301117,176.476043265,181.486237823,192.638170785,191.05982803,193.66165665,195.066531128,196.821166358,198.281642181,204.643293249,205.887426209,202.259531292,205.690651907,208.352406115,202.677192574	3	hyperbolic	0.12	132000
156191	0,1,2,3,4,5,6,7,8,9,10,11,12,13,14,15,16,17,18,19	51.3878877146,105.799137275,132.982410098,141.203602963,152.666202783,158.479864731,167.344890703,173.540366629,174.124018303,172.528406921,180.181754815,183.023233598,181.473625283,189.008241178,189.158958965,185.096886993,191.68582507,190.27615477,188.506531372,192.714663006	3	hyperbolic	0.12	132000
157313	0,1,2,3,4,5,6,7,8,9,10,11,12,13,14,15,16,17,18,19	-69.5204669769,-18.7554990914,8.08023989281,24.1337232609,27.5996493748,40.3461151778,37.1870673204,50.1316602872,48.4987387354,51.6466041165,58.2187912815,56.49928134,60.3159657831,59.6465745583,60.481540271,59.1393839332,59.6851818531,65.2097344558,64.1130181046,66.023865329	3	hyperbolic	0.12	132000
159709	0,1,2,3,4,5,6,7,8,9,10,11,12,13,14,15,16,17,18,19	119.458161394,172.724959635,204.089963343,211.539943843,219.527442575,229.975547517,235.509735953,241.848172623,247.66649808,248.552447029,250.175530783,246.584970813,250.811302737,254.985481892,252.26677238,255.921222405,252.596334889,258.354550048,264.515466888,260.580178304	3	hyperbolic	0.12	132000
157183	0,1,2,3,4,5,6,7,8,9,10,11,12,13,14,15,16,17,18,19	-4.38315465195,46.830400599,62.9101774478,80.5571577433,89.8409709307,98.1405918176,102.012127448,112.171528546,115.698243105,113.307931153,114.246652879,119.621070495,121.738897231,124.899336082,120.374354694,125.171393407,125.344282677,125.535231966,128.732270713,127.248404366	3	hyperbolic	0.12	132000
157022	0,1,2,3,4,5,6,7,8,9,10,11,12,13,14,15,16,17,18,19	9.79786770698,67.9044811364,88.6056054682,101.893867754,111.846678136,120.412821981,127.275920657,130.313886532,131.259386018,131.75347891,139.549320125,138.368800305,141.679923374,142.687886831,149.397291361,149.553001236,148.172908443,147.235081787,152.60579027,154.603572886	3	hyperbolic	0.12	132000
156220	0,1,2,3,4,5,6,7,8,9,10,11,12,13,14,15,16,17,18,19	-118.917117136,-69.6011140575,-46.9889700549,-23.902725792,-18.4250590176,-14.8299683955,-6.8354842119,-5.68359095055,-2.13690383462,7.85100184244,8.23079505032,12.223158017,15.7671286996,12.1577644597,13.4985515113,17.9417825484,18.3722293802,14.746309916,19.6679422134,17.3542638275	3	hyperbolic	0.12	132000
158121	0,1,2,3,4,5,6,7,8,9,10,11,12,13,14,15,16,17,18,19	63.9309222821,120.40313163,145.342119259,156.031706981,166.173536692,171.638133846,176.061490514,183.728342361,183.118925011,192.111174037,197.14761803,191.01790507,196.845550326,195.29945026,202.668319057,197.156944462,202.043401248,206.182504868,200.958987924,203.301240711	3	hyperbolic	0.12	132000
159324	0,1,2,3,4,5,6,7,8,9,10,11,12,13,14,15,16,17,18,19	-13.8069808559,28.1842906747,54.5876025658,77.8322059964,85.7203155528,86.5594006429,95.2819602359,100.201815493,98.5954889097,101.61238943,107.154503598,112.135558509,113.61590937,110.133386212,116.262138038,113.576140491,115.000071963,112.862305443,123.177375624,123.557828593	3	hyperbolic	0.12	132000
158151	0,1,2,3,4,5,6,7,8,9,10,11,12,13,14,15,16,17,18,19	14.3359598215,72.1267371708,95.0366655825,106.95821617,112.242726218,122.556315509,130.14538488,129.003206228,137.989608619,139.300081318,140.514292391,148.204545994,150.652481843,145.769150238,150.753806122,154.387662793,147.67448289,146.957669673,154.856629955,157.524099354	3	hyperbolic	0.12	132000
159483	0,1,2,3,4,5,6,7,8,9,10,11,12,13,14,15,16,17,18,19	-55.0587254833,0.238888237053,24.4147475868,37.4511452528,48.7089793081,53.8098701758,60.9084130536,63.7257858569,66.3681421719,68.408100589,76.1552519709,76.5989402709,77.7257849427,79.4278825911,86.1550598834,81.8672165853,81.1151215062,83.8053330114,85.5975376667,83.0357695717	3	hyperbolic	0.12	132000
159341	0,1,2,3,4,5,6,7,8,9,10,11,12,13,14,15,16,17,18,19	29.7252920097,88.8143959411,112.328246315,125.343900437,134.077844106,138.389093582,148.048910695,148.961195708,156.668567519,155.311716848,154.568935803,166.703462751,166.496874997,161.118462356,164.187808212,166.859400404,170.675509826,164.510643001,167.075006595,171.479394801	3	hyperbolic	0.12	132000
156364	0,1,2,3,4,5,6,7,8,9,10,11,12,13,14,15,16,17,18,19	-51.8697442544,5.2680231891,27.7943167154,39.297909105,51.0968189088,56.9519395562,65.7673998701,72.6817866614,67.3915074226,69.9857075399,75.155189969,74.5087742876,78.5483833536,82.2213763785,85.5840803255,86.9595144193,90.3774117362,83.3099480969,90.4366457939,88.4531358232	3	hyperbolic	0.12	132000
158714	0,1,2,3,4,5,6,7,8,9,10,11,12,13,14,15,16,17,18,19	-5.83055431794,44.5309048135,71.4143726391,77.5036322995,93.7204388111,101.945996355,108.9876397,105.459425747,112.302008658,116.187515399,114.391371593,116.239186116,125.597694032,119.701301867,125.185999558,128.277516959,130.130245789,126.283289858,124.270692261,130.81984296	3	hyperbolic	0.12	132000
156505	0,1,2,3,4,5,6,7,8,9,10,11,12,13,14,15,16,17,18,19	-77.4285257982,-28.2555698737,-9.22931615829,4.51134044369,16.2639531752,26.3498869736,35.6780400301,38.5285362597,35.3593524646,37.4443672636,44.5689042742,51.1088868329,44.0490829619,48.9371856076,50.6427182767,49.7478461977,57.764291614,49.0395142496,53.5656457457,51.6371793503	3	hyperbolic	0.12	132000
158727	0,1,2,3,4,5,6,7,8,9,10,11,12,13,14,15,16,17,18,19	39.4373817886,87.3131354506,115.557101325,137.393733829,143.649037481,144.59608405,151.732892463,156.333310829,158.906948827,165.516398328,169.358725718,171.34884859,166.774793586,169.389406665,174.252337501,174.459790571,177.696286323,181.036942367,175.405798605,179.872245397	3	hyperbolic	0.12	132000
157286	0,1,2,3,4,5,6,7,8,9,10,11,12,13,14,15,16,17,18,19	-121.66481244,-75.5546668215,-43.262114476,-30.3946213852,-21.2970737213,-17.2188381672,-13.3723721425,-0.560847765832,2.76692895011,5.47638571714,4.49983075563,1.55183188865,2.05933732369,8.21751972065,5.47489706339,10.0091019155,14.9782546248,14.2750377283,16.8666081864,12.3115753935	3	hyperbolic	0.12	132000
157248	0,1,2,3,4,5,6,7,8,9,10,11,12,13,14,15,16,17,18,19	-106.66699283,-56.4388506099,-32.235622074,-21.5198965853,-9.44061521295,-8.68599619464,3.51098570655,5.82989384138,10.5707553684,9.93223380106,10.2711419846,18.2873662656,16.9864252795,18.286204503,15.652868376,17.0994657831,21.3607428814,27.4755334058,27.7777778074,28.8262851807	2	hyperbolic	0.12	132000
158479	0,1,2,3,4,5,6,7,8,9,10,11,12,13,14,15,16,17,18,19	-136.25405727,-78.9095755998,-55.5530161532,-44.5625993024,-29.0908990405,-26.5445030378,-23.0510673267,-12.6600426751,-11.2147761911,-4.8363096482,-9.85740828389,-0.210474543917,-7.71370418591,0.876438862602,0.47748910305,0.89283291457,-1.90116389075,2.70226336663,8.71361779183,3.33848219018	3	hyperbolic	0.12	132000
157809	0,1,2,3,4,5,6,7,8,9,10,11,12,13,14,15,16,17,18,19	111.428549408,158.725238157,188.543512378,202.505129949,215.890306729,223.15733728,226.033057231,227.699423613,237.010365524,238.092352577,242.299600418,240.866460895,245.071836333,245.282633129,240.391529525,250.314719475,241.890952988,246.378655212,245.769525808,253.653039881	3	hyperbolic	0.12	132000
159818	0,1,2,3,4,5,6,7,8,9,10,11,12,13,14,15,16,17,18,19	72.3123845799,122.270633802,150.091411248,163.942591556,167.018249318,178.141520508,179.816389865,188.694220715,194.4440043,196.000460018,197.406529652,201.277297347,199.208899262,197.715142936,207.019653105,203.586710014,200.260955246,201.941879337,205.406337968,201.558838489	3	hyperbolic	0.12	132000
156607	0,1,2,3,4,5,6,7,8,9,10,11,12,13,14,15,16,17,18,19	-48.0241101667,-0.398746063741,19.9830535206,33.4576530981,51.4115691209,50.6241441746,64.8121826337,69.0350477235,69.648341494,73.2902095612,73.807571661,70.2846245669,73.0054847321,81.3416975874,75.376937145,81.1525990251,83.1327856078,82.4599333923,79.990952372,81.461361857	3	hyperbolic	0.12	132000
156078	0,1,2,3,4,5,6,7,8,9,10,11,12,13,14,15,16,17,18,19	65.0098676381,123.354422343,143.802019798,158.674443517,166.649080005,173.950289879,181.182163031,181.855698061,189.963564417,194.83133218,196.209711996,194.785496791,198.38768786,195.297923491,202.773831186,196.993574914,204.908223832,201.297397696,200.044985025,204.888515458	3	hyperbolic	0.12	132000
157617	0,1,2,3,4,5,6,7,8,9,10,11,12,13,14,15,16,17,18,19	-18.4613560646,31.4220557167,55.8314992725,62.9707069606,77.2094678735,84.4803919095,88.3570952738,96.025817125,95.9167682145,100.047797614,106.800214268,104.585604656,109.056074976,110.452550662,111.457746884,111.823472537,114.366877464,109.075379788,114.71277693,112.66383672	3	hyperbolic	0.12	132000
158166	0,1,2,3,4,5,6,7,8,9,10,11,12,13,14,15,16,17,18,19	-29.9666148885,18.1615187863,42.2259667238,62.2963067774,75.0194919948,78.2276176343,81.501736806,90.3609727495,91.1669037321,96.3354164768,93.9846887281,97.7951543965,101.688906486,96.6401646491,103.445548535,98.0394999976,99.0081178655,100.296161385,105.797205228,104.630112312	3	hyperbolic	0.12	132000
159354	0,1,2,3,4,5,6,7,8,9,10,11,12,13,14,15,16,17,18,19	93.8157013291,140.527454993,160.939751183,182.090686726,188.728453486,201.727730235,199.010083835,210.928327497,206.743138112,208.547039378,219.732403475,221.083920018,218.406796198,215.377300371,217.934110338,224.475722631,219.000561384,225.325793688,227.533207123,225.681401493	3	hyperbolic	0.12	132000
158631	0,1,2,3,4,5,6,7,8,9,10,11,12,13,14,15,16,17,18,19	-8.35530311072,43.1908358634,72.4715785665,87.333800857,95.1294830603,107.767177866,107.820234685,118.272588809,114.229834746,119.18190142,125.895847671,121.236648049,130.130580904,130.219983922,128.005571642,130.778395146,126.353965312,130.970229501,131.823850472,137.312212534	3	hyperbolic	0.12	132000
157375	0,1,2,3,4,5,6,7,8,9,10,11,12,13,14,15,16,17,18,19	-132.969766585,-80.4847779174,-52.551812513,-41.8580385106,-33.1775217624,-19.8282449457,-23.8495771745,-16.5719729024,-8.76498717538,-13.4593163197,-8.63141883827,-4.41424558974,-1.4281952169,-4.29823712099,-3.285145445,5.2675986598,-2.57040486952,-2.47358167624,4.38911252034,4.30410311447	3	hyperbolic	0.12	132000
158901	0,1,2,3,4,5,6,7,8,9,10,11,12,13,14,15,16,17,18,19	68.4806455857,123.893950846,150.904910986,163.511365744,171.406784408,184.641969767,190.481214558,192.610102361,195.933896389,192.182079155,201.602381459,203.886571788,198.806222629,205.34906608,205.985891891,201.247311617,208.82633004,211.811527631,203.410988335,209.880483965	3	hyperbolic	0.12	132000
156577	0,1,2,3,4,5,6,7,8,9,10,11,12,13,14,15,16,17,18,19	-40.3236920719,15.2087042103,37.9247492195,51.0549841266,59.1866451329,73.2144985899,76.762914713,80.2983030412,82.7675711746,83.396747733,84.22045836,87.3930662475,91.8982743505,92.6234675698,88.7598278452,94.486540227,90.6168660933,93.7656810789,93.840316132,95.4623647404	3	hyperbolic	0.12	132000
159182	0,1,2,3,4,5,6,7,8,9,10,11,12,13,14,15,16,17,18,19	-18.6386613191,34.4426596359,60.8901483269,68.092735086,85.3281763395,85.4902509486,100.104392083,98.9933300495,108.127085266,110.267159656,105.451431414,107.180633541,113.755762735,108.993669797,116.244390506,117.380227882,112.176695088,114.548580188,115.330640538,119.194471678	3	hyperbolic	0.12	132000
159012	0,1,2,3,4,5,6,7,8,9,10,11,12,13,14,15,16,17,18,19	-127.819797881,-73.1697430956,-46.1118156136,-29.8023294918,-24.6762098144,-17.6658352752,-14.3816662352,-6.20057269627,-0.847848011005,-4.3901993755,1.79793681351,4.26609278996,7.07765787092,2.9128797539,12.4735208068,10.2320475059,14.4841938529,11.3554685137,15.7188581405,16.7038406381	3	hyperbolic	0.12	132000
157057	0,1,2,3,4,5,6,7,8,9,10,11,12,13,14,15,16,17,18,19	81.080746106,129.604868054,153.173894737,168.472265546,179.372446718,192.702635129,194.604835737,198.49098153,197.118961322,207.460103871,202.27840119,206.257315878,207.44716215,213.516202386,208.273784051,210.337127893,213.515323285,217.053472183,213.417253174,221.308543688	3	hyperbolic	0.12	132000
157810	0,1,2,3,4,5,6,7,8,9,10,11,12,13,14,15,16,17,18,19	-49.6865072684,-1.49889836061,23.6991946906,41.7591858752,44.9643151087,56.8958789242,60.1161171815,71.6793409113,69.5870443484,69.7439941149,74.5934956575,79.7507430187,77.1682315503,77.57856704,86.013524782,83.1587590887,80.8135695409,81.6408177968,83.6734310885,83.7663879473	3	hyperbolic	0.12	132000
159088	0,1,2,3,4,5,6,7,8,9,10,11,12,13,14,15,16,17,18,19	-79.1762079638,-28.5135885023,-2.43295169997,11.4817220689,26.9934735088,27.2444974129,31.6792028293,44.5895160998,44.3117256772,44.8089047061,43.9093226372,55.9705242782,54.0524530313,51.0976044301,51.5849278507,52.1562933998,57.3875735769,53.4244731884,60.4307260374,63.0349484377	3	hyperbolic	0.12	132000
159558	0,1,2,3,4,5,6,7,8,9,10,11,12,13,14,15,16,17,18,19	21.5515561444,71.6760107167,90.1457722658,109.93032103,115.126379463,126.222510244,131.930353733,135.083885061,136.177744594,138.479508871,147.909173644,150.851555795,145.350351558,153.808418863,147.505591384,154.845159942,147.492987874,152.607198385,153.182776071,156.140858663	3	hyperbolic	0.12	132000
158085	0,1,2,3,4,5,6,7,8,9,10,11,12,13,14,15,16,17,18,19	-31.8042797032,23.4307479249,42.7282247252,61.9401278387,73.4773936566,76.319576061,79.078516382,86.3151280851,92.6464392106,93.2299209424,93.0008990051,96.6726702255,93.4254773496,98.2243989491,103.131375407,98.5591109359,103.413324873,102.643712266,106.725523336,105.279772663	3	hyperbolic	0.12	132000
158615	0,1,2,3,4,5,6,7,8,9,10,11,12,13,14,15,16,17,18,19	-3.31577047462,49.6805609021,77.3919017914,89.9590453586,93.1191800868,102.683278386,110.53371321,112.627444514,122.045925051,116.496494531,121.82653722,122.500112788,121.323072284,126.230697645,129.369292773,133.998941541,130.927915717,133.11643898,132.289263249,130.03467871	3	hyperbolic	0.12	132000
159269	0,1,2,3,4,5,6,7,8,9,10,11,12,13,14,15,16,17,18,19	64.9345006321,113.268855799,135.796492548,151.287641474,162.220551234,166.639962623,181.897136632,185.615510386,186.939634653,188.363721799,186.235320868,187.968436516,196.345607616,193.960561169,192.101929716,197.575373358,201.260071761,198.807762268,200.003836707,199.648981336	3	hyperbolic	0.12	132000
158106	0,1,2,3,4,5,6,7,8,9,10,11,12,13,14,15,16,17,18,19	-67.4171106097,-13.174416481,4.47494424083,21.3423366628,34.0525976275,41.9180583905,47.8959696626,49.8267454562,50.8600867097,54.6195999088,56.0432758193,55.4393336143,66.9090399382,59.9167737258,66.6930315941,68.7550302999,69.2599187244,67.7139418112,64.0671278257,67.5150035472	3	hyperbolic	0.12	132000
156341	0,1,2,3,4,5,6,7,8,9,10,11,12,13,14,15,16,17,18,19	-88.6039420071,-35.6283085563,-7.03965539965,9.56619605935,17.4692933162,21.8905542202,27.2438142966,33.6221196957,34.2721623161,33.308030616,35.8603610846,45.1365288724,46.3401693851,49.3611522733,48.5168060704,51.0204499898,49.6632801494,51.8876777262,53.5050422693,53.5585097499	3	hyperbolic	0.12	132000
158134	0,1,2,3,4,5,6,7,8,9,10,11,12,13,14,15,16,17,18,19	47.9498845671,106.775094145,127.018828291,139.135792843,152.768058768,160.489059566,160.90557256,170.857831464,172.109376696,178.833454729,172.243138931,178.798440491,178.266222724,186.541299809,185.68521359,181.723555415,181.163294383,184.610075209,185.379585281,187.811407319	3	hyperbolic	0.12	132000
156260	0,1,2,3,4,5,6,7,8,9,10,11,12,13,14,15,16,17,18,19	120.083164204,172.300438272,203.634485368,212.658616999,223.247221377,226.326874912,239.20092718,236.735591361,239.329262775,244.644560219,247.659880332,255.225180134,254.267205835,254.668342126,256.595022094,254.175002603,257.957954336,259.637031525,257.669214023,257.921352556	3	hyperbolic	0.12	132000
159211	0,1,2,3,4,5,6,7,8,9,10,11,12,13,14,15,16,17,18,19	-71.9685522124,-21.5897391299,10.6663855526,17.8009707523,32.1849557809,34.9701391925,43.4508168695,51.4235994715,51.5265862146,49.6581509363,55.2051567445,58.3537312467,55.9476349811,61.9348231342,66.5706847751,58.5139369022,62.1999656609,59.8609257403,62.1214547917,62.3033380594	3	hyperbolic	0.12	132000
158504	0,1,2,3,4,5,6,7,8,9,10,11,12,13,14,15,16,17,18,19	-24.4246681363,24.9900489576,53.0824634951,63.0461395926,77.3908596577,88.7739217064,92.4923579623,88.145259006,91.6377616275,102.433916733,105.559049847,98.5983026885,107.519756213,107.746810912,108.062216823,106.067578336,107.270889748,108.345678194,108.701733242,114.211098069	3	hyperbolic	0.12	132000
159588	0,1,2,3,4,5,6,7,8,9,10,11,12,13,14,15,16,17,18,19	-63.6666361627,-12.9662093847,15.9955848915,27.4090631837,42.1504766972,44.7275582257,54.9875898376,57.7007562891,63.9152155442,57.81600113,64.9734843104,64.1443554852,72.6568714094,69.3752634294,73.0554990159,76.3156498539,70.7633962186,73.999552611,78.2673935337,74.6896365234	3	hyperbolic	0.12	132000
158571	0,1,2,3,4,5,6,7,8,9,10,11,12,13,14,15,16,17,18,19	113.761989624,159.085218535,179.958673545,197.520453402,209.742607665,213.89160616,219.105630227,221.113730931,228.18813038,236.727262259,235.414303477,234.05283772,232.497010842,238.097592706,237.305945467,238.367254869,237.061785236,239.922475194,246.662055841,249.130036356	3	hyperbolic	0.12	132000
157280	0,1,2,3,4,5,6,7,8,9,10,11,12,13,14,15,16,17,18,19	124.245705254,172.550220361,199.586314435,218.467944969,224.934419951,236.459985107,236.429179554,239.543280153,242.46349847,252.264815037,255.599916647,255.517938536,253.204485797,253.701761829,258.426807209,255.133741925,259.188798772,256.372829361,259.210203843,258.614631133	3	hyperbolic	0.12	132000
159625	0,1,2,3,4,5,6,7,8,9,10,11,12,13,14,15,16,17,18,19	94.4790593485,145.305264798,172.154738139,184.211129389,190.051820023,200.600971519,205.57185559,205.924401982,209.071507617,216.668626183,214.014308459,222.462279188,221.88454073,222.675298256,222.093452575,221.29334381,224.434175693,224.528806536,231.603358605,231.680004717	3	hyperbolic	0.12	132000
156590	0,1,2,3,4,5,6,7,8,9,10,11,12,13,14,15,16,17,18,19	-102.996596179,-49.9382179418,-33.4980134447,-11.6773671215,1.29383352408,-1.52813959166,11.1300107275,17.7413000769,15.5662070764,22.9294670969,21.208003758,21.7989286226,27.2153875562,29.9684319374,29.4043685517,26.3084854353,27.1897085989,28.1948451994,32.3344712022,28.3683328049	3	hyperbolic	0.12	132000
156243	0,1,2,3,4,5,6,7,8,9,10,11,12,13,14,15,16,17,18,19	-79.188436018,-24.1047056646,2.53781132022,15.062591302,26.1687422587,33.0726128232,33.7155609585,41.8269531171,42.8413099171,47.817775577,45.731535124,52.0508970178,49.295110161,52.3513403923,54.5777286119,55.8143470595,57.9766796201,57.1943881826,57.3116875531,63.0894253344	3	hyperbolic	0.12	132000
156308	0,1,2,3,4,5,6,7,8,9,10,11,12,13,14,15,16,17,18,19	-102.278766366,-57.892939872,-28.7698304883,-12.0661595432,-7.81808278031,3.55218806159,12.2712249218,9.2880994557,14.6217063585,15.6221399068,19.6425489544,26.2069705346,18.960023098,29.0736934714,22.758699565,22.1877747835,26.2379190535,29.9482760196,29.6083674288,28.6800969361	3	hyperbolic	0.12	132000
156359	0,1,2,3,4,5,6,7,8,9,10,11,12,13,14,15,16,17,18,19	3.36409954966,59.4156069027,75.2929875522,98.558053662,100.015126356,106.928151829,115.948187977,117.849784015,121.924779791,127.962317269,126.804735547,135.782084112,130.283492962,129.783016799,133.400126001,138.776388926,141.988472666,143.105504834,136.900051812,135.851758857	3	hyperbolic	0.12	132000
159168	0,1,2,3,4,5,6,7,8,9,10,11,12,13,14,15,16,17,18,19	32.623467988,84.2069306993,109.147621251,128.381516561,139.005717861,141.114314819,144.698510596,151.916960705,157.403882196,162.613278153,160.312299715,159.350260077,170.013766047,169.740564719,169.126385239,173.600952695,167.909735906,174.705073842,172.564623807,173.726679918	3	hyperbolic	0.12	132000
158413	0,1,2,3,4,5,6,7,8,9,10,11,12,13,14,15,16,17,18,19	-66.8396065442,-11.5417194291,5.13295585708,27.8092176421,34.5555665681,37.9311626045,49.9282149479,50.117953673,51.5582890721,54.2344561578,61.9679141271,57.568516601,66.6244394078,65.5315655509,68.8873068295,66.3609092172,69.0131368341,65.9230377286,73.8983837816,69.6855833834	3	hyperbolic	0.12	132000
156783	0,1,2,3,4,5,6,7,8,9,10,11,12,13,14,15,16,17,18,19	-120.836332897,-76.385549783,-43.3215589933,-30.1040605704,-22.7806718013,-12.2180468782,-11.5319578636,-4.66093007728,-6.63377314646,-2.0985437646,-2.17992846372,3.85821204567,7.7879785358,8.77376655467,13.1591119401,11.4701175052,9.87198603272,13.2283646874,15.8575611348,11.6242871324	3	hyperbolic	0.12	132000
158099	0,1,2,3,4,5,6,7,8,9,10,11,12,13,14,15,16,17,18,19	83.743489952,136.230429404,154.746331848,175.941210415,177.961782723,192.872165375,193.8735191,193.268497081,206.125033838,199.618984675,203.361728442,212.599362381,212.024375207,212.204289611,210.356168652,209.184838185,211.88621804,212.745216968,221.244225155,214.132581345	3	hyperbolic	0.12	132000
158363	0,1,2,3,4,5,6,7,8,9,10,11,12,13,14,15,16,17,18,19	72.9188144023,121.259273021,145.68899286,159.047859956,172.04812762,175.02837956,180.59725005,182.236574115,191.956033485,189.716633756,190.250783694,196.000408571,194.84288423,194.239691356,199.130819967,203.121510473,197.628318308,198.332059651,208.035098935,205.322210774	3	hyperbolic	0.12	132000
157176	0,1,2,3,4,5,6,7,8,9,10,11,12,13,14,15,16,17,18,19	89.5740161171,135.953699821,164.265993983,174.328274796,181.280301933,192.550823868,201.176981401,199.936501902,204.173525618,212.163941641,208.763384199,214.307388172,211.90682257,214.11488185,220.129523592,221.344403642,217.802919862,223.862377363,215.326916173,219.515409676	3	hyperbolic	0.12	132000
159953	0,1,2,3,4,5,6,7,8,9,10,11,12,13,14,15,16,17,18,19	-68.4870019748,-18.7230496146,8.80429570754,23.9226107425,30.1053925093,44.6245393474,41.6812115281,52.7474571108,52.200457548,52.4310067048,58.9917767036,58.6868800846,62.2397477279,59.7997403179,66.4921931525,64.7428340646,67.8195268035,66.0063990211,65.764541197,71.907756352	3	hyperbolic	0.12	132000
156077	0,1,2,3,4,5,6,7,8,9,10,11,12,13,14,15,16,17,18,19	96.0221518575,149.859522019,177.834560466,188.279194253,203.704447582,210.564073553,212.168677186,217.453468838,216.177207294,220.560823888,227.285936552,229.971379271,231.333415186,231.970239159,233.218326247,232.941826126,232.846358516,235.017522046,233.233972496,234.059425086	3	hyperbolic	0.12	132000
159359	0,1,2,3,4,5,6,7,8,9,10,11,12,13,14,15,16,17,18,19	-103.075234509,-59.2839565967,-31.3716580454,-18.8360488761,-4.91720001466,0.0040078596479,7.32569116376,9.06403751041,15.9026638196,14.4965320763,17.5544019655,23.6878433282,26.1050139982,25.5578899799,29.6221143107,31.4055267579,24.6533474708,30.0109280136,31.2655512977,35.1545631209	3	hyperbolic	0.12	132000
156882	0,1,2,3,4,5,6,7,8,9,10,11,12,13,14,15,16,17,18,19	-19.5065580228,34.1139641328,59.6328334364,77.3393312168,88.7499573669,87.3529117847,93.0438629114,104.707529987,110.086829469,109.754225412,108.728218975,107.848784067,112.192261058,120.189906449,116.667392775,118.152511381,115.493338967,118.187794466,117.993616539,122.25277775	3	hyperbolic	0.12	132000
158378	0,1,2,3,4,5,6,7,8,9,10,11,12,13,14,15,16,17,18,19	134.906043916,177.284594291,209.141671339,225.952881246,227.255925614,236.268837331,242.103179927,247.154937216,250.967480657,250.476569336,253.645624651,260.779636061,257.383087048,266.78772741,266.374448386,266.946213257,268.366188621,269.07372702,262.827744024,264.431758473	3	hyperbolic	0.12	132000
156099	0,1,2,3,4,5,6,7,8,9,10,11,12,13,14,15,16,17,18,19	37.113782228,88.0439486881,108.859575841,129.174505808,138.620388082,142.075709129,149.642988992,155.681011107,160.940205221,158.58694642,160.4897553,164.987883206,170.15133381,167.118184737,168.133320335,172.540331998,168.116374595,175.802796468,170.243422952,176.788771329	3	hyperbolic	0.12	132000
159814	0,1,2,3,4,5,6,7,8,9,10,11,12,13,14,15,16,17,18,19	-114.563388038,-61.5304631782,-31.3146176865,-20.8621849457,-10.4615230152,-4.72774143657,5.59269398469,9.85136575291,12.5820137634,14.5681878449,10.7768216572,12.5821859006,21.1371186349,14.5910914018,16.4445474559,20.89693948,24.3075496271,18.1350282556,28.6337391235,28.4862009743	2	hyperbolic	0.12	132000
156646	0,1,2,3,4,5,6,7,8,9,10,11,12,13,14,15,16,17,18,19	-70.5554986164,-17.8902775418,6.61102883798,20.9181384891,32.5292979256,39.725704764,41.281553926,45.4914889562,50.2257388045,54.1905324927,51.4086974719,61.7086578707,55.4976734114,61.4088813346,64.8800925964,66.216793068,62.9363641267,67.3968890612,61.1104649389,67.7547938633	3	hyperbolic	0.12	132000
158646	0,1,2,3,4,5,6,7,8,9,10,11,12,13,14,15,16,17,18,19	72.1963100612,128.00537646,152.235193299,163.842883419,173.145403473,185.291591535,183.816527898,190.986903862,197.59827397,193.123206866,201.069808226,200.401171242,202.440473157,199.899973933,207.788384708,205.288934982,205.668799893,210.548790674,211.945869796,211.194042388	3	hyperbolic	0.12	132000
158440	0,1,2,3,4,5,6,7,8,9,10,11,12,13,14,15,16,17,18,19	-121.81113481,-79.2956607054,-45.0377249876,-37.8655997694,-25.1117921472,-18.5933970054,-6.71783895543,-6.49071872959,-0.623865971311,3.14762118664,5.0653549816,-2.03737897841,7.66007680704,10.4443083606,11.5437773399,11.3473950523,4.79579113379,8.80470781833,10.0192136584,12.2846371066	3	hyperbolic	0.12	132000
156602	0,1,2,3,4,5,6,7,8,9,10,11,12,13,14,15,16,17,18,19	-119.588731807,-65.3535538542,-44.7262799056,-24.1878928889,-16.7655569872,-14.9670974028,-6.69771186696,-2.61147068606,-0.0675024250769,4.81622590618,2.43217896414,6.31632639457,11.7123195723,6.71983166742,8.66002636177,9.88730841958,19.4452323502,19.3783077344,12.9422637581,18.9397246799	3	hyperbolic	0.12	132000
159118	0,1,2,3,4,5,6,7,8,9,10,11,12,13,14,15,16,17,18,19	127.577421829,176.86681475,201.662870621,217.38949526,234.930278261,240.708596466,246.15242731,248.135630357,251.489937531,250.886221077,253.864313256,257.375546257,255.789350199,265.363520273,263.924025795,266.453763125,267.638001329,267.369518012,266.305178684,266.20620141	3	hyperbolic	0.12	132000
157531	0,1,2,3,4,5,6,7,8,9,10,11,12,13,14,15,16,17,18,19	68.4179911247,114.969966373,141.471043446,153.64801037,161.178505278,171.302483345,178.856798651,180.231809173,188.370069205,187.598510414,186.192854201,189.144048074,195.430519732,190.784823501,197.418561751,198.95481977,201.621339966,196.371455994,202.364221583,197.92501432	3	hyperbolic	0.12	132000
158926	0,1,2,3,4,5,6,7,8,9,10,11,12,13,14,15,16,17,18,19	-80.6800995314,-22.4168949053,-1.221073518,15.0397374928,28.5607279378,27.8621563,38.4855428925,35.8261746657,43.3383673034,41.9672520128,52.3910553155,51.2917413277,50.8073677872,52.9627281623,55.6328522863,58.778383462,53.6452959803,55.9708751432,59.2241030558,57.2494490805	3	hyperbolic	0.12	132000
158227	0,1,2,3,4,5,6,7,8,9,10,11,12,13,14,15,16,17,18,19	-75.1206541229,-30.0599701285,-7.95059119543,7.44475447688,25.1686298326,25.0021324379,34.3316360227,34.374715746,37.0441510744,45.6546616826,44.6192310053,48.4172129059,50.5377834127,48.9012834152,55.7146101159,57.8706814636,50.6646285887,53.4441518992,52.8422699129,54.6940898802	3	hyperbolic	0.12	132000
158098	0,1,2,3,4,5,6,7,8,9,10,11,12,13,14,15,16,17,18,19	-45.1693254527,8.3225449957,31.3278465338,40.8558545143,51.6067261093,57.4213221789,67.2855726967,70.8950179294,74.2954053018,77.6666285547,79.775704623,85.5659915724,78.4862498938,88.6043054284,80.2401843483,85.104359703,85.0262780054,84.1939487401,93.8580361484,94.0318690641	3	hyperbolic	0.12	132000
157886	0,1,2,3,4,5,6,7,8,9,10,11,12,13,14,15,16,17,18,19	123.581455071,172.015561072,195.075030268,207.97551615,226.283192028,225.471113184,230.648686372,237.045716121,240.052534599,245.934116385,244.958947761,250.734665742,248.611053129,258.010068982,259.038756703,253.113595603,254.158455374,259.510644066,255.390216147,257.453690637	3	hyperbolic	0.12	132000
159378	0,1,2,3,4,5,6,7,8,9,10,11,12,13,14,15,16,17,18,19	48.2125520071,97.2138530425,121.424665738,132.541925425,142.126877745,150.498305696,152.916255661,155.840669417,164.271758452,167.42786159,166.446205683,172.220916675,171.147603001,175.748818623,177.861205635,172.397578311,180.383611824,176.1598302,179.767667855,182.522498482	3	hyperbolic	0.12	132000
158164	0,1,2,3,4,5,6,7,8,9,10,11,12,13,14,15,16,17,18,19	29.7564210115,87.8477729693,106.608067402,128.362889424,134.682818206,137.816537617,147.207465511,152.452528173,158.480013404,158.703413799,155.211237097,160.122905284,163.191849883,168.183263116,161.029353055,163.972470341,162.153668213,163.422304592,165.48509886,173.825659172	3	hyperbolic	0.12	132000
156533	0,1,2,3,4,5,6,7,8,9,10,11,12,13,14,15,16,17,18,19	114.402808797,164.040220747,193.736358871,200.823409794,215.81026119,223.338051765,228.420613979,236.477762081,240.2996976,237.220641759,238.630471307,243.738067969,245.130901097,247.773879419,242.568144759,250.085418796,245.259189056,248.968816833,250.795703462,253.929669156	3	hyperbolic	0.12	132000
156031	0,1,2,3,4,5,6,7,8,9,10,11,12,13,14,15,16,17,18,19	81.125349612,129.369381797,154.162563443,169.092247046,184.972337819,187.784435023,197.637198523,195.926419825,207.715796315,205.406550872,213.444486334,214.770892613,215.007228724,216.437601567,211.469663402,210.978733643,213.213145552,221.11284867,217.3532424,214.227855689	3	hyperbolic	0.12	132000
156361	0,1,2,3,4,5,6,7,8,9,10,11,12,13,14,15,16,17,18,19	138.054353809,185.196532877,206.258551105,222.805130384,235.707979938,244.788588225,248.512707806,247.539888576,253.97927617,259.357138712,256.402850044,258.556276589,265.22390596,262.949010861,265.521713989,271.029393292,266.537889197,264.308914355,269.277723142,267.458969104	3	hyperbolic	0.12	132000
158192	0,1,2,3,4,5,6,7,8,9,10,11,12,13,14,15,16,17,18,19	-90.3104156682,-46.2358388557,-18.0117226865,-8.84857486889,0.765323868579,7.35132828732,20.0400367773,17.8447916761,22.0821201645,33.1761358492,26.1303974468,28.3854357281,34.0109634211,33.9688672572,34.0184330834,40.3432605745,34.5469465726,39.7480723408,40.3859134596,41.8873317837	3	hyperbolic	0.12	132000
158550	0,1,2,3,4,5,6,7,8,9,10,11,12,13,14,15,16,17,18,19	-129.656257577,-83.4985197052,-61.3560902311,-39.1214128687,-35.4013001695,-20.5951513131,-23.4791046689,-9.60130118272,-13.7062740868,-6.71088678507,-7.61458995597,-4.7292520893,-6.35757827929,-4.99543848517,1.95888053955,1.77658087551,0.17999264675,2.65553601831,4.35681427247,9.00073580482	3	hyperbolic	0.12	132000
157585	0,1,2,3,4,5,6,7,8,9,10,11,12,13,14,15,16,17,18,19	-9.41026458773,47.3174593258,73.2307454407,81.2863487275,98.3851813222,97.1001431004,107.712140439,112.1481911,117.402409481,119.577713349,122.755807424,122.117008562,127.438735001,125.165370793,128.645810362,130.427171281,131.224424328,133.091802437,129.429037664,129.796202432	3	hyperbolic	0.12	132000
156178	0,1,2,3,4,5,6,7,8,9,10,11,12,13,14,15,16,17,18,19	-74.9621208672,-30.9585997336,-1.00649576549,16.4815559027,20.2720627386,32.8967304399,39.5205261736,42.5563849159,45.7244033149,47.2835979823,45.5963680955,54.5264009847,51.5089927378,57.0296989822,53.3250486841,58.1305324458,60.7025085689,57.5645410549,62.2541656212,64.2369209585	3	hyperbolic	0.12	132000
156389	0,1,2,3,4,5,6,7,8,9,10,11,12,13,14,15,16,17,18,19	109.144561746,151.909458329,175.918466346,192.456669122,198.947218452,216.240725077,215.861652059,224.112806726,223.403666437,227.39747285,228.283598454,231.546781437,229.486132818,228.917657685,239.1721694,233.938560813,234.62266678,234.009562508,236.788726763,241.859533048	3	hyperbolic	0.12	132000
157397	0,1,2,3,4,5,6,7,8,9,10,11,12,13,14,15,16,17,18,19	106.136302243,153.364863347,180.746248333,187.270792716,200.449510755,208.027949999,215.304391558,217.265130552,225.990252473,226.597864953,221.972600004,224.315457895,225.448434167,234.64189506,235.049562119,230.049328402,230.696131752,232.965527561,237.644198572,238.029152955	3	hyperbolic	0.12	132000
157928	0,1,2,3,4,5,6,7,8,9,10,11,12,13,14,15,16,17,18,19	-19.8404401984,22.8798117146,51.9860998892,61.7925618139,75.991465563,80.1789028533,93.155235963,90.384354339,91.4187993841,98.0031169395,98.7909066339,105.357737963,104.408316494,104.983548183,109.480305365,112.462720921,107.554370282,105.931511577,110.036073313,107.332170834	3	hyperbolic	0.12	132000
157374	0,1,2,3,4,5,6,7,8,9,10,11,12,13,14,15,16,17,18,19	7.02144332839,55.8707229676,72.7457698926,90.0427960107,101.982117679,112.441703579,117.812111311,122.421484284,118.218209459,127.998760767,125.331517736,132.118050611,134.45816584,132.596836291,130.698368976,129.243979367,131.334579938,134.976528561,138.00366323,141.707460048	3	hyperbolic	0.12	132000
157220	0,1,2,3,4,5,6,7,8,9,10,11,12,13,14,15,16,17,18,19	3.00004775826,52.4911338236,74.575214687,89.9606597324,95.7115144186,101.736025123,114.449486241,114.50988381,114.091141049,116.837278224,121.876593982,125.834885519,130.548613352,134.076008852,134.566487601,130.47843497,132.341067634,135.352779974,136.957512749,135.226074493	3	hyperbolic	0.12	132000
159400	0,1,2,3,4,5,6,7,8,9,10,11,12,13,14,15,16,17,18,19	54.4067334176,106.198375642,133.583514775,144.403327077,150.731959722,160.486153282,172.66454098,176.113761264,180.568622353,175.488667308,179.951977318,182.552639344,189.281019583,181.774244996,181.87919232,187.403064685,192.504973135,194.433543887,189.668083698,192.988642408	3	hyperbolic	0.12	132000
158418	0,1,2,3,4,5,6,7,8,9,10,11,12,13,14,15,16,17,18,19	117.617079793,171.655395243,197.502560532,204.266714497,220.305508667,223.303014431,228.227841714,231.628604165,240.759380151,240.451055148,247.780140225,249.201625615,241.30713415,247.829435387,243.752401526,252.886926138,249.798376226,250.580496182,256.334743933,258.032622224	3	hyperbolic	0.12	132000
157905	0,1,2,3,4,5,6,7,8,9,10,11,12,13,14,15,16,17,18,19	-107.583832399,-61.338657017,-37.5659902657,-19.3986584136,-6.33164954345,-9.37121360045,4.45426997842,5.615679752,13.4444074799,7.88461330537,13.6030724003,12.2449282874,20.0620200681,13.835411094,24.4435860126,21.0425703205,20.0825643179,26.3357378961,24.4658864115,20.0834558043	3	hyperbolic	0.12	132000
156194	0,1,2,3,4,5,6,7,8,9,10,11,12,13,14,15,16,17,18,19	66.2144889195,121.585815223,137.015445808,155.968348583,165.149667849,169.074640537,181.36955302,182.746426477,190.713268889,184.642842925,190.946273702,192.880111609,196.528154246,192.898047092,193.240159554,197.891274309,196.247885518,198.352509735,197.800539697,207.660557092	3	hyperbolic	0.12	132000
159768	0,1,2,3,4,5,6,7,8,9,10,11,12,13,14,15,16,17,18,19	-135.41064297,-86.8175763779,-54.9903591086,-40.3217176451,-26.9659818558,-27.5193928491,-15.3374142816,-20.2085240082,-9.2824798028,-14.0774348386,-8.86667583711,-5.3991207253,-2.22003254972,-2.00512403351,-0.583838576989,3.76913840862,-1.43539822831,-0.948254978778,3.67222118821,7.70205533161	3	hyperbolic	0.12	132000
156552	0,1,2,3,4,5,6,7,8,9,10,11,12,13,14,15,16,17,18,19	82.2146266349,131.24789097,152.257393376,164.879432412,175.405406928,188.641026433,185.260638298,198.250048561,193.403430362,197.187273252,201.922206073,206.408172126,209.735974362,208.548479909,205.852763714,213.668794499,210.76398726,210.673968605,213.771407864,216.949380219	3	hyperbolic	0.12	132000
158436	0,1,2,3,4,5,6,7,8,9,10,11,12,13,14,15,16,17,18,19	98.0304553507,148.753058134,174.045755572,184.607043916,189.567077295,202.001835063,203.560092515,213.039964718,211.649883356,218.693529431,223.940907895,217.161809626,220.993166166,228.517259838,221.256992568,227.92061827,223.828542495,225.881491032,225.008398027,234.927181889	3	hyperbolic	0.12	132000
156294	0,1,2,3,4,5,6,7,8,9,10,11,12,13,14,15,16,17,18,19	78.7820458155,136.00104214,159.102002986,174.804418096,180.764321721,187.326771334,190.73508275,202.545688423,203.653847459,207.933783371,207.06551103,212.550792958,213.365248951,208.980831869,210.789291121,219.203870969,220.816279986,216.104743021,222.425482157,221.94333666	3	hyperbolic	0.12	132000
157652	0,1,2,3,4,5,6,7,8,9,10,11,12,13,14,15,16,17,18,19	-49.469708693,2.94532805855,25.4827814846,40.9190200696,52.7778644794,53.5433305497,59.5101417175,61.4103091859,64.6331413218,69.6626800022,75.9973852031,73.1214079291,77.7130078932,77.2010368398,83.5947053007,78.0085785562,84.1359958378,81.1568235458,87.1712750518,87.5426087406	3	hyperbolic	0.12	132000
159932	0,1,2,3,4,5,6,7,8,9,10,11,12,13,14,15,16,17,18,19	-101.530572522,-52.5424617827,-20.6628253165,-12.450236164,4.40031475293,12.5926485105,10.4970051028,21.40630412,21.9001093208,27.8986277373,22.5409103561,24.3964227846,30.7155689483,33.49762933,28.5562574502,37.4382822099,35.358655759,38.6354343957,41.5059878523,37.1967523585	3	hyperbolic	0.12	132000
157371	0,1,2,3,4,5,6,7,8,9,10,11,12,13,14,15,16,17,18,19	-119.439295782,-68.3573968365,-50.6333532016,-35.3646190208,-22.383137418,-20.3210482323,-10.3200198936,-4.14381941742,-1.16080840149,2.24140287784,4.58050798879,6.83052136184,9.70123507634,5.35456498377,7.67194106893,14.3589493727,13.4018934571,12.0433106918,11.1100970631,9.71764800502	3	hyperbolic	0.12	132000
156902	0,1,2,3,4,5,6,7,8,9,10,11,12,13,14,15,16,17,18,19	8.13830939148,59.0838341827,85.5348189572,100.770342899,111.905382474,113.052759907,124.700411562,130.07414547,128.184501668,133.029194837,135.429890359,137.936595387,143.206161722,144.471728513,137.141889828,146.58010094,138.771703459,147.791530318,150.457073307,151.199170368	3	hyperbolic	0.12	132000
156566	0,1,2,3,4,5,6,7,8,9,10,11,12,13,14,15,16,17,18,19	-104.084417761,-46.06690292,-26.6320909753,-13.1604279675,0.862396388251,7.87367521071,15.0076880329,12.9918247587,25.3033758302,25.0052522573,27.1899133483,23.4896620182,27.9425940547,28.0490605865,35.0704752259,37.4919571747,37.8480447768,39.5880905095,33.3393368525,38.0528455061	3	hyperbolic	0.12	132000
156620	0,1,2,3,4,5,6,7,8,9,10,11,12,13,14,15,16,17,18,19	-43.860652792,0.602782210513,22.8305173437,41.7794297376,47.0038632038,63.1129162695,59.4582095533,71.343709181,75.4091958767,70.5692804188,76.0226125333,75.9030991058,84.4130558545,85.4533856116,80.1143499356,85.6587537426,80.0622525303,89.6174881084,88.8753600772,86.1764910639	3	hyperbolic	0.12	132000
158079	0,1,2,3,4,5,6,7,8,9,10,11,12,13,14,15,16,17,18,19	-135.065485962,-89.3105018105,-58.919134863,-43.322346593,-32.0377805301,-26.4510648719,-18.7382512568,-22.2812371546,-9.82994593677,-6.82936179792,-9.88331176627,-2.68957150118,-10.4030729005,-0.833714298034,1.4387230012,-0.0523134940424,-2.00294299342,-0.0472968183539,-3.13985965143,1.69035445724	3	hyperbolic	0.12	132000
158419	0,1,2,3,4,5,6,7,8,9,10,11,12,13,14,15,16,17,18,19	-36.5550789331,7.91313167007,38.7726511117,54.2254338432,57.1859289896,68.3926976172,68.7623844166,80.6686753504,76.5163883207,80.5111284245,87.0192088738,89.6042227834,93.5819348277,91.9945282884,94.5741070511,90.7914448143,96.6394902315,90.8741814038,92.7454029666,100.195186803	3	hyperbolic	0.12	132000
157096	0,1,2,3,4,5,6,7,8,9,10,11,12,13,14,15,16,17,18,19	-58.0399712471,-1.54009692627,18.2531880891,32.634182391,40.9113737092,51.2416659748,53.9569346549,61.459459889,65.5627581338,71.4903253615,72.3935897943,69.8455252069,72.1438345998,69.6069552287,76.1654356451,72.0553899008,75.7548624836,73.2255256631,77.3448760819,74.6331840884	3	hyperbolic	0.12	132000
158593	0,1,2,3,4,5,6,7,8,9,10,11,12,13,14,15,16,17,18,19	108.442436946,159.845680739,182.457392003,195.580951638,204.325541103,211.453321928,223.48387558,224.91305019,224.865995373,228.817297702,237.135399218,234.361025454,235.709641735,238.650960436,241.547226984,238.730013792,238.767674612,239.940977952,239.609402711,247.099468608	3	hyperbolic	0.12	132000
157026	0,1,2,3,4,5,6,7,8,9,10,11,12,13,14,15,16,17,18,19	13.7018693744,68.1345205758,96.7477356618,112.236941363,113.479328245,128.493278097,128.33841672,137.833799607,139.449502599,144.262977401,137.357006814,145.372303802,144.068452593,150.257636465,146.439354827,148.569591478,151.7757525,151.438531454,153.596352824,153.073672727	3	hyperbolic	0.12	132000
158236	0,1,2,3,4,5,6,7,8,9,10,11,12,13,14,15,16,17,18,19	-32.9919298048,13.1353535619,39.4288856183,53.101543774,63.0833730773,73.9438216823,73.0129591458,84.8071228384,80.6422344317,84.8122564185,84.8772846206,87.4291699935,89.1857865008,98.0337628295,98.877170883,98.7376567855,95.6660518671,99.5416490119,101.092346407,100.041929659	3	hyperbolic	0.12	132000
159987	0,1,2,3,4,5,6,7,8,9,10,11,12,13,14,15,16,17,18,19	-54.9748186324,-1.28582098953,17.9594254156,31.047269459,44.7444638157,54.5966720652,57.8039999982,64.2771823222,63.2010267032,71.4079690639,68.6969559659,68.4315107758,75.467866943,71.5054044641,78.3194305337,74.0833451904,76.776595699,83.5613584689,77.8834542064,78.4254469032	3	hyperbolic	0.12	132000
158392	0,1,2,3,4,5,6,7,8,9,10,11,12,13,14,15,16,17,18,19	37.2279212898,88.353260189,108.927866431,123.364313035,135.136953387,136.313659572,147.042773327,151.412450759,155.867447819,159.062536006,156.947722984,158.85398483,158.363812293,161.495154835,165.039308489,163.780763267,164.535469962,173.508373453,166.441144026,171.863483536	3	hyperbolic	0.12	132000
156023	0,1,2,3,4,5,6,7,8,9,10,11,12,13,14,15,16,17,18,19	-124.380459528,-73.0830900962,-48.4543883694,-33.3700059894,-24.5515923404,-19.2004519513,-11.5909252022,-10.8620779427,-9.95131088024,0.256676721546,3.10779077582,4.62197753883,8.37222391657,8.69511238562,4.87025471035,4.65903441497,7.05360643279,9.07539359935,6.22317483825,11.6068951561	3	hyperbolic	0.12	132000
157003	0,1,2,3,4,5,6,7,8,9,10,11,12,13,14,15,16,17,18,19	78.6927430193,128.545315141,159.148066518,168.702272475,185.767375855,185.928719759,199.814803003,199.449133726,201.294674276,206.673666224,205.513913742,211.633063236,215.556229659,215.734652095,216.119691035,215.12385297,218.077312819,218.715754059,216.599798926,223.249044641	3	hyperbolic	0.12	132000
158204	0,1,2,3,4,5,6,7,8,9,10,11,12,13,14,15,16,17,18,19	10.9685859723,55.7674119632,84.3469146401,102.220519685,104.243269735,117.422734315,119.076210446,129.011191725,128.462416169,126.197685054,128.95216392,137.166098974,138.057733506,138.659970641,144.017832109,138.58952978,136.314381255,146.678433378,139.484789115,143.332200146	3	hyperbolic	0.12	132000
157262	0,1,2,3,4,5,6,7,8,9,10,11,12,13,14,15,16,17,18,19	39.3370326417,86.1901955257,115.729098246,126.754993679,142.405378653,140.623008684,153.006488888,151.996250453,159.776790975,159.838215377,161.9975008,163.994925982,168.161849074,171.840782967,173.639866915,167.710977555,171.644693651,169.267798472,175.558959115,168.371944377	3	hyperbolic	0.12	132000
158140	0,1,2,3,4,5,6,7,8,9,10,11,12,13,14,15,16,17,18,19	-39.1077057012,8.63667086286,26.7246874531,44.8345534802,55.566907144,65.081858681,67.417761917,72.4956188431,80.5407716139,75.3519101729,77.0814276225,87.3577371029,84.5770903713,81.5058791105,84.9973664723,88.3948752651,94.9342287821,89.0552238487,93.1043952097,91.1628295936	3	hyperbolic	0.12	132000
156416	0,1,2,3,4,5,6,7,8,9,10,11,12,13,14,15,16,17,18,19	-58.4597443523,-4.67499692392,23.5783723813,30.8598497606,45.7781720203,53.0242337322,61.9138374815,66.9551268418,63.8060998913,63.2376445073,65.9189875395,75.4269917755,76.909462011,70.7542700973,82.0439194537,81.4184285241,77.7032338446,82.5373532512,77.4516691229,78.8625047653	3	hyperbolic	0.12	132000
158829	0,1,2,3,4,5,6,7,8,9,10,11,12,13,14,15,16,17,18,19	59.7617606511,116.30515352,141.92060213,153.252540837,161.764112648,169.551863681,178.056312286,182.598011664,178.368285667,188.212786548,186.153729373,185.884995243,190.663241026,194.629146072,196.631742825,195.444708953,199.886079555,193.122317878,193.114400915,197.94347215	3	hyperbolic	0.12	132000
156844	0,1,2,3,4,5,6,7,8,9,10,11,12,13,14,15,16,17,18,19	-20.9664574729,31.9912625189,55.5125092213,63.5792071642,80.3848975968,80.642818273,89.1176550681,96.2099476886,93.7244177227,97.0810478226,103.328988345,105.167698808,111.076991229,106.743586513,108.001809877,105.725981435,113.68656864,115.704345094,108.973358057,109.839210885	3	hyperbolic	0.12	132000
156177	0,1,2,3,4,5,6,7,8,9,10,11,12,13,14,15,16,17,18,19	3.05175538055,52.8559214522,71.7323586176,93.9598358346,98.6994320953,103.139614953,111.647702763,114.297262591,114.168051972,119.513792205,128.410484166,129.153962284,129.956790637,126.601290841,135.227529168,135.935278707,137.495304328,133.202409323,135.58340617,130.672560851	3	hyperbolic	0.12	132000
159715	0,1,2,3,4,5,6,7,8,9,10,11,12,13,14,15,16,17,18,19	127.751094941,177.322520101,196.496987319,216.520508829,229.497782954,234.092240461,236.951778103,244.850602641,240.396045,243.831098069,248.225233356,255.512874853,252.072842071,258.028485968,255.246613076,259.540775699,261.212880735,264.268550734,256.294181692,262.264211937	3	hyperbolic	0.12	132000
159139	0,1,2,3,4,5,6,7,8,9,10,11,12,13,14,15,16,17,18,19	-91.9475722604,-44.0758593163,-15.6244559562,-4.54429187579,10.2725166529,18.6347951523,27.1441425059,24.0702220783,24.831128093,32.652651295,39.8532398033,33.3504176586,36.7987670092,35.801207767,35.9247494639,46.1921702382,40.972733409,41.0597548949,41.243303981,49.8771921027	3	hyperbolic	0.12	132000
158117	0,1,2,3,4,5,6,7,8,9,10,11,12,13,14,15,16,17,18,19	-33.0351465556,14.8867460721,40.0658454939,54.5519545634,68.078656202,72.4755099527,72.5391017856,80.8066426458,84.0304742246,90.8392783486,90.1310076075,89.2639703212,87.8169190811,89.6568967385,90.3332433411,91.5156664281,95.859193309,101.00031722,101.461605571,96.8113406724	3	hyperbolic	0.12	132000
157075	0,1,2,3,4,5,6,7,8,9,10,11,12,13,14,15,16,17,18,19	36.0929994182,81.8782968317,106.855705018,124.082872282,136.944340557,140.719630718,149.450507237,151.618008599,152.357713681,161.284598596,154.375628442,164.421460627,163.999931833,161.523099811,165.187935687,168.210900979,164.906780815,169.755042416,164.902057778,173.233398591	3	hyperbolic	0.12	132000
158497	0,1,2,3,4,5,6,7,8,9,10,11,12,13,14,15,16,17,18,19	-38.4158333968,11.866671423,38.4092280764,52.2657637329,67.1313006656,70.2654052343,78.7830853383,83.5084473953,77.9712068194,85.5147652374,91.6317083039,91.0612832404,93.7345626121,88.413640562,93.4535654144,96.4323250726,90.6698933779,96.4250953887,100.043273753,97.7768743298	3	hyperbolic	0.12	132000
156145	0,1,2,3,4,5,6,7,8,9,10,11,12,13,14,15,16,17,18,19	115.760480341,162.793715236,187.796962138,202.018600206,217.212383624,218.810176634,222.351668066,229.901775977,235.870710766,232.01340175,235.995595091,238.303030181,247.247759221,247.246543042,242.104775288,249.226155473,244.275773656,253.303493374,244.991203084,247.50407981	3	hyperbolic	0.12	132000
158496	0,1,2,3,4,5,6,7,8,9,10,11,12,13,14,15,16,17,18,19	-70.6844227818,-29.2568348156,-4.62617488054,16.2718294826,22.7597091272,27.980835825,38.9726508886,42.5066155195,43.5467546102,46.4777307945,49.3102748027,53.2613393557,57.5567709922,51.8722596298,52.0545359799,55.8476010957,63.1259872124,60.450281885,62.7465982185,65.894976072	3	hyperbolic	0.12	132000
157044	0,1,2,3,4,5,6,7,8,9,10,11,12,13,14,15,16,17,18,19	-19.7762186385,36.183755576,62.112776501,77.5001296031,82.3199306018,88.457124829,96.3945332927,96.5393329534,101.102583339,103.778057854,107.606178056,107.77990741,112.725002374,110.756118389,115.336944005,114.664730581,113.244178495,119.134116437,116.193512718,121.860528422	3	hyperbolic	0.12	132000
157391	0,1,2,3,4,5,6,7,8,9,10,11,12,13,14,15,16,17,18,19	10.7229183688,68.0820143468,86.781780199,109.81198432,116.918857209,124.105088467,126.806311822,132.289020056,136.656370818,133.694242876,141.410189895,146.458357446,140.619172792,144.704070089,150.896541817,146.255217083,147.694140143,151.18459517,147.659169842,150.541782334	3	hyperbolic	0.12	132000
156009	0,1,2,3,4,5,6,7,8,9,10,11,12,13,14,15,16,17,18,19	93.1144818513,140.575980318,168.746749592,185.244140496,185.534127969,193.535212903,204.138023235,204.814062916,211.449167749,217.718041147,220.743344295,214.977788186,221.595577826,225.224809495,219.783577135,218.877339802,224.987029626,225.339534031,221.821498952,230.337478577	3	hyperbolic	0.12	132000
158186	0,1,2,3,4,5,6,7,8,9,10,11,12,13,14,15,16,17,18,19	-126.292642305,-78.1044109994,-51.1212892938,-44.983415032,-34.9919295074,-23.9492556336,-21.405361794,-17.4833806,-13.1913765135,-13.2812244805,-10.8646923856,-1.23141331396,-4.64714665347,-1.75921232607,-2.06827209788,2.47592027149,1.02069372185,8.07057796791,-0.914669325229,9.1352594253	3	hyperbolic	0.12	132000
158553	0,1,2,3,4,5,6,7,8,9,10,11,12,13,14,15,16,17,18,19	47.3228886698,89.7841253831,115.294816121,134.165121047,144.321682161,155.744504681,156.983514883,157.973165561,160.046935246,164.035100821,168.827886526,174.977257881,168.458911737,173.29544851,180.325355203,175.942962971,173.511475121,174.584330418,176.347195447,182.889332227	3	hyperbolic	0.12	132000
157998	0,1,2,3,4,5,6,7,8,9,10,11,12,13,14,15,16,17,18,19	-5.08679436372,38.5958830366,68.2337888138,80.6513488066,95.1395109533,101.370288462,97.6734098116,101.974695553,112.875471331,116.938948467,112.910875311,118.638337127,122.949364401,124.373074691,123.306544979,127.343078811,123.023667004,124.045728157,126.154020058,128.702792147	3	hyperbolic	0.12	132000
156575	0,1,2,3,4,5,6,7,8,9,10,11,12,13,14,15,16,17,18,19	-69.6558650932,-14.2946731049,4.81117014981,24.2138011178,33.0025640838,38.1948171916,43.5844065408,54.1410960616,53.6969475415,60.1473429496,56.5158978334,62.4905413076,58.7616538593,59.9627897844,68.8768329539,60.9973341365,71.4097177453,70.6919148886,70.1111252475,70.7475733458	3	hyperbolic	0.12	132000
159020	0,1,2,3,4,5,6,7,8,9,10,11,12,13,14,15,16,17,18,19	43.2826824033,96.1668981525,117.651447174,136.085862089,147.725438838,149.752096169,160.947853633,161.058358462,164.724883868,172.171676889,165.368844588,166.958921661,172.748991133,175.247551511,179.815071606,177.510616003,176.939591858,181.931236429,175.443857636,184.666200995	3	hyperbolic	0.12	132000
157774	0,1,2,3,4,5,6,7,8,9,10,11,12,13,14,15,16,17,18,19	68.5595533385,126.414029084,148.362997157,161.992756349,171.310175386,178.943901699,184.385219263,194.68120199,195.167177874,197.032764213,202.076664023,196.638860187,199.560723179,205.247350916,203.602538589,204.606810835,210.024309632,204.364895955,204.696975223,213.20572559	3	hyperbolic	0.12	132000
159007	0,1,2,3,4,5,6,7,8,9,10,11,12,13,14,15,16,17,18,19	-65.4892641269,-18.6951874938,6.67944369349,18.3183207902,26.0205635594,41.0204868531,37.8780561369,47.5093273447,48.3805801305,53.96183901,52.8307016807,58.6464849347,60.10804276,62.818373271,56.5605159255,59.4937800957,67.272367652,62.3208138341,67.5265280591,62.1613333138	3	hyperbolic	0.12	132000
156541	0,1,2,3,4,5,6,7,8,9,10,11,12,13,14,15,16,17,18,19	41.8817563891,94.5680924921,116.731279987,133.771004293,146.366011491,144.407131896,159.139765294,155.617787041,160.46551325,162.417992004,162.930418339,164.184462547,170.847228942,169.115137298,177.552216597,176.577346706,172.069244386,173.655608197,175.063469687,181.209054418	3	hyperbolic	0.12	132000
158483	0,1,2,3,4,5,6,7,8,9,10,11,12,13,14,15,16,17,18,19	108.62592926,156.763660944,191.534154499,197.082987742,211.801910331,216.630401474,221.263611111,229.106628901,233.204501128,229.697376436,231.806083571,239.191796768,241.558639293,240.972245571,243.173931477,243.521336026,247.151479671,241.928096875,245.015917306,247.580060387	3	hyperbolic	0.12	132000
158737	0,1,2,3,4,5,6,7,8,9,10,11,12,13,14,15,16,17,18,19	91.7478030643,145.004287173,164.462989285,176.106838343,190.029802118,201.653047528,201.50380136,206.759586903,212.773257203,218.00421532,215.405857662,219.946495013,220.730209338,217.731926155,222.132457583,221.827876789,222.925272184,229.576133808,228.241345008,226.452321021	3	hyperbolic	0.12	132000
157566	0,1,2,3,4,5,6,7,8,9,10,11,12,13,14,15,16,17,18,19	17.5268567733,64.4513059714,83.7097381047,98.6059408013,116.985576484,119.113627501,129.667998551,130.810912118,132.766990664,130.477929179,140.616400204,135.674859669,143.400453892,147.718550713,146.711185947,144.283070551,145.631539779,145.15693721,152.231106429,148.024912806	3	hyperbolic	0.12	132000
157078	0,1,2,3,4,5,6,7,8,9,10,11,12,13,14,15,16,17,18,19	48.9354481222,107.770762178,125.228043239,140.285909827,150.893381875,159.68392686,163.763869054,170.855567558,176.741859901,177.597096183,179.185089399,184.703478051,180.015727054,182.183759319,179.77476683,180.382302986,181.541940984,188.39279366,191.776163307,189.031649924	3	hyperbolic	0.12	132000
158806	0,1,2,3,4,5,6,7,8,9,10,11,12,13,14,15,16,17,18,19	19.4913156988,74.6540656995,94.0611497698,109.217412501,121.489076599,125.256762168,130.349130247,137.988543226,138.605483424,138.98823545,142.356135928,148.392419794,151.96054056,152.612326619,151.394895593,156.250878912,152.03743397,151.21354412,159.548263805,158.040984315	3	hyperbolic	0.12	132000
156503	0,1,2,3,4,5,6,7,8,9,10,11,12,13,14,15,16,17,18,19	-86.2274638659,-31.2304613866,-7.92121366551,6.94073669253,19.6411574541,19.4248782743,28.2243277455,30.1878718676,35.8547606066,41.9642996052,40.5936874061,46.6753429199,44.4232804737,42.9199935947,50.0434543968,45.4387453894,49.1505149176,56.0280743304,48.2041116408,49.2911407901	3	hyperbolic	0.12	132000
158831	0,1,2,3,4,5,6,7,8,9,10,11,12,13,14,15,16,17,18,19	-69.8849850653,-20.254350645,2.74017899372,17.7429326093,29.4465164348,38.2753753973,43.9731627395,41.7781050724,46.1742497068,48.8112447067,53.2902226316,56.2626033883,53.2013259147,62.590251398,59.63541946,62.3727703505,62.3980116176,60.2340967221,64.8482080913,61.6286744102	3	hyperbolic	0.12	132000
158909	0,1,2,3,4,5,6,7,8,9,10,11,12,13,14,15,16,17,18,19	-129.727574207,-83.3122162439,-58.0835380688,-39.8475388144,-36.63128654,-29.8820597127,-22.2657179312,-13.3531311548,-17.5884934138,-9.37652284434,-8.93232958807,-2.23835641754,-0.794202814952,1.98441710912,2.79087673839,0.585122948769,-4.14762348377,4.58408949701,0.239671593182,-0.810160202304	3	hyperbolic	0.12	132000
158362	0,1,2,3,4,5,6,7,8,9,10,11,12,13,14,15,16,17,18,19	55.6464660304,105.851216303,135.35837738,147.896856816,160.362648606,162.640986386,168.429334588,171.981374761,176.729770068,178.187950579,188.108332448,182.330559863,187.199204518,192.280889714,186.404542068,187.590904004,194.869812293,190.998704639,198.034817749,193.769020406	3	hyperbolic	0.12	132000
157474	0,1,2,3,4,5,6,7,8,9,10,11,12,13,14,15,16,17,18,19	102.216399402,144.464116611,177.550789696,184.105844422,196.640712312,208.725577294,207.279260893,213.654772049,217.71259748,220.393324729,226.299364273,227.70678038,228.637281,228.360378464,229.104314664,226.867187465,232.226345376,232.917023206,238.835190331,237.722067358	3	hyperbolic	0.12	132000
156330	0,1,2,3,4,5,6,7,8,9,10,11,12,13,14,15,16,17,18,19	-81.0170865085,-38.3326754332,-14.1373527154,1.75259101818,14.0608454166,23.0603411216,23.4287124555,32.5371846348,34.8759382942,38.2410493216,42.1307309111,38.202472075,44.286622385,44.1282364599,43.2867021932,41.9476861551,50.8413239457,47.9584925457,44.7146622474,53.3309578843	3	hyperbolic	0.12	132000
158476	0,1,2,3,4,5,6,7,8,9,10,11,12,13,14,15,16,17,18,19	93.8125571556,147.22767108,172.313001675,179.331502971,197.451270478,195.429263543,210.296339377,205.465089636,214.131140005,217.387011854,221.949015905,220.644440124,220.776942725,226.045697129,228.813377309,227.757452072,221.692185984,224.154995687,226.083368031,234.146374383	3	hyperbolic	0.12	132000
156618	0,1,2,3,4,5,6,7,8,9,10,11,12,13,14,15,16,17,18,19	-125.246737268,-75.6737792793,-48.8486021671,-28.9062882664,-25.9469861024,-15.4767795594,-9.03815800646,-6.96292676354,0.327672010781,-1.18448548618,8.00693788709,9.22197306934,11.6295368955,4.37728233025,8.26530126765,8.95503404641,9.47625011519,16.3860712642,18.3694893956,14.6623762465	3	hyperbolic	0.12	132000
157203	0,1,2,3,4,5,6,7,8,9,10,11,12,13,14,15,16,17,18,19	-134.889595762,-84.232041917,-60.8814361629,-44.9100707527,-33.810657403,-24.550538022,-14.6515204924,-11.3875540311,-14.0420547969,-9.68557879396,-8.64788241051,-2.50081444701,-0.576770642595,-5.82001969453,3.82449013526,-0.502857392559,2.71825928071,3.02616506363,1.97568765409,9.46270178582	3	hyperbolic	0.12	132000
159807	0,1,2,3,4,5,6,7,8,9,10,11,12,13,14,15,16,17,18,19	-52.8289103357,-2.32288958208,20.166773619,36.4651039426,53.8212934485,56.9930277867,63.5370880741,65.3693949489,65.6256683363,74.2464288334,75.2717137802,72.3680636168,75.3869722914,83.956832596,83.225988414,77.465162014,79.8877137266,88.1912647161,81.5863028994,85.623794325	3	hyperbolic	0.12	132000
159584	0,1,2,3,4,5,6,7,8,9,10,11,12,13,14,15,16,17,18,19	-46.8286505632,4.84171888382,21.5557666969,45.098469159,47.7600468687,57.3045636159,66.1850882968,70.4128474751,66.7106131546,69.9733057955,78.8956062783,73.8450171644,81.249247545,77.335928543,77.9507395449,79.9982114294,88.7098380478,82.1245000447,81.4647309513,82.3039565697	3	hyperbolic	0.12	132000
156948	0,1,2,3,4,5,6,7,8,9,10,11,12,13,14,15,16,17,18,19	90.9759870021,136.550248189,164.98558189,180.355476029,189.261613327,189.823002316,201.976122808,201.762660093,209.160526368,209.181114466,213.476684365,216.826861607,214.000646155,214.374694118,216.495800024,215.756854173,218.265269043,219.387814737,226.146711478,216.973275483	3	hyperbolic	0.12	132000
158915	0,1,2,3,4,5,6,7,8,9,10,11,12,13,14,15,16,17,18,19	-93.9950858843,-35.6139086919,-18.747051392,2.10007287966,9.57529764877,22.826245153,22.733932203,31.1280739639,31.4851395147,31.1801623642,36.7548021458,37.9043869178,43.474572759,37.6944342264,39.1878042223,43.111460476,47.1040493284,39.8941985094,48.1999770977,43.6446582744	3	hyperbolic	0.12	132000
156233	0,1,2,3,4,5,6,7,8,9,10,11,12,13,14,15,16,17,18,19	-95.833585104,-50.4707578414,-25.5960129776,-9.65047630235,3.04648097203,10.476871381,19.1849804283,19.8223323262,19.6961237653,27.2832234835,25.0048615499,26.29995975,34.7220547044,31.2311887784,39.1063597473,40.5578703843,34.7719078256,41.4198219461,41.1361318734,41.4844241719	3	hyperbolic	0.12	132000
159557	0,1,2,3,4,5,6,7,8,9,10,11,12,13,14,15,16,17,18,19	114.286472234,162.206490636,185.004978806,196.819630586,206.726930345,215.42348394,227.271480801,227.854979571,232.74158713,230.446521004,231.201652184,233.133717065,233.413522228,240.447630549,239.642016331,238.936249333,245.396644016,246.615182924,245.98248088,241.450337279	3	hyperbolic	0.12	132000
158066	0,1,2,3,4,5,6,7,8,9,10,11,12,13,14,15,16,17,18,19	37.8977974868,89.0144241198,114.763245818,121.650916304,138.371049641,143.949530211,145.656588661,151.770857941,158.602829905,155.469893664,162.765406435,166.779748747,169.087191747,167.978579459,172.02884821,168.002435614,175.249911388,171.10807419,171.383061882,173.960600962	3	hyperbolic	0.12	132000
157765	0,1,2,3,4,5,6,7,8,9,10,11,12,13,14,15,16,17,18,19	-58.3692209418,-0.456804626174,16.9736009655,40.5779414006,48.6076499014,54.9874751914,57.4963130039,63.3032613753,61.2813668032,68.1424462874,72.7771569936,69.4568193818,75.5694584232,78.5818608831,76.0888507086,82.9091073784,82.8537465322,78.5909707202,82.7718712432,81.7299213239	3	hyperbolic	0.12	132000
158373	0,1,2,3,4,5,6,7,8,9,10,11,12,13,14,15,16,17,18,19	56.1107509286,106.002348064,136.135110091,147.425480467,155.820079841,169.725008329,166.592524145,175.0762877,179.324554858,178.590201833,181.523879481,181.241431597,192.119837898,190.149872992,188.531174161,194.168894955,191.590222644,193.660072378,194.391723231,190.660803017	3	hyperbolic	0.12	132000
156068	0,1,2,3,4,5,6,7,8,9,10,11,12,13,14,15,16,17,18,19	36.1462782513,81.1399879516,115.001497764,121.409946456,140.324355131,143.311815337,151.201711579,151.507396412,155.375110951,153.232518433,158.207503306,158.67175293,162.483759905,169.096804569,162.57934071,172.017528907,172.394500332,165.011114813,167.59769252,166.899646962	3	hyperbolic	0.12	132000
156313	0,1,2,3,4,5,6,7,8,9,10,11,12,13,14,15,16,17,18,19	-118.105525493,-75.1179405695,-47.709842101,-27.9963860619,-18.8503266779,-15.0834382639,-13.6414021952,-2.84374801904,2.04126561722,5.37501840244,-1.24337446994,9.06646464712,10.4181831,12.7879188953,5.76032768785,11.086764718,8.69587226568,15.3058615751,11.669108422,11.8232252915	3	hyperbolic	0.12	132000
157301	0,1,2,3,4,5,6,7,8,9,10,11,12,13,14,15,16,17,18,19	-131.065802299,-84.4373265054,-57.9010017083,-45.5236497598,-29.295403517,-23.0496280007,-23.4874758341,-14.0285730267,-13.2232355402,-3.82588559034,-7.25711909824,-6.75737998397,-1.01759418367,2.03152533708,-1.42117772049,1.59568477891,3.9074409463,1.81648140352,1.82810017742,1.02669537753	3	hyperbolic	0.12	132000
157607	0,1,2,3,4,5,6,7,8,9,10,11,12,13,14,15,16,17,18,19	74.8434577786,119.855419176,151.537050477,166.942628982,176.272789856,182.934526202,187.338403661,194.212019807,189.992231476,193.224521622,199.636519506,200.663325478,198.153606941,206.482635097,200.078042427,203.570224952,210.054120507,202.408460826,204.194912999,204.037327953	3	hyperbolic	0.12	132000
159461	0,1,2,3,4,5,6,7,8,9,10,11,12,13,14,15,16,17,18,19	-56.3776371127,-13.675756596,17.0862254007,30.8813932824,41.3745918161,51.0232845146,49.2861693166,53.517522419,65.7193824547,68.4057183492,67.2138029258,69.5333871721,70.6762829922,68.4452864854,71.7316528225,75.6980450603,71.6579174052,76.6915280088,72.6357707533,78.9139789822	3	hyperbolic	0.12	132000
156583	0,1,2,3,4,5,6,7,8,9,10,11,12,13,14,15,16,17,18,19	-60.8019715718,-7.77313311008,18.9692278928,29.2495079897,39.4640355203,46.6294811707,57.9652163257,59.3216519644,59.7408734898,59.3545059445,62.8716113751,63.937507146,70.766679332,67.1813106027,73.8282181879,71.3028782621,70.5757835883,73.1124480059,73.0984107135,73.3175738475	3	hyperbolic	0.12	132000
158971	0,1,2,3,4,5,6,7,8,9,10,11,12,13,14,15,16,17,18,19	120.219731153,172.030792291,191.795834865,207.915801543,214.566827586,221.259236094,228.034996097,229.137021497,232.614818517,235.649045711,245.524707948,244.693125113,243.349913025,245.251310222,248.316608584,250.057631215,251.504271697,252.533986117,256.75993836,251.286660017	3	hyperbolic	0.12	132000
156377	0,1,2,3,4,5,6,7,8,9,10,11,12,13,14,15,16,17,18,19	12.1936865665,53.8082393572,87.1709688248,95.4644782965,113.946579259,116.219270719,120.519027968,123.421097399,125.762872239,132.212007711,135.905573013,136.530332538,132.758182823,135.992522195,141.741911696,136.429634807,143.294499137,143.785838439,139.923614555,143.618231377	3	hyperbolic	0.12	132000
159779	0,1,2,3,4,5,6,7,8,9,10,11,12,13,14,15,16,17,18,19	-34.3523860438,23.4236386551,42.6659628565,59.9340196407,70.1282081457,76.2083143994,79.7182037468,82.7260739178,92.1982974999,88.9982269557,96.7887963867,92.7057221093,96.1750644954,100.576802325,103.89634608,104.921484072,105.78045529,106.336265791,105.925870358,101.659918355	3	hyperbolic	0.12	132000
156431	0,1,2,3,4,5,6,7,8,9,10,11,12,13,14,15,16,17,18,19	-24.7028134826,26.5798897455,48.0108054277,66.0036445908,80.0175846659,87.7808764813,94.6979929972,94.9063609239,98.9715965232,95.5697579998,106.365445912,104.179920129,108.440815884,110.088461111,109.924285828,112.249917912,113.167943958,107.086268685,114.128546072,118.497880462	3	hyperbolic	0.12	132000
158562	0,1,2,3,4,5,6,7,8,9,10,11,12,13,14,15,16,17,18,19	-4.33310119424,46.7573020441,64.1643736398,82.9769425807,94.6990565975,95.8489663769,106.35916482,107.345541063,114.45020569,118.713845412,121.023354437,121.077339197,116.680592545,120.778541925,120.402728572,121.648134124,130.362437508,126.074910116,127.356788666,133.273304211	3	hyperbolic	0.12	132000
157796	0,1,2,3,4,5,6,7,8,9,10,11,12,13,14,15,16,17,18,19	6.39815865658,54.3769673855,77.9269548363,92.4069713767,109.023280538,109.673650591,120.650364663,123.72932174,121.858536775,124.203964543,131.769266251,135.342177752,137.07754312,135.81830232,136.998244581,136.254587395,142.897937577,137.757423584,137.576191695,141.018988575	3	hyperbolic	0.12	132000
156121	0,1,2,3,4,5,6,7,8,9,10,11,12,13,14,15,16,17,18,19	-43.2830618976,0.615535295543,33.1903525962,44.0151225871,56.5599330832,66.3057488616,72.4619654202,72.1918750466,72.9469410531,77.9567306206,83.6673134282,85.1824461155,85.4277513081,84.6465663551,85.8578873463,90.7069698468,87.6674012492,91.5429256775,87.4453933125,87.9548182125	3	hyperbolic	0.12	132000
156487	0,1,2,3,4,5,6,7,8,9,10,11,12,13,14,15,16,17,18,19	113.296801916,168.183408161,196.949061639,205.79191138,220.283987446,223.926845616,232.452198582,234.12936138,241.784824052,235.994685684,241.288330108,242.125515384,243.994448367,242.941263891,249.711806154,245.6457009,252.297143406,256.43756573,257.332234738,253.412194367	3	hyperbolic	0.12	132000
158253	0,1,2,3,4,5,6,7,8,9,10,11,12,13,14,15,16,17,18,19	129.062193422,173.855128002,200.942772724,222.450174742,229.323618541,240.23810983,245.873873078,243.879723559,249.585613186,250.948821955,257.248267984,256.616336774,260.325295678,261.497575192,260.903062844,257.12306249,264.731000936,260.283805901,260.496824395,267.996533721	3	hyperbolic	0.12	132000
158895	0,1,2,3,4,5,6,7,8,9,10,11,12,13,14,15,16,17,18,19	-28.4554715711,20.0397359335,49.1493866093,56.536548167,70.2114237957,78.6640612474,86.4143697883,89.0108374856,86.2289244843,88.722680936,99.2633133115,100.506951672,95.640918351,94.5373389272,95.9644241471,106.176079567,104.375890854,107.757064049,107.538216186,101.187918438	3	hyperbolic	0.12	132000
158711	0,1,2,3,4,5,6,7,8,9,10,11,12,13,14,15,16,17,18,19	-13.8725347141,36.3153025777,67.5704772037,81.0505925227,85.4723135011,93.3633357673,99.4685666349,104.212245,107.333498424,107.894013054,118.792579538,112.910519652,121.511674358,113.854586936,122.394530966,118.27640506,120.345303981,118.724096493,119.579189493,121.101670336	3	hyperbolic	0.12	132000
158358	0,1,2,3,4,5,6,7,8,9,10,11,12,13,14,15,16,17,18,19	-34.656635165,14.9794343567,42.8255663206,54.6785150114,69.9505023979,72.6799044855,82.1786733772,85.8725376294,91.1697385491,95.7348341354,98.3397647855,93.9136477188,97.6618799639,98.3213023117,96.1623101442,106.260262542,103.147008901,100.833173163,105.543367649,100.883553179	3	hyperbolic	0.12	132000
156152	0,1,2,3,4,5,6,7,8,9,10,11,12,13,14,15,16,17,18,19	-68.9014304088,-9.07048466642,6.56057546492,21.4282946078,40.9206741975,41.3838721213,46.3026758987,56.4777852121,54.3302355334,53.6202498076,64.2413748543,60.9868974062,66.4744081139,65.5033002185,68.9726340062,63.3808295244,67.315999468,66.9821590858,71.8820049644,70.1974624709	3	hyperbolic	0.12	132000
156771	0,1,2,3,4,5,6,7,8,9,10,11,12,13,14,15,16,17,18,19	119.912901001,173.709901699,193.641940877,211.45912347,220.489663667,227.381583385,231.657736236,240.596748334,241.089750353,243.001127024,246.881117976,247.14087002,245.59019076,251.972712553,251.580687903,252.430081904,251.673186723,258.660873856,258.559028041,259.02860265	3	hyperbolic	0.12	132000
157368	0,1,2,3,4,5,6,7,8,9,10,11,12,13,14,15,16,17,18,19	-69.6062025282,-15.5999933289,15.4736839242,24.3672721895,37.471850815,37.5152683415,48.5966244663,51.6724035005,50.6414939933,55.509584553,62.4864926355,65.313530073,66.9524107701,61.6364165095,64.8881327025,67.619155394,68.7765696921,68.1145731309,67.5041139893,70.9459822297	3	hyperbolic	0.12	132000
159389	0,1,2,3,4,5,6,7,8,9,10,11,12,13,14,15,16,17,18,19	-80.0278762238,-23.383888901,-1.00174840571,19.5686237114,19.5561842553,32.7386325314,36.9963835103,44.287736732,45.0556275071,50.3978316317,45.5211067223,54.8555679579,50.4414354482,54.4514539769,56.452556069,56.4071759275,55.178062352,54.9854740818,57.3528119007,61.0231040657	3	hyperbolic	0.12	132000
159109	0,1,2,3,4,5,6,7,8,9,10,11,12,13,14,15,16,17,18,19	28.0710247897,73.5840114752,103.77161918,117.808715299,125.089875256,136.004527965,143.92356991,138.628272523,150.672924321,153.603574614,153.247403946,154.21310875,156.819550892,161.383116511,153.948094013,160.588988551,163.223849288,165.621416328,159.936537949,160.62464324	3	hyperbolic	0.12	132000
157110	0,1,2,3,4,5,6,7,8,9,10,11,12,13,14,15,16,17,18,19	-111.611293818,-57.5634030342,-40.1337618829,-20.7310543288,-10.9119546005,-2.75271280683,-1.78749964413,2.10122486947,9.09350303221,10.8373987084,9.3680657602,10.4836077689,19.6671256966,16.0293716903,16.1018196337,22.4652616912,21.8012930273,21.6972942055,20.5596834878,24.8651822954	3	hyperbolic	0.12	132000
159278	0,1,2,3,4,5,6,7,8,9,10,11,12,13,14,15,16,17,18,19	-91.5668178628,-42.5103343126,-21.0642688249,-7.87185104956,8.07237433031,17.5616976492,20.0625576428,25.1197659777,22.0005955826,28.1092971098,32.7132571243,32.326531386,37.241699023,37.3092161092,35.7475472938,37.4129075455,37.034991086,39.4105675581,40.1835495237,41.605588326	3	hyperbolic	0.12	132000
159441	0,1,2,3,4,5,6,7,8,9,10,11,12,13,14,15,16,17,18,19	-77.8435188357,-25.0664868816,0.497628399789,11.2291071339,19.031431736,28.1282914547,36.7829411031,33.823396992,39.7791557967,40.6675157478,44.8250062182,46.1481196338,50.9562151679,50.0278280528,49.4438336413,48.4621072458,54.4059217981,49.8220240777,58.721960662,52.9461694858	3	hyperbolic	0.12	132000
246786	0,1,2,3,4,5,6,7,8,9,10,11,12,13,14,15,16,17,18,19	-23.1190532723,-22.4697830069,-20.3380931699,-14.9050476589,-16.5199316048,-14.8933444734,15.9363755906,39.0546192018,71.2910330039,77.9212682137,101.988161828,96.3151919017,112.981275703,112.023983097,102.597530441,113.339649942,115.358254828,110.177093975,111.22556921,105.393524007	3	growth	0.12	220000
245181	0,1,2,3,4,5,6,7,8,9,10,11,12,13,14,15,16,17,18,19	-109.624020253,-113.008569842,-103.14056495,-108.605063325,-117.207779758,-107.998624268,-73.8402030604,-46.969126087,-21.276122958,-12.893530427,3.43780099102,12.1431184955,4.57431997993,17.1828461251,16.7628620343,12.1874778163,19.672585255,13.6634843855,17.4737967536,21.5258093848	3	growth	0.12	220000
244943	0,1,2,3,4,5,6,7,8,9,10,11,12,13,14,15,16,17,18,19	1.6251758538,11.6981293816,4.46593274134,5.47538532357,3.69333456917,10.3873370752,38.1564471573,68.2143992512,88.9032173496,101.318223546,121.389066321,120.231906902,120.831893073,124.57253011,122.003367391,124.442731667,136.664036257,124.347607246,124.041287766,121.496109492	3	growth	0.12	220000
247434	0,1,2,3,4,5,6,7,8,9,10,11,12,13,14,15,16,17,18,19	73.5841368154,63.7345453046,76.0412917057,74.3001587435,71.0284079012,82.078020115,104.372804689,138.080344266,149.207818666,170.061158528,182.898044712,185.900798883,193.036996586,201.625359957,200.868441558,200.396870175,200.163549946,196.750181536,191.362775904,199.833735249	3	growth	0.12	220000
244117	0,1,2,3,4,5,6,7,8,9,10,11,12,13,14,15,16,17,18,19	-45.6355555421,-44.109536804,-57.8117015906,-44.6142166207,-44.2089369437,-44.4198327835,-24.7185779599,11.8936348571,41.5215677557,54.5439458413,55.094995137,67.816797069,77.4136270164,68.555763765,80.7462440176,73.1596851016,78.3710270826,76.9887337256,81.4959068333,69.4324529081	3	growth	0.12	220000
245224	0,1,2,3,4,5,6,7,8,9,10,11,12,13,14,15,16,17,18,19	-97.5794917559,-100.607789285,-96.1303949635,-103.329890417,-92.5676674979,-91.7757827355,-61.0943186034,-33.3206626931,-8.29583833789,3.45515932334,11.401583376,16.8291104918,30.2060573325,23.1687432096,23.25081039,26.4357514217,27.8079001111,19.7089348266,33.8572125369,28.2732740346	3	growth	0.12	220000
245105	0,1,2,3,4,5,6,7,8,9,10,11,12,13,14,15,16,17,18,19	-56.7916340964,-52.9150085874,-58.7640751925,-47.8363283053,-43.5411548142,-39.5371624978,-15.243179724,5.20139158522,28.4833007981,50.2283294176,58.9935360317,74.3222364557,64.0756227943,68.8616808828,65.8427400049,78.2482809915,70.9604188108,76.1085833578,77.4813469584,77.6789561809	3	growth	0.12	220000
245801	0,1,2,3,4,5,6,7,8,9,10,11,12,13,14,15,16,17,18,19	-104.862207707,-107.229560265,-92.3240952916,-104.924192313,-100.764153108,-87.6868544144,-64.9597721904,-34.9657485143,-6.68747642004,9.00930104844,9.63362962122,21.6282760966,23.3274655382,21.836105857,33.1211406657,27.8898076055,21.69557421,27.8024500164,32.2626112687,19.8504466582	3	growth	0.12	220000
244413	0,1,2,3,4,5,6,7,8,9,10,11,12,13,14,15,16,17,18,19	-47.9496961226,-60.6756223926,-47.9247970846,-49.0381024205,-51.4908052378,-41.2718251147,-18.4356950935,4.80810025385,32.1143569872,54.1127865553,54.0978093459,73.7234411654,68.1999936242,62.6888166437,79.7014114892,71.6115381848,64.8157953018,76.0729522828,64.5409645208,65.9484116848	3	growth	0.12	220000
244295	0,1,2,3,4,5,6,7,8,9,10,11,12,13,14,15,16,17,18,19	31.313890901,29.7751805959,21.2880586587,27.3382358403,27.2300220356,36.7570962498,58.3826878405,91.2489025901,102.201633096,131.198724697,142.277892896,147.417826747,151.107620767,148.712842169,146.139859676,155.19769009,154.285521584,154.760794013,142.521447082,153.55969027	3	growth	0.12	220000
245756	0,1,2,3,4,5,6,7,8,9,10,11,12,13,14,15,16,17,18,19	-60.3220227884,-64.3959812497,-53.7392708934,-65.4444930232,-68.6864323431,-50.2148576056,-24.086716985,2.20186715373,19.2486289743,39.5905540455,56.0753916635,57.5131369037,53.4454964023,63.2694746,56.3589786059,68.1027645763,70.5546444303,62.4864438535,65.3598536953,57.4493233184	3	growth	0.12	220000
245395	0,1,2,3,4,5,6,7,8,9,10,11,12,13,14,15,16,17,18,19	1.98250294459,1.82093900759,2.25446485919,15.5238099659,11.9834039778,22.3433199585,33.0460555446,71.9913941565,91.4044297009,109.89819079,117.953674639,129.140167616,131.431479044,139.229626922,126.252704937,128.763575021,135.712149821,139.843456565,140.100245218,137.720825599	3	growth	0.12	220000
245182	0,1,2,3,4,5,6,7,8,9,10,11,12,13,14,15,16,17,18,19	-33.5961242316,-42.8640351643,-32.7252939034,-40.4799515044,-29.673499779,-32.2549413427,-11.4684901337,21.9870548765,52.9411942632,73.7755890034,72.8889504348,81.0320439402,94.2641843281,82.588730811,90.7926714233,83.7754053017,91.6990091831,91.1532917812,89.3198991395,96.7395980442	3	growth	0.12	220000
244370	0,1,2,3,4,5,6,7,8,9,10,11,12,13,14,15,16,17,18,19	23.2819459916,17.6647893908,24.5223051696,17.4719086474,26.5187141065,31.9680237102,56.3663068985,81.4016961429,116.248978772,120.778296526,140.6510367,150.149636573,151.134458287,141.997161718,144.920551944,148.441448794,154.606026031,144.625753686,156.871363365,155.566366794	3	growth	0.12	220000
246194	0,1,2,3,4,5,6,7,8,9,10,11,12,13,14,15,16,17,18,19	34.9155760941,38.0627556226,30.309028602,38.3373481542,42.5941796321,38.7945635176,73.9669544919,99.4865408437,131.222720583,138.315311522,147.585460845,160.694938588,164.845891888,165.78470092,164.570520523,171.015729937,157.895830751,169.148140431,163.671901321,163.290105665	3	growth	0.12	220000
244700	0,1,2,3,4,5,6,7,8,9,10,11,12,13,14,15,16,17,18,19	-116.942503525,-111.050758358,-117.213289945,-113.740056446,-106.217852413,-103.443569426,-78.6471229402,-53.9538936231,-22.5187198301,-6.3466678864,-3.69485764751,-2.61488777366,2.09047380282,3.00786537707,15.2035486063,14.2369470796,13.5962219001,13.8369563407,13.7200477614,5.24936372493	3	growth	0.12	220000
247031	0,1,2,3,4,5,6,7,8,9,10,11,12,13,14,15,16,17,18,19	-79.7292128707,-70.1104008416,-73.4767923559,-75.1610805748,-75.3731385367,-63.198032455,-37.8190976208,-21.8369594704,18.541351703,23.4314231633,42.7258814122,37.3844589252,45.9364617289,41.2796287866,55.4164412752,53.9364871548,51.7979008708,57.2540298541,51.2255873571,55.7468427637	3	growth	0.12	220000
244935	0,1,2,3,4,5,6,7,8,9,10,11,12,13,14,15,16,17,18,19	60.0833551213,75.1077640065,69.6711518819,67.6159996055,64.3637374561,82.6435952562,96.7769291147,124.256353876,158.054570043,166.674383792,184.271630085,181.505090605,195.768399325,185.273211621,188.574744976,195.06216602,194.469285871,186.378889315,195.707579999,198.748717953	3	growth	0.12	220000
244011	0,1,2,3,4,5,6,7,8,9,10,11,12,13,14,15,16,17,18,19	-99.6518012484,-101.813255765,-93.3632295987,-93.8227065138,-91.6045245581,-95.2066549084,-69.4151030136,-35.2469713081,-5.86135802418,7.91640814188,9.06413496369,17.4570092693,30.9322262607,17.6207003472,32.4688143217,32.5832130033,21.8087461776,24.1966563829,30.390968526,19.5316455446	3	growth	0.12	220000
245104	0,1,2,3,4,5,6,7,8,9,10,11,12,13,14,15,16,17,18,19	-74.8876098686,-84.2503865512,-73.956978199,-73.9005831612,-71.083053949,-75.0241229274,-49.1906063989,-24.1336869068,-1.18059346086,21.4568571639,39.233906349,40.6630253446,40.8015974848,46.2065925714,46.8927636976,38.1830057837,49.8740528659,39.4626250542,52.6240000061,38.7055482259	3	growth	0.12	220000
246573	0,1,2,3,4,5,6,7,8,9,10,11,12,13,14,15,16,17,18,19	42.4551468264,39.6110477893,38.2465261299,42.6114265248,39.4913463784,46.5720760405,79.5846587851,108.88811917,121.816099872,139.041931891,153.691025429,154.261056298,157.14870121,167.759799608,165.198644262,171.269261166,167.265246317,159.970407585,172.774267601,171.546780133	3	growth	0.12	220000
247728	0,1,2,3,4,5,6,7,8,9,10,11,12,13,14,15,16,17,18,19	17.0636151717,27.3176302474,15.2549340087,17.5672838734,26.8796912721,38.9584363785,49.4183868212,78.2665601543,109.662552317,119.727114629,142.407522072,147.508586508,144.55775464,140.590627874,149.107202882,148.077608067,154.48939373,151.348252237,148.845147133,142.705998241	3	growth	0.12	220000
245027	0,1,2,3,4,5,6,7,8,9,10,11,12,13,14,15,16,17,18,19	-73.8118642897,-70.4731900987,-73.2001158172,-62.9293800087,-62.0477057275,-63.0889341426,-34.3361472581,-14.4319756795,17.4288031874,31.5626001017,50.4996175546,50.2417651401,51.6001389342,57.8701385732,61.4788187719,49.2584189861,55.7932674733,63.8677652584,63.9451752477,55.5441092101	3	growth	0.12	220000
246794	0,1,2,3,4,5,6,7,8,9,10,11,12,13,14,15,16,17,18,19	-3.00503938581,-9.55888796033,-6.115530402,-5.10668876798,-6.55587460933,2.90416145794,19.210411974,59.3502993346,82.5125945989,95.9413855554,116.317789828,120.754113183,123.15583053,122.187270911,117.875013433,116.075784234,119.782129466,128.715783279,127.599741071,129.453366886	3	growth	0.12	220000
247018	0,1,2,3,4,5,6,7,8,9,10,11,12,13,14,15,16,17,18,19	-108.473555955,-97.8153678768,-97.0745058798,-104.541781243,-103.351252555,-101.225256287,-65.4595392644,-49.5774978123,-14.358459976,5.67930817178,8.77985248946,14.8657817824,27.04497551,18.5464472276,23.3972060596,25.6456193428,30.8762275488,20.2194852283,21.9011213562,26.8502890842	3	growth	0.12	220000
247152	0,1,2,3,4,5,6,7,8,9,10,11,12,13,14,15,16,17,18,19	128.965338057,128.360929242,125.508111663,128.859489235,128.961862217,123.372528583,150.706127848,181.241505058,209.659598062,226.250974352,242.256198683,242.38951342,244.294185041,239.476126774,244.509677794,249.827348422,245.284613729,253.239526695,241.836340148,256.06835737	3	growth	0.12	220000
244253	0,1,2,3,4,5,6,7,8,9,10,11,12,13,14,15,16,17,18,19	38.9679978812,32.2589105424,29.2928251963,22.8097433632,33.6773728044,41.9035376326,67.5108877065,85.1791939347,121.875838971,132.427893191,143.90091348,151.275161948,154.221987826,151.646475444,162.297630027,159.133756724,153.726839235,150.329394258,156.247275424,156.074090218	3	growth	0.12	220000
244835	0,1,2,3,4,5,6,7,8,9,10,11,12,13,14,15,16,17,18,19	-31.4029666687,-30.7057808018,-27.2080421912,-23.2202846189,-28.5879098224,-19.3510853783,-2.29625097413,25.8097383811,57.0217387013,72.8021939597,84.8150125024,95.1660037682,96.5113117059,91.6462774472,89.2357540659,93.2593168012,90.7109110469,87.7501254723,87.1431396492,102.661845014	3	growth	0.12	220000
246504	0,1,2,3,4,5,6,7,8,9,10,11,12,13,14,15,16,17,18,19	-63.5184248306,-62.9178639721,-61.3886488521,-70.1094536295,-64.5073409329,-57.7474640447,-40.9834396661,-9.09512409216,16.5137770772,41.3505167966,40.9645288249,59.7515616145,61.6888629466,65.341804768,59.6667364015,55.3004063576,59.5660374847,53.9084541494,63.0954020857,56.9146307514	3	growth	0.12	220000
245833	0,1,2,3,4,5,6,7,8,9,10,11,12,13,14,15,16,17,18,19	99.0737039236,98.8946429583,94.322102103,96.9681572133,102.567840844,109.032603005,128.74094738,163.106069141,183.825365414,203.311294055,208.636965898,211.802755516,224.143260379,216.484289947,217.754042793,218.355928105,219.114661394,227.484086926,219.484292414,219.550285357	3	growth	0.12	220000
246816	0,1,2,3,4,5,6,7,8,9,10,11,12,13,14,15,16,17,18,19	20.9325467357,18.4626282736,16.7391371464,12.0371784912,9.61950605264,25.4159769752,46.9906558126,66.3687492707,91.9201202902,111.172883062,131.722971626,130.17299726,138.473391032,144.04691246,134.054069583,139.385879011,133.326187577,145.697102145,135.176782885,144.607001724	3	growth	0.12	220000
247348	0,1,2,3,4,5,6,7,8,9,10,11,12,13,14,15,16,17,18,19	70.2293152197,62.6425708604,62.5508311706,64.4520236859,63.7625551053,82.8714210918,92.2232245835,123.842840564,149.555669961,177.254636755,174.268842124,184.84079028,187.283031406,192.235472899,197.531457667,199.170638524,195.407116147,192.084567581,194.602287217,197.154189115	3	growth	0.12	220000
244693	0,1,2,3,4,5,6,7,8,9,10,11,12,13,14,15,16,17,18,19	7.26995123402,-3.6637096986,-2.67740596177,-3.78888128028,0.534346976706,11.9804952453,26.4110131106,66.4302691376,79.5200271842,98.5796487574,117.046422245,116.964029214,129.614087496,123.82015118,131.158922801,125.306241791,124.370393967,127.764346813,131.260249436,130.735829816	3	growth	0.12	220000
245351	0,1,2,3,4,5,6,7,8,9,10,11,12,13,14,15,16,17,18,19	-31.2203442863,-42.3936259794,-39.9284973352,-37.8731086646,-38.5936340458,-32.5906212008,-0.412040476783,24.0830058132,48.3617171505,72.5859369287,76.6954383746,80.5930841138,92.4512737055,88.8984542656,95.4729131873,90.1730279016,97.3936028538,98.2629078855,91.6786324228,85.4582179949	3	growth	0.12	220000
247368	0,1,2,3,4,5,6,7,8,9,10,11,12,13,14,15,16,17,18,19	81.3208268485,71.8599923816,79.2061071776,80.8089719218,83.1692947422,83.1519391356,111.371911688,136.809395735,154.825114519,171.714827938,184.494243858,202.266894272,198.956215432,206.679793591,197.042048572,201.046200054,206.777523062,208.343945155,196.48307617,206.050175622	3	growth	0.12	220000
247622	0,1,2,3,4,5,6,7,8,9,10,11,12,13,14,15,16,17,18,19	129.768777675,122.932596296,121.128233093,126.673919958,119.793480974,137.94015976,155.393847702,182.632990729,212.991594671,222.829045289,235.65946062,238.461861545,249.273868027,251.372794976,247.144741825,253.010238556,256.122800373,251.627875783,256.087781147,241.446110568	3	growth	0.12	220000
244814	0,1,2,3,4,5,6,7,8,9,10,11,12,13,14,15,16,17,18,19	119.30803522,123.334714838,119.049497497,118.977444077,119.858440565,138.934311003,148.788544022,179.707712447,217.691032683,219.73772339,237.939392542,237.147475937,240.287853873,245.491640139,248.722639846,244.837753682,244.571893761,249.877602385,255.883552482,249.085138024	3	growth	0.12	220000
245550	0,1,2,3,4,5,6,7,8,9,10,11,12,13,14,15,16,17,18,19	13.6234646969,10.3970877892,13.9924868936,19.9823469637,19.4655114008,24.8572378138,38.4459058357,73.1193257637,93.0026223896,116.880501359,124.939422065,137.121672775,135.183154849,144.186142187,135.106000041,131.189283505,132.232792127,133.958200462,144.217998426,136.215768802	3	growth	0.12	220000
245869	0,1,2,3,4,5,6,7,8,9,10,11,12,13,14,15,16,17,18,19	-35.4040385787,-30.2644133843,-30.3937489348,-34.6119591349,-26.202778484,-18.6954473607,-1.70050005717,30.0060311373,54.9653840729,68.0545606564,82.0665819025,86.4422441935,94.5623611696,90.5037178546,87.0659293902,101.156748222,92.2780899322,102.66269349,98.8945990769,102.702588043	3	growth	0.12	220000
245436	0,1,2,3,4,5,6,7,8,9,10,11,12,13,14,15,16,17,18,19	-107.705782558,-98.8757795672,-101.471361093,-104.052710842,-102.124526046,-89.1883029542,-72.5803900823,-46.7817517142,-16.6650125711,-8.34147777193,14.1489476472,17.3312151339,17.2381641758,21.6167278908,15.4326302476,23.9073413668,15.8008297048,17.9313781734,27.6854299224,19.113681332	3	growth	0.12	220000
246712	0,1,2,3,4,5,6,7,8,9,10,11,12,13,14,15,16,17,18,19	-0.18354046851,-0.887898760842,-3.50475764301,4.7853876312,4.77011733598,0.0911174277946,34.9263771682,50.8818270692,82.4241301557,106.563782173,111.659376541,108.908899511,121.65856676,125.160190179,113.676126891,114.70824152,113.92679849,129.461496543,116.021374262,126.982665925	3	growth	0.12	220000
247558	0,1,2,3,4,5,6,7,8,9,10,11,12,13,14,15,16,17,18,19	63.0943439099,58.5113061829,63.4213601708,68.6450927346,66.0087188409,74.5177635736,98.132965173,129.321112681,155.321967067,172.658957614,180.836206463,174.108230347,187.771602093,181.364415528,193.919367162,181.304873383,180.799432567,190.801821077,194.572543403,189.023354865	3	growth	0.12	220000
245591	0,1,2,3,4,5,6,7,8,9,10,11,12,13,14,15,16,17,18,19	71.0365675184,65.9635307158,65.7189677909,56.6531799769,70.1675769499,67.8173588682,86.8470114375,129.523880258,143.558874976,163.878362036,175.02476814,177.278917617,183.801794302,180.206982349,185.627819277,188.27504661,190.411448064,180.72815742,181.168414276,181.346280875	3	growth	0.12	220000
246903	0,1,2,3,4,5,6,7,8,9,10,11,12,13,14,15,16,17,18,19	21.9503592546,17.7952320618,24.6922288182,24.8731543994,30.6073357474,29.1410665997,45.2981735091,81.831497806,105.640111547,129.808997933,141.170127367,149.570686485,149.658591407,147.091284269,139.705179836,153.128031858,140.338789088,151.229722596,143.321681023,155.901398893	3	growth	0.12	220000
245541	0,1,2,3,4,5,6,7,8,9,10,11,12,13,14,15,16,17,18,19	-37.6202546683,-37.8497769416,-36.5681254629,-37.6334991513,-31.1896431867,-26.3357460043,-6.77844969369,20.3686310811,54.8090766643,72.6028526544,71.4266358895,88.3225433222,89.4072048705,89.8661682791,94.3643464945,81.5305779011,92.7767382078,88.5688158847,85.9114595771,96.3044720942	3	growth	0.12	220000
245297	0,1,2,3,4,5,6,7,8,9,10,11,12,13,14,15,16,17,18,19	-67.9417670072,-67.6056424551,-65.0200614529,-54.9290640297,-56.1244884201,-62.8421314169,-36.2040213957,-6.22898554894,17.2242161775,38.5353707215,49.0749224393,51.0357070208,59.151518732,53.829948669,53.0907037998,54.3489298117,54.3165618766,58.9439997875,68.1232096309,63.046080597	3	growth	0.12	220000
245639	0,1,2,3,4,5,6,7,8,9,10,11,12,13,14,15,16,17,18,19	82.9666708363,78.3904149831,79.9901789335,70.9603302485,83.2805005074,80.0247573487,98.5805797452,142.02295585,152.286732492,181.147822741,191.006006868,193.102525813,192.496030558,198.935923473,199.470044392,198.808344064,205.080408029,192.246739769,199.25531967,204.805065382	3	growth	0.12	220000
246717	0,1,2,3,4,5,6,7,8,9,10,11,12,13,14,15,16,17,18,19	36.2357577977,34.0942925356,32.2065504254,31.1877503224,35.4255138822,45.6550937723,67.8168213181,91.6129518063,128.845094352,145.54043804,148.924463121,154.833606659,162.210861831,164.553033908,156.768769533,165.578124355,169.627390983,170.640581251,164.466811465,156.674115372	3	growth	0.12	220000
245220	0,1,2,3,4,5,6,7,8,9,10,11,12,13,14,15,16,17,18,19	24.7884008368,21.3391940667,12.4307653966,24.5324639057,23.1377044506,32.9706275186,57.3724810931,72.1538387732,102.318777692,114.932735575,131.82272188,143.139300207,141.212148623,142.284477964,137.141061937,146.866252742,139.61949738,149.596946082,141.48948177,147.467537603	3	growth	0.12	220000
246510	0,1,2,3,4,5,6,7,8,9,10,11,12,13,14,15,16,17,18,19	109.163305763,109.868908594,117.63312804,115.849609017,116.461050057,112.705775373,149.857797703,163.778323247,199.005702616,216.851181866,228.984520604,230.634279615,230.096113125,235.933259159,236.404868142,240.973547966,238.692900986,241.379984455,230.277428107,244.019967454	3	growth	0.12	220000
244702	0,1,2,3,4,5,6,7,8,9,10,11,12,13,14,15,16,17,18,19	22.0562850433,23.9183423698,23.1829571971,30.7942037637,26.6661355215,34.6430572474,53.8914865213,92.9937516161,120.495859219,131.818405143,141.983345513,152.732693834,152.374035503,153.42576854,152.369980821,144.18832922,156.617552739,153.54203299,147.018899413,150.205016855	3	growth	0.12	220000
246517	0,1,2,3,4,5,6,7,8,9,10,11,12,13,14,15,16,17,18,19	107.892859303,104.504594094,99.7615259062,113.268926733,102.828517903,110.36864425,145.673525316,169.101786419,198.618420535,216.060871608,214.679141952,228.960944283,222.324584292,230.611060093,226.460084014,226.451395252,238.595744724,230.661136905,231.245396067,224.80286455	3	growth	0.12	220000
246995	0,1,2,3,4,5,6,7,8,9,10,11,12,13,14,15,16,17,18,19	12.0359441485,-2.10496823022,4.3492615319,12.4221449974,6.16890649508,14.8033847305,28.7324690063,60.5890033229,95.196948341,112.914555765,119.821574644,117.369431819,125.198574323,124.805262901,121.176493687,123.113819702,129.23869763,137.163404599,136.022918294,130.08220738	3	growth	0.12	220000
246060	0,1,2,3,4,5,6,7,8,9,10,11,12,13,14,15,16,17,18,19	66.9961168777,57.3977248413,64.9227772839,60.512554304,70.4588339743,71.1027548943,88.9754831109,125.689886385,158.251159516,166.574102369,173.633492555,180.664173641,182.183043298,194.672543103,183.227266718,195.762890847,194.113877301,195.596719973,194.223324074,188.190577096	3	growth	0.12	220000
244724	0,1,2,3,4,5,6,7,8,9,10,11,12,13,14,15,16,17,18,19	51.0072096423,47.5360245593,43.5064369942,44.5234185361,37.4447991365,59.3759368754,82.0633520606,104.226383655,133.754803669,148.76912229,161.920911398,160.001085408,164.2793602,174.447626963,166.094302738,165.028352555,163.724095679,165.495397656,169.121761683,172.18131298	3	growth	0.12	220000
246632	0,1,2,3,4,5,6,7,8,9,10,11,12,13,14,15,16,17,18,19	77.7231062322,77.0679809468,71.8147456813,81.7699122773,82.7590881903,76.4212056484,102.119121896,141.594002946,164.506546331,183.668938735,188.159256416,199.028167211,191.432772818,202.561890153,199.320377973,203.034369344,202.003201931,200.897450131,198.136660959,201.838646204	3	growth	0.12	220000
246086	0,1,2,3,4,5,6,7,8,9,10,11,12,13,14,15,16,17,18,19	67.9757049204,70.5839250725,70.3642065337,71.4596365006,73.8950562225,70.345737476,99.0150982247,125.128056423,160.442963678,175.253217904,183.523058324,185.775182078,191.998140873,188.076653168,197.471994197,190.545552551,196.159293972,192.734782519,198.398381539,200.423888253	3	growth	0.12	220000
245169	0,1,2,3,4,5,6,7,8,9,10,11,12,13,14,15,16,17,18,19	-73.4483272277,-75.8227458267,-83.2348005805,-84.709483727,-70.3763228989,-77.7449817868,-52.3099010564,-21.7374818405,6.72584818996,18.4792646962,35.7267567347,47.2617809296,50.7192374641,43.0614837168,51.8084915006,43.0986543225,46.6147621693,53.030429924,52.6168004211,38.773727221	3	growth	0.12	220000
247596	0,1,2,3,4,5,6,7,8,9,10,11,12,13,14,15,16,17,18,19	-4.97140982522,5.3334960814,3.99431246324,5.17578070002,3.31228531564,9.96608811167,28.899816125,58.6889330566,86.1439017183,95.8872945571,105.876868982,122.307679948,114.603780959,123.031510625,118.142480671,120.658982222,120.849010276,127.072362164,127.246214792,122.707276293	3	growth	0.12	220000
244157	0,1,2,3,4,5,6,7,8,9,10,11,12,13,14,15,16,17,18,19	-28.7554861693,-37.4623930492,-36.3197740038,-37.0855916541,-23.7201444621,-17.6807383973,-8.82277157036,28.7107837059,60.6350308386,71.8812701438,78.8456741091,83.5955438105,87.267056095,88.9633456083,99.0846367309,92.3131821171,90.5409632853,90.0639011689,96.9210129213,85.701984501	3	growth	0.12	220000
246133	0,1,2,3,4,5,6,7,8,9,10,11,12,13,14,15,16,17,18,19	96.8411653869,103.80501979,103.782069502,109.319655949,105.851403673,108.193813478,131.907548757,153.203644306,181.80459194,200.104924613,219.672453013,220.803420824,227.033407528,221.152372805,230.039120924,220.814942452,229.213066983,225.093207053,229.196212854,219.940532333	3	growth	0.12	220000
247062	0,1,2,3,4,5,6,7,8,9,10,11,12,13,14,15,16,17,18,19	19.389710136,9.94102005499,19.5391672365,17.3592077538,17.7185616442,15.2753909851,48.7669573035,72.5119261584,98.1205609795,112.54105338,120.901636935,136.948953516,131.689397678,133.612909518,141.584342729,139.620568667,139.022917732,137.377229186,144.922760358,131.881413998	3	growth	0.12	220000
244005	0,1,2,3,4,5,6,7,8,9,10,11,12,13,14,15,16,17,18,19	111.850805008,108.884972602,115.846775449,114.495726515,106.528214279,122.907292805,142.181265985,167.54364818,199.334871293,210.188175609,221.382990647,229.496305119,234.247360833,232.349566291,227.00343903,239.431587001,235.670977592,231.320297375,234.910504188,242.242240784	3	growth	0.12	220000
246033	0,1,2,3,4,5,6,7,8,9,10,11,12,13,14,15,16,17,18,19	-11.0801043988,-8.14260152452,-8.52751778441,-16.2032538106,-1.98062426647,5.45201558021,23.9971911103,48.5475443513,78.3659465284,98.6190215756,110.715943988,109.276663974,116.99036163,111.367196171,121.494851241,121.114523873,118.127767054,121.386987334,111.185889136,109.303834895	3	growth	0.12	220000
244554	0,1,2,3,4,5,6,7,8,9,10,11,12,13,14,15,16,17,18,19	-7.12429270376,-6.47060441432,-9.22849867024,-18.5795154094,-4.54274395808,-10.4705180694,12.6096243249,53.9594038004,64.5555020412,86.2752989457,94.0607815811,112.107676701,116.353571529,113.863864178,116.613224692,116.191166185,110.348158183,115.906830245,113.941167845,111.726235117	3	growth	0.12	220000
246063	0,1,2,3,4,5,6,7,8,9,10,11,12,13,14,15,16,17,18,19	-31.0002090596,-35.3133746197,-22.676379286,-26.0654080874,-19.6559549997,-18.7488471706,4.71128326647,29.4158425414,50.14785061,72.4245873905,91.7083950463,93.9784819671,85.8066664597,102.317589887,91.6700225135,104.181108642,93.9406511886,102.341299591,97.4098905619,93.799278279	3	growth	0.12	220000
244213	0,1,2,3,4,5,6,7,8,9,10,11,12,13,14,15,16,17,18,19	65.2327455203,66.3225925529,63.2424194498,67.3036997144,72.6795618315,81.0898233251,98.8646191589,129.162283493,152.086626532,168.134785732,178.622602535,184.743064817,188.898707246,189.276985453,189.483755066,182.001116973,190.75530772,188.588860827,185.715435699,195.678966901	3	growth	0.12	220000
244895	0,1,2,3,4,5,6,7,8,9,10,11,12,13,14,15,16,17,18,19	60.8432768088,58.7181184645,61.5150305521,63.6771896326,64.4459754771,64.9290850994,83.577062004,127.509386631,146.157877392,170.55118338,175.514563234,178.287023397,179.70682765,180.068081303,180.687145031,191.264868407,180.235207398,182.061249442,185.469167024,184.674526011	3	growth	0.12	220000
247363	0,1,2,3,4,5,6,7,8,9,10,11,12,13,14,15,16,17,18,19	-11.3965529597,-11.456974016,-14.1668758764,-11.0374595208,-9.18916553835,0.0907713599453,12.8842770459,42.1920689936,80.8499331571,99.5459188001,109.680386959,111.351167736,109.603994746,115.194535511,111.995723069,118.632827929,111.611787862,112.590681886,119.936491756,110.340794858	3	growth	0.12	220000
245528	0,1,2,3,4,5,6,7,8,9,10,11,12,13,14,15,16,17,18,19	-69.3575335661,-69.7945147747,-54.9612867184,-67.3532249019,-55.9457967289,-62.1883068125,-28.4875199118,-11.3462370103,21.6720946664,41.4965721033,45.1985112914,60.9832381513,54.9337636824,66.4207897264,60.4171902266,57.7049734355,62.2611400341,66.2828420333,56.1701521498,65.9126798541	3	growth	0.12	220000
244123	0,1,2,3,4,5,6,7,8,9,10,11,12,13,14,15,16,17,18,19	-47.4783258335,-45.9986992345,-57.8363884366,-46.78295926,-45.7518506753,-45.8244678787,-26.8322631411,4.65522540154,36.6513017794,43.1705701027,53.6273725105,72.8005440483,74.0144042033,70.8577641554,70.373442367,64.1998841429,80.3683948717,73.3458267204,67.1376641945,77.2310706245	3	growth	0.12	220000
245905	0,1,2,3,4,5,6,7,8,9,10,11,12,13,14,15,16,17,18,19	23.332457002,21.5410998313,13.7197449536,15.8018313078,16.5253744397,25.1111332427,49.6529058213,76.0854171028,97.9754673898,123.706798544,138.942282327,132.692025345,139.46701917,146.438302754,135.513285563,138.315299412,141.001111663,143.020061322,144.757193243,136.315678499	3	growth	0.12	220000
244683	0,1,2,3,4,5,6,7,8,9,10,11,12,13,14,15,16,17,18,19	-93.2849983411,-88.3485593888,-93.9568858294,-88.6331607913,-95.5073552992,-81.5343389115,-57.300708006,-28.1974116821,-4.34221073258,6.60868503198,22.7082917157,22.0242617594,26.029451552,36.6269795038,34.396437414,33.817306672,28.0894123306,30.1822273752,33.5566456478,31.7953814285	3	growth	0.12	220000
247882	0,1,2,3,4,5,6,7,8,9,10,11,12,13,14,15,16,17,18,19	101.087296523,94.0509017457,101.043713315,97.4700820244,88.0938692476,97.3815825495,120.470734523,155.73495753,182.372393845,191.281491271,213.056949312,221.737255229,221.368172855,224.621666167,215.679512869,215.660263315,214.506024743,223.767279792,226.092090213,223.233833436	3	growth	0.12	220000
244931	0,1,2,3,4,5,6,7,8,9,10,11,12,13,14,15,16,17,18,19	73.5502755458,75.2028242674,70.4311505418,70.3106423939,74.0945170746,77.2358359182,100.982282745,135.160894099,155.0046464,178.579424363,185.384485731,194.120697871,195.931951643,197.858748694,207.816540049,200.417841862,199.575021577,198.239276707,202.271826406,196.304587809	3	growth	0.12	220000
247167	0,1,2,3,4,5,6,7,8,9,10,11,12,13,14,15,16,17,18,19	-117.469488716,-107.344722353,-111.980689885,-118.607187822,-107.551532743,-102.165673556,-83.5412913941,-51.7302596785,-22.2019238994,-5.2729013247,0.904879064779,4.75654512403,-1.65952268914,13.7631002217,3.47680030682,10.9307310752,7.40612747074,17.3548826181,9.56771725116,13.4359833723	3	growth	0.12	220000
247576	0,1,2,3,4,5,6,7,8,9,10,11,12,13,14,15,16,17,18,19	-129.029899798,-113.250918656,-119.699506169,-124.391768365,-128.264970486,-117.522887919,-92.5192668173,-68.9503120079,-35.4552134494,-24.4565341225,-12.381120736,0.437034538071,3.76345834081,8.0691415243,-5.02658330606,10.7172511922,-3.34305348938,-2.61458150901,1.17069077318,11.4218666811	3	growth	0.12	220000
246204	0,1,2,3,4,5,6,7,8,9,10,11,12,13,14,15,16,17,18,19	97.8359567101,97.8823625504,95.0221585372,97.535804561,87.2975618017,105.06108701,127.234970466,147.603896935,184.782286405,196.540171589,202.930178609,218.399622863,220.136426153,218.335370573,226.057425714,220.986972393,220.528945394,224.715786112,212.137136712,224.211231122	3	growth	0.12	220000
244741	0,1,2,3,4,5,6,7,8,9,10,11,12,13,14,15,16,17,18,19	97.6703841934,85.1247595942,94.1620013519,98.4388904519,93.6509892566,97.1029066518,119.374058462,150.267693812,182.243192185,191.61637192,202.885650105,206.609363281,207.555741404,214.055359937,212.676978185,213.792993528,220.422907724,223.081166009,208.844458604,219.350896916	3	growth	0.12	220000
247055	0,1,2,3,4,5,6,7,8,9,10,11,12,13,14,15,16,17,18,19	77.8165373808,83.234497709,93.9584071502,87.922145144,88.8249084806,100.191425611,111.860315518,139.560984921,166.852261471,183.086142556,200.705166533,208.323351185,208.342671661,215.563885431,204.257688696,212.858401392,216.474537518,203.56597412,211.009890882,218.277517293	3	growth	0.12	220000
244057	0,1,2,3,4,5,6,7,8,9,10,11,12,13,14,15,16,17,18,19	22.7159235277,35.0778425681,27.9342347968,29.1337299029,22.0078126277,43.2218402458,57.691325071,81.4541146358,117.140497412,126.896153085,135.210925701,139.593370281,154.69802386,146.376005542,148.150842498,149.190789849,152.719846039,146.808896627,159.782083687,148.539066026	3	growth	0.12	220000
246349	0,1,2,3,4,5,6,7,8,9,10,11,12,13,14,15,16,17,18,19	64.8575041807,75.0766317002,64.3703958003,63.0401925372,73.5232194719,86.9174199293,100.104281951,137.204777277,159.98261329,176.143241232,191.222222143,185.569430327,194.039667111,198.046045994,200.061267636,195.116098223,192.591786434,200.961893654,189.118536562,201.492239912	3	growth	0.12	220000
247046	0,1,2,3,4,5,6,7,8,9,10,11,12,13,14,15,16,17,18,19	114.579408429,119.048220485,105.309162391,112.50228538,114.059887039,120.828808444,137.160209888,170.360731973,203.348603558,214.675175985,225.503079583,235.784074503,225.202984336,236.870887867,236.289221026,241.177051772,231.361782067,239.557369689,238.16470058,241.624713222	3	growth	0.12	220000
244843	0,1,2,3,4,5,6,7,8,9,10,11,12,13,14,15,16,17,18,19	-100.293873729,-99.2483247138,-93.7452760386,-92.8280825354,-99.2087261071,-90.7658397462,-58.824429442,-37.3845718243,-9.53450272252,11.4583346454,13.4966628541,29.7266375969,30.946384099,28.2364883731,24.1969374045,33.9913764496,34.7219846962,28.9486586637,33.1225768705,25.9605014593	3	growth	0.12	220000
247745	0,1,2,3,4,5,6,7,8,9,10,11,12,13,14,15,16,17,18,19	-4.517529755,-3.38678601938,-11.1141375317,-10.3505735639,-2.24732936428,-7.49621629336,24.1288783023,57.996215217,77.2889587088,97.4578854816,100.146890197,105.366415358,108.210675494,117.48185314,117.605136798,111.750002318,123.893399758,115.333015011,118.554094916,112.084958124	3	growth	0.12	220000
246007	0,1,2,3,4,5,6,7,8,9,10,11,12,13,14,15,16,17,18,19	-46.7630354842,-52.1710701273,-55.5741424902,-47.7508122778,-54.054410968,-44.4234076714,-24.5157100534,5.92344605659,42.5735893961,52.3696457235,59.8741459148,75.4051134043,67.8837484076,77.0601741502,75.3539146497,65.7483772049,74.2088337331,80.6898897633,78.8082345715,69.615521824	3	growth	0.12	220000
247959	0,1,2,3,4,5,6,7,8,9,10,11,12,13,14,15,16,17,18,19	-91.9605930712,-83.6559642828,-77.1847924847,-77.5894278591,-82.1166261584,-79.5908383738,-49.0327230064,-29.7976296423,4.07440180142,16.6474234601,23.21816039,39.7479233624,32.353901469,44.3285108773,35.0366884799,38.1037670121,37.9094541336,37.4257196989,35.342539631,47.4281456377	3	growth	0.12	220000
245822	0,1,2,3,4,5,6,7,8,9,10,11,12,13,14,15,16,17,18,19	-105.074023349,-91.3686957249,-94.5874757501,-101.292415586,-90.5144794337,-90.3207527747,-58.6722256862,-41.8512144924,-18.8644797638,9.20627840519,12.5916432247,28.7114044839,18.833531677,34.3713801666,27.7754271485,25.3989793425,34.1516869816,33.8120728463,25.7526974144,30.0034606805	3	growth	0.12	220000
245086	0,1,2,3,4,5,6,7,8,9,10,11,12,13,14,15,16,17,18,19	-83.5457803203,-94.033386958,-91.5758198392,-86.9551038999,-93.860685683,-80.6564920201,-66.8486825906,-22.55327102,-4.90515779735,15.7453112481,29.9330168719,26.8972639302,26.3461572649,36.1136554471,36.7433474002,34.0391748008,30.2250398878,37.6624321569,39.0656199949,29.7378148041	3	growth	0.12	220000
245003	0,1,2,3,4,5,6,7,8,9,10,11,12,13,14,15,16,17,18,19	80.5709871151,69.4283656704,82.5893281285,77.7548599109,71.4934881956,77.7907077226,106.644121513,127.722557888,153.980686177,180.951214356,185.292007138,186.290518312,197.779531635,196.036890368,190.205885618,195.562348936,196.48763342,192.471724303,206.140504728,194.609437563	3	growth	0.12	220000
244560	0,1,2,3,4,5,6,7,8,9,10,11,12,13,14,15,16,17,18,19	68.9899494162,76.759005751,76.3516529444,79.4105887591,78.9782914093,84.1384280362,100.417397897,139.412031486,170.00569832,183.033113344,193.451431837,189.290564558,197.047751133,207.977944104,202.542659269,208.229316069,210.234226907,206.338740719,206.393086659,210.476960252	3	growth	0.12	220000
245176	0,1,2,3,4,5,6,7,8,9,10,11,12,13,14,15,16,17,18,19	-116.839055915,-109.647259856,-114.432307505,-118.974658737,-120.31545626,-105.850823792,-84.103701917,-53.9086496824,-24.2188961909,-5.52134225549,-2.06990992137,10.0178076421,2.77318860263,16.7741266906,4.80390888024,2.90875971705,15.9090315096,13.806572829,18.9283898077,5.32192702854	3	growth	0.12	220000
247640	0,1,2,3,4,5,6,7,8,9,10,11,12,13,14,15,16,17,18,19	-113.800827583,-112.108303721,-123.817181985,-114.430852156,-116.173220658,-102.399723466,-90.8877429604,-56.3541884327,-24.9074085178,-6.35636424222,-7.47422020796,-5.15877724815,0.942000357305,7.5716585864,1.69080194818,5.66753515054,2.74491547109,16.1098407174,9.60181546967,15.3340338889	3	growth	0.12	220000
244421	0,1,2,3,4,5,6,7,8,9,10,11,12,13,14,15,16,17,18,19	76.2541920926,79.0656508476,79.9697776484,87.0257799426,74.4598764287,88.3794193405,115.623063209,145.880695062,168.496836502,176.350437372,198.798598452,202.306610052,201.732294987,206.804842282,196.886796324,198.291470103,204.486564523,202.78336247,209.321797851,204.345214748	3	growth	0.12	220000
247584	0,1,2,3,4,5,6,7,8,9,10,11,12,13,14,15,16,17,18,19	41.3516637971,46.917076461,40.9638635652,43.4423267932,47.9437449102,53.6053415201,71.8975830824,103.251088964,132.515893146,139.619352533,151.588734203,156.522596188,160.914460914,171.09502167,157.807858472,158.399394924,157.667956753,161.120715338,159.275926327,161.732587154	3	growth	0.12	220000
245244	0,1,2,3,4,5,6,7,8,9,10,11,12,13,14,15,16,17,18,19	-88.8529644678,-93.7781978571,-80.3628410442,-82.9200226738,-81.5185284715,-85.0295998729,-62.281725873,-34.0783000461,-0.833166041583,14.3866910374,25.3864125656,34.1551416754,35.2615316683,34.6043219769,37.2842755783,40.636675499,35.9176407002,33.4414431083,37.7936884947,38.3106454352	3	growth	0.12	220000
244791	0,1,2,3,4,5,6,7,8,9,10,11,12,13,14,15,16,17,18,19	-71.85755795,-66.3644352651,-62.6332410397,-60.1151433208,-64.2602489513,-65.3461091419,-35.4841599669,-0.382946011171,21.6920487048,37.7601993091,41.5543893433,52.8968706793,54.3656654738,54.209104566,56.373927884,58.7904606789,53.89256611,62.6427447708,50.2255076842,51.753060065	3	growth	0.12	220000
246710	0,1,2,3,4,5,6,7,8,9,10,11,12,13,14,15,16,17,18,19	-108.321238588,-112.397031931,-110.855473691,-108.217023718,-99.7150710393,-104.842746797,-71.8901495417,-45.3600790062,-20.0638285041,0.749422233386,8.29553111598,5.13995933218,10.1460557225,18.1330460541,18.8720895132,19.5861351568,23.6182388963,11.8427766174,26.8116644214,26.4141000381	3	growth	0.12	220000
244992	0,1,2,3,4,5,6,7,8,9,10,11,12,13,14,15,16,17,18,19	-33.7640159852,-41.0233337167,-34.6152011525,-42.8128829206,-37.846321606,-33.7187277567,-11.839539668,22.7579783047,49.9805798493,58.181921559,75.077655967,88.5025503937,76.7036841049,92.1450259644,78.6242775928,82.2534639048,81.2263220254,87.6710936041,81.6569457231,94.1543119996	3	growth	0.12	220000
244159	0,1,2,3,4,5,6,7,8,9,10,11,12,13,14,15,16,17,18,19	-37.1602870918,-41.3699119345,-48.9058463275,-47.1799011028,-41.3250704614,-37.6345661049,-10.7002484189,22.4691895963,41.0097893735,56.5142724442,67.5474314436,67.5724319668,69.3979902175,78.3451320374,77.332521541,83.9468592073,74.9708217729,73.7871378788,84.7058530886,83.377534254	3	growth	0.12	220000
245361	0,1,2,3,4,5,6,7,8,9,10,11,12,13,14,15,16,17,18,19	107.863137071,99.9110398925,107.704279359,100.113093334,114.81838577,121.873869368,138.644792333,164.276389225,191.976028707,216.407368821,217.770560404,224.263290615,229.268673873,232.73729955,224.916128893,225.4177182,228.292848405,226.996301558,230.323455786,228.418224929	3	growth	0.12	220000
246195	0,1,2,3,4,5,6,7,8,9,10,11,12,13,14,15,16,17,18,19	-47.1824596853,-47.581314352,-38.0736071348,-42.0637464371,-33.0469505558,-39.2032462507,-3.92474917295,17.3469885066,52.9078781302,68.2085174048,77.0298613158,81.1584100019,85.7627122378,75.5785417717,91.6037956806,80.8430960797,86.4382792266,82.2524100663,93.205461689,84.3708839166	3	growth	0.12	220000
245622	0,1,2,3,4,5,6,7,8,9,10,11,12,13,14,15,16,17,18,19	38.1683072332,33.5054165787,28.639936871,32.1876706765,42.0309114469,41.1641240613,62.8697088344,95.1773367767,114.62542009,130.961040009,154.259807422,144.631253586,149.224448751,152.294137677,152.072768257,165.611576979,155.719511415,156.539294665,164.788637479,161.472802555	3	growth	0.12	220000
244852	0,1,2,3,4,5,6,7,8,9,10,11,12,13,14,15,16,17,18,19	107.703470817,107.799381073,115.74954311,109.199211351,120.487453626,117.11121676,152.977696225,174.362909383,202.391551704,225.103541985,228.304479979,234.420774112,231.777254896,241.555044779,244.761673417,240.027359439,247.32392193,240.258079311,248.399167658,241.986142451	3	growth	0.12	220000
247009	0,1,2,3,4,5,6,7,8,9,10,11,12,13,14,15,16,17,18,19	-15.7914331113,-14.5474618489,-22.1803936579,-7.013315006,-17.9627659923,-8.82148238383,20.6062585078,42.0608389899,67.2526908992,85.2369107099,98.8121518682,104.036492095,105.984053587,116.128727313,109.309888521,116.736503023,114.818347781,104.381309546,109.018243042,115.709744536	3	growth	0.12	220000
246304	0,1,2,3,4,5,6,7,8,9,10,11,12,13,14,15,16,17,18,19	-11.342784018,-20.3733949676,-19.6862027053,-22.8142046648,-22.6949306898,-7.13084076233,18.7055535492,50.0177118326,75.9326143423,84.7205213614,95.1838512387,105.607448226,99.9809265245,98.6934539184,103.935899662,116.599881163,101.641378387,108.00369046,104.614731765,116.054856646	3	growth	0.12	220000
246343	0,1,2,3,4,5,6,7,8,9,10,11,12,13,14,15,16,17,18,19	75.5931753312,72.8452223509,72.5249757944,73.1376631478,74.7706120795,72.1110391416,91.3101027602,121.806570026,161.815030441,164.956884503,180.146553641,183.58583736,182.035634277,193.777926508,189.031468356,189.758436825,185.088866368,187.974803064,191.164174911,186.576203772	3	growth	0.12	220000
244636	0,1,2,3,4,5,6,7,8,9,10,11,12,13,14,15,16,17,18,19	23.3769981933,25.7332019777,20.4668654709,23.8922706203,29.896760285,33.6132507397,54.3896972937,89.7835337323,108.94151696,135.461935855,145.627817702,145.795631453,151.634295222,145.114313052,154.080850357,144.350793955,154.731723453,151.130060796,157.401133591,157.576879387	3	growth	0.12	220000
244423	0,1,2,3,4,5,6,7,8,9,10,11,12,13,14,15,16,17,18,19	108.174849134,97.521110777,97.1560488207,104.268468708,106.887594005,114.852835584,139.63331874,164.831639779,184.868788018,197.647554039,221.562566214,226.166191708,231.53770625,230.550938742,227.976976442,231.791670468,222.903627653,226.953019699,229.123948252,229.23556627	3	growth	0.12	220000
246220	0,1,2,3,4,5,6,7,8,9,10,11,12,13,14,15,16,17,18,19	-69.6989092197,-64.9538840307,-69.4941993014,-72.0980368981,-73.0659572102,-61.0408289809,-44.3372747724,-0.497799063962,24.0062445485,39.4906239949,49.6904280934,46.1661769959,57.0925877918,63.9723978863,50.6255089475,63.2757828719,55.8554514226,58.4241890983,56.2094799383,51.8347151263	3	growth	0.12	220000
244320	0,1,2,3,4,5,6,7,8,9,10,11,12,13,14,15,16,17,18,19	61.7792879792,49.7809635119,54.379394684,57.0011234292,53.7107851229,61.0209471388,94.2811030085,121.060278758,135.474435687,156.542402882,171.950722649,170.598504285,186.604771865,176.756684515,181.454397422,177.403270618,187.534949404,189.408226979,174.795377335,178.053366651	3	growth	0.12	220000
245570	0,1,2,3,4,5,6,7,8,9,10,11,12,13,14,15,16,17,18,19	-10.8038959896,-3.53423404733,-11.0480272545,-7.22384180905,-17.1193961688,4.87596957542,12.9047608596,54.7383687646,78.882222144,96.3783373831,102.942739883,102.066647019,116.003382293,112.186244672,112.539650363,108.636367827,114.760609955,119.33889514,119.518436635,112.918244122	3	growth	0.12	220000
244449	0,1,2,3,4,5,6,7,8,9,10,11,12,13,14,15,16,17,18,19	90.4849114959,90.5537921713,79.5072655561,89.6824975646,89.3346855374,93.5840207029,120.368411551,151.06357655,167.433672392,190.766432508,200.560603314,195.000144356,208.528717963,202.698748067,203.587274834,213.065635277,211.966321193,201.243385789,208.487370629,215.00894035	3	growth	0.12	220000
246812	0,1,2,3,4,5,6,7,8,9,10,11,12,13,14,15,16,17,18,19	-98.1686938413,-96.9197348945,-103.558508685,-94.4172264154,-102.792091626,-91.0842882002,-71.5616605835,-46.0158133464,-22.5085092999,5.55349807679,13.9182532346,24.8296582964,14.4739552733,26.7388388658,26.8966168292,20.7457772711,21.3791263229,26.2784327257,14.9220766449,26.8597533479	3	growth	0.12	220000
244658	0,1,2,3,4,5,6,7,8,9,10,11,12,13,14,15,16,17,18,19	-130.342650759,-128.782555249,-129.380083731,-117.331361473,-114.62437909,-107.410676951,-84.9778228732,-54.1762674483,-45.12708173,-21.0963846206,-9.2696904119,-0.500627905254,6.33136385785,4.68353008258,-1.75945324167,2.74706663948,3.76231884235,0.476153270172,-4.80175825179,9.82860983924	3	growth	0.12	220000
246597	0,1,2,3,4,5,6,7,8,9,10,11,12,13,14,15,16,17,18,19	53.5587309397,58.7491957633,62.0391833184,54.8249580471,51.1225634727,71.5274413993,79.3907936618,117.81191862,137.099625804,153.420949675,164.917942204,177.495603931,170.161029312,174.753385398,188.712353205,179.241089874,178.852913815,187.039066423,182.915975424,176.613822403	3	growth	0.12	220000
247578	0,1,2,3,4,5,6,7,8,9,10,11,12,13,14,15,16,17,18,19	96.7474088073,108.792714778,99.1680124859,102.320059149,111.722026357,115.700841644,133.482071284,167.483021662,189.220057308,199.485455177,213.690605764,214.244804812,221.054149829,230.526120088,235.677756732,233.005065506,225.634279093,231.511111652,233.242755189,229.219541978	3	growth	0.12	220000
244217	0,1,2,3,4,5,6,7,8,9,10,11,12,13,14,15,16,17,18,19	-5.74998796414,-12.6957744905,-15.3849139018,-14.1200495788,-10.9082162777,-8.58517063655,24.0205100221,55.5544288133,80.9135780715,94.8682038628,99.3792367671,113.599496686,107.314994076,112.36176811,115.854006156,115.007694205,119.83022556,112.182080125,104.831937301,116.836582515	3	growth	0.12	220000
245398	0,1,2,3,4,5,6,7,8,9,10,11,12,13,14,15,16,17,18,19	-61.7248347259,-72.8061255396,-74.0863050313,-62.8634612016,-59.1494135915,-53.9590867782,-29.8222006904,-13.2781036686,17.6219015014,40.8665899774,45.1518984855,46.9823946376,47.3829731545,61.7936806146,50.0207449874,64.2352991386,55.5452285559,51.757797495,60.478954219,66.2555539259	3	growth	0.12	220000
244977	0,1,2,3,4,5,6,7,8,9,10,11,12,13,14,15,16,17,18,19	55.0845151137,63.7165794919,65.8981718766,67.7578154636,66.66685945,70.6715526034,92.0271209614,129.611183785,148.118701823,158.463826266,173.660673089,188.979479403,180.062868855,178.862280223,194.554970448,194.840795925,189.060126438,186.911810767,186.974285024,188.332021669	3	growth	0.12	220000
246509	0,1,2,3,4,5,6,7,8,9,10,11,12,13,14,15,16,17,18,19	-8.06379194173,-3.88068035734,1.33863173448,0.462681425191,0.304621736997,0.849793047946,28.363122289,52.6794845568,80.9581686784,93.882090741,109.354359384,120.6899334,117.087287832,111.885761725,124.601502015,113.021289053,117.531243159,122.208289172,123.609917686,115.495585213	3	growth	0.12	220000
244853	0,1,2,3,4,5,6,7,8,9,10,11,12,13,14,15,16,17,18,19	-15.1401556987,-11.5814097777,-10.1973650096,-14.1461448206,-12.6508180309,3.01213960516,19.0898940499,58.2508327174,79.1749734927,97.8660803749,100.695162878,112.15873307,110.913938697,107.892750739,114.972734824,120.667436054,113.727606286,115.705249098,110.868850163,109.933504176	3	growth	0.12	220000
246983	0,1,2,3,4,5,6,7,8,9,10,11,12,13,14,15,16,17,18,19	65.3589643848,69.3485440724,75.5959536785,67.5733029102,72.1069256868,80.9432000828,98.8161149217,121.981361078,160.225672246,169.675839152,178.722850966,184.552492782,196.183454789,186.420682715,185.223111865,188.802790344,185.966840049,185.162385481,186.955391859,198.22886793	3	growth	0.12	220000
246503	0,1,2,3,4,5,6,7,8,9,10,11,12,13,14,15,16,17,18,19	104.44521258,111.326583107,111.650799288,115.732919524,115.282651834,119.872478294,137.326186296,168.771054067,187.786150038,202.566429313,225.897795082,228.761068365,225.194897392,235.412728653,226.232874891,232.229478498,240.273510313,237.149718282,230.240611374,240.807953644	3	growth	0.12	220000
246928	0,1,2,3,4,5,6,7,8,9,10,11,12,13,14,15,16,17,18,19	51.9656880255,50.4633694933,46.5472194355,56.7817911302,50.2721729678,54.7966077685,77.6872600377,114.644380616,137.341376645,147.531290225,154.662623763,171.344560733,173.249477873,170.388012144,180.746000267,167.069953623,182.075842707,177.857012218,178.009248585,169.421781566	3	growth	0.12	220000
245482	0,1,2,3,4,5,6,7,8,9,10,11,12,13,14,15,16,17,18,19	58.0245309371,72.0688705736,71.2345841869,64.8117844318,70.6029104525,77.1817901528,94.1730307385,127.079199208,147.43868984,171.401175721,170.945739887,185.233666927,183.290513295,189.080335596,187.460296292,183.814939546,183.462526425,182.263605336,192.240107494,190.078017912	3	growth	0.12	220000
244013	0,1,2,3,4,5,6,7,8,9,10,11,12,13,14,15,16,17,18,19	-123.059051139,-124.608970741,-124.316452414,-109.014174829,-110.854172731,-107.652718522,-81.7890326475,-55.4985553941,-30.3649629373,-7.80606291827,-4.22879675242,-0.0924773559731,11.4536474105,13.3365327177,12.2698349705,16.0253473089,9.92812087857,2.95356919113,1.17087454754,0.35426397663	3	growth	0.12	220000
247794	0,1,2,3,4,5,6,7,8,9,10,11,12,13,14,15,16,17,18,19	61.4334334042,56.2729070672,55.039364838,55.6813444071,65.1179003567,66.8552841378,94.7955580046,114.648051809,139.233965206,157.117992007,167.247925027,173.908211471,188.425781507,174.762712811,191.062217272,179.21257941,179.848340265,189.06492433,185.727644995,185.021432432	3	growth	0.12	220000
244715	0,1,2,3,4,5,6,7,8,9,10,11,12,13,14,15,16,17,18,19	-85.9050080238,-89.5238562956,-85.9623378514,-99.2054811547,-98.122612989,-89.8263235682,-62.5530696671,-35.5274939854,0.969334315785,12.6874066344,13.158851501,30.36886279,24.4229249028,38.2535813893,33.9547171025,30.0888364985,36.4940725799,26.3382602475,31.622641174,32.3092521077	3	growth	0.12	220000
244363	0,1,2,3,4,5,6,7,8,9,10,11,12,13,14,15,16,17,18,19	116.769327663,103.974499449,115.000988159,101.08833756,103.268792,111.168140308,136.137714058,165.466704237,188.593464293,219.535620335,217.137782587,232.915065303,222.205985773,232.885171339,239.256807485,241.490838444,239.477108443,233.669496237,236.373809618,239.925937018	3	growth	0.12	220000
245429	0,1,2,3,4,5,6,7,8,9,10,11,12,13,14,15,16,17,18,19	-0.166070805783,11.9358154066,13.5197097963,2.83555613182,1.41675337306,15.4801903489,32.6128636221,61.5699546266,95.3623824513,108.827387589,118.166940492,128.83481747,128.263142376,133.713693556,131.446544036,125.078548949,125.85851352,139.446102699,129.339495168,137.664845787	3	growth	0.12	220000
245433	0,1,2,3,4,5,6,7,8,9,10,11,12,13,14,15,16,17,18,19	5.3663519576,12.6898517157,17.2684551548,7.06928220742,13.1135750771,22.8357453846,42.141919327,76.487339355,90.2174599135,109.640279593,130.359165606,128.668932375,136.27891929,136.175624916,127.687163233,134.811491645,129.376040809,139.608375382,133.712799281,134.727822254	3	growth	0.12	220000
244162	0,1,2,3,4,5,6,7,8,9,10,11,12,13,14,15,16,17,18,19	-4.19767550714,-3.58166960347,-3.4094496691,-4.51466218415,-6.8378805789,9.73641880119,28.2268410879,59.9977116081,84.3184809179,105.433214466,104.81930676,116.278372322,118.569626349,128.050550754,114.721396119,121.202200732,123.906668703,117.738296044,128.183189934,122.996243236	3	growth	0.12	220000
244102	0,1,2,3,4,5,6,7,8,9,10,11,12,13,14,15,16,17,18,19	34.1591262123,35.1376969321,40.2571051073,33.1882250764,41.5314004247,46.8822850181,69.328294716,91.2402903246,115.725479369,131.659254304,141.758754548,159.436052737,159.599914336,159.585164593,158.72305806,160.166382767,162.836311748,166.537982203,165.145213699,167.196800162	3	growth	0.12	220000
245612	0,1,2,3,4,5,6,7,8,9,10,11,12,13,14,15,16,17,18,19	-92.3671653272,-94.8992885164,-94.8848683822,-106.787693854,-93.4693622006,-98.4852009826,-68.3991031055,-45.3506406547,-12.0380003366,-4.30127485528,4.73372418204,12.8104544,17.9169604506,20.005862405,31.2627601092,20.5837626373,31.4719485979,17.5760724835,19.473763522,25.3427528224	3	growth	0.12	220000
246055	0,1,2,3,4,5,6,7,8,9,10,11,12,13,14,15,16,17,18,19	19.3905011239,13.2364750922,15.6274897041,16.2568096091,14.7481283675,31.5955210483,44.5825669559,80.6327157592,98.3867040298,115.426420229,134.866716481,136.456349767,143.989157589,139.827272846,139.341304007,141.268513042,150.981930069,151.922019009,143.148760483,138.574778586	3	growth	0.12	220000
246528	0,1,2,3,4,5,6,7,8,9,10,11,12,13,14,15,16,17,18,19	-46.3178720934,-41.738221167,-51.5324011729,-43.9207830332,-45.3665014047,-32.7171166256,-9.46774953853,7.70546676156,35.3232867662,50.2084683997,62.0371498984,80.0206863302,73.0313517858,76.1475647866,85.2561807566,82.485968251,72.1612651593,71.6741217162,79.7581392599,82.9151155573	3	growth	0.12	220000
247410	0,1,2,3,4,5,6,7,8,9,10,11,12,13,14,15,16,17,18,19	6.69458333806,15.3066754279,9.2604479214,4.39692325844,17.9674547226,13.9355869648,39.9698897671,67.9162878938,95.8522354717,109.873888877,129.565321441,136.841282261,128.948072601,132.58329506,132.690381996,141.963246548,134.064752202,130.181912671,132.118630148,131.632850115	3	growth	0.12	220000
246670	0,1,2,3,4,5,6,7,8,9,10,11,12,13,14,15,16,17,18,19	-7.05374280845,-21.136603303,-6.72996121997,-15.8301019348,-8.29487538046,-9.8818333727,14.7015432549,47.6294290891,70.1279423551,82.4052945683,102.821040037,107.460990775,106.402145014,109.985249408,117.970159578,103.299837173,104.151331518,102.708046611,113.361830241,112.813369001	3	growth	0.12	220000
244619	0,1,2,3,4,5,6,7,8,9,10,11,12,13,14,15,16,17,18,19	-33.9788301226,-35.7956065877,-33.4085640752,-36.8442757772,-34.306613514,-23.2709060154,-4.68050312621,38.0885532894,49.1163905715,68.6961124208,87.3907783085,94.6618235347,94.4101104634,99.5695320528,90.8994555613,93.7409916216,103.826988285,94.5061128758,88.0792097964,98.7526859445	3	growth	0.12	220000
244755	0,1,2,3,4,5,6,7,8,9,10,11,12,13,14,15,16,17,18,19	53.7687307727,54.9307290963,60.2762383929,54.0014045207,68.9147536457,62.8635199657,86.4396245149,128.179758526,138.750111396,157.485374963,180.519680262,172.867563363,189.797991646,179.96414496,185.196849127,192.612061446,192.567781638,178.336535735,189.603229175,193.611298546	3	growth	0.12	220000
246972	0,1,2,3,4,5,6,7,8,9,10,11,12,13,14,15,16,17,18,19	64.5460177036,58.1728277682,62.9539488082,69.5833071716,68.530566823,69.2078735901,91.6938123109,131.080924896,149.589864247,175.59991233,177.940338029,184.863572236,188.347243472,189.744454963,188.897124563,183.482706825,193.581836262,194.566365375,189.915637677,196.637119065	3	growth	0.12	220000
244031	0,1,2,3,4,5,6,7,8,9,10,11,12,13,14,15,16,17,18,19	117.405168714,113.312395053,114.318904568,108.189890784,103.914939111,113.491767947,134.182498988,175.72178058,199.312671393,214.055419768,230.320762879,222.788864777,225.787223616,235.344510244,234.888551133,235.447447268,238.375142351,234.702612504,233.354293654,232.825219437	3	growth	0.12	220000
246531	0,1,2,3,4,5,6,7,8,9,10,11,12,13,14,15,16,17,18,19	65.2257846857,64.9330754939,58.5377149835,64.4332669048,66.4835215994,75.9782646052,87.247629201,118.422736892,148.478824929,158.111821882,165.914516087,174.963917266,188.290363693,186.916305491,180.354619406,189.54846197,191.49388134,192.464321045,192.31683562,181.689072566	3	growth	0.12	220000
247819	0,1,2,3,4,5,6,7,8,9,10,11,12,13,14,15,16,17,18,19	100.559915693,98.9963055126,110.384911793,103.985133882,95.555217061,105.186521772,125.2002129,166.869020978,190.934797238,206.190352337,219.21051976,224.103058334,216.73364044,221.538497604,222.485174395,218.409128149,222.587390006,221.292077258,219.697606213,231.245971933	3	growth	0.12	220000
246368	0,1,2,3,4,5,6,7,8,9,10,11,12,13,14,15,16,17,18,19	5.63675925194,4.73893791069,7.89095101318,1.03680419535,16.4226629698,16.9734443568,43.7404226411,63.6846542188,86.9278215426,110.11217495,123.156583286,125.551799627,122.941552538,139.265920376,129.765099195,138.094594233,138.806362272,137.844424092,132.93941942,135.190197202	3	growth	0.12	220000
246544	0,1,2,3,4,5,6,7,8,9,10,11,12,13,14,15,16,17,18,19	60.2155992293,72.779939154,67.9105890368,70.5294587749,69.5190402056,81.3981503024,90.1614404359,131.705067488,154.40400881,171.108007068,172.528223565,189.095072055,186.121932665,188.496271773,186.552113281,186.316738752,189.209328879,194.507659703,190.402173846,185.757242834	3	growth	0.12	220000
247677	0,1,2,3,4,5,6,7,8,9,10,11,12,13,14,15,16,17,18,19	-31.8581657855,-29.7195403099,-23.9933068555,-30.7248146773,-21.0986580317,-18.2587790053,4.84800576406,34.1148915002,65.9918003163,76.8766255291,82.1149126037,99.4189807236,99.9843674224,99.4901911991,100.666710676,97.6649134786,104.573139861,91.1510480657,106.722004592,94.9458074933	3	growth	0.12	220000
245214	0,1,2,3,4,5,6,7,8,9,10,11,12,13,14,15,16,17,18,19	-93.304103896,-101.890037258,-99.8322781367,-96.0165442364,-89.7388076847,-80.4805864867,-57.0661456847,-41.3964624208,-2.28374074238,1.88962171616,13.2848433632,17.0245885759,24.0107438396,33.6725778617,27.7339409443,33.4302390132,30.7359571615,33.3438771066,30.6346945146,23.6934994263	3	growth	0.12	220000
247533	0,1,2,3,4,5,6,7,8,9,10,11,12,13,14,15,16,17,18,19	-66.8787619197,-71.7102145137,-60.6204940194,-71.8460446987,-64.3429578737,-62.3576526815,-31.7890610026,-4.02647211728,29.4047926812,43.4554547613,50.444152153,51.3834225614,55.7102721214,64.808328787,62.4255657346,66.7307185249,67.1344493726,56.3002747148,60.8955311008,58.3361403095	3	growth	0.12	220000
247342	0,1,2,3,4,5,6,7,8,9,10,11,12,13,14,15,16,17,18,19	-1.9446958978,7.14041749189,-5.04344721167,4.86641191509,9.60030782177,16.6636006913,39.8256163684,60.7464450248,92.4910534712,103.276284367,113.282558728,115.373225955,126.506623343,123.68078229,131.052330056,122.138224113,127.087193697,128.664046197,119.095946291,125.786892432	3	growth	0.12	220000
245848	0,1,2,3,4,5,6,7,8,9,10,11,12,13,14,15,16,17,18,19	-58.6134562717,-47.4311574399,-43.8825390179,-51.2226879011,-47.5872848735,-36.9141351146,-16.8724624912,11.8331229859,28.0435748543,48.2317987872,68.3407448906,70.0867468097,76.8909100094,76.8433668288,68.6146328968,81.1733496913,75.7346137636,72.5948547729,72.1756726471,76.2158856733	3	growth	0.12	220000
247527	0,1,2,3,4,5,6,7,8,9,10,11,12,13,14,15,16,17,18,19	111.069153198,115.728595357,110.545276547,113.176971675,115.803439854,124.200851779,145.339065012,174.027637166,188.97918583,210.347712793,227.11946958,228.361453783,234.446161221,233.495329085,229.339476388,241.759277402,227.382131762,235.994574856,234.134180247,230.034656119	3	growth	0.12	220000
244720	0,1,2,3,4,5,6,7,8,9,10,11,12,13,14,15,16,17,18,19	76.5487734773,73.1445858228,77.3284967341,68.8426295271,76.6444947065,74.3659811605,99.8351457329,128.879224452,148.846368745,171.278280584,179.641093373,192.315404503,187.738342047,202.592601436,188.718405322,191.728090237,195.453032246,195.47189206,188.622224175,201.616255236	3	growth	0.12	220000
246166	0,1,2,3,4,5,6,7,8,9,10,11,12,13,14,15,16,17,18,19	5.33751834896,4.61997276505,17.0949532201,9.38598258196,17.0874158949,15.8369044118,42.9390496297,70.1063368347,99.9488251605,118.330117299,125.828052923,135.254964988,125.735119234,139.014048767,138.538449013,135.322850312,134.611818089,134.848253981,129.105896352,128.772793789	3	growth	0.12	220000
246314	0,1,2,3,4,5,6,7,8,9,10,11,12,13,14,15,16,17,18,19	3.42624127888,2.62385212613,11.5624317488,-2.65641010279,1.93897803689,6.71920687045,36.6574065052,60.003816212,90.0816438072,104.844609602,122.653519782,120.280199809,130.337252468,121.023700771,128.739604691,128.548953317,129.173054215,129.200829278,134.383097951,127.142265284	3	growth	0.12	220000
244581	0,1,2,3,4,5,6,7,8,9,10,11,12,13,14,15,16,17,18,19	-36.7822877706,-38.4270062374,-37.0427541342,-43.0815965193,-35.569470306,-33.4797345909,-11.2153090309,12.7644136833,37.5192266683,64.5724889813,74.9835931498,82.5484087653,74.8761631407,74.5036325396,89.1449348683,78.9075796752,82.9316247234,85.3284978544,83.3474778315,88.042711792	3	growth	0.12	220000
245878	0,1,2,3,4,5,6,7,8,9,10,11,12,13,14,15,16,17,18,19	-105.516711757,-94.587770233,-94.9227755551,-89.3565857677,-96.8199862674,-87.6815900644,-66.2982222654,-35.0930028125,-13.9632923464,9.56931130399,19.6449268989,20.6782153888,16.6847247108,31.9942343225,31.7273877697,20.1555285569,21.5292308793,23.5744197489,30.7955928436,20.2644041427	3	growth	0.12	220000
247464	0,1,2,3,4,5,6,7,8,9,10,11,12,13,14,15,16,17,18,19	10.2298624959,12.3556690439,3.53972571157,11.9617931164,12.9865667069,18.7274931678,32.0883994705,69.987140764,97.5175772545,98.7366161869,113.883427225,116.162704874,131.829120344,119.597780842,127.655645055,121.212658006,125.270491977,132.224681327,126.542373352,126.004115535	3	growth	0.12	220000
244889	0,1,2,3,4,5,6,7,8,9,10,11,12,13,14,15,16,17,18,19	-84.5211434197,-88.521080691,-93.4765428199,-89.594695009,-86.936772462,-80.1373349846,-53.7064285434,-26.2357071344,2.9378271159,9.21458953937,30.0849235384,34.2457530956,42.1664249189,39.9674987784,43.1889577649,41.7549336252,36.3297416888,36.824138841,36.9809966456,40.5260296943	3	growth	0.12	220000
245507	0,1,2,3,4,5,6,7,8,9,10,11,12,13,14,15,16,17,18,19	112.985521252,111.560267378,114.093140421,119.530157217,113.745815964,123.012232579,148.68248526,173.785736384,206.949965587,208.413236447,229.380218082,227.135015754,237.258626314,235.784626968,231.066407991,232.675379529,241.51726305,243.336778571,235.905130659,237.154534202	3	growth	0.12	220000
247930	0,1,2,3,4,5,6,7,8,9,10,11,12,13,14,15,16,17,18,19	-65.798493241,-56.7337114371,-55.18231715,-61.7733793524,-66.4675641456,-50.4866636743,-26.8984564831,5.88842909638,18.2765685718,43.1186199349,57.2828464658,55.5246399162,53.4004388792,59.9010474962,69.1166629186,68.7725346831,60.4473364699,72.1390698017,60.7115552186,67.5684971175	3	growth	0.12	220000
244632	0,1,2,3,4,5,6,7,8,9,10,11,12,13,14,15,16,17,18,19	-88.991727394,-88.9878378203,-92.3610823051,-94.449419812,-83.6252778884,-74.5114038128,-65.6452516633,-29.6183621437,-2.27799334115,16.7395803562,30.5297346557,24.3700201991,27.0562972402,40.9655700275,41.6393183878,38.0641146934,40.5288570754,32.2562919159,30.1283303713,35.9820966342	3	growth	0.12	220000
244132	0,1,2,3,4,5,6,7,8,9,10,11,12,13,14,15,16,17,18,19	-44.8753282845,-46.1657998737,-35.8592039265,-46.7206977584,-43.2851803915,-39.0308925428,-14.3343900746,21.6073638177,45.3494183401,56.0356629251,79.299913518,82.9552683879,81.2620079831,84.5271705534,75.4227015654,80.2588867545,84.5014956404,83.0894907182,92.2860359986,78.0936156128	3	growth	0.12	220000
244595	0,1,2,3,4,5,6,7,8,9,10,11,12,13,14,15,16,17,18,19	-107.708790113,-101.075311321,-112.528321714,-100.060264841,-97.2558842345,-98.0514809573,-68.2968031293,-43.8515618972,-18.5344820812,1.040909426,13.4541200994,15.7953528956,8.5533903366,19.967834748,25.1085804536,24.943712,17.7938048054,22.6580193888,21.3293869351,18.7589434421	3	growth	0.12	220000
246320	0,1,2,3,4,5,6,7,8,9,10,11,12,13,14,15,16,17,18,19	-106.595483607,-102.980836593,-109.052418166,-111.394096458,-102.546988453,-95.9339723805,-78.2991518201,-47.0667811192,-11.7583740684,-8.41255145494,12.5513775474,14.2899012996,23.9367114901,23.5960783771,18.9518833771,21.3954380847,25.8808650589,27.9772265891,14.1929404583,26.2022424853	3	growth	0.12	220000
245024	0,1,2,3,4,5,6,7,8,9,10,11,12,13,14,15,16,17,18,19	43.9138398366,52.8243375291,52.5053050877,55.9545936719,43.9688143665,50.0567708328,82.5627454177,100.271805901,132.874475441,153.207097203,160.91669336,163.608145665,172.513088547,164.36153412,177.668129665,180.317992924,168.495460311,167.183845113,169.316031388,175.060625759	3	growth	0.12	220000
246150	0,1,2,3,4,5,6,7,8,9,10,11,12,13,14,15,16,17,18,19	-52.8388467284,-53.8958085882,-62.6627054821,-62.834705695,-58.0485757843,-42.7566989773,-32.3196249274,10.9554140328,28.8925235786,44.3930091147,55.7867398159,62.5398663751,72.3851342063,60.3551637888,73.2755809912,71.7883957732,66.6894890437,72.7922021932,77.8652281162,73.3190959028	3	growth	0.12	220000
244594	0,1,2,3,4,5,6,7,8,9,10,11,12,13,14,15,16,17,18,19	32.170576922,27.304109757,22.8258662829,34.0846037101,34.4072626541,30.2441159547,68.3013873539,83.8524635829,112.233089688,135.771505843,149.599513062,146.056894688,157.739728279,158.425276122,159.760995833,149.702649701,153.088292309,157.701309238,159.149352731,152.38152093	3	growth	0.12	220000
245674	0,1,2,3,4,5,6,7,8,9,10,11,12,13,14,15,16,17,18,19	-32.9954718503,-24.1564922262,-35.869131685,-36.6855430575,-31.4362474518,-13.4821577408,-1.43273165862,31.0961069329,56.5666423102,76.1922153882,79.4911891151,96.9810626135,92.7588182813,88.5845867479,89.0624189057,95.6996245971,100.743281746,101.254158159,102.496364264,94.8185436343	3	growth	0.12	220000
244225	0,1,2,3,4,5,6,7,8,9,10,11,12,13,14,15,16,17,18,19	-86.3792824054,-85.2695709088,-79.2228171368,-80.3130509398,-91.4075090152,-80.3297795923,-54.9997398951,-32.092754682,7.97603582924,23.7415930997,28.2852455131,38.0682144596,39.9551511206,46.0633008448,45.6106547407,45.7227124466,45.6283310489,40.8604583539,44.9001253873,45.8329355618	3	growth	0.12	220000
247279	0,1,2,3,4,5,6,7,8,9,10,11,12,13,14,15,16,17,18,19	-89.4785901086,-92.8566585525,-84.0207729312,-84.155317923,-99.1932423262,-80.4088953757,-69.7616723923,-28.9036771329,-14.6711852689,9.30813617816,16.990744642,24.2625844207,26.3151092729,29.9726123663,28.9686889748,38.1517800729,25.7732626926,37.4083812771,34.8178983151,26.1899030099	3	growth	0.12	220000
246615	0,1,2,3,4,5,6,7,8,9,10,11,12,13,14,15,16,17,18,19	37.7334491905,33.6293436215,37.3233809161,24.6739499102,34.7971162222,39.0650318677,62.5722708737,96.8262599714,125.397820644,132.325231742,151.794267121,143.046871184,156.72581245,161.940691377,164.932388749,151.483678604,161.478453537,165.075745833,150.786790551,158.138296834	3	growth	0.12	220000
247442	0,1,2,3,4,5,6,7,8,9,10,11,12,13,14,15,16,17,18,19	46.3600891429,54.9007722412,47.0730938597,53.2891279106,59.7537256839,57.1502345501,88.5871523445,115.933791869,139.930385735,150.893671008,174.759751989,170.331375992,174.237196019,175.020404205,175.488912527,173.093074234,172.067541896,174.089989505,170.876989317,177.155965245	3	growth	0.12	220000
245125	0,1,2,3,4,5,6,7,8,9,10,11,12,13,14,15,16,17,18,19	-102.641046555,-94.8485600638,-100.283259754,-95.4738314849,-98.594442419,-84.0368293367,-65.5211113617,-33.3108644086,-9.75628220128,12.6600158865,16.2739755768,26.5910184676,19.9022033675,32.9025267254,22.6321445863,28.7031970645,28.6849817237,32.0355537514,34.9935123405,33.9822339302	3	growth	0.12	220000
245022	0,1,2,3,4,5,6,7,8,9,10,11,12,13,14,15,16,17,18,19	-80.2036647308,-80.894942558,-77.3701140484,-88.113975738,-73.712967253,-70.2853806856,-48.1441039196,-28.8145381862,8.55529253295,27.4507594909,23.1964826861,35.5600718228,36.2635562162,35.5039691367,44.4480071557,42.6695741522,37.9614035617,41.781990678,36.4112293311,49.6572090142	3	growth	0.12	220000
246358	0,1,2,3,4,5,6,7,8,9,10,11,12,13,14,15,16,17,18,19	107.296448036,107.130192366,99.5597031406,105.883014053,105.085444185,114.063984849,128.878227904,156.320469944,191.222060359,194.3702824,214.362654145,219.662684454,229.4525028,231.160007732,229.154565183,220.914541839,226.232598283,223.463486137,221.260974928,225.132677518	3	growth	0.12	220000
247793	0,1,2,3,4,5,6,7,8,9,10,11,12,13,14,15,16,17,18,19	-111.040613699,-108.155835476,-100.954957549,-100.426108537,-113.262633924,-105.528144204,-82.853614692,-43.5453318832,-16.9581411033,-9.92119478605,-2.53047482698,15.0734282982,18.9695151806,21.9054468937,16.210497138,16.7523931152,25.4550330881,13.8698320253,17.6220383881,22.6390313899	3	growth	0.12	220000
245717	0,1,2,3,4,5,6,7,8,9,10,11,12,13,14,15,16,17,18,19	80.145169386,68.2157707125,78.9993012996,75.7601656621,68.7712205601,78.6847353962,105.589065859,136.661642734,160.852695354,180.597598085,194.0743842,188.264128705,200.31806707,203.257937655,200.573974517,203.672297229,192.794787763,195.827470494,203.048573307,199.870095731	3	growth	0.12	220000
244637	0,1,2,3,4,5,6,7,8,9,10,11,12,13,14,15,16,17,18,19	-20.6680414399,-24.5889464078,-28.4751912506,-34.4511317257,-27.0210429966,-19.2203865141,5.70315226865,39.2312838925,58.4265687778,66.132286723,78.5602592849,94.5987575554,91.8251497523,91.2969919081,99.6729632531,90.3555690143,90.7007180717,96.2423992816,89.4100405749,91.8436089032	3	growth	0.12	220000
244128	0,1,2,3,4,5,6,7,8,9,10,11,12,13,14,15,16,17,18,19	-53.6266649581,-55.9156944027,-58.9158531209,-52.4953406323,-51.6682281452,-46.3497969454,-31.6031687812,-1.55668716622,31.4626491288,38.4413814713,47.1700852233,62.2141569159,64.3301872298,67.366374383,63.8331833298,58.8403869246,66.6949045996,72.8475032847,73.2809092302,68.6897797468	3	growth	0.12	220000
246604	0,1,2,3,4,5,6,7,8,9,10,11,12,13,14,15,16,17,18,19	85.701604814,84.1075875608,87.5924072793,92.5318302347,99.6039003895,107.077239271,122.851295841,154.865855606,175.627692314,193.644045945,200.014015257,211.748409606,213.787526476,207.994413939,206.96538608,218.187310685,207.809067889,217.441181126,215.007604701,209.708450852	3	growth	0.12	220000
247485	0,1,2,3,4,5,6,7,8,9,10,11,12,13,14,15,16,17,18,19	49.2166352596,47.9915288676,41.3096775378,37.3874196857,41.392879297,53.828978946,74.6467365435,111.343507102,130.787310027,146.112042427,156.892470027,154.518407059,163.557301424,172.620952965,163.62973848,167.529171254,163.16732342,167.581731387,161.740381653,170.106623635	3	growth	0.12	220000
244470	0,1,2,3,4,5,6,7,8,9,10,11,12,13,14,15,16,17,18,19	-19.3869445675,-32.1162125138,-23.3119126924,-28.6079727756,-27.8360972412,-14.6621689536,1.25995665725,29.1701425307,64.9609700628,70.9476970285,85.8717336312,98.7639837758,97.2561866071,100.530782948,93.701520076,97.3788763768,99.2023821331,103.846326427,106.142886213,107.638327498	3	growth	0.12	220000
245041	0,1,2,3,4,5,6,7,8,9,10,11,12,13,14,15,16,17,18,19	112.118958992,108.41683651,107.549762053,108.18889129,109.644564559,123.536818482,143.319895297,173.265564961,194.90547835,222.278060538,230.445377036,237.598542823,240.257372398,244.970144033,236.826092896,233.952929258,239.237593589,235.21522578,232.722517577,247.376114806	3	growth	0.12	220000
246247	0,1,2,3,4,5,6,7,8,9,10,11,12,13,14,15,16,17,18,19	1.00103261524,5.28406628095,7.21229339698,-2.95545306056,4.69184495336,2.89700515309,29.489585721,60.6764360412,94.481532386,104.774071344,111.250661348,126.168643757,125.438359793,125.819671609,127.329305145,133.126869844,119.134038641,119.182537025,128.525692732,127.071727169	3	growth	0.12	220000
246459	0,1,2,3,4,5,6,7,8,9,10,11,12,13,14,15,16,17,18,19	-63.6251731161,-63.3826390386,-68.0636225259,-72.3680201353,-59.8032114119,-59.4776844968,-44.4602968792,-8.32217547334,10.3483852213,40.6156409354,39.2193444104,43.7340965394,62.6965474892,50.2675557471,60.3636298931,51.583596534,54.84218415,63.5475878884,60.6244893563,50.161447296	3	growth	0.12	220000
245724	0,1,2,3,4,5,6,7,8,9,10,11,12,13,14,15,16,17,18,19	-20.1413201688,-21.8455449434,-23.5876648157,-27.3897203901,-18.0574776489,-23.5725321321,7.43624436656,36.4626781839,56.5791190163,82.9916306624,84.2440386396,95.6883672483,95.5715264761,103.641412638,106.597614258,95.9250069043,102.711404602,96.250987699,101.978134556,108.094393849	3	growth	0.12	220000
247408	0,1,2,3,4,5,6,7,8,9,10,11,12,13,14,15,16,17,18,19	-33.4317834764,-29.9400199979,-30.8703077003,-31.0404806594,-29.9513694154,-17.7924502241,-1.449094069,33.5986788907,49.4287434731,71.5494424195,81.3365024491,87.670497138,93.0540645377,86.7043689293,86.492895207,90.2475203912,94.8929199481,99.5040717215,99.3569439476,87.5891927935	3	growth	0.12	220000
247733	0,1,2,3,4,5,6,7,8,9,10,11,12,13,14,15,16,17,18,19	-32.5912937045,-38.3450642625,-32.8191561312,-45.576092897,-32.11373421,-30.852934402,-11.1673172807,26.6783507408,47.1022134938,63.1712876278,79.028086876,85.6778687809,77.3947874787,79.7561704877,82.3292923959,79.8187817552,90.834511764,79.5997328793,80.4463208374,89.6597570769	3	growth	0.12	220000
246520	0,1,2,3,4,5,6,7,8,9,10,11,12,13,14,15,16,17,18,19	-103.497255861,-95.8299715499,-103.008094343,-99.9240083988,-100.052036471,-96.265702676,-64.4128542588,-47.2032496842,-13.2942998486,2.00134854479,13.8915135032,9.38738875849,27.7664283417,13.9132107507,15.8952156852,28.8316323598,21.6103488401,16.9957825029,26.7146386066,19.4644455025	3	growth	0.12	220000
245046	0,1,2,3,4,5,6,7,8,9,10,11,12,13,14,15,16,17,18,19	-55.6274668387,-49.2408811273,-57.3748200715,-58.0742855943,-54.141900134,-43.1619388943,-26.0324166482,2.30786834678,28.4706954417,54.4617644946,60.8777040427,64.7793418526,77.5775176647,72.1925507677,78.1293320327,75.6588973792,76.8236561488,75.6796086875,81.0169804818,69.1681811188	3	growth	0.12	220000
247119	0,1,2,3,4,5,6,7,8,9,10,11,12,13,14,15,16,17,18,19	6.24122156411,7.94826649107,15.6819474915,16.8454741185,2.84153281122,23.3915381858,36.5430079619,67.4700688449,101.843421715,117.418782455,117.176797432,129.600535481,126.103658211,134.322796372,126.193849438,137.058408818,134.827885136,129.266050159,140.33111394,136.732826247	3	growth	0.12	220000
245593	0,1,2,3,4,5,6,7,8,9,10,11,12,13,14,15,16,17,18,19	11.9517198211,22.1405626012,28.2150327176,23.2860564348,24.7658407153,26.4616110706,48.6705749731,87.6547158343,109.714692725,126.73867206,140.839274114,141.678198755,141.132815006,140.493675073,144.535639856,143.400900567,141.540617824,136.688385747,148.166444329,143.226509626	3	growth	0.12	220000
247548	0,1,2,3,4,5,6,7,8,9,10,11,12,13,14,15,16,17,18,19	35.5942430898,32.0668049377,32.787134523,48.3188855431,48.6558508487,44.2563172797,72.4272922004,101.749016774,117.410341603,148.84142386,153.14935626,160.603262097,162.303453522,169.879378549,162.22422927,161.846228744,158.183982572,165.889540292,162.158580867,163.923392255	3	growth	0.12	220000
244746	0,1,2,3,4,5,6,7,8,9,10,11,12,13,14,15,16,17,18,19	17.327007953,23.1734749618,24.5647658089,25.0697232249,15.4226054825,19.5815785721,44.0573234023,70.5134142516,105.504627104,121.528673531,128.761935658,133.348071342,136.393539497,139.840371808,141.195148342,139.206441716,139.078855515,140.979695315,149.192705253,147.628000682	3	growth	0.12	220000
244491	0,1,2,3,4,5,6,7,8,9,10,11,12,13,14,15,16,17,18,19	-40.4761738868,-40.3560172368,-43.6481774173,-37.1777400257,-36.786815042,-24.4642485033,-7.42129287571,26.0065921876,45.3160199902,64.6565905587,72.4956936174,86.0437189352,84.1468875719,76.6040719968,88.7655098578,77.9531342275,91.9345387586,88.3577701973,88.7900278818,82.7764486345	3	growth	0.12	220000
247945	0,1,2,3,4,5,6,7,8,9,10,11,12,13,14,15,16,17,18,19	103.809945471,108.922476289,98.4776065435,110.444236975,104.638658862,114.586867966,138.855161055,174.566049067,196.927482247,211.344527643,220.318851072,227.46291711,227.645850687,237.469705337,234.229908369,228.257576651,225.950814717,226.895125257,237.38358579,239.056694465	3	growth	0.12	220000
244145	0,1,2,3,4,5,6,7,8,9,10,11,12,13,14,15,16,17,18,19	53.4945018859,45.3890198659,53.3413541064,46.6966591907,49.9647897065,65.1491881821,82.4871525219,104.613684366,133.993943925,156.343497892,156.006950584,165.481477749,173.690732004,164.565151675,179.949267293,176.961470518,176.164423522,173.195926456,166.363228442,166.004856541	3	growth	0.12	220000
247705	0,1,2,3,4,5,6,7,8,9,10,11,12,13,14,15,16,17,18,19	29.8899270885,25.042548658,33.223783961,28.4378528546,30.9856520117,46.7991811906,59.0218254125,90.2209900796,116.619764084,130.579972606,146.744912302,151.138833171,150.777937819,149.527786048,162.77276869,161.050375738,157.070291217,153.428411973,163.738902027,166.446785173	3	growth	0.12	220000
288120	0,1,2,3,4,5,6,7,8,9,10,11,12,13,14,15,16,17,18,19	-4.24678909959,-5.45145745188,-5.32653712993,-3.2783579095,-2.93603246373,-0.50622528579,3.38534815007,6.2337131204,10.1756532739,13.4026900924,13.4483737353,12.882129741,12.3390327484,7.88215000534,1.6792698238,0.0083089391678,-3.62378266349,-3.78098415563,-5.86818455354,-4.13078270231	1	norm	0.12	264000
290509	0,1,2,3,4,5,6,7,8,9,10,11,12,13,14,15,16,17,18,19	16.9053035504,17.8594415053,17.692532305,18.1192391115,20.0476394742,24.3092941154,26.6796889951,29.9702219243,33.3274849414,36.4230569201,37.2542344421,35.9079180325,35.7330498994,29.235785585,25.8428163205,22.3897058697,20.254272304,19.2805965854,20.1253560034,17.4467276125	1	norm	0.12	264000
290398	0,1,2,3,4,5,6,7,8,9,10,11,12,13,14,15,16,17,18,19	15.886308539,14.7411612879,17.0230588807,17.8051099726,16.9807708435,21.3635360915,23.5109038793,26.5249026319,31.951418416,35.410169737,35.4045307154,34.5074919283,31.2972631958,26.8411058375,22.1126137618,20.1789530356,18.6209069938,16.8897936398,15.8750412971,15.4905630253	1	norm	0.12	264000
288111	0,1,2,3,4,5,6,7,8,9,10,11,12,13,14,15,16,17,18,19	12.4042548263,14.188266047,13.2628308237,16.15885485,17.6847521145,17.6590386124,20.6764484524,26.6480650607,28.850746354,32.1863922114,32.286582153,33.3010633313,28.1723592624,24.4187796878,22.9543562503,18.5279238143,15.7281870752,13.9641069897,13.8632389023,13.291358093	1	norm	0.12	264000
290730	0,1,2,3,4,5,6,7,8,9,10,11,12,13,14,15,16,17,18,19	5.6634391156,8.09052254015,6.25244952384,7.01520272306,8.4139723525,11.7182273169,14.738073633,20.3300530205,24.3248772656,25.108376174,26.4630420801,26.5730690132,21.4625419045,20.339355569,16.1283424003,10.6021023245,8.71147432702,8.69608954908,6.62666721453,7.80597615788	1	norm	0.12	264000
291349	0,1,2,3,4,5,6,7,8,9,10,11,12,13,14,15,16,17,18,19	-4.60478568311,-3.36508316072,-1.65807385065,-2.77298110905,-1.59280864327,2.01619916998,4.98338597694,7.26413168253,11.2963745535,15.9000812586,16.0199264122,16.3656209789,12.2210529074,9.69982090305,3.46044419044,1.71867769745,0.239068164834,-1.72743942044,-1.60708626824,-2.8172150158	1	norm	0.12	264000
291587	0,1,2,3,4,5,6,7,8,9,10,11,12,13,14,15,16,17,18,19	11.1123341181,9.58523268652,11.0864909591,11.5556333617,13.2751898523,17.0911934701,18.3453839283,23.448475352,25.584228524,30.3816534793,29.5888504256,29.0569501998,27.6721085281,21.4186870828,17.8957534892,16.0010557093,12.9976897826,13.3555734518,10.4295848923,10.5177766864	1	norm	0.12	264000
291828	0,1,2,3,4,5,6,7,8,9,10,11,12,13,14,15,16,17,18,19	-17.7513040205,-17.8168736907,-18.2893134001,-17.8644137392,-15.0418505933,-12.1948224505,-10.3078011249,-5.41063024934,-1.9482718236,-0.854704744518,1.63315260058,1.61712412577,-3.52871955809,-6.69399527049,-11.0445005617,-12.2360366814,-14.1558904123,-18.4044109851,-19.1665351069,-18.8688913431	1	norm	0.12	264000
288831	0,1,2,3,4,5,6,7,8,9,10,11,12,13,14,15,16,17,18,19	-12.7834791437,-13.3234603458,-13.6935326215,-12.6025087123,-12.314595527,-10.2430664648,-6.49270424666,-0.447844294816,2.90039566604,6.0807475418,7.38254077831,4.01772448421,2.41666054634,-0.822099007314,-4.22052094618,-9.66778728738,-12.6011191303,-11.7521462657,-12.4491471674,-14.6508079266	1	norm	0.12	264000
288176	0,1,2,3,4,5,6,7,8,9,10,11,12,13,14,15,16,17,18,19	1.80953006079,2.98836841596,3.83759940301,3.73736814271,5.06177486943,6.76772523431,10.4830198388,15.5365539913,19.4690589618,20.9149723531,21.8432776551,20.3680433183,18.283682008,13.1055207757,9.94175655853,8.88296419324,5.9646991344,4.81873557394,3.72369221557,1.54821375495	1	norm	0.12	264000
291980	0,1,2,3,4,5,6,7,8,9,10,11,12,13,14,15,16,17,18,19	-15.1918978679,-13.2463155107,-13.8515541125,-13.3121999942,-13.1573382319,-10.2635086577,-7.75964350188,-3.59188502161,1.19229221305,3.40044766013,6.58141967005,5.64448578621,1.38165794128,-2.11530549031,-6.79301198931,-8.14516794423,-10.367039421,-13.5913901337,-13.304022915,-14.9518134089	1	norm	0.12	264000
290999	0,1,2,3,4,5,6,7,8,9,10,11,12,13,14,15,16,17,18,19	-11.9512223381,-10.5552991946,-9.97125101547,-8.46517224059,-6.81183469229,-5.81381103092,-3.95979762246,0.201299889172,4.42435958982,7.90411507311,8.24429645766,7.43062980552,4.13419736073,1.78843484545,-3.97062540638,-6.79078883946,-8.43193313029,-7.98686575712,-10.0790845034,-10.7421914464	1	norm	0.12	264000
291784	0,1,2,3,4,5,6,7,8,9,10,11,12,13,14,15,16,17,18,19	8.11474342644,8.12362758271,7.97517923688,10.3945905272,9.4794769241,12.2160808678,15.870502692,20.5471623581,23.1526823521,25.8943768945,28.3678340015,27.0118305484,24.5690622796,18.8811008415,16.4396931981,14.1645334106,10.6382193334,8.48072498953,7.0929844425,9.46285662031	1	norm	0.12	264000
289477	0,1,2,3,4,5,6,7,8,9,10,11,12,13,14,15,16,17,18,19	-9.54959578324,-9.92648731887,-8.19785447947,-8.80037564767,-5.23343011222,-4.79532653851,-0.361765131082,1.90328492092,5.94988218787,10.4119492736,10.4802977673,11.0502903558,7.34328553592,4.5038040311,-2.25300440646,-5.4398875761,-5.29155093859,-8.52255829555,-8.47208307298,-7.898049665	1	norm	0.12	264000
290958	0,1,2,3,4,5,6,7,8,9,10,11,12,13,14,15,16,17,18,19	-9.26027498033,-7.96497297667,-7.71125950553,-6.54348252781,-4.43407130728,-2.8037700663,-0.951947264577,4.08533428463,7.59239050232,11.2381173498,12.5656865163,9.77343624596,7.78015605358,2.69941322934,1.0962310252,-2.70269734426,-4.34292069759,-6.19268312532,-6.78197807518,-8.82943106448	1	norm	0.12	264000
288645	0,1,2,3,4,5,6,7,8,9,10,11,12,13,14,15,16,17,18,19	9.88789021606,10.2473303655,10.5934791005,12.9513821821,12.3165033304,14.7254159045,19.3095088296,22.9837426243,27.6865695404,31.0821286649,31.6531066104,29.1719636674,25.789529163,23.6208988156,20.2549687701,17.0370791396,14.5969717676,12.7615233335,11.1314032454,11.5941640347	1	norm	0.12	264000
290286	0,1,2,3,4,5,6,7,8,9,10,11,12,13,14,15,16,17,18,19	8.51656769492,8.0759741223,7.73985324781,8.38866074841,10.0511868404,13.0389935801,16.5592592771,20.0522482054,24.4809249065,25.6809725753,26.8892641937,27.009304605,22.7638787136,19.871346651,15.7479236789,14.1388464041,10.3499191028,9.26801212345,7.00187971236,9.30491839429	1	norm	0.12	264000
289019	0,1,2,3,4,5,6,7,8,9,10,11,12,13,14,15,16,17,18,19	11.2900469584,10.8246482385,12.2947998683,12.6043301533,14.2727560962,16.9018975805,19.3254570359,23.3686290781,28.6439678517,29.8720671756,30.1165315098,29.5583019641,28.0417347618,24.7605398816,19.9555666507,16.0713580934,15.3980719133,12.8361995114,11.882975303,10.2523202372	1	norm	0.12	264000
290489	0,1,2,3,4,5,6,7,8,9,10,11,12,13,14,15,16,17,18,19	6.06731053917,4.11257171919,6.43626339741,7.34011933991,6.90569646922,9.58456352547,14.278462596,17.3808699031,21.0898147825,24.7211312369,24.8103019935,22.8605773544,21.8559093458,17.6388388055,13.3291493949,8.40675302003,8.29830865082,5.84738611648,5.95274687061,3.78659369345	1	norm	0.12	264000
291329	0,1,2,3,4,5,6,7,8,9,10,11,12,13,14,15,16,17,18,19	-1.27696256116,-2.44519817789,-0.959595223124,0.32725393835,1.19204512905,1.52348531481,6.80421737726,9.60912571341,14.6023165588,17.9409974367,16.3093895865,16.2430655955,14.985398264,8.64038090399,4.93949540897,1.24140236111,1.10079559586,-2.21993819986,-1.25318625117,-3.58281100174	1	norm	0.12	264000
288417	0,1,2,3,4,5,6,7,8,9,10,11,12,13,14,15,16,17,18,19	15.6591140108,16.154040394,16.4735618576,17.9461465425,17.5523050466,20.9398550945,22.0434861798,26.2675051634,30.4482755602,33.1824246094,35.5766495131,33.6637356388,29.9720565402,28.3787748868,24.8440123576,20.1166096772,17.7083875852,15.2417263868,16.1787964257,14.4059580526	1	norm	0.12	264000
289204	0,1,2,3,4,5,6,7,8,9,10,11,12,13,14,15,16,17,18,19	-3.31163432669,-1.68746902804,-2.54764613352,-1.28616578738,-0.000794138080004,3.52802680068,5.74728030821,9.57193691165,13.4145286202,14.8634754526,18.0147701387,15.0273231048,14.1917422729,10.0055889546,6.90391800756,2.40109623145,1.49363163712,-0.955649227526,-0.927888467772,-2.07099650951	1	norm	0.12	264000
290345	0,1,2,3,4,5,6,7,8,9,10,11,12,13,14,15,16,17,18,19	-2.04945741831,-1.87118927852,-1.67834016002,0.228592871565,1.24327057513,3.99773133624,7.17931972939,10.2543558141,15.2948905874,17.5649152417,17.818680767,17.4177738074,16.3595877338,10.5265125048,8.41855873109,2.81324333954,2.3648726485,0.319620579285,-0.666402807115,-0.668022297026	1	norm	0.12	264000
288052	0,1,2,3,4,5,6,7,8,9,10,11,12,13,14,15,16,17,18,19	-12.3613601162,-12.814943993,-11.6815355681,-12.7540367483,-10.4952260082,-7.93679714946,-3.14556986306,-0.0791323310377,3.97904438463,5.67748375979,7.76628673821,5.89082974833,2.40082976616,-0.675275566986,-3.64900356887,-8.26813570012,-9.47696453418,-12.7237735821,-10.8670165095,-12.9509947196	1	norm	0.12	264000
289984	0,1,2,3,4,5,6,7,8,9,10,11,12,13,14,15,16,17,18,19	15.1961269878,14.413265593,14.7806965469,17.8658842225,19.110212832,18.6968836313,24.0543472647,26.3895515286,30.9161656841,33.3915522487,35.8376395174,34.4360472099,31.2647810269,26.1020463028,22.9577555189,21.427918294,17.2494852267,15.7170053469,16.9363442473,16.7399876515	1	norm	0.12	264000
290358	0,1,2,3,4,5,6,7,8,9,10,11,12,13,14,15,16,17,18,19	-9.23673871345,-11.5573371068,-10.083561532,-8.20599517656,-6.95766796176,-6.04323639281,-1.96012706609,0.395537722221,5.97792303129,7.51344046409,10.7100493748,6.9517710707,6.69140130479,0.608505603545,-3.98775074884,-6.87852168913,-7.52789868287,-8.66269950173,-11.2792340077,-11.461405642	1	norm	0.12	264000
288664	0,1,2,3,4,5,6,7,8,9,10,11,12,13,14,15,16,17,18,19	-16.6570324053,-16.7819378613,-15.9449932878,-15.6166488371,-12.5093815163,-9.75536897737,-8.90464161419,-3.16567940505,0.340805728065,2.71937560907,3.93961339896,3.26086436289,-0.455687212597,-4.4847625248,-6.98284231101,-11.7218205072,-11.9676988741,-14.6977491917,-14.2120251169,-14.4329640589	1	norm	0.12	264000
291257	0,1,2,3,4,5,6,7,8,9,10,11,12,13,14,15,16,17,18,19	7.33634647283,8.25724246861,8.7708048068,7.41692762533,11.56431839,13.3495146213,16.2364150664,19.2568836588,22.960528022,25.2821524432,27.4193117352,25.5091040432,24.1843877433,19.7809835336,14.4614895198,11.7288960388,8.78125217596,8.4517170577,6.69880233239,6.94816554305	1	norm	0.12	264000
290903	0,1,2,3,4,5,6,7,8,9,10,11,12,13,14,15,16,17,18,19	7.91848247176,8.43953803164,9.63142839727,9.08316701379,9.78751211963,13.2166149215,16.2067790124,18.707558647,23.0805384242,27.3678485909,27.6245228815,25.9333464866,23.0095294356,20.0791942584,17.5668414948,13.9238206238,9.94501909057,10.3752580048,9.98675690543,7.92203043801	1	norm	0.12	264000
288918	0,1,2,3,4,5,6,7,8,9,10,11,12,13,14,15,16,17,18,19	17.8845498427,16.3246728465,17.6701842532,17.4631484453,18.7650685437,22.0536124442,24.4320884235,27.5325359897,31.7916216064,35.7270507025,37.2581029673,34.9563044409,31.4588113762,27.4866201409,26.0811255278,21.2580666013,19.6568658979,17.6962187285,18.275730275,16.7730578938	1	norm	0.12	264000
291011	0,1,2,3,4,5,6,7,8,9,10,11,12,13,14,15,16,17,18,19	3.75341837282,4.69538471377,4.30920491679,5.13613957813,6.71226308108,9.4869573987,10.6203828107,15.885804388,19.5567289785,22.3874217874,22.3248965481,22.607358142,19.9896608485,16.0378002579,12.7994476932,9.90812426796,5.23514619429,5.11147515019,3.86744098454,4.04672771321	1	norm	0.12	264000
290861	0,1,2,3,4,5,6,7,8,9,10,11,12,13,14,15,16,17,18,19	3.20879017479,4.14680991217,5.57301162514,6.47558613081,7.6270982598,8.09485123322,12.6560886259,17.1033441498,18.9647939066,22.4926595733,23.3908636441,24.2483464342,20.2308813982,17.2809867187,12.3636632603,10.1121772772,8.03080308142,5.7792314164,3.86126282673,4.54783640276	1	norm	0.12	264000
289623	0,1,2,3,4,5,6,7,8,9,10,11,12,13,14,15,16,17,18,19	-8.33907829433,-8.65639195889,-8.81794316214,-9.00489995857,-7.19902581292,-4.28726747321,-2.20758847876,2.75076347836,6.31913485284,8.56687377545,10.8766692999,8.59865081963,6.99364544276,1.28281704344,-1.94863590344,-5.45043591183,-6.96686161912,-8.54934040072,-9.88260151419,-8.87021828302	1	norm	0.12	264000
288662	0,1,2,3,4,5,6,7,8,9,10,11,12,13,14,15,16,17,18,19	-10.4915729247,-11.2071723046,-9.77800387343,-9.19478633884,-9.42579984021,-4.61438869235,-1.21584400466,0.17448174197,5.0108979579,7.76051691189,8.44147894885,7.43115409408,6.5274631945,1.13295948062,-3.92387366211,-5.96460849629,-8.21777738492,-10.2654467801,-11.4430729607,-10.5359829082	1	norm	0.12	264000
288370	0,1,2,3,4,5,6,7,8,9,10,11,12,13,14,15,16,17,18,19	-1.89363020169,-2.2864864104,-1.85748035691,0.814164533863,1.50111821289,1.99549183255,5.71532694786,11.7656459663,12.7262521343,17.1103211512,16.7780668972,16.9921530638,13.7518865164,9.22513164091,6.34658895041,3.99075525556,1.34693784498,-1.62370936625,-1.69430480653,-2.94110654323	1	norm	0.12	264000
291421	0,1,2,3,4,5,6,7,8,9,10,11,12,13,14,15,16,17,18,19	-16.6702980413,-16.7448830275,-16.5981129082,-13.1207380652,-12.0879550572,-12.1418749141,-8.52880658288,-4.17612389715,0.503990318691,4.29090537221,5.24615825872,2.88333308213,1.35715702863,-2.83492050909,-9.01968252824,-9.65131214786,-12.5061319998,-15.1376088796,-14.7887269272,-15.7091473205	1	norm	0.12	264000
288508	0,1,2,3,4,5,6,7,8,9,10,11,12,13,14,15,16,17,18,19	4.18995982288,3.02679565121,4.21831081843,3.93861966187,6.51235516577,8.49323118035,10.9482633571,14.922111411,17.5500224426,23.1013829343,23.0727792877,21.1129439989,17.9831229671,14.2734745744,11.2427113011,6.91218618959,7.03414610054,3.43952301738,3.13089778575,4.69716957537	1	norm	0.12	264000
290603	0,1,2,3,4,5,6,7,8,9,10,11,12,13,14,15,16,17,18,19	7.7767986879,6.05181016038,7.51195278457,6.55401056519,10.3364673868,11.8890997004,15.8672750587,17.8111710919,23.0534122967,26.6812227895,26.8065058447,24.2163144198,21.7590661997,18.1768212787,14.6426470414,12.0256873965,8.90936634601,9.06504266411,6.2388079296,6.41572647176	1	norm	0.12	264000
291845	0,1,2,3,4,5,6,7,8,9,10,11,12,13,14,15,16,17,18,19	-16.0133307556,-16.3358494807,-15.4355232754,-15.1176417016,-12.4787231692,-10.197345931,-7.05104966314,-1.94252872065,-0.444995712237,4.74349657366,4.01148087126,4.49439592154,0.262989054191,-4.50999508887,-7.72667411939,-11.847388802,-12.0902480272,-14.0414921348,-14.5175057441,-13.7584234064	1	norm	0.12	264000
289240	0,1,2,3,4,5,6,7,8,9,10,11,12,13,14,15,16,17,18,19	-10.1190741544,-8.54255260843,-7.05994958402,-7.72442376451,-5.14941990179,-5.37015070601,-1.54051809517,3.81844591836,5.75202957179,9.71301140986,11.5098465498,9.03069398571,6.84536538432,2.35155392596,-1.63958307526,-3.37575144566,-7.49358611722,-6.25766157992,-7.53373086524,-8.83568757873	1	norm	0.12	264000
288189	0,1,2,3,4,5,6,7,8,9,10,11,12,13,14,15,16,17,18,19	7.19725599973,7.78700013923,9.55999029511,9.89823694873,9.3205237617,11.9951441241,15.4204088078,20.2507937261,23.5812111398,28.1587794423,27.0490312185,26.0933422402,22.8816776231,19.9840754261,14.8584138969,14.4175605212,9.91756380459,8.31411615902,9.79032499793,8.18300779401	1	norm	0.12	264000
291300	0,1,2,3,4,5,6,7,8,9,10,11,12,13,14,15,16,17,18,19	0.307198200348,-1.00627891544,0.597872911198,0.883897257229,3.46022235047,4.35852906461,8.37482254609,13.0656373857,15.5431217143,19.2472630957,18.3559370622,18.1115542916,16.9171661242,10.3142934488,7.56839338095,3.79863926478,1.45442522405,0.890961371056,0.76914473757,0.892779280653	1	norm	0.12	264000
289740	0,1,2,3,4,5,6,7,8,9,10,11,12,13,14,15,16,17,18,19	-2.63259182026,-3.11017715165,-3.46930181276,-3.34673919546,0.0132319841307,0.0403777066054,3.76875980776,7.41105638334,11.0880615927,13.9257688651,15.8729623607,16.2196609338,12.507451962,7.2588198999,2.67375779075,1.99711505358,-0.492436209783,-4.14372141548,-4.80567836951,-4.36849973388	1	norm	0.12	264000
289075	0,1,2,3,4,5,6,7,8,9,10,11,12,13,14,15,16,17,18,19	-4.26284862256,-4.09251616359,-3.24667915775,-0.901923606854,-2.00977553065,1.8983509602,3.18839161874,8.94127793954,13.610241842,15.5518491232,15.965581247,15.2846456767,12.2985580111,8.15862158048,3.26583981953,1.37972371079,-1.08280774818,-3.33345051197,-3.11482269108,-4.73875885476	1	norm	0.12	264000
289450	0,1,2,3,4,5,6,7,8,9,10,11,12,13,14,15,16,17,18,19	8.10689362909,8.96948665296,7.53699664925,8.1311632621,10.0185793288,12.9303145637,14.2915151173,18.0524729036,22.1488006165,26.3032351137,28.5462072614,26.3187428683,22.311426475,18.4887368918,16.7275171196,12.1707468702,10.2851252597,8.69629495434,6.79978950835,7.93361609518	1	norm	0.12	264000
288921	0,1,2,3,4,5,6,7,8,9,10,11,12,13,14,15,16,17,18,19	11.1792488008,9.59671846414,12.016243522,10.9655834011,13.4785767324,16.5022985601,19.2836164243,21.2911245822,26.71202212,28.8080435794,29.7114846883,28.2750196779,25.5364649385,22.8094125728,17.0969206496,15.638456404,13.9151045442,9.99076329516,10.3982047213,9.91159821486	1	norm	0.12	264000
291483	0,1,2,3,4,5,6,7,8,9,10,11,12,13,14,15,16,17,18,19	-3.08256679092,-2.32795436521,-1.63580134859,-2.02433482874,-1.93922088197,0.20016532458,4.97443552063,9.24416655328,11.0282911945,14.3297842632,17.6748706074,15.8685607121,12.239133265,8.15096188359,4.66535562737,0.7989369246,0.491477403906,-2.34947816171,-2.2125263333,-3.85388443736	1	norm	0.12	264000
289185	0,1,2,3,4,5,6,7,8,9,10,11,12,13,14,15,16,17,18,19	0.638896133155,0.362403915907,-1.36904429657,2.05066025909,3.1325377623,2.94056729621,8.58989693289,11.9676077183,16.5600291766,18.7852407102,19.2607755095,18.7453255134,15.1064474751,11.5745647503,6.41294787699,5.17357144518,1.14681842759,0.649849062275,-1.07630353718,-0.215350004119	1	norm	0.12	264000
290947	0,1,2,3,4,5,6,7,8,9,10,11,12,13,14,15,16,17,18,19	-19.350159686,-19.772196724,-19.396270883,-19.3729068547,-16.4401319021,-15.5015635394,-12.0793074279,-8.6011569434,-3.22570659415,0.200059606838,1.39215146804,-0.496946704304,-3.52280887211,-7.22013789427,-10.4389359558,-16.118237416,-16.7352454475,-18.9222375514,-18.7619880066,-17.952912602	1	norm	0.12	264000
289140	0,1,2,3,4,5,6,7,8,9,10,11,12,13,14,15,16,17,18,19	-17.6600050114,-17.1771371345,-14.8955649652,-15.3289408643,-12.6417590049,-10.7698014108,-8.81588767972,-4.32299895831,-1.12001061906,3.99052498193,3.51115273436,1.64207755398,-1.72143124324,-3.28804698913,-7.03513322763,-10.667349769,-13.9631359468,-14.7110740791,-17.292430385,-16.0911344336	1	norm	0.12	264000
289057	0,1,2,3,4,5,6,7,8,9,10,11,12,13,14,15,16,17,18,19	13.0161346107,13.4955964191,12.4502708951,13.5763431511,13.6254448262,16.7093189896,19.6649517974,23.360703886,26.8238492405,31.0250644715,32.5683571463,31.3585959175,26.7607135136,25.0756016966,20.4073360281,17.2681718482,13.3528052799,12.0365108122,13.7896135578,12.0384053223	1	norm	0.12	264000
288901	0,1,2,3,4,5,6,7,8,9,10,11,12,13,14,15,16,17,18,19	7.65162039066,7.82273328868,6.28273912209,7.64535398488,10.5334447498,10.8011533663,14.1585094397,18.8059010539,21.6908717703,26.9285293339,27.5647991013,25.1547186122,24.410407995,18.9128875315,13.8417304318,12.5416656998,9.39387611015,8.17203880931,7.33646825062,6.60722652846	1	norm	0.12	264000
290033	0,1,2,3,4,5,6,7,8,9,10,11,12,13,14,15,16,17,18,19	6.20908127723,6.52428472289,7.96701062737,8.93963603155,10.3508689338,11.2461733819,13.8146068996,17.7846729931,21.8504054579,25.9792787817,26.9836849325,24.4070232084,21.9072464266,17.6498976736,15.5691627955,12.2795437448,8.71184007806,8.14551410623,7.99485274443,5.77770287844	1	norm	0.12	264000
289304	0,1,2,3,4,5,6,7,8,9,10,11,12,13,14,15,16,17,18,19	7.34758275379,6.99241322394,8.83997873968,10.1515050363,11.6355371186,14.4459727266,16.7514884487,21.8063284245,25.2866939061,26.3386388416,28.1714181846,27.579118796,24.4730725324,19.3083688511,17.5067216746,12.2416832741,10.9261717865,9.11721966676,8.35285833115,9.25660102474	1	norm	0.12	264000
291534	0,1,2,3,4,5,6,7,8,9,10,11,12,13,14,15,16,17,18,19	-1.63439765592,0.991956991844,0.566336363318,1.4896350885,2.34071047215,4.11853419388,7.62378328338,10.6872806235,14.4810510716,18.6379677106,19.9901479706,17.2431082139,16.0340309001,11.4911788875,6.99474786477,3.62493122236,2.36287985391,1.60374572884,-0.352266504899,-0.852252853941	1	norm	0.12	264000
290854	0,1,2,3,4,5,6,7,8,9,10,11,12,13,14,15,16,17,18,19	2.47076141386,1.79063887898,1.59781281646,3.09871101227,3.42616722327,6.63719481995,9.28332399698,13.2479305322,17.1475779748,21.9396602166,20.7505413871,21.8426848838,17.220726425,12.9000419646,9.96670674714,7.59656586571,5.06938952509,3.03269637168,2.57259832376,1.95646441866	1	norm	0.12	264000
289023	0,1,2,3,4,5,6,7,8,9,10,11,12,13,14,15,16,17,18,19	-12.0698753604,-12.8472184641,-13.9869173533,-10.8053721231,-9.53624490305,-8.71829965124,-4.36849359705,-0.768651044216,1.4554913856,5.65595611192,7.03482934333,4.4072868294,3.18194320825,-0.96357781537,-4.60741188005,-8.27925474758,-10.9029539094,-13.1683846453,-13.2850797679,-13.3448174481	1	norm	0.12	264000
288965	0,1,2,3,4,5,6,7,8,9,10,11,12,13,14,15,16,17,18,19	-3.10912891675,-2.08299789512,-1.84006148732,-2.76917201857,-0.24208799767,1.37367969083,4.56496728796,8.49139786934,14.1844637022,14.817438443,18.1372746112,15.3581503639,13.348016918,9.94222319862,4.83603110655,1.08800604676,0.369173260009,-3.42427069384,-3.65134171343,-4.16971484646	1	norm	0.12	264000
288919	0,1,2,3,4,5,6,7,8,9,10,11,12,13,14,15,16,17,18,19	17.2078379727,16.1743812292,17.1067005224,17.1890053489,18.0820686035,19.9761923104,24.5921875177,29.3528549171,33.5267277276,36.6752724541,36.5147806229,36.5885459975,32.8741664689,27.1735998309,23.9035350861,22.7908751324,20.0130805349,17.5708446602,15.9431425426,16.0068847595	1	norm	0.12	264000
288062	0,1,2,3,4,5,6,7,8,9,10,11,12,13,14,15,16,17,18,19	17.6044258307,17.6064969685,18.046132086,18.1415651175,19.2421273522,21.8001405725,23.464511868,27.6296794599,31.4685431383,36.4345880838,37.4852284131,33.9950691273,33.7005772637,30.0864325456,24.3451875939,22.4988072469,20.3775387918,18.7696130894,16.1840384654,17.514461189	1	norm	0.12	264000
288523	0,1,2,3,4,5,6,7,8,9,10,11,12,13,14,15,16,17,18,19	-14.3463501043,-16.9517061016,-15.748143985,-14.1677710353,-12.2366295936,-12.2233649035,-8.80235971885,-3.73666557002,-0.490075046716,2.08989510967,5.14474111965,2.44470867622,-0.795134409676,-3.84598748218,-8.23006467585,-11.6873922696,-13.4294731098,-15.8556333353,-13.7498813454,-14.78376233	1	norm	0.12	264000
289166	0,1,2,3,4,5,6,7,8,9,10,11,12,13,14,15,16,17,18,19	-1.09944296193,0.48942594518,-0.0767996712142,1.56946458352,1.6221589814,4.14858121805,6.32911097852,12.6579596697,16.232624606,19.5838019885,19.5019963381,18.1746690229,15.5207173449,12.1337469925,7.50282164638,3.54825064228,2.15161006386,-0.475237270992,1.09475890819,-0.840054318595	1	norm	0.12	264000
288715	0,1,2,3,4,5,6,7,8,9,10,11,12,13,14,15,16,17,18,19	14.8906760684,13.0908273344,14.7832931392,13.7023602394,16.8577599036,19.7057355464,21.6010630128,26.784696483,28.3327190118,32.8243107148,33.0003468649,33.1417493328,29.8896674592,24.1276356193,22.248797548,19.9146335409,16.1033001533,13.3332285034,14.6082636431,13.2946013015	1	norm	0.12	264000
291536	0,1,2,3,4,5,6,7,8,9,10,11,12,13,14,15,16,17,18,19	9.12767189944,10.2433497519,9.25883933134,11.8797807525,11.3651490098,14.334428939,18.0821482632,20.9945092582,25.4919984376,28.5615109654,29.3602715741,28.6933387245,25.2945236469,20.5108237056,18.0022790468,15.2967350422,12.7387424398,11.8483360014,10.9918992755,11.1250416133	1	norm	0.12	264000
290419	0,1,2,3,4,5,6,7,8,9,10,11,12,13,14,15,16,17,18,19	11.7360234081,11.8043284979,12.5530168921,13.169281053,13.7507777121,15.9069320922,19.2314366214,21.9647873815,27.3099131047,28.7492848077,30.4476859412,29.4424126959,28.3938805153,23.2739739123,18.7213846616,15.1633858321,12.5944032427,12.3275833666,12.5548695127,12.2160201289	1	norm	0.12	264000
291889	0,1,2,3,4,5,6,7,8,9,10,11,12,13,14,15,16,17,18,19	-17.0756639227,-18.6913669832,-18.0324330851,-16.3904921429,-15.9149433722,-12.043723966,-9.052926641,-7.1675409584,-1.92112214535,1.01088678518,2.53815914958,-0.527649032672,-3.03427867154,-5.23962749011,-8.59625640569,-12.7343936206,-14.7535749692,-17.2924413786,-16.3917382826,-17.5477316939	1	norm	0.12	264000
291878	0,1,2,3,4,5,6,7,8,9,10,11,12,13,14,15,16,17,18,19	9.43305783059,10.6125140318,10.1580745971,11.9941507546,12.5846511745,16.3351630092,17.5501504065,22.0282365988,24.4653495368,28.2686306622,30.9318189507,29.9018738597,25.494778064,20.6104017455,17.2754073779,16.0817615087,12.2497186364,9.81344587954,11.378785164,9.62012828266	1	norm	0.12	264000
288622	0,1,2,3,4,5,6,7,8,9,10,11,12,13,14,15,16,17,18,19	-9.32406440514,-9.3637853697,-10.9288754761,-8.94712772877,-7.9801707181,-5.13203386501,-1.14706465546,0.779043694714,4.28640600745,9.68809306338,10.4807684317,8.81394894007,5.00003610537,0.522791312912,-3.73036957522,-5.79589853581,-8.44723664758,-10.3370138914,-9.70332067891,-10.6708567527	1	norm	0.12	264000
289114	0,1,2,3,4,5,6,7,8,9,10,11,12,13,14,15,16,17,18,19	19.7192802816,20.3700284153,19.3832770844,18.9931239171,20.5726120602,24.2169157214,25.8877295109,32.3139464083,34.0708773974,37.6525426712,38.02348265,38.9957857081,35.9927155925,30.8882806835,25.980320798,24.4652918329,21.4450899677,20.7123078978,18.3336864185,17.8095667338	1	norm	0.12	264000
291050	0,1,2,3,4,5,6,7,8,9,10,11,12,13,14,15,16,17,18,19	1.87390224177,0.650527662467,1.17210870882,3.03344918837,2.13366156265,4.50052711451,9.61545224329,13.9897656948,16.4775306431,20.3944333698,21.9430212693,18.1454854059,16.4931807405,13.7931986756,8.63573408819,6.01600455652,1.99443830249,0.943762328225,0.724138313377,0.778470003284	1	norm	0.12	264000
290147	0,1,2,3,4,5,6,7,8,9,10,11,12,13,14,15,16,17,18,19	-1.11575955237,0.0159477252883,0.777705566085,0.102083761368,1.8037936337,5.75839325136,9.04969661563,10.651490819,15.1633395887,20.1013297993,18.8241833252,18.8337892047,14.8165246401,11.2204260109,9.26203462608,6.37836380883,2.50809862088,1.79365762777,1.47568178669,0.828118218192	1	norm	0.12	264000
290988	0,1,2,3,4,5,6,7,8,9,10,11,12,13,14,15,16,17,18,19	-17.4699972633,-16.8508638268,-16.2379036896,-16.3545858039,-14.8866474458,-12.5399178545,-9.07447108124,-4.94620155522,-1.67580033408,1.78292019139,3.60485847247,1.61199720184,-1.68844577598,-4.51947109787,-6.82343471929,-10.2956683441,-14.7702416159,-16.1503393442,-17.289351695,-16.6427314566	1	norm	0.12	264000
288946	0,1,2,3,4,5,6,7,8,9,10,11,12,13,14,15,16,17,18,19	18.2780897438,18.6342681944,17.8949296842,18.7550573371,19.5073346531,22.9377797034,26.0314739446,29.5609754202,34.1628064071,36.6699278344,39.2846712105,36.1219780783,34.0355261551,28.6793891049,26.9111040518,21.7209502166,20.4275258089,19.2648402483,18.0491001424,17.0618136013	1	norm	0.12	264000
291181	0,1,2,3,4,5,6,7,8,9,10,11,12,13,14,15,16,17,18,19	-14.6397155336,-15.0827428698,-14.3350289911,-12.6010733095,-10.7339734609,-10.8879522603,-6.60145287254,-2.1201592383,1.75663730003,3.01881649009,5.23885484095,3.94484218231,1.62374552323,-1.43870873409,-7.81270327492,-10.8126628024,-12.8105611426,-14.1449228879,-14.0756929323,-15.2379583667	1	norm	0.12	264000
289098	0,1,2,3,4,5,6,7,8,9,10,11,12,13,14,15,16,17,18,19	9.59504156979,10.8982079793,9.69474086404,9.2259952203,12.7012666287,13.9645524662,17.2819407711,21.2018259439,25.7616859059,29.2874016456,27.8291726399,29.410434578,24.3145716719,20.1139416681,16.0460975619,13.9380123612,11.7638906383,11.354908165,9.15602811996,9.80649292343	1	norm	0.12	264000
290165	0,1,2,3,4,5,6,7,8,9,10,11,12,13,14,15,16,17,18,19	-18.6878874644,-17.9140283647,-16.71649175,-14.9322385375,-15.6027936761,-11.817109246,-8.31254312471,-5.64962030348,-1.87450754877,1.55286736601,1.19531103879,0.348256012756,-1.21711561691,-5.47043429563,-8.22749950648,-13.6987847113,-14.029979676,-15.4620382821,-15.5356500287,-18.4888351647	1	norm	0.12	264000
289032	0,1,2,3,4,5,6,7,8,9,10,11,12,13,14,15,16,17,18,19	-6.3348926925,-8.33353478785,-7.29530398788,-5.07744316714,-3.17972227285,-1.37119037676,1.33238283027,4.93861399317,7.99668731524,11.4089545854,11.4401026409,12.3185320717,7.34076461117,4.58823102927,-0.681094635213,-3.37997791614,-3.94513164032,-6.77947799093,-6.11961819296,-8.25912847871	1	norm	0.12	264000
290003	0,1,2,3,4,5,6,7,8,9,10,11,12,13,14,15,16,17,18,19	-11.2427109604,-11.0771818014,-11.1151092632,-10.3704889038,-8.53632472994,-7.19841126049,-2.49853938817,-0.164881845446,5.32680949765,9.07477170468,7.75153212048,6.79607753507,4.91180261668,2.54739006082,-4.16015504509,-4.86507950908,-7.63745732907,-9.36950942092,-10.1323526972,-9.47864281847	1	norm	0.12	264000
290171	0,1,2,3,4,5,6,7,8,9,10,11,12,13,14,15,16,17,18,19	-8.90958026797,-9.29392799531,-8.37149616517,-7.60606510032,-4.47533828245,-4.50480361284,0.8731726628,3.24076574488,6.58111908353,9.95819716101,11.5390337764,9.51804816317,8.13813210032,4.40952557609,-0.198366624201,-3.74542309912,-4.1783451004,-7.97391751866,-7.80904533223,-7.40470278826	1	norm	0.12	264000
291056	0,1,2,3,4,5,6,7,8,9,10,11,12,13,14,15,16,17,18,19	14.8475357808,14.6451774557,13.101935647,16.0464936601,14.7244438789,18.4455480117,20.6568932931,25.1516934802,29.4730053574,30.8983674159,34.4817183027,31.1288358308,30.2830698771,24.4544064922,22.3561672201,17.6564839384,16.5633279749,15.4301235103,13.8694893985,15.1531249256	1	norm	0.12	264000
289323	0,1,2,3,4,5,6,7,8,9,10,11,12,13,14,15,16,17,18,19	3.06651697438,2.19835427911,3.17556593963,3.9131636274,4.99896095872,8.64148477823,11.4892682213,15.207464411,19.2999351802,21.7426605217,23.7405179363,20.455335038,18.1018293492,15.6999487433,11.430756833,8.30848914121,5.87703410703,4.89484987916,4.86251622694,2.82282764257	1	norm	0.12	264000
289378	0,1,2,3,4,5,6,7,8,9,10,11,12,13,14,15,16,17,18,19	0.734932415286,-0.280313624049,1.16752152701,1.11934500509,3.17925941729,6.23775181337,9.6650078569,13.4386707808,16.3332863551,18.3201107779,21.4412410394,18.1690474677,16.8237768886,13.0030414752,8.33416046455,4.82844038543,3.69061854843,0.995680744242,0.0777483493487,-0.522979137279	1	norm	0.12	264000
291955	0,1,2,3,4,5,6,7,8,9,10,11,12,13,14,15,16,17,18,19	-0.678182477747,-0.172402059693,0.164095374573,2.07449530579,1.3530270379,5.06265125,6.72569158929,10.6346107833,15.8563686222,19.9066400138,20.4107267679,19.5276800429,15.0431557958,12.1850266894,7.55168308715,5.35755317953,2.13907417095,-0.270746471122,-0.016802978652,0.365800375106	1	norm	0.12	264000
288454	0,1,2,3,4,5,6,7,8,9,10,11,12,13,14,15,16,17,18,19	9.40132093287,10.8770469387,10.5742856638,11.5344887175,13.3661468286,16.5309516711,17.5250230407,22.4916661163,25.7208010272,28.212024326,31.3916534344,29.1712381249,25.9847113535,21.4448504994,18.8866998484,15.3854548124,11.5550307988,10.0906067626,10.4900745632,11.2462989157	1	norm	0.12	264000
289428	0,1,2,3,4,5,6,7,8,9,10,11,12,13,14,15,16,17,18,19	-9.1527518507,-8.80335494507,-10.1280770743,-8.81653799593,-8.23678275693,-4.94819076051,-2.67043359736,1.85457781107,5.85131965377,9.10396356897,10.8132592387,7.70550351795,6.41380150667,1.46410917701,-0.727263059943,-4.71748878184,-7.01442561887,-7.99687476573,-9.47685759757,-8.37420363065	1	norm	0.12	264000
289463	0,1,2,3,4,5,6,7,8,9,10,11,12,13,14,15,16,17,18,19	-0.501712065331,-1.24222314468,-0.842907456147,1.23493271228,1.30893508156,4.9600951187,7.41748799181,11.3595028406,14.6927405535,19.0118701723,20.1357359815,18.5735151286,15.8730903389,10.6800032351,7.68919913522,5.46833548537,1.44668767262,0.568848698459,0.875883021432,-0.86054679062	1	norm	0.12	264000
288910	0,1,2,3,4,5,6,7,8,9,10,11,12,13,14,15,16,17,18,19	5.4684001567,4.13390921346,4.46227292359,5.73399484604,7.88544606211,10.1017652894,12.1416252222,15.8347160081,20.6068452435,22.9721698497,24.1837334767,24.0055633507,19.0192242957,15.0298358298,11.8323022689,7.92172699451,6.89505121001,6.4225183988,3.21047722508,4.42509495265	1	norm	0.12	264000
290895	0,1,2,3,4,5,6,7,8,9,10,11,12,13,14,15,16,17,18,19	9.41927875353,10.0488435986,10.9275821786,10.3901207977,12.1180022692,15.5412174401,18.1613727014,23.2909704325,27.6626316327,29.1168460813,29.7574796758,29.438809955,27.3758716047,20.9130678464,19.1198566744,15.5825404627,13.334272802,12.6904306258,10.9515969822,11.2290292829	1	norm	0.12	264000
291492	0,1,2,3,4,5,6,7,8,9,10,11,12,13,14,15,16,17,18,19	-11.9602377454,-13.3377030596,-12.246422425,-10.2310330163,-10.7734666322,-6.23962499813,-4.66046973202,1.03695277699,4.08080799041,6.06845082207,8.083223078,7.09119134915,4.67285136982,-1.36782310049,-4.12835713257,-8.27547685382,-9.4317196602,-10.0488478293,-11.2579982038,-11.8361417575	1	norm	0.12	264000
291891	0,1,2,3,4,5,6,7,8,9,10,11,12,13,14,15,16,17,18,19	1.19201232653,0.986874864384,1.91967283634,3.39055332476,3.33619325416,5.60541998557,10.0043983633,14.2799165223,16.5980437165,19.6890677829,22.3995613514,20.5846564618,17.5023444415,13.407051037,10.4171660666,5.25373190689,5.62880256225,2.46607142968,1.4215675456,2.4334982863	1	norm	0.12	264000
290897	0,1,2,3,4,5,6,7,8,9,10,11,12,13,14,15,16,17,18,19	1.39131306569,0.209472617579,0.355505287472,2.89836105161,3.39212660748,4.27514942557,9.3702300635,12.1580761553,17.6863957963,19.1664464305,21.8441143986,18.382055468,15.3229772835,12.2476455322,7.91395315573,4.15293908765,4.19002206653,0.718449246781,2.14015843996,0.178736809017	1	norm	0.12	264000
288357	0,1,2,3,4,5,6,7,8,9,10,11,12,13,14,15,16,17,18,19	-2.6741965244,-2.09125488297,-0.64602320161,-1.68441070512,-0.022312780055,4.33392266793,6.91096560037,11.1211878335,14.6790899911,16.7920076015,18.3449536127,16.7489443904,14.1518640985,11.6517782686,5.95203244024,2.95106758778,1.25228039577,1.04814914425,-1.25212979731,-0.491410955837	1	norm	0.12	264000
288518	0,1,2,3,4,5,6,7,8,9,10,11,12,13,14,15,16,17,18,19	0.693762454504,1.05846424165,-0.228799379999,2.54518504854,1.9540265208,4.99141205471,9.26283852613,11.8736406272,16.5839046408,20.6837336889,19.7459112779,18.1446097451,14.8856517796,11.9365475638,8.87139783254,5.37752089555,2.8970836505,0.82896286236,1.52759483459,-0.309204327588	1	norm	0.12	264000
291309	0,1,2,3,4,5,6,7,8,9,10,11,12,13,14,15,16,17,18,19	7.08395626006,9.22718469933,7.11714322013,8.65194164257,10.9184751278,11.6451090727,14.6866167135,19.5105238133,23.5285925571,26.4734158705,27.4551009803,25.4234394389,23.1774395174,19.428970388,15.0568175415,13.2473121485,9.99804318435,10.0042803346,8.5140022616,9.27798856289	1	norm	0.12	264000
288399	0,1,2,3,4,5,6,7,8,9,10,11,12,13,14,15,16,17,18,19	-1.471257483,-0.112711967017,-0.933110368866,2.31237316601,3.70261384417,5.6927630909,8.52838147522,11.3987671719,15.691997327,19.6445272446,19.4425392244,17.5763260048,14.8679291607,12.2587162865,7.07411858983,5.50617210508,1.95588974554,-0.235291486292,0.0933357520103,-1.22639269809	1	norm	0.12	264000
289582	0,1,2,3,4,5,6,7,8,9,10,11,12,13,14,15,16,17,18,19	17.6851159318,19.1109268969,17.6528710924,18.3725801374,21.8473293064,21.9880931913,26.5233503309,30.1383515892,35.7517798754,37.4279616473,36.9406082989,35.9806453066,35.5287848277,28.994307939,26.4400872471,24.2649607787,22.0893177426,19.4371622133,17.3674395304,17.2510788901	1	norm	0.12	264000
290349	0,1,2,3,4,5,6,7,8,9,10,11,12,13,14,15,16,17,18,19	18.0686800734,17.4628590372,19.1562121522,20.690748414,20.4426001931,22.5056897046,26.8267311031,31.3158472181,35.2916296863,36.6573376973,38.5658693296,37.9184327159,35.3724403337,31.5337021812,24.8591469166,23.203714242,20.1196003604,19.1830462652,17.1926696372,17.2376016017	1	norm	0.12	264000
290060	0,1,2,3,4,5,6,7,8,9,10,11,12,13,14,15,16,17,18,19	6.1307165999,6.45400312642,6.02974785719,6.89698231923,7.16219220454,9.54506362529,15.065506764,18.7331419885,20.983780104,23.5330566006,26.2603054297,23.4284550718,21.8701543094,17.5480424092,12.9039670578,10.6124380566,8.27268838704,7.94963664683,6.27068777011,4.96337661015	1	norm	0.12	264000
289784	0,1,2,3,4,5,6,7,8,9,10,11,12,13,14,15,16,17,18,19	3.9986990049,4.15954430843,3.85136086938,4.28001569982,7.86406710287,9.02081376796,12.2531794863,17.1328573257,20.4725303588,22.6961965305,24.333654431,21.870454783,19.3275531129,17.3248455625,11.3031262281,9.91773763764,5.44209365271,6.47857528657,4.30290672194,4.72694432474	1	norm	0.12	264000
288824	0,1,2,3,4,5,6,7,8,9,10,11,12,13,14,15,16,17,18,19	17.6746249138,17.7929263026,16.5303298377,17.9533757984,21.454534886,23.4907479859,24.2194145063,30.225814356,34.005635256,35.1284434678,35.961049233,36.1186469071,34.3862351013,30.6227878656,26.7404901492,23.3060346848,19.8395221105,17.8948420529,18.8421080082,18.3357842779	1	norm	0.12	264000
290442	0,1,2,3,4,5,6,7,8,9,10,11,12,13,14,15,16,17,18,19	15.5975554072,16.6822123925,16.5854517963,19.7522491825,20.1491306759,20.5348430393,23.9459707102,28.5991233302,33.671971297,34.6322676622,36.9885727383,35.6213828769,34.3727002822,29.7070229213,26.3400606285,20.4485390931,19.0205818545,18.3431234206,16.095356211,18.2942598647	1	norm	0.12	264000
288122	0,1,2,3,4,5,6,7,8,9,10,11,12,13,14,15,16,17,18,19	19.4304566035,18.4674954915,20.6834856339,19.3001704466,20.7387304919,23.9324992605,28.246060883,31.0425275123,33.2756331096,36.9961210695,39.0167835297,38.9693917109,35.2105646782,30.045841243,26.9543804525,23.4235583918,21.0293417819,18.6672809982,18.8308417273,20.2783353626	1	norm	0.12	264000
290855	0,1,2,3,4,5,6,7,8,9,10,11,12,13,14,15,16,17,18,19	8.65363580536,9.5351365019,9.02221207075,8.76526337459,10.1794264277,12.8848325467,15.670062782,21.9198937621,24.0907393076,26.8848134372,29.4296650228,26.4757819844,23.8923824682,19.5331339696,17.7618177119,14.6735150616,10.9158475744,9.11682860392,10.255003108,7.50495977763	1	norm	0.12	264000
288683	0,1,2,3,4,5,6,7,8,9,10,11,12,13,14,15,16,17,18,19	8.33053606084,7.62168329223,9.89206969522,8.37057196523,12.2335370994,12.7644143907,16.914138177,21.8909705701,24.7146667895,28.8405264784,28.3704387013,27.5949287098,24.2940063128,19.4503679391,17.5038159973,13.2331526888,12.2977728458,9.10943867121,9.23701907399,7.71667093578	1	norm	0.12	264000
291385	0,1,2,3,4,5,6,7,8,9,10,11,12,13,14,15,16,17,18,19	-13.5255093985,-13.0082988321,-13.0367675709,-12.8456076704,-10.0033788383,-9.447521469,-4.25821959665,-1.17986941246,1.5775065344,5.08404812114,7.40749532586,5.88927136233,4.08495794639,-2.09544191355,-5.91034810763,-9.15211564549,-9.86170979389,-12.6072777094,-13.4096510737,-12.5515457812	1	norm	0.12	264000
291495	0,1,2,3,4,5,6,7,8,9,10,11,12,13,14,15,16,17,18,19	-14.7691460077,-14.3603772133,-15.4686601576,-11.7424873021,-11.0091426676,-8.55063234258,-7.48056472396,-2.86877409995,0.417155223845,3.90773707658,6.89428860078,5.18533004021,2.21109591989,-2.69130987903,-5.45264846317,-10.9682846526,-13.2211888409,-13.6537456139,-12.9020423743,-12.9291181999	1	norm	0.12	264000
291651	0,1,2,3,4,5,6,7,8,9,10,11,12,13,14,15,16,17,18,19	-13.1788820667,-12.900452517,-12.2903671047,-11.602299895,-8.76884805698,-5.61501659161,-3.41921339735,0.620895421522,3.77080870102,6.96957640575,8.99599306934,6.75931449502,3.20287634231,0.230555545337,-4.16866135563,-7.04578101148,-8.9839815772,-10.9236837232,-10.7279254875,-12.0009923124	1	norm	0.12	264000
290634	0,1,2,3,4,5,6,7,8,9,10,11,12,13,14,15,16,17,18,19	4.78544487862,4.5220175347,5.20543797008,6.63703165213,9.09837461787,11.0527747918,15.0990333858,18.7313458995,21.2160922796,24.0014884582,25.7129045093,25.022097742,20.726971942,18.0343917005,12.4762357895,11.4893553069,8.12070222216,6.57348680599,6.2858331717,6.89560762189	1	norm	0.12	264000
290454	0,1,2,3,4,5,6,7,8,9,10,11,12,13,14,15,16,17,18,19	-7.43079763052,-7.89661148548,-9.17055071416,-7.30668192862,-4.45500288945,-3.96805654335,-1.63850208441,3.70213793363,6.61551494381,10.5823300678,10.8211126318,10.5957011919,6.97253823989,4.11469785566,0.78778523805,-3.98652708818,-5.06751173259,-6.97763057398,-6.89087551298,-8.42128200218	1	norm	0.12	264000
290308	0,1,2,3,4,5,6,7,8,9,10,11,12,13,14,15,16,17,18,19	-3.3697710308,-4.14664100027,-4.01844626924,-2.6901634093,-2.59046131769,1.53149059948,4.45247282669,7.07662832857,10.4611752444,15.2726356775,15.8564574761,13.5559922505,11.1193406207,6.64028795048,3.92923362066,0.23048498265,-2.56670870167,-2.13703445321,-2.90243898086,-3.10014336287	1	norm	0.12	264000
289153	0,1,2,3,4,5,6,7,8,9,10,11,12,13,14,15,16,17,18,19	8.21035585104,11.0386005479,11.6301274424,11.4892754947,13.3332602999,15.2408441202,18.3664441361,21.2294747936,24.4183776139,29.5173059437,29.6371032083,28.6876787577,24.0396018588,20.3047398353,16.7200909711,13.573327266,12.1858775957,10.6628415788,11.1992582729,11.1098413922	1	norm	0.12	264000
288828	0,1,2,3,4,5,6,7,8,9,10,11,12,13,14,15,16,17,18,19	2.71970792677,2.31963163744,5.10986402316,4.35280068743,6.38060185555,7.38398921748,12.161805087,16.5371696166,20.8752038811,21.4946854057,24.2409164657,23.1507045596,20.0741915773,14.3317006595,12.4199245742,9.59179414321,4.81305659326,4.25134570404,4.92886644337,2.95667931263	1	norm	0.12	264000
290830	0,1,2,3,4,5,6,7,8,9,10,11,12,13,14,15,16,17,18,19	-10.8775129098,-10.8185354994,-9.52404003925,-8.31011855803,-7.41662565602,-4.64768262208,-3.39771911103,0.861466645484,4.14577070374,8.0856530523,8.14816747859,9.08636582836,4.9969667941,1.87085577312,-3.86285665957,-4.63056023094,-8.40020514416,-8.5493296293,-9.53830805756,-9.6668996277	1	norm	0.12	264000
290483	0,1,2,3,4,5,6,7,8,9,10,11,12,13,14,15,16,17,18,19	-7.57307680534,-7.19762640055,-4.61785940994,-6.37708152408,-2.3926864079,-0.322809324967,0.334942852154,6.38146938405,10.9234232328,12.526060815,12.1523499108,11.6092952917,9.59899824417,4.475550379,1.3043547466,-0.321841290058,-4.40497675057,-5.90630995669,-6.03944806204,-5.56919139601	1	norm	0.12	264000
291995	0,1,2,3,4,5,6,7,8,9,10,11,12,13,14,15,16,17,18,19	-12.3272598731,-11.7196381954,-11.6444191396,-9.13736967678,-8.45772924482,-6.7708331393,-2.46904185138,-0.186779228226,5.10379259876,8.55203717098,7.54173879207,7.29610828942,4.69895845942,1.6141991668,-3.13832728699,-5.41235255218,-8.65628291914,-10.845722199,-9.34162814281,-10.2448699384	1	norm	0.12	264000
291353	0,1,2,3,4,5,6,7,8,9,10,11,12,13,14,15,16,17,18,19	-11.9476897095,-12.1674566675,-11.1847516976,-11.2494398178,-10.321006471,-7.60147320089,-4.40934840735,-0.511713380501,3.0667983156,5.6054471914,8.80898766738,5.74104540943,3.56814165169,0.117277076294,-5.42920468673,-7.60997856177,-9.44570442619,-11.4064048699,-12.3434501477,-12.0872176985	1	norm	0.12	264000
288687	0,1,2,3,4,5,6,7,8,9,10,11,12,13,14,15,16,17,18,19	-2.50120188709,-1.06204803093,-2.572786081,-1.39238967492,-0.482305981325,2.88633186519,7.42995962644,10.7414339285,15.5712699941,16.2098221813,18.4770253147,17.648413471,13.7858160652,9.68671328626,6.37346464228,2.99381186895,1.54903481542,0.600719843291,-2.08853511407,-0.0934467709395	1	norm	0.12	264000
290322	0,1,2,3,4,5,6,7,8,9,10,11,12,13,14,15,16,17,18,19	-15.3080630352,-13.3216487341,-13.3062113112,-14.0633679867,-13.3199003253,-9.75292352532,-5.90355892636,-1.67415289732,1.35179921055,4.4062557168,5.02830784714,3.46601698694,1.10003598282,-3.73961640798,-7.77990040986,-9.91628974766,-10.7714534419,-11.8458740204,-14.8935762986,-13.665627872	1	norm	0.12	264000
289649	0,1,2,3,4,5,6,7,8,9,10,11,12,13,14,15,16,17,18,19	-16.1927609249,-14.8316833402,-15.6684385959,-15.6880444935,-12.26909127,-11.9106195061,-9.63411232937,-3.99721091583,-1.13540080956,2.04494601363,3.04745682182,1.1735877567,0.54358463766,-4.79179498154,-8.8299827963,-9.99767841772,-14.8565127428,-16.3160756706,-15.6614646701,-17.1255355755	1	norm	0.12	264000
288906	0,1,2,3,4,5,6,7,8,9,10,11,12,13,14,15,16,17,18,19	-0.800022431159,-2.47017337898,-0.637499744481,-2.10310800897,1.07471485828,3.73743969304,5.60278718719,9.26353809835,13.3790240994,16.6598979915,17.068073354,18.027756756,14.0987327853,9.81378039097,7.03807050334,3.5973267044,-0.799429659764,0.144173781554,-1.72817211727,-2.47137074438	1	norm	0.12	264000
288383	0,1,2,3,4,5,6,7,8,9,10,11,12,13,14,15,16,17,18,19	19.0718192484,19.3009245395,18.8966339313,21.2322195341,22.8756001865,25.0825243931,26.7647875921,30.6168880421,36.5764746293,38.4039103756,38.1716985742,39.4500120287,35.265055848,30.0146989895,28.6309953727,24.4564442751,21.5666067333,19.246018391,19.3098593897,18.8377503221	1	norm	0.12	264000
290083	0,1,2,3,4,5,6,7,8,9,10,11,12,13,14,15,16,17,18,19	-15.7309518341,-14.9547162609,-14.6225521741,-14.5508941132,-12.4891938,-8.93802599869,-8.08380981644,-2.01436953957,-0.591203282174,4.74019918714,4.62738755848,2.83451054459,0.280561743023,-2.53432840404,-5.66060976812,-10.8619872355,-11.7570692269,-13.1754999364,-15.1907839299,-14.7038639878	1	norm	0.12	264000
289898	0,1,2,3,4,5,6,7,8,9,10,11,12,13,14,15,16,17,18,19	2.02953311983,4.33218953706,3.29406175186,4.25875870984,6.48682703798,6.72566616027,10.5231517142,15.5940507165,19.6993633767,22.2430963213,21.538579534,20.289116577,17.3630664671,15.3471037477,9.49947404743,7.68455292414,6.68918122057,4.73698372054,4.15746605741,3.52359120605	1	norm	0.12	264000
291961	0,1,2,3,4,5,6,7,8,9,10,11,12,13,14,15,16,17,18,19	16.1881043796,16.7895513586,15.8034016811,17.366744173,17.9038115131,21.2675782528,24.5185964916,26.1839943484,31.8438527263,34.22140943,36.0018331938,32.9346817032,30.9851274854,28.0658681211,22.799371619,19.3664815408,17.6717682559,17.6453424292,15.4403429416,15.8579047279	1	norm	0.12	264000
290046	0,1,2,3,4,5,6,7,8,9,10,11,12,13,14,15,16,17,18,19	-2.6907590595,-1.39011900822,-3.70000497613,-2.92184024158,-0.701115546967,1.73301763489,4.55594689311,10.4649910655,14.2114823768,16.2562944715,16.076454504,16.8283713441,12.4956917304,10.6031060072,5.0867296976,2.97895192903,-0.868134126723,-1.70866581609,-0.965533546488,-3.799721604	1	norm	0.12	264000
289077	0,1,2,3,4,5,6,7,8,9,10,11,12,13,14,15,16,17,18,19	11.1946270472,8.92776223556,9.33762627552,10.4461180353,12.3043630817,15.1219189297,16.8071197461,22.7858615261,26.8669539795,28.9422768238,31.0063515809,28.5947783263,27.0503250401,22.092105157,18.5372942653,14.3003329677,12.7013616017,10.1376045921,9.66541301388,8.77084559619	1	norm	0.12	264000
291430	0,1,2,3,4,5,6,7,8,9,10,11,12,13,14,15,16,17,18,19	-16.9637594678,-18.9006996144,-16.8703663947,-17.6679800292,-14.8789611222,-13.4474434673,-9.44735245532,-7.04333525896,-2.5931638134,1.17468881604,0.537766031854,-0.341938626287,-3.01433470207,-7.0432500478,-10.3461159984,-12.3975065871,-15.9900814597,-17.7891380149,-18.7535746664,-18.3633052754	1	norm	0.12	264000
290909	0,1,2,3,4,5,6,7,8,9,10,11,12,13,14,15,16,17,18,19	5.33121111398,7.02304180683,6.01053164554,8.63958694321,9.26285103893,9.94577160693,13.5320322822,18.2183827542,22.1497544757,24.941845256,26.1108710632,24.3006285478,23.017144092,16.8890115466,14.4108915489,10.3432942772,7.30443508132,7.02155033955,5.61749079906,6.35788419219	1	norm	0.12	264000
288652	0,1,2,3,4,5,6,7,8,9,10,11,12,13,14,15,16,17,18,19	12.7441260282,11.2855739325,13.7766464793,12.3776373335,13.5844106003,17.3056466459,19.025375627,23.444547384,26.79592063,32.0179210544,31.0053463224,30.6646605042,26.7655441094,24.0663462683,20.4837616615,18.1333459146,14.8145627196,12.6850969771,13.3170558996,13.2360462048	1	norm	0.12	264000
288725	0,1,2,3,4,5,6,7,8,9,10,11,12,13,14,15,16,17,18,19	4.60783875262,6.5925940151,7.01456535987,5.04761287912,6.64060840464,8.65588168581,12.8290575877,16.8675292252,20.5336822021,24.9399294857,23.630961324,25.3999411702,21.8729959572,16.9247823623,13.8644853681,9.39300911519,7.9899805205,6.9529960841,5.8913411643,5.2952705803	1	norm	0.12	264000
289925	0,1,2,3,4,5,6,7,8,9,10,11,12,13,14,15,16,17,18,19	-2.96039399137,-4.2169831878,-3.10628222082,-1.46514264291,-1.50952046406,1.94928930022,4.75999830924,8.34433867598,11.9626938104,15.5002969455,16.9641244273,14.9042751531,13.3772055877,8.61453655496,6.03731125526,0.432343578014,0.250492886085,-1.17891991831,-4.24029955229,-2.8665075002	1	norm	0.12	264000
289555	0,1,2,3,4,5,6,7,8,9,10,11,12,13,14,15,16,17,18,19	13.2989867366,15.2770323063,15.2555841757,14.839309747,18.8371237394,19.6993613766,24.1369739642,26.9536608817,29.900646332,33.2598990993,33.8611316204,34.7586000159,31.7734204568,25.9781119161,23.9202320598,20.8129191143,18.6071834529,17.177447463,14.4688490193,13.9023959439	1	norm	0.12	264000
288092	0,1,2,3,4,5,6,7,8,9,10,11,12,13,14,15,16,17,18,19	-5.42244994372,-5.54555562933,-4.18070521603,-4.82816762333,-1.60993486697,0.483173092289,1.52047823244,6.85609829017,9.59017099441,13.2952357609,14.9290724619,13.362808394,10.4124480421,7.94786756648,3.3222621865,-1.71858412097,-1.56416432695,-4.68951858996,-6.1183775064,-5.23044335593	1	norm	0.12	264000
288634	0,1,2,3,4,5,6,7,8,9,10,11,12,13,14,15,16,17,18,19	0.0137597401423,-2.10891540342,-0.384097209474,-0.980330389231,2.58066756719,2.58453477837,6.57325029609,9.35186770968,13.6702296672,18.1656910578,18.4634623245,18.1753357481,14.9532637607,9.93095602743,6.65209420014,2.6817772582,0.329731304556,1.06932737857,-1.10514903094,0.401238690424	1	norm	0.12	264000
291802	0,1,2,3,4,5,6,7,8,9,10,11,12,13,14,15,16,17,18,19	-13.5626399756,-12.3673321698,-12.937646901,-10.4066090717,-11.1463925348,-8.1865422786,-3.99272189999,-1.14813361141,3.76841898904,5.89963282315,6.06751213664,5.62093592284,4.09068984441,-0.702025456922,-4.00378629373,-9.12746258566,-9.16355496057,-12.6073738264,-12.3938288835,-11.287460147	1	norm	0.12	264000
289999	0,1,2,3,4,5,6,7,8,9,10,11,12,13,14,15,16,17,18,19	3.38535755179,4.13774738972,3.30613375067,4.64368045548,7.20158076001,7.47992216943,10.285648567,16.4211362984,18.9529779508,23.6080549633,23.2220649265,22.4622499334,20.1188148921,14.6652084576,12.4121691284,9.67777129228,4.6535733016,3.42600219372,4.22436092087,4.19005953514	1	norm	0.12	264000
289345	0,1,2,3,4,5,6,7,8,9,10,11,12,13,14,15,16,17,18,19	-8.08960057233,-6.94541798967,-5.16053125569,-6.41630561769,-5.21630976671,-1.59637988322,-0.172504770158,4.14673409505,9.94535882249,10.9783057685,13.0705656712,12.1514298677,8.71995550706,5.16192602749,-0.434560933928,-1.63865887894,-5.02646315756,-4.97938961603,-5.71135202277,-6.04988109914	1	norm	0.12	264000
289827	0,1,2,3,4,5,6,7,8,9,10,11,12,13,14,15,16,17,18,19	13.1939427022,13.8424429129,14.4498361617,15.3165529492,17.7101568525,19.7071042095,22.861359268,26.2214688039,28.692691202,31.6301252696,34.8741860032,33.6972253346,28.6563479197,25.569440536,20.9776123317,18.9176781413,14.8954880448,15.9161351211,15.1705976225,13.494009847	1	norm	0.12	264000
288119	0,1,2,3,4,5,6,7,8,9,10,11,12,13,14,15,16,17,18,19	-2.14623722174,-0.850167295658,-0.718188289268,1.33612171594,1.76028749658,2.72647904284,6.97295823326,12.0935044891,13.7642653729,18.5926478026,20.1035900229,18.6772773558,15.0576437183,10.8843660145,6.80028664325,3.70023162241,1.4991422049,-0.467967628451,-2.18496806131,-0.16065912313	1	norm	0.12	264000
291774	0,1,2,3,4,5,6,7,8,9,10,11,12,13,14,15,16,17,18,19	-10.3442583166,-10.3255460178,-8.50263259934,-6.98035983855,-6.23632730685,-4.7718468506,-0.160578539787,3.45488984288,5.74172490053,8.56224839393,11.4739515021,8.40222445956,6.03429800225,2.39317836491,-1.29072566107,-2.96983770532,-7.26483035027,-7.00849442309,-8.05521640845,-8.00135250385	1	norm	0.12	264000
290561	0,1,2,3,4,5,6,7,8,9,10,11,12,13,14,15,16,17,18,19	0.912946683365,1.86317154921,3.48459801861,4.71493324536,5.86422489806,6.84149933772,9.46966584166,15.1061266673,16.9162733966,20.6646359367,21.7619413231,20.87311254,17.0230420209,13.6036415053,10.6869967903,6.85392779024,4.29736091301,3.09683882634,3.44853665971,2.99533389095	1	norm	0.12	264000
288428	0,1,2,3,4,5,6,7,8,9,10,11,12,13,14,15,16,17,18,19	9.86948636626,10.9516766434,11.0903936353,11.7945365049,12.797160288,16.4606638757,19.0989288128,24.6443447889,25.9556653767,31.5671049117,32.4159744164,29.743246345,28.1682393435,23.2542665924,19.8773452427,16.3918894909,13.103323087,12.8586015989,10.4177271098,12.600783124	1	norm	0.12	264000
289214	0,1,2,3,4,5,6,7,8,9,10,11,12,13,14,15,16,17,18,19	15.0324533491,13.4186654329,14.8464827932,13.514359281,16.0370783269,19.7655725466,20.9695316676,24.4098867961,28.5097362647,32.052451646,34.3515349331,33.6931282451,28.5274688785,24.8512283443,22.7559880059,19.9008599762,17.7609759973,14.676111492,13.9541766124,13.9905803268	1	norm	0.12	264000
291043	0,1,2,3,4,5,6,7,8,9,10,11,12,13,14,15,16,17,18,19	-11.9250773655,-12.6635491045,-13.0644441744,-9.7444160892,-10.2293034314,-6.09287570013,-5.02857886088,-1.83098385429,3.98387953482,5.22673603102,6.58060469206,5.62594259491,2.41468701409,0.400736152029,-3.14610253326,-6.12961231009,-8.73524184778,-11.3024828899,-11.7905105112,-13.0727625757	1	norm	0.12	264000
290591	0,1,2,3,4,5,6,7,8,9,10,11,12,13,14,15,16,17,18,19	1.39035318704,2.14020655515,2.21932749837,2.00933270807,1.85103022509,5.43403462564,8.54959884948,13.8527171561,15.0317268743,20.4898922624,19.2548176663,19.4279491911,15.2705930313,13.4743238389,9.54336782421,6.57754311727,1.92989809182,1.17808566554,-0.3938650356,0.933750966765	1	norm	0.12	264000
289031	0,1,2,3,4,5,6,7,8,9,10,11,12,13,14,15,16,17,18,19	-1.15541656377,-2.30594728118,-0.63304543851,-1.69019191105,-0.99990448066,1.72658595754,6.51054020191,9.867603832,12.428657013,15.1080124684,17.4187055245,15.8284807781,13.4963831277,9.34235569888,6.56694439952,3.00357889779,-0.439268171382,-1.44183352074,-2.02343088172,-2.29409162964	1	norm	0.12	264000
288050	0,1,2,3,4,5,6,7,8,9,10,11,12,13,14,15,16,17,18,19	18.8945781582,20.4850740485,21.1195066769,19.1696660906,21.5175246349,23.0664294005,28.3149576726,31.3463723456,34.6180968503,37.1192756807,39.2318548834,39.2732722655,34.6219238355,31.3806885711,26.6820526603,24.0731078444,22.1126681626,21.6388902912,18.441614549,18.9172071238	1	norm	0.12	264000
288267	0,1,2,3,4,5,6,7,8,9,10,11,12,13,14,15,16,17,18,19	4.01312348347,3.75007012558,5.9081710581,4.80093836229,6.15653181378,9.50845278801,11.6461567006,17.4691870256,21.6255156777,22.5473064675,25.5215027797,24.1424545213,21.0613375396,18.3497864956,12.7391397076,10.2397077112,7.09350862434,5.95213948549,5.51324567597,5.91381467961	1	norm	0.12	264000
291905	0,1,2,3,4,5,6,7,8,9,10,11,12,13,14,15,16,17,18,19	-5.16727636658,-6.55230579516,-5.12638415468,-3.80240434489,-4.72174326116,-1.11320775663,0.980043440485,5.99338855341,10.1771800554,14.2930178762,14.1750911485,11.4828780114,11.2500432717,6.86277039804,0.999364088416,-0.374950005526,-2.1136291976,-4.33353789478,-6.55602784187,-5.57137822873	1	norm	0.12	264000
290249	0,1,2,3,4,5,6,7,8,9,10,11,12,13,14,15,16,17,18,19	4.73711610404,4.52405276952,5.0364975828,5.30418140846,8.24687090719,9.58487148968,12.9621463014,17.8115148498,19.8129725641,23.8620388748,26.0374796697,23.3299813201,21.9249222034,16.1759311549,13.7181333869,11.5136708258,8.38336286649,4.9724034862,4.50406548326,5.30587825255	1	norm	0.12	264000
289684	0,1,2,3,4,5,6,7,8,9,10,11,12,13,14,15,16,17,18,19	-12.6887671093,-13.7272042062,-11.4580290996,-10.0112308296,-11.1514908555,-8.27700854921,-5.77674780896,0.999175120963,3.90859081058,6.8388204735,8.01987540177,7.1293473837,4.37492286805,0.161813392411,-3.75811817788,-7.88056382885,-11.3082136906,-12.4811627262,-12.0080541145,-12.2004971754	1	norm	0.12	264000
290565	0,1,2,3,4,5,6,7,8,9,10,11,12,13,14,15,16,17,18,19	2.74730094125,1.46094345901,2.49448996014,2.8728298327,6.28275690807,8.27729809453,11.9417407824,14.4198611595,18.8700050657,20.622585021,21.6342059959,20.239557338,18.9318911774,14.3567932347,9.90689594666,6.3056896183,6.36849636755,5.21589909606,2.42136133321,3.73455090987	1	norm	0.12	264000
289847	0,1,2,3,4,5,6,7,8,9,10,11,12,13,14,15,16,17,18,19	-9.56937084052,-11.2735225906,-10.4519077198,-10.1184044318,-6.87698413561,-5.50986941557,-2.67383232146,2.4448962675,3.99850610783,6.36888266861,7.45942458999,6.6780689015,3.55147145188,1.74065313175,-4.20118820877,-5.68706255611,-8.63460657786,-9.64526570004,-9.94627379626,-11.6778886915	1	norm	0.12	264000
288480	0,1,2,3,4,5,6,7,8,9,10,11,12,13,14,15,16,17,18,19	15.254523852,15.9514704341,16.9715764198,18.0247962697,19.4856697063,19.6573949947,24.16875489,26.4295476891,31.2434987135,33.7580435576,35.0766264118,34.4433486707,31.4025322445,26.409200824,22.6283688282,19.5917697537,17.7963692226,15.6465285837,15.2177921059,14.5340951094	1	norm	0.12	264000
288256	0,1,2,3,4,5,6,7,8,9,10,11,12,13,14,15,16,17,18,19	-7.91802370039,-9.58578089105,-10.3786233824,-7.77399232561,-6.45570694959,-5.12129516152,-2.07104146255,3.36297104213,6.41034122089,10.794941653,11.7982680757,9.13989108919,6.89677887878,2.05309368983,-2.09542272283,-3.21309274762,-6.04633464293,-8.78700725723,-8.09903712791,-10.1161353589	1	norm	0.12	264000
288997	0,1,2,3,4,5,6,7,8,9,10,11,12,13,14,15,16,17,18,19	2.4222951062,2.27830914119,3.16360414602,3.80212214929,4.54984978291,8.82397310456,10.3764553009,15.3215892146,18.2291602211,21.0783504782,23.4280878131,21.6650892243,20.2274140384,14.2067334604,11.2504329131,9.11241572161,6.18215223536,4.41383506162,3.98520501565,3.72001533437	1	norm	0.12	264000
291442	0,1,2,3,4,5,6,7,8,9,10,11,12,13,14,15,16,17,18,19	-16.9443324478,-16.6306323802,-18.9617697881,-15.9544534748,-15.2086462488,-12.3299871549,-10.959418228,-7.61227439687,-3.12388739432,1.87092795183,1.17846942927,0.574633751358,-2.11023648463,-5.06906540067,-8.6326499843,-11.8244856197,-15.3495335004,-17.1575062756,-17.8804357144,-16.7594267887	1	norm	0.12	264000
289539	0,1,2,3,4,5,6,7,8,9,10,11,12,13,14,15,16,17,18,19	7.71140894628,5.79240010077,6.84679314796,8.53373653808,8.18669590145,11.9320008858,16.5581173666,17.9342762269,23.1522495374,25.086245727,27.1754622133,26.0000901677,22.0862647362,18.8830854198,14.566429157,11.795737168,9.80887608977,7.82136690554,7.8425686699,7.68286254339	1	norm	0.12	264000
290090	0,1,2,3,4,5,6,7,8,9,10,11,12,13,14,15,16,17,18,19	3.74244863009,2.15922215045,2.98245235872,3.60870117544,6.06419019792,8.01189796759,10.8965082224,14.963154877,19.4790917981,23.2226381408,22.9538521169,22.23732222,20.5672629107,14.245621695,10.0989653259,6.73272048345,6.90612415563,4.55188832599,2.7311226001,3.67312088021	1	norm	0.12	264000
291374	0,1,2,3,4,5,6,7,8,9,10,11,12,13,14,15,16,17,18,19	-12.668806557,-14.6830737367,-13.931194458,-11.7573944423,-10.0574627613,-8.25677967497,-6.82556910134,-1.6146373258,1.76563464965,4.73817269589,5.73007165834,4.36833660047,2.41438601177,-3.13203657138,-5.94118527742,-7.885797644,-9.79500422171,-12.5858727182,-12.0167007892,-14.9368189115	1	norm	0.12	264000
289024	0,1,2,3,4,5,6,7,8,9,10,11,12,13,14,15,16,17,18,19	17.6564113669,17.8758404236,18.9438938797,18.9799750233,19.4826206452,22.0264913432,24.7022335191,28.833180051,34.570742499,37.5321668901,37.2930637685,34.8821446846,32.9590029168,28.3664778086,24.5578528424,21.3092214851,21.2600363753,19.7809014761,17.2014380756,16.457543484	1	norm	0.12	264000
290925	0,1,2,3,4,5,6,7,8,9,10,11,12,13,14,15,16,17,18,19	3.21791108299,4.86074629607,6.01284168122,4.98764401031,6.1750841179,8.17486356784,11.3817768721,17.3192170067,21.2496497674,23.7728417894,24.4178936798,23.3146822762,19.4259810321,16.9961215152,11.7631634572,8.75091181973,6.41582500064,6.50707504451,4.47325858949,3.74748678236	1	norm	0.12	264000
290927	0,1,2,3,4,5,6,7,8,9,10,11,12,13,14,15,16,17,18,19	-12.6708680379,-13.2083824574,-13.1893586811,-11.18648166,-10.4406398936,-6.97036441257,-3.65698763494,-0.473599963115,1.55005839879,4.60106173688,5.89566587908,5.84916321505,2.53079601309,-1.11733358523,-4.73454036246,-7.36249949367,-8.88122450526,-11.216643025,-11.2660703683,-12.4252535941	1	norm	0.12	264000
288045	0,1,2,3,4,5,6,7,8,9,10,11,12,13,14,15,16,17,18,19	13.6284608458,14.3900022482,15.9038865862,15.5351649286,17.0685845304,18.4168011153,21.2406295367,25.727791505,29.2072259451,34.0384475025,35.0518383672,33.4363791629,31.0416376608,26.0230813759,21.287824226,20.2487594541,18.0940872535,14.4931487354,14.9329553642,12.9900654102	1	norm	0.12	264000
290706	0,1,2,3,4,5,6,7,8,9,10,11,12,13,14,15,16,17,18,19	14.4543403804,14.653819685,15.1547501734,16.101286601,18.8420399941,21.0066587949,22.3218243562,27.92269073,32.7830592196,35.1025067138,35.8164880844,34.0267212587,32.3820075664,27.5839762461,23.1487391057,20.9469940668,19.1293770509,16.697923746,16.3726802636,17.1245667547	1	norm	0.12	264000
290589	0,1,2,3,4,5,6,7,8,9,10,11,12,13,14,15,16,17,18,19	16.2625643762,16.6320950894,16.3371133893,17.3610826517,19.0213899118,21.0337006718,24.1399094291,29.5295680407,33.6272727234,35.3245813228,35.5889719272,35.616679074,31.517601686,28.944818754,25.2146808291,23.1945300858,19.5515739629,19.3710047434,16.9494624294,16.5219718145	1	norm	0.12	264000
290599	0,1,2,3,4,5,6,7,8,9,10,11,12,13,14,15,16,17,18,19	2.5097058463,2.05358311656,3.57987552738,4.32203616463,4.77343535587,6.16788560631,10.4338735785,13.961963335,17.5141336715,21.06854959,22.9527477072,19.7715849966,19.4155606683,15.4115466631,11.6968524393,6.83191846247,4.95805264967,4.20044290852,3.37490174337,1.67402467487	1	norm	0.12	264000
291838	0,1,2,3,4,5,6,7,8,9,10,11,12,13,14,15,16,17,18,19	15.7861208169,16.6685626941,17.4675078636,16.4985388438,18.670845274,21.8364434282,22.7606972505,26.7209727011,31.6476224046,36.1821200127,37.3904969493,35.0397112102,33.4288474335,29.4310389316,25.0005127952,21.3400221248,19.4066683731,16.0410495459,15.4723476616,17.2762819533	1	norm	0.12	264000
289234	0,1,2,3,4,5,6,7,8,9,10,11,12,13,14,15,16,17,18,19	-11.3241803465,-12.0239158071,-10.6704227241,-10.1444862995,-9.23889740632,-8.37286311471,-5.57552142375,-1.02552317241,4.58096557023,6.06454601765,6.889384826,7.08081265621,2.80831524553,-1.77411113417,-4.2364740393,-7.0427664131,-9.19627940278,-10.4957930001,-10.8672575116,-13.9621859483	1	norm	0.12	264000
291603	0,1,2,3,4,5,6,7,8,9,10,11,12,13,14,15,16,17,18,19	18.2845497833,20.1915177126,20.7639856388,19.5869377606,20.7774170695,23.5507547513,26.4356693923,31.4701680494,35.7961957767,39.3661137515,39.4228895253,39.0800448513,35.4953597115,31.2813841905,26.6074206423,25.5781903496,23.2382453648,20.3926053595,19.9815554979,20.2362206955	1	norm	0.12	264000
290207	0,1,2,3,4,5,6,7,8,9,10,11,12,13,14,15,16,17,18,19	-7.59254422697,-9.47543240436,-7.71708576622,-6.55905688355,-6.88689524821,-3.83880443028,-1.15150470629,3.58098858871,7.60750711264,10.744681495,11.2724075174,8.71727789227,5.71196832443,3.9111179823,-1.67311223401,-4.74473542537,-4.77704189942,-8.10277715918,-7.14856969367,-9.88629206946	1	norm	0.12	264000
290853	0,1,2,3,4,5,6,7,8,9,10,11,12,13,14,15,16,17,18,19	-11.2824082198,-10.4498670566,-10.0756282587,-9.81993153227,-7.91385018268,-8.02923080023,-2.6858248047,0.711265957912,4.58836405059,6.8092192806,7.0784960001,6.94239760918,4.79030093099,-0.78338585296,-2.99191761472,-7.52343703959,-9.40137814715,-11.9666832711,-10.702966615,-12.2046058123	1	norm	0.12	264000
291392	0,1,2,3,4,5,6,7,8,9,10,11,12,13,14,15,16,17,18,19	4.63331059512,7.30290807162,5.90783252488,6.3664675174,7.27525469017,11.5289476888,13.9756410603,18.2311637137,21.782369088,25.3342729038,24.3722362631,24.3133808499,21.7790834171,18.6242949132,15.2249771512,10.42026899,7.10058510708,8.58951052337,5.70188798069,6.79033437275	1	norm	0.12	264000
290175	0,1,2,3,4,5,6,7,8,9,10,11,12,13,14,15,16,17,18,19	9.94525303122,11.9465076202,10.808908503,12.3113632173,11.9564119569,16.2457298046,18.7202737389,22.0256538481,25.5683477765,30.8221427294,30.9847279717,28.1430833575,27.9354813567,22.1869198076,18.2860335351,16.6533462322,13.1575902746,11.2368268167,11.7194789243,10.3251311011	1	norm	0.12	264000
291736	0,1,2,3,4,5,6,7,8,9,10,11,12,13,14,15,16,17,18,19	19.8442106386,20.3566711291,20.6678858118,20.5754469802,23.0574521717,24.2974092819,27.8697610458,31.2412619013,34.4398621835,36.7185816213,39.9833407215,36.8435695761,35.624594072,32.1551779447,28.4461699383,23.8786689529,22.7204864733,20.4280207048,21.0865649198,18.4474579536	1	norm	0.12	264000
291505	0,1,2,3,4,5,6,7,8,9,10,11,12,13,14,15,16,17,18,19	-12.7038816512,-11.8940493224,-11.7140115754,-11.6941166622,-9.01251746797,-8.30442211706,-4.31584870679,-0.912379544517,1.69615859216,7.168406539,6.9753631275,6.29668723935,4.23522352579,-2.24246369947,-5.26729451071,-9.55686375154,-11.7241011298,-10.7443115764,-11.1313025855,-13.2345470777	1	norm	0.12	264000
291304	0,1,2,3,4,5,6,7,8,9,10,11,12,13,14,15,16,17,18,19	-1.90909965518,-0.925357328615,-2.00733413383,-2.25418994297,-0.975748353066,2.18172585287,4.82339226968,11.332082845,13.0434109267,15.7947818813,16.9231367727,15.9928096657,15.1643006091,9.98354294331,5.42830432894,2.65402564545,-0.218960301469,0.0164647951881,-1.15153020905,-2.85139323048	1	norm	0.12	264000
289132	0,1,2,3,4,5,6,7,8,9,10,11,12,13,14,15,16,17,18,19	21.129349592,20.8906123789,19.5284966441,21.6076355552,20.9948101939,24.5848649879,28.7261932182,32.5374336928,34.3253693438,38.852952702,39.5348339108,37.3988908745,35.3117954017,31.1222412931,28.1123135909,25.6047147544,22.1098678734,22.1689901438,20.6741182427,18.6870827296	1	norm	0.12	264000
290604	0,1,2,3,4,5,6,7,8,9,10,11,12,13,14,15,16,17,18,19	4.33547278841,4.48136687704,4.7794562366,5.86673976156,9.45658188228,11.4590451322,14.3270177872,16.9897832152,20.6737397402,23.6434663777,25.6413215788,23.3686186936,20.1921435149,16.9387587782,14.7162249673,10.1020387638,8.12457809236,7.57621850303,7.1843774256,5.97927480468	1	norm	0.12	264000
290980	0,1,2,3,4,5,6,7,8,9,10,11,12,13,14,15,16,17,18,19	-16.4079502074,-16.2867064753,-17.11778197,-15.5001866777,-12.996833028,-11.0073988018,-7.208214552,-2.91669378718,-1.97187577369,2.41276876479,4.16629371247,1.34735063433,-1.58327514488,-3.6358198267,-7.22809495724,-12.5459735351,-14.1258811195,-13.7913661468,-15.6232511226,-15.0471601134	1	norm	0.12	264000
291958	0,1,2,3,4,5,6,7,8,9,10,11,12,13,14,15,16,17,18,19	18.1767165697,17.6959745118,18.533605536,20.5740125696,22.0584346444,22.5818462765,26.6258695214,31.59334146,34.5203535006,38.1505883761,37.0151191989,38.3079263787,34.3748610521,30.1422271447,27.9558012846,24.0545675849,20.8062467026,18.7205993002,20.4060837058,19.335977877	1	norm	0.12	264000
291099	0,1,2,3,4,5,6,7,8,9,10,11,12,13,14,15,16,17,18,19	17.3320415018,18.2703827497,16.8669281757,17.9901219034,18.6357131104,22.5019352252,25.1736623333,29.1970378664,32.3252866783,36.9397815315,37.43606019,34.604721621,33.642729309,28.5289910277,24.1412680014,22.8907867271,21.1356940238,18.577233346,18.8920566099,18.2545496806	1	norm	0.12	264000
289601	0,1,2,3,4,5,6,7,8,9,10,11,12,13,14,15,16,17,18,19	18.9289724781,17.2371010217,18.8394876592,19.8799510837,19.850108549,23.4666391092,26.2896439507,31.7839656853,33.5898564387,36.4723398466,37.7736588593,36.08610639,33.7533461184,30.6219057986,25.1915406817,24.0775288628,21.2749019942,20.490797983,18.4315905075,19.937692	1	norm	0.12	264000
289959	0,1,2,3,4,5,6,7,8,9,10,11,12,13,14,15,16,17,18,19	18.4367551817,16.3701523325,17.0724022099,17.9608990488,20.977316336,22.1667414641,24.8510451811,30.3404786074,32.4785019018,34.943914818,38.444790279,37.3745281508,33.7916633943,28.6668848734,25.9735926623,23.7739656159,20.0058980152,17.8141454514,17.4287298782,16.3325484382	1	norm	0.12	264000
289922	0,1,2,3,4,5,6,7,8,9,10,11,12,13,14,15,16,17,18,19	-16.143951284,-16.5934506737,-17.6780604487,-15.2943513238,-14.3723522446,-13.078138681,-9.21398489359,-6.27613774311,-0.867187414446,2.29531633444,3.39474444134,1.35706235296,-2.42341554466,-4.60745994694,-9.54279489347,-12.6135149895,-14.3264501066,-17.047933771,-16.1094706823,-16.4879034856	1	norm	0.12	264000
291701	0,1,2,3,4,5,6,7,8,9,10,11,12,13,14,15,16,17,18,19	-5.95889595961,-7.08811603449,-4.65318416942,-5.96659828183,-4.51485380652,-0.0424877374739,1.83343979865,7.45767158437,9.73104224344,11.4887748229,14.7092807591,13.1704777173,9.95928951205,6.07439669882,2.42093630506,-1.62432623709,-1.98612046194,-3.85568473052,-4.84739341133,-5.21115386461	1	norm	0.12	264000
288162	0,1,2,3,4,5,6,7,8,9,10,11,12,13,14,15,16,17,18,19	-12.9174261102,-12.6146349201,-14.4791355789,-13.6441471703,-9.79073260812,-9.07869997452,-5.76910124969,-0.330479716878,1.76599020186,4.44843982252,7.33664722904,5.24127180349,1.41822067426,-0.697144927264,-5.26128477799,-8.62694876544,-10.9917151216,-12.985772135,-12.6395577177,-13.4117200492	1	norm	0.12	264000
290351	0,1,2,3,4,5,6,7,8,9,10,11,12,13,14,15,16,17,18,19	-0.00128522731292,-0.241003790117,0.594189669509,-0.020246370453,1.78934445237,5.11455356767,8.51129195593,12.1630965703,14.9822833958,16.7071632217,19.7173959634,16.5655016239,15.4983096086,11.3337243321,6.62593045309,3.45374548544,2.93309440115,-0.0198676324818,-0.777084147984,-0.464265306654	1	norm	0.12	264000
290272	0,1,2,3,4,5,6,7,8,9,10,11,12,13,14,15,16,17,18,19	15.2351285542,14.5424729767,15.2517764051,16.575398556,16.9891169067,18.7005052305,22.3278365578,27.6710403547,30.8696304039,33.7963867445,32.7044558149,32.6496096252,30.5318361543,25.3638876695,21.3875596624,19.9846258731,17.3657392785,15.7068068625,15.4878309059,13.1763171031	1	norm	0.12	264000
290794	0,1,2,3,4,5,6,7,8,9,10,11,12,13,14,15,16,17,18,19	-6.10409714425,-3.62964708312,-5.01883122574,-2.7833571624,-3.45218423275,0.13653522046,4.21728829475,5.80508069558,11.6821539839,12.3742139654,15.25554493,14.6191345367,11.2787264781,7.33964232184,4.50521931527,-0.677951534637,-3.76336801335,-5.1201506081,-5.73022907121,-5.00500027153	1	norm	0.12	264000
289396	0,1,2,3,4,5,6,7,8,9,10,11,12,13,14,15,16,17,18,19	16.7219301074,16.3846578896,18.1832847666,18.6380974977,19.1382177985,22.5690396012,26.8755606416,28.5901431908,32.8250337107,37.5703314569,36.9602277347,36.6038107013,31.8354896394,30.5207122824,25.9589147971,22.1752365589,19.1615972082,19.2089841345,18.2946952292,17.224477695	1	norm	0.12	264000
291934	0,1,2,3,4,5,6,7,8,9,10,11,12,13,14,15,16,17,18,19	15.2207431555,14.6341935591,14.987739156,15.8420665663,16.1846812384,20.2375730363,24.3213716947,25.7464670461,30.6187827834,32.5541093341,34.6116083824,33.3015024637,30.1926348209,25.9221239623,22.2097496748,21.3725297939,19.1289832917,16.0674998814,14.9783676598,14.7833311123	1	norm	0.12	264000
291957	0,1,2,3,4,5,6,7,8,9,10,11,12,13,14,15,16,17,18,19	-12.7431202756,-11.4863109731,-12.8511904449,-12.8613291561,-10.8517702134,-8.50512589536,-5.62353790062,-0.462610518566,4.16186596053,6.91610251886,7.72341046339,5.59853084879,1.69600203223,-0.442978689349,-3.76958182693,-8.75806724702,-9.50041178181,-12.9162808931,-12.5164616777,-13.159926412	1	norm	0.12	264000
288863	0,1,2,3,4,5,6,7,8,9,10,11,12,13,14,15,16,17,18,19	-14.9652682599,-16.2509844061,-15.2865585763,-13.3226939227,-13.6901174069,-11.1353897388,-9.05252014212,-2.36228882626,-0.730338560011,2.36970763648,3.10758928103,2.18213461753,-1.2348935938,-3.54367636432,-6.44446616376,-11.8566617288,-13.7195564788,-14.635464134,-14.7487504849,-14.7893980471	1	norm	0.12	264000
289632	0,1,2,3,4,5,6,7,8,9,10,11,12,13,14,15,16,17,18,19	-4.98926648608,-4.21255236928,-2.9351109835,-1.92823416455,-1.80206907184,1.56894433682,5.65317221127,9.45665619102,11.7756341651,14.4613188378,14.6771071498,13.6737553067,12.4136262526,7.6905133493,2.84536167216,-0.230693001151,-1.0372555578,-2.4455586059,-2.8379263634,-3.41260674725	1	norm	0.12	264000
288342	0,1,2,3,4,5,6,7,8,9,10,11,12,13,14,15,16,17,18,19	-12.3770981337,-10.9054958868,-11.8715612986,-10.28347679,-9.14679401978,-6.47872868934,-3.61673604014,1.28500279074,3.97168978644,5.4364219982,7.23832760732,6.68315404253,2.63791795729,1.25500518278,-4.20088395981,-6.26527888212,-10.1898914887,-11.9598172753,-12.689714025,-13.1329090416	1	norm	0.12	264000
289841	0,1,2,3,4,5,6,7,8,9,10,11,12,13,14,15,16,17,18,19	19.8405888193,19.9490216613,21.0641055519,20.1914418775,22.526868081,24.8806822455,27.2299549332,32.2982471782,36.3082825682,37.0655016198,40.6480230798,37.1430649043,33.9763320043,30.4994113977,27.5528695687,22.9905557128,22.1257815258,19.8874603351,19.9065948075,20.5084089955	1	norm	0.12	264000
289480	0,1,2,3,4,5,6,7,8,9,10,11,12,13,14,15,16,17,18,19	16.5769194506,19.1838163761,17.5327924205,18.2392937527,21.3790239656,23.4343437098,25.3581141741,28.7760206327,34.1819963233,37.4653656099,38.7894882489,35.6767060317,32.604136534,28.788702301,25.5949805402,23.3022366071,19.3791388631,18.7269828524,16.6826421217,17.9926632457	1	norm	0.12	264000
290295	0,1,2,3,4,5,6,7,8,9,10,11,12,13,14,15,16,17,18,19	-13.6924006481,-13.6790138238,-12.5097760805,-10.8047767314,-10.1173812586,-7.54167780537,-4.50329029974,-1.02821879559,1.53044091533,4.44322411898,6.511441464,5.79932967248,2.47362767143,-2.60031463787,-5.43836982739,-8.67242601034,-9.75951835646,-12.543686604,-13.905416121,-13.0981058913	1	norm	0.12	264000
290843	0,1,2,3,4,5,6,7,8,9,10,11,12,13,14,15,16,17,18,19	17.6441845072,15.3258169092,15.6466393828,16.7071441396,19.0832685311,20.880742787,25.8646265857,27.3945609012,32.1886633876,34.8290363329,35.6920261267,34.402149547,33.9163484308,27.459094424,25.6028201451,22.3944793493,19.8614309075,17.7567392798,16.6933493704,15.5043587426	1	norm	0.12	264000
