ID	X	Y	func	noise	original_trajectory,,
908400	0.0,1.0,2.0,3.0,4.0,5.0,6.0,7.0,8.0,9.0,10.0,11.0,12.0,13.0,14.0,15.0,16.0,17.0,18.0,19.0	-100.2488340829334,-101.00470043510003,-51.52169188746081,-43.04467273626776,-44.064811321861384,-44.54550992168972,-46.414767732214806,-44.100564249548675,-44.59108011957205,-43.66661742057649,-42.02562535202146,-44.52929448849787,-44.11215224636836,-42.725698098943155,-43.01856563697114,-43.93460531498656,-44.16669663142116,-41.95568128023067,-42.89283883549345,-43.21191072992168	exponential	0.12	908400,,
908401	0.0,1.0,2.0,3.0,4.0,5.0,6.0,7.0,8.0,9.0,10.0,11.0,12.0,13.0,14.0,15.0,16.0,17.0,18.0,19.0	16.872833351662244,16.489850171889564,17.849593933134784,16.705730416239646,-26.70282283965357,-40.073898934109536,-44.627311702064894,-40.45171688963449,-42.10149811184548,-42.63789661052542,-46.51431291604177,-41.39311551046058,-45.661551183623914,-40.17138192241399,-43.28654209940998,-42.298889901057834,-43.37232562901855,-42.50741268962303,-40.212045667258124,-43.51894331833008	exponential	0.12	908401,,
908402	0.0,1.0,2.0,3.0,4.0,5.0,6.0,7.0,8.0,9.0,10.0,11.0,12.0,13.0,14.0,15.0,16.0,17.0,18.0,19.0	36.736864777215104,37.48523221275799,37.16364735459277,19.240705045283065,15.510258410099757,14.900689587665157,15.966274321896167,15.896257198784012,14.57051330885888,17.081681701926758,15.886540184995685,16.47192121232174,15.018569907048711,15.090827290295161,14.390420346523868,15.390787952530683,15.160140267086405,15.632853740993921,15.492525424498305,16.87356208186958	exponential	0.12	908402,,
908403	0.0,1.0,2.0,3.0,4.0,5.0,6.0,7.0,8.0,9.0,10.0,11.0,12.0,13.0,14.0,15.0,16.0,17.0,18.0,19.0	-58.80272674281996,-59.286754766070246,-12.651905537174036,3.650449337710317,0.9393167305530232,1.1206869297001978,5.304166562029978,2.819914811532704,5.567494869257953,3.9599531387783586,5.9820823192823545,1.3720426307240456,3.9292959177261246,2.9854778167191194,1.0176193474628596,0.9564559537560234,4.849073119913981,0.740168090924855,4.526340359932351,5.134525544474637	exponential	0.12	908403,,
908404	0.0,1.0,2.0,3.0,4.0,5.0,6.0,7.0,8.0,9.0,10.0,11.0,12.0,13.0,14.0,15.0,16.0,17.0,18.0,19.0	-2.397726828322874,-0.07739371708261444,-7.903864134861145,-8.296696736391652,54.703198458877736,63.350353798324576,65.64130301464306,67.1659388795385,63.8257378013359,69.06228924013749,60.85252368302631,67.95908391960748,62.620272301218556,68.2961825067038,61.11009961816448,69.0640988478285,67.30793956812042,69.2799827647555,65.77720389902085,62.344762992344855	exponential	0.12	908404,,
908405	0.0,1.0,2.0,3.0,4.0,5.0,6.0,7.0,8.0,9.0,10.0,11.0,12.0,13.0,14.0,15.0,16.0,17.0,18.0,19.0	-3.0192093911324704,-1.2456378376082196,-1.3095516574455743,-2.544850335879726,-3.368018564432427,4.881070393413663,7.558258653567954,9.086014642717661,9.061551400832974,8.050171675719303,10.702517768262338,9.656598688793277,10.444271772648522,9.365203460778153,8.149253935368781,8.145535093151759,8.335201705806057,8.637072382875848,8.013440443069499,9.813226542598855	exponential	0.12	908405,,
908406	0.0,1.0,2.0,3.0,4.0,5.0,6.0,7.0,8.0,9.0,10.0,11.0,12.0,13.0,14.0,15.0,16.0,17.0,18.0,19.0	21.24380520068011,24.85909825735137,23.98197513045154,22.93578045066944,23.773353473905175,-5.723658471273117,-8.811224227907484,-7.961265385178479,-7.102980577929285,-7.5078203533007635,-10.156837702105122,-7.649484774140956,-6.4270345200643915,-7.111525785692609,-6.349604159594072,-6.1257243748595,-9.25983109263255,-8.959051215964848,-7.921660070064916,-6.146096443336554	exponential	0.12	908406,,
908407	0.0,1.0,2.0,3.0,4.0,5.0,6.0,7.0,8.0,9.0,10.0,11.0,12.0,13.0,14.0,15.0,16.0,17.0,18.0,19.0	32.2599083262244,38.48177807837776,32.90313745174851,39.23459436861465,36.3665430084317,-48.17899784027915,-52.71356081784839,-54.99322586996483,-52.68386486795102,-48.77327810075077,-57.16426484811533,-54.90924804370717,-55.068596092616495,-48.77136006418962,-53.42008650875695,-51.45649306507464,-55.394203769569515,-51.62835762376857,-52.697150241882774,-51.66277022099342	exponential	0.12	908407,,
908408	0.0,1.0,2.0,3.0,4.0,5.0,6.0,7.0,8.0,9.0,10.0,11.0,12.0,13.0,14.0,15.0,16.0,17.0,18.0,19.0	75.99541916824558,21.685373846930815,15.398902195210795,11.795008348366188,12.174040135976869,10.803048422316282,13.911001737263904,11.479991280103098,11.557195033760191,13.799493730227473,12.487150868618874,11.494513592209627,14.167711794447403,12.08278646685052,11.862119582054401,14.504768669117805,13.737970467507562,13.550840836943419,11.374516658108684,13.839070021245547	exponential	0.12	908408,,
908409	0.0,1.0,2.0,3.0,4.0,5.0,6.0,7.0,8.0,9.0,10.0,11.0,12.0,13.0,14.0,15.0,16.0,17.0,18.0,19.0	6.424145909414641,-47.09220219855942,-57.064700517847754,-58.91463551510172,-58.47992745795412,-58.91902694910348,-59.54641109139291,-62.46989270795243,-60.34348949695788,-60.0078377368681,-62.69492274487209,-61.00700362325017,-59.18258885804985,-59.01760570722122,-58.92824990393384,-62.66953896622323,-60.35817911291809,-59.19922227718529,-60.15317879555398,-61.64853698236926	exponential	0.12	908409,,
908410	0.0,1.0,2.0,3.0,4.0,5.0,6.0,7.0,8.0,9.0,10.0,11.0,12.0,13.0,14.0,15.0,16.0,17.0,18.0,19.0	17.396021719416154,19.64708249214989,8.766930110120228,10.609017800312927,8.318533090423358,17.22647395012993,-63.91039054605642,-66.1949429385917,-64.5162774999767,-75.28245183962241,-65.43129140026302,-65.23896578478205,-68.8695421854757,-70.93891075565408,-74.22050998688871,-65.51058723359839,-74.31894194167108,-67.47090779220386,-75.30803554546473,-69.7573686548003	exponential	0.12	908410,,
908411	0.0,1.0,2.0,3.0,4.0,5.0,6.0,7.0,8.0,9.0,10.0,11.0,12.0,13.0,14.0,15.0,16.0,17.0,18.0,19.0	147.79597493759502,147.33780677295672,85.78994637142038,72.19609129929827,69.45626703467785,66.57459645811966,64.55981308324226,68.89371534950115,67.7354864120894,65.70574833577561,66.36689497970126,69.30823197615678,69.79137658909237,69.27032000515679,62.97626850908681,64.50673334292283,65.14498689479726,63.262420354901025,67.93684043887549,62.41032431040911	exponential	0.12	908411,,
908412	0.0,1.0,2.0,3.0,4.0,5.0,6.0,7.0,8.0,9.0,10.0,11.0,12.0,13.0,14.0,15.0,16.0,17.0,18.0,19.0	28.565066823216206,27.424324832897312,28.179094093132285,28.332303828382933,12.664920385379116,11.076152835666896,11.194288818907154,11.624896087892175,11.212988373279533,11.348308302355276,9.560047641245959,9.797482344990067,11.849183079664842,11.509197179612762,11.527142646864752,9.829983666200134,10.9121084770125,10.523540782457133,11.375750748507933,10.539477038519887	exponential	0.12	908412,,
908413	0.0,1.0,2.0,3.0,4.0,5.0,6.0,7.0,8.0,9.0,10.0,11.0,12.0,13.0,14.0,15.0,16.0,17.0,18.0,19.0	3.942059747192946,3.4063144947777086,-9.034443794977776,-10.472852804148825,-12.02457155146233,-11.105398028475918,-9.3946091107545,-11.203480337962059,-10.141832677158101,-10.376051403194023,-11.819967980899627,-10.173890260097409,-12.01175332472332,-11.69489188100998,-10.501441529181701,-11.867753397692416,-9.340347330057988,-10.967604546192328,-10.349366909898885,-9.338341909297402	exponential	0.12	908413,,
908414	0.0,1.0,2.0,3.0,4.0,5.0,6.0,7.0,8.0,9.0,10.0,11.0,12.0,13.0,14.0,15.0,16.0,17.0,18.0,19.0	194.2903295668879,189.8002495619109,197.76293140012558,186.40435335572798,189.16716886344796,140.88242122680305,125.71680760389512,109.68650843611209,100.15594459535536,97.4482534514557,99.88285633414954,96.37803100219524,91.54254693155897,95.24340789361892,94.11480711811436,94.84231860513782,97.29975355218997,93.82956701451415,93.65361949733898,86.01320282556958	exponential	0.12	908414,,
908415	0.0,1.0,2.0,3.0,4.0,5.0,6.0,7.0,8.0,9.0,10.0,11.0,12.0,13.0,14.0,15.0,16.0,17.0,18.0,19.0	1.2992351054358664,0.5149058667798929,1.5575047501592896,1.9768504013743384,0.3376054084130385,-0.07928233659332572,-0.6062847343153486,-1.5915567811584779,0.15995665502437384,-1.5065917028549647,0.21591734574148105,-1.0309520810903252,-0.48120553939806543,-0.8736066909796274,-0.4067558983284214,-1.3513277060640987,-0.63463105996259,-0.1570539843963739,-1.2898974365815856,-0.5679887394885884	exponential	0.12	908415,,
908416	0.0,1.0,2.0,3.0,4.0,5.0,6.0,7.0,8.0,9.0,10.0,11.0,12.0,13.0,14.0,15.0,16.0,17.0,18.0,19.0	-13.360647718907314,-13.158956868553323,-12.57949074555653,-13.418199163301914,-14.836489501698473,-8.55052370101625,-7.2025242833802405,-8.06206002882488,-8.51352207390028,-7.739066268938295,-6.085680117545542,-6.533857490941333,-6.059971276574614,-8.90459514401395,-7.60883459572991,-6.443600977055885,-7.991369029438824,-8.862482037617102,-8.930158669600496,-8.896564108283451	exponential	0.12	908416,,
908417	0.0,1.0,2.0,3.0,4.0,5.0,6.0,7.0,8.0,9.0,10.0,11.0,12.0,13.0,14.0,15.0,16.0,17.0,18.0,19.0	-50.72808882738635,-22.214929569125076,-13.388320008567923,-12.968619943680846,-11.046272185797028,-13.694387315224375,-10.710923829321201,-13.375783725770011,-12.120893864425497,-12.209444020026842,-10.685245430939663,-11.49885233505554,-10.698522583662083,-10.928448176543219,-12.379677652926727,-13.217123474333464,-13.222698759396593,-11.521211753788235,-10.791074834159204,-11.655379429084741	exponential	0.12	908417,,
908418	0.0,1.0,2.0,3.0,4.0,5.0,6.0,7.0,8.0,9.0,10.0,11.0,12.0,13.0,14.0,15.0,16.0,17.0,18.0,19.0	36.150114409103466,36.916333907169985,37.903255672452744,19.06880788977987,18.174966182127996,16.469338998855548,15.957963922222126,15.631026782334796,17.96163933566732,16.397125154310896,16.392492186367434,16.29879326741507,15.528379826287413,17.862714066952545,17.586684581976254,17.56131324745526,16.10030262690426,15.80116007382329,17.793475323185334,18.455078643555193	exponential	0.12	908418,,
908419	0.0,1.0,2.0,3.0,4.0,5.0,6.0,7.0,8.0,9.0,10.0,11.0,12.0,13.0,14.0,15.0,16.0,17.0,18.0,19.0	177.2084974822322,184.38691118229514,179.3156771885871,121.00071041401934,97.88450048514979,86.999058323889,83.64393771168484,82.27308210642494,83.5302947739093,80.7401159329958,78.24546184705122,78.53996621246807,77.79365057155873,82.32850227624834,80.37181306039922,86.92053213133534,82.72001475719337,86.8770835332601,81.32647205726802,84.01998589343496	exponential	0.12	908419,,
908420	0.0,1.0,2.0,3.0,4.0,5.0,6.0,7.0,8.0,9.0,10.0,11.0,12.0,13.0,14.0,15.0,16.0,17.0,18.0,19.0	-65.35200709188453,-64.4564250480056,-63.571899937511645,-43.328805684080436,-35.42965261558097,-33.611701534842005,-33.80928855789872,-32.32000632399145,-32.00456436372,-32.1003663403147,-32.76037227494142,-30.75471562288859,-29.870623310400003,-30.10745609741526,-31.69952610130557,-33.12788664938451,-31.96044586692006,-30.612106293651387,-30.098736421877614,-29.907545090442465	exponential	0.12	908420,,
908421	0.0,1.0,2.0,3.0,4.0,5.0,6.0,7.0,8.0,9.0,10.0,11.0,12.0,13.0,14.0,15.0,16.0,17.0,18.0,19.0	-5.781669914830715,-7.526811674074949,-6.005802808686596,-4.687786469353355,-4.268415125857146,-11.05312769603131,85.0248470097557,86.38447355656167,91.58633036958305,87.02319208942815,92.95699831424848,85.36675150089938,88.92333114891542,89.59641571878552,88.61836801106811,90.9951470931408,86.50764759537766,91.04199237314668,95.20101833104223,92.92427471663682	exponential	0.12	908421,,
908422	0.0,1.0,2.0,3.0,4.0,5.0,6.0,7.0,8.0,9.0,10.0,11.0,12.0,13.0,14.0,15.0,16.0,17.0,18.0,19.0	72.76994135658664,69.03139582803377,75.20552668581888,77.15729911497223,1.1413538871121496,-20.160627210250038,-14.722549239992802,-16.431662861014967,-13.306774580577938,-17.926139237821683,-14.022687037048891,-16.322115185916157,-12.841565533761361,-17.370438105408436,-16.919479127193807,-14.784548970475914,-21.819873782739002,-20.068903253333627,-20.4694804834813,-17.673663861113326	exponential	0.12	908422,,
908423	0.0,1.0,2.0,3.0,4.0,5.0,6.0,7.0,8.0,9.0,10.0,11.0,12.0,13.0,14.0,15.0,16.0,17.0,18.0,19.0	-141.08494671607338,-135.73510138102938,-134.85486007288637,-74.9005713959271,-63.06161604798107,-60.12627695063452,-60.463543147102214,-63.22087857316991,-57.83928322533801,-60.875557960116424,-59.50328688037312,-59.721973950721846,-61.83529930982893,-59.61369135159058,-63.93458876571841,-60.90937447868096,-60.03377042471438,-60.22104018666704,-63.06963554180416,-64.00595750798337	exponential	0.12	908423,,
908424	0.0,1.0,2.0,3.0,4.0,5.0,6.0,7.0,8.0,9.0,10.0,11.0,12.0,13.0,14.0,15.0,16.0,17.0,18.0,19.0	-99.07853966823014,-99.86059856887103,-100.26913746813722,-99.74728640290077,-47.85367723746502,-30.025998738697403,-26.610898459191972,-22.80892273656638,-22.566405446899804,-26.53230454614002,-25.96569424845774,-20.11733223987052,-24.46588260531176,-18.453923211289403,-25.83695253282186,-18.785061963890797,-22.90159996517465,-22.66559986691871,-20.451278454427833,-25.607796881509564	exponential	0.12	908424,,
908425	0.0,1.0,2.0,3.0,4.0,5.0,6.0,7.0,8.0,9.0,10.0,11.0,12.0,13.0,14.0,15.0,16.0,17.0,18.0,19.0	-27.933732391819483,-27.40604145308268,-27.702006647407686,-27.11069973952669,-28.08902631960539,-27.448483638958045,-8.6167293576483,-7.373172515092322,-7.299433285264715,-6.939015207555516,-6.1223966493043145,-6.643273937015083,-5.759239157571742,-5.428143553811009,-4.6452624018366775,-7.035907085255722,-4.52596109971182,-7.497290688908025,-4.7381838849577305,-4.441587619785595	exponential	0.12	908425,,
908426	0.0,1.0,2.0,3.0,4.0,5.0,6.0,7.0,8.0,9.0,10.0,11.0,12.0,13.0,14.0,15.0,16.0,17.0,18.0,19.0	60.42869611307495,57.15335110524579,59.592054748033085,54.93062688998718,56.8350155097975,4.5475498977188105,-3.230686232811548,-4.332042486871195,-5.2941782608765555,0.23812793056313253,-0.7527927458200505,-1.9398633038842337,1.0729697210510118,-1.550679644800928,-5.161313742772467,-0.22393661241346996,1.731047202974201,-2.810258454052912,1.4448762796756571,-2.4061088910871327	exponential	0.12	908426,,
908427	0.0,1.0,2.0,3.0,4.0,5.0,6.0,7.0,8.0,9.0,10.0,11.0,12.0,13.0,14.0,15.0,16.0,17.0,18.0,19.0	-17.965080651894617,28.232820842260487,31.68807438899374,33.895886457929485,34.17741379229125,34.28826335696189,33.48253572642668,34.5581298232055,35.533171570620276,34.47672388382548,32.10343661385631,34.21036643627324,34.192773273254,33.91325055807294,35.32339164956058,32.14416564943091,32.017662926734516,34.54830552312799,32.31638795769712,32.44886073025178	exponential	0.12	908427,,
908428	0.0,1.0,2.0,3.0,4.0,5.0,6.0,7.0,8.0,9.0,10.0,11.0,12.0,13.0,14.0,15.0,16.0,17.0,18.0,19.0	-45.70587975830303,-46.82652342284418,-47.845965885064814,-44.549533883028104,-44.93840389211174,-20.15039365076311,-18.92432308832893,-19.462505862848104,-18.14931365832601,-18.91464469749488,-19.75292020235165,-20.044772029271744,-18.95613392905569,-19.91361181169643,-19.47208812461841,-16.855430640218614,-17.01630483556423,-17.19363048168735,-18.57076226787862,-17.646661208084236	exponential	0.12	908428,,
908429	0.0,1.0,2.0,3.0,4.0,5.0,6.0,7.0,8.0,9.0,10.0,11.0,12.0,13.0,14.0,15.0,16.0,17.0,18.0,19.0	17.15153495972157,16.049239943394156,15.085804755641659,15.936005846442763,17.83568892349478,16.811361743446355,-4.53050905341539,-6.135670981910808,-8.087676683593607,-8.637024124604268,-6.0996669175706,-7.07461659672321,-9.026184775131936,-6.748129212221235,-6.664896338949545,-6.52824407302347,-8.67195485805035,-8.188567439722792,-6.657020032683911,-6.841738104052745	exponential	0.12	908429,,
908430	0.0,1.0,2.0,3.0,4.0,5.0,6.0,7.0,8.0,9.0,10.0,11.0,12.0,13.0,14.0,15.0,16.0,17.0,18.0,19.0	175.77623737898386,179.98828391359422,186.99560989154298,183.0916026517753,183.91296098175658,185.5700984057779,111.48872360222472,93.0426805066291,92.42340888613795,87.53098003503865,92.85797698850108,90.21670660029572,80.25129870553097,83.9964438887148,91.81791301284441,81.76401490162662,80.42843434945895,87.8455412485362,89.31421309086043,93.07248002097732	exponential	0.12	908430,,
908431	0.0,1.0,2.0,3.0,4.0,5.0,6.0,7.0,8.0,9.0,10.0,11.0,12.0,13.0,14.0,15.0,16.0,17.0,18.0,19.0	38.76402045763866,38.13660290756343,38.08932974535018,40.8008743855669,39.97014560384608,19.172676777918735,16.064697887522993,14.732382105211652,14.922258845458838,15.394847493034579,14.660013046150482,15.946162621605703,14.437563582847947,15.331429734951156,14.154450761077458,15.962014910016753,14.535597481249862,15.888801656326773,14.222898246677659,15.617365796325185	exponential	0.12	908431,,
908432	0.0,1.0,2.0,3.0,4.0,5.0,6.0,7.0,8.0,9.0,10.0,11.0,12.0,13.0,14.0,15.0,16.0,17.0,18.0,19.0	11.566448186490135,8.3085119544427,7.2892564589162845,9.723649852318239,-44.70947590637426,-55.215159913792675,-57.014834077951775,-58.42911130646286,-57.3197650315414,-59.35381939266641,-60.807217111941135,-61.40783953417777,-61.860216643255605,-61.239603578622194,-59.865730471739916,-56.84211286297333,-62.083364265702826,-60.782659120350516,-61.873617899901845,-60.026085119495306	exponential	0.12	908432,,
908433	0.0,1.0,2.0,3.0,4.0,5.0,6.0,7.0,8.0,9.0,10.0,11.0,12.0,13.0,14.0,15.0,16.0,17.0,18.0,19.0	42.295061806865604,41.72226403977423,21.63936838166453,19.237447402660198,17.249320981408513,16.826281169472455,18.661982323325244,17.78500113488306,18.215593657373155,18.343542646351914,19.30771872489146,17.018531094241297,17.422592479551547,16.742401230119075,18.71880245489968,16.877554759155423,19.21428005584296,18.48020409504347,18.185155038757472,17.44627323616131	exponential	0.12	908433,,
908434	0.0,1.0,2.0,3.0,4.0,5.0,6.0,7.0,8.0,9.0,10.0,11.0,12.0,13.0,14.0,15.0,16.0,17.0,18.0,19.0	-101.44269135152027,-105.78608047916816,-40.20814866738989,-28.844090288026237,-24.09294558111386,-28.087713944468963,-22.204164950045225,-22.69696864264084,-24.93683361914189,-22.76038382002861,-24.48591866669816,-27.877850606466975,-26.133832373078953,-28.84918906560511,-25.892458005180163,-21.958285591896214,-26.136809642061298,-24.278918244242924,-26.452361049684054,-24.2038484087054	exponential	0.12	908434,,
908435	0.0,1.0,2.0,3.0,4.0,5.0,6.0,7.0,8.0,9.0,10.0,11.0,12.0,13.0,14.0,15.0,16.0,17.0,18.0,19.0	26.37304961527599,18.264343205181618,19.67540800920881,-46.72625304757175,-56.92427233411642,-63.889271371904584,-62.25822409296876,-62.226358566653445,-62.11066854561772,-62.54711781278081,-64.51652460049151,-64.97707366381061,-58.02965482052275,-64.76033265891193,-63.30652208301213,-60.08771977956639,-57.83421334367768,-57.44468309311071,-60.73559579570456,-59.47450824895837	exponential	0.12	908435,,
908436	0.0,1.0,2.0,3.0,4.0,5.0,6.0,7.0,8.0,9.0,10.0,11.0,12.0,13.0,14.0,15.0,16.0,17.0,18.0,19.0	26.886776972553342,15.225370460090772,14.671380459350047,17.560942698377403,14.9142641925622,26.013416490249327,-58.98766199522,-68.40072008238948,-64.50145613175039,-69.86870473310276,-72.85152405076423,-75.0268744648381,-72.95405477640924,-71.90063229708596,-65.11050060761694,-70.33626340067876,-68.83483031923342,-72.49763439358128,-70.66373617912083,-64.09137932496873	exponential	0.12	908436,,
908437	0.0,1.0,2.0,3.0,4.0,5.0,6.0,7.0,8.0,9.0,10.0,11.0,12.0,13.0,14.0,15.0,16.0,17.0,18.0,19.0	74.11310665868777,75.00692026842944,74.65330503156447,72.59080770940943,43.51828030752864,35.35345107159364,35.158801119433456,32.32834514499852,32.14980467781892,32.03679800352726,32.83914983933289,30.51459417327409,31.732166585226157,31.814521994797815,33.62205866136252,35.02778063480093,30.760177906842447,31.192390423235434,34.83317763639562,31.047909217498194	exponential	0.12	908437,,
908438	0.0,1.0,2.0,3.0,4.0,5.0,6.0,7.0,8.0,9.0,10.0,11.0,12.0,13.0,14.0,15.0,16.0,17.0,18.0,19.0	-4.364065451183363,-2.9339565078350818,-7.648850264329323,-7.880711647615634,-6.868335246310146,-8.16043355936838,-6.980993327076884,-8.641265703293856,-8.976813706571512,-8.309929753674714,-8.626674251530588,-7.330045514543404,-9.160490162097567,-7.341230401193781,-8.862391250801263,-8.292655893543088,-8.873341624106574,-9.088629748629332,-9.105736507184522,-6.5480415384565624	exponential	0.12	908438,,
908439	0.0,1.0,2.0,3.0,4.0,5.0,6.0,7.0,8.0,9.0,10.0,11.0,12.0,13.0,14.0,15.0,16.0,17.0,18.0,19.0	73.46857920770105,68.16824527799253,0.0004505200847528812,-12.571705062870286,-11.29694244339467,-11.087243982787713,-13.252265930708857,-17.44346132445499,-18.670294047224754,-13.238999972087393,-17.835406294658544,-17.613638401484025,-12.793993027878484,-17.739204046848794,-16.518006604081727,-18.397329503363718,-16.447398914981896,-12.356728254819018,-11.713924502863309,-12.608600496498893	exponential	0.12	908439,,
908440	0.0,1.0,2.0,3.0,4.0,5.0,6.0,7.0,8.0,9.0,10.0,11.0,12.0,13.0,14.0,15.0,16.0,17.0,18.0,19.0	-78.61078878070403,-72.02575798609465,-68.45126374717955,-71.32924926021182,-77.19192962803463,-3.6499784157992607,5.686482871817378,13.188155142496283,17.250506986739857,13.239608685361443,12.478639829802116,12.515902600700633,12.17575161434116,8.990461948980176,17.228031545476203,13.346677447010498,10.975879752684726,12.410903582385384,9.284861154843277,14.25501229073133	exponential	0.12	908440,,
908441	0.0,1.0,2.0,3.0,4.0,5.0,6.0,7.0,8.0,9.0,10.0,11.0,12.0,13.0,14.0,15.0,16.0,17.0,18.0,19.0	32.37481072072144,33.12417134126402,13.410966378112509,8.054828806010507,6.526208023843939,7.111091366554335,6.846440007255441,9.194817597687583,8.928443548384562,9.062958418926353,8.538409498759364,8.68842586954288,8.61255393808233,6.475072124886989,6.863515007176649,9.25351073579129,6.27543408770682,6.617462089188484,7.913776137457487,8.595101021780094	exponential	0.12	908441,,
908442	0.0,1.0,2.0,3.0,4.0,5.0,6.0,7.0,8.0,9.0,10.0,11.0,12.0,13.0,14.0,15.0,16.0,17.0,18.0,19.0	61.810981703804046,64.71213501224196,62.5467587183505,60.49647808097465,-21.766531515928648,-34.386568834766905,-30.743220765103068,-29.883626109163856,-32.33391804540061,-31.14409717199819,-25.225818342083187,-31.538403872575522,-32.757216635372515,-30.777524514944698,-25.311062142302735,-35.19868934060681,-30.49602530837721,-24.709728731903862,-29.80767594403758,-32.144862549084245	exponential	0.12	908442,,
908443	0.0,1.0,2.0,3.0,4.0,5.0,6.0,7.0,8.0,9.0,10.0,11.0,12.0,13.0,14.0,15.0,16.0,17.0,18.0,19.0	42.92766438646788,43.84901459684302,40.68887906948384,16.338075584419837,8.558702570432336,5.7224636921680005,4.6613606442406335,4.555402579375536,1.8871322548522216,5.615444263208321,2.2780088326115724,2.4118884184120257,2.1557682069247814,3.2286186071100675,2.3001232195878494,4.633715644467099,3.1077488849474486,2.1515583080783407,3.1692888577253866,5.088589095243607	exponential	0.12	908443,,
908444	0.0,1.0,2.0,3.0,4.0,5.0,6.0,7.0,8.0,9.0,10.0,11.0,12.0,13.0,14.0,15.0,16.0,17.0,18.0,19.0	-6.098243692508987,-7.897461072519121,-1.5047636196174778,-3.3958827657935444,69.78931937304137,81.32911658458117,86.4356129124474,81.99274412858885,82.66603144405583,83.95657249371662,81.04491980000357,76.8113565113587,83.1342509246009,86.3952465040666,80.58651925351198,77.99764635592467,82.23559916828115,86.40545517492771,78.08045615926586,83.65895256392845	exponential	0.12	908444,,
908445	0.0,1.0,2.0,3.0,4.0,5.0,6.0,7.0,8.0,9.0,10.0,11.0,12.0,13.0,14.0,15.0,16.0,17.0,18.0,19.0	-7.859299250704609,-7.590427785969965,28.086338537280092,49.27168214039993,57.57358677851275,68.68630465830047,73.46434959128672,74.62552255771494,69.5227260173374,73.46387252886689,71.00469573168859,74.49743460041418,70.33012390168183,77.50787854525296,73.75174079763937,71.63978074317572,73.46997426917657,72.69159199086941,74.00386346676687,73.46167620014381	exponential	0.12	908445,,
908446	0.0,1.0,2.0,3.0,4.0,5.0,6.0,7.0,8.0,9.0,10.0,11.0,12.0,13.0,14.0,15.0,16.0,17.0,18.0,19.0	-33.786156530756635,-37.817876543165916,-34.23859200128783,-34.337573657046505,-36.61787897950442,-16.87329180463628,-9.911052575152148,-5.316197935045068,0.519761744313795,-0.3203459250983216,1.2271681892570516,0.2589686986629304,0.014238202938412936,-0.6049891077924618,-1.2337935542300482,-0.7393962957207014,2.5087358848267347,-0.9591951346984775,-1.2805785240751677,0.35260570077394265	exponential	0.12	908446,,
908447	0.0,1.0,2.0,3.0,4.0,5.0,6.0,7.0,8.0,9.0,10.0,11.0,12.0,13.0,14.0,15.0,16.0,17.0,18.0,19.0	-44.96870960563434,-41.523692750712065,-39.63093843241788,9.413760527819125,24.30042891299493,23.6156201844019,23.260902248248776,26.574869117479306,22.20206572855894,24.686385997176465,22.365541788158414,22.168426739814016,23.429749871224438,26.464384168473458,20.36358893853749,22.526067544105114,20.05984110307152,22.623502796337572,20.144350062255473,25.40782950844648	exponential	0.12	908447,,
908448	0.0,1.0,2.0,3.0,4.0,5.0,6.0,7.0,8.0,9.0,10.0,11.0,12.0,13.0,14.0,15.0,16.0,17.0,18.0,19.0	164.6349574916435,164.37906525430913,160.58413894962365,77.29578090081807,72.54604637992755,74.08471878430981,74.49555273139828,73.57118004449511,71.10839060692567,69.60591871379128,71.77697940263603,71.6953291484868,72.70994396864644,66.95533803245044,69.96248953137771,74.1544967816074,72.98840066405516,66.18897246123831,73.68181392581371,67.26822168347249	exponential	0.12	908448,,
908449	0.0,1.0,2.0,3.0,4.0,5.0,6.0,7.0,8.0,9.0,10.0,11.0,12.0,13.0,14.0,15.0,16.0,17.0,18.0,19.0	-5.564195386807484,-7.4181693630657035,-6.838467993167454,-7.727788073163659,-6.591925302894566,-6.451397304464795,-1.545274549354375,-2.6866377461838145,-2.0561958585462907,-2.027069051604149,-1.5477699948700616,-0.03175206290417281,0.09764358613963195,-0.24197187130664988,-0.7805676934718075,-2.395772356851824,-1.603516774103574,-0.9310247940360826,-0.24972478874319332,-1.3201604583621003	exponential	0.12	908449,,
908450	0.0,1.0,2.0,3.0,4.0,5.0,6.0,7.0,8.0,9.0,10.0,11.0,12.0,13.0,14.0,15.0,16.0,17.0,18.0,19.0	-33.72737072141661,-32.813901558138944,-33.67882072054159,-31.83063613248731,-5.042102168811057,3.7211518069674443,1.630539608521017,5.120019739027589,2.4881153892854484,2.4545311274188513,1.833031013482325,3.871734491021341,4.249375958244752,4.814998138513079,4.503231838024625,4.502592105199347,2.1935610155002285,4.227947557585283,1.9787021221794547,2.9954915146410563	exponential	0.12	908450,,
908451	0.0,1.0,2.0,3.0,4.0,5.0,6.0,7.0,8.0,9.0,10.0,11.0,12.0,13.0,14.0,15.0,16.0,17.0,18.0,19.0	33.29181057358841,18.4272331962676,15.850233531270948,14.906452479577236,17.273448290533253,14.638285844621585,16.94236416258943,15.049054434152623,15.088759642639394,15.591765705695598,14.745180895141223,16.631962116444893,14.91272904074072,15.164860200230866,15.367709305850013,16.770462057379877,14.450435668234231,16.566058417342433,15.183657738480978,16.31099881567156	exponential	0.12	908451,,
908452	0.0,1.0,2.0,3.0,4.0,5.0,6.0,7.0,8.0,9.0,10.0,11.0,12.0,13.0,14.0,15.0,16.0,17.0,18.0,19.0	-33.821069276186265,-33.09017743599344,-29.02261478793951,-3.0253977180593097,13.95284515689891,16.923264132454293,26.432865604830443,28.305562659612164,32.30078996335408,32.15703957666131,28.48891312672805,33.44732181582753,28.0316473967203,32.115093244857185,28.530292257223298,30.795491705351406,29.586377431533577,29.769569188893083,30.640234018929945,31.33646535568615	exponential	0.12	908452,,
908453	0.0,1.0,2.0,3.0,4.0,5.0,6.0,7.0,8.0,9.0,10.0,11.0,12.0,13.0,14.0,15.0,16.0,17.0,18.0,19.0	22.467154229062345,24.802971103606218,22.280555992556497,26.772702635260558,27.991002569275448,22.15062625465536,-14.285036435815966,-21.504802411650694,-23.511680365072422,-20.903467677108505,-25.520973612375855,-21.463683883018017,-23.941929652913572,-26.141334087172293,-25.76832158197966,-26.9911066752019,-22.38096243193797,-26.151421898619745,-23.603977960212084,-22.309756069656334	exponential	0.12	908453,,
908454	0.0,1.0,2.0,3.0,4.0,5.0,6.0,7.0,8.0,9.0,10.0,11.0,12.0,13.0,14.0,15.0,16.0,17.0,18.0,19.0	33.3252095845616,33.38816392098217,32.03480211603691,30.85764693382454,5.184311201661429,4.04683836954022,2.7355105624492726,2.238671025310869,0.948458681737338,2.8979587797270328,3.4007279950136513,2.1137595205230366,1.0652262841516364,0.3103433509607395,1.2213832195788106,2.172836346029109,1.596877606128246,2.3765833204121267,2.584752403855598,1.3288265882035668	exponential	0.12	908454,,
908455	0.0,1.0,2.0,3.0,4.0,5.0,6.0,7.0,8.0,9.0,10.0,11.0,12.0,13.0,14.0,15.0,16.0,17.0,18.0,19.0	-46.63265227128686,-46.797615935751665,-44.22143303710361,-44.73324456684114,-46.45476775994844,-46.915045336574906,-24.19363695577942,-22.82242787664525,-20.180455814521427,-21.55098926677062,-20.549076151034313,-21.853994260788088,-21.0028424258628,-22.10913095837359,-20.100310587977358,-19.224334134821213,-21.122290281542906,-19.051868146138823,-19.119238604270798,-20.477138306389914	exponential	0.12	908455,,
908456	0.0,1.0,2.0,3.0,4.0,5.0,6.0,7.0,8.0,9.0,10.0,11.0,12.0,13.0,14.0,15.0,16.0,17.0,18.0,19.0	12.906959254790074,13.43924654229413,13.87919945509923,13.001559080239723,5.8396492973043985,4.813166403052105,5.961541213026391,5.156520530406397,5.494068459754521,4.650820631487001,5.939791719936568,5.418878160595251,4.007989825697387,6.546448690091845,4.083691826303725,4.505433362894052,4.016862335656154,6.165908521500976,6.35089385104948,5.1413813892118085	exponential	0.12	908456,,
908457	0.0,1.0,2.0,3.0,4.0,5.0,6.0,7.0,8.0,9.0,10.0,11.0,12.0,13.0,14.0,15.0,16.0,17.0,18.0,19.0	48.6709840517041,48.27660115561891,43.75685345244584,45.234726998463366,51.40649517807233,-5.393675547729777,-8.154359316754089,-14.569905995774038,-9.89536397412045,-10.088175118606165,-10.583991256081866,-13.952964292613567,-8.489322243911618,-13.764908709136112,-8.486529974310047,-8.927895102211151,-15.721009884111293,-15.833924808808474,-13.174254241865563,-14.325367367356343	exponential	0.12	908457,,
908458	0.0,1.0,2.0,3.0,4.0,5.0,6.0,7.0,8.0,9.0,10.0,11.0,12.0,13.0,14.0,15.0,16.0,17.0,18.0,19.0	-101.62811198912297,-47.47921147998082,-41.01203518616311,-35.92376744360042,-37.35086211390032,-39.64324487179945,-36.88326990008386,-39.00243373288289,-39.328668067715995,-37.64728668761993,-39.47556329620437,-39.10495791952531,-38.63729281575063,-38.261889529534656,-36.2621798613347,-36.205920160577456,-37.07733236839438,-36.867942343274876,-38.93610620972462,-39.717943234918195	exponential	0.12	908458,,
908459	0.0,1.0,2.0,3.0,4.0,5.0,6.0,7.0,8.0,9.0,10.0,11.0,12.0,13.0,14.0,15.0,16.0,17.0,18.0,19.0	7.801321889634963,12.058094132516942,6.332695087342742,6.541212656360777,10.800289084569606,-14.216494094280858,-21.640902551207787,-29.684261131552354,-31.887980364601518,-32.94574024957474,-35.183883501058624,-34.39347741207665,-39.51245073285531,-39.502998531053905,-40.679028468495055,-40.865295569563656,-35.988981855513636,-36.57050256507578,-39.07736695019502,-40.03051750273356	exponential	0.12	908459,,
908460	0.0,1.0,2.0,3.0,4.0,5.0,6.0,7.0,8.0,9.0,10.0,11.0,12.0,13.0,14.0,15.0,16.0,17.0,18.0,19.0	6.395418513309325,5.246760505974514,3.65709620911935,3.5868342756219618,3.7165281941421338,3.352672809094752,3.0426277899907537,2.939588174615824,4.305024963115074,4.421025663365235,5.48624468082825,4.123591781451765,4.705493742786947,2.926516241400587,4.770419095667684,4.850530493426157,3.639897458098471,5.50445248371083,4.987125990527864,4.797653352794368	exponential	0.12	908460,,
908461	0.0,1.0,2.0,3.0,4.0,5.0,6.0,7.0,8.0,9.0,10.0,11.0,12.0,13.0,14.0,15.0,16.0,17.0,18.0,19.0	65.75651437781856,64.05124167610987,62.68702583294119,65.83625992223031,61.3687531211137,18.360564588002756,14.06818459399408,7.246831064674882,7.951734808049071,8.861187234303543,11.449162144446424,9.953163152246146,9.09883313127414,12.679716736375884,9.223413843330157,7.838646647176808,6.473025903778736,13.16449500855214,13.330511747327687,13.170474791652467	exponential	0.12	908461,,
908462	0.0,1.0,2.0,3.0,4.0,5.0,6.0,7.0,8.0,9.0,10.0,11.0,12.0,13.0,14.0,15.0,16.0,17.0,18.0,19.0	2.5081973059909384,1.34822493297695,3.387484748465292,3.3742955897114815,2.262015907148525,-5.759153575453031,-6.439710404336796,-5.992019455658713,-6.6801104289258655,-6.863873980735434,-4.401735246065435,-5.606892098982166,-5.82554103673344,-7.023446282302096,-7.151313412609297,-4.692338665270483,-6.234160213705789,-6.685870426836438,-4.382417186907768,-6.363740230075338	exponential	0.12	908462,,
908463	0.0,1.0,2.0,3.0,4.0,5.0,6.0,7.0,8.0,9.0,10.0,11.0,12.0,13.0,14.0,15.0,16.0,17.0,18.0,19.0	-0.7795867098561045,-0.3310524619670713,-0.5524456499653508,1.9761915632681646,1.7491551012851072,1.0271597269938362,0.3331563198238034,2.0067949065363124,0.0819657609992439,1.1525162854956381,-0.575528892622223,1.5899360977462287,0.8067392727689954,0.9091026109667656,-0.3098050311359584,1.5440157944832869,1.1675317703457568,1.3219030421444653,0.9033315144335767,-0.09415674207834712	exponential	0.12	908463,,
908464	0.0,1.0,2.0,3.0,4.0,5.0,6.0,7.0,8.0,9.0,10.0,11.0,12.0,13.0,14.0,15.0,16.0,17.0,18.0,19.0	-40.39147627860551,-35.302416059662335,-38.22990797851814,-36.26456092478858,-37.35989280449817,-38.678330217615695,0.9105294746024972,7.3917325167396015,3.3372616947471205,6.6900598660836925,8.41700498126388,8.527669973848267,5.989849335451701,2.823087256115896,6.762136558184672,5.461046495594392,8.490185674465678,3.9890362497177545,3.262967109314425,3.0952757651377603	exponential	0.12	908464,,
908465	0.0,1.0,2.0,3.0,4.0,5.0,6.0,7.0,8.0,9.0,10.0,11.0,12.0,13.0,14.0,15.0,16.0,17.0,18.0,19.0	4.1196693944620435,1.1357336278255126,2.5015951582585103,2.19966358598867,-22.556151377616178,-26.353220184846368,-25.840734728861374,-26.400638429062166,-26.936886180534298,-27.715730636117502,-25.46406770937161,-24.811633539026968,-27.397369270494956,-24.89164813753573,-26.533619734633056,-24.679404564701706,-24.611667481973324,-24.56204959683774,-27.852630547134858,-25.330846207249945	exponential	0.12	908465,,
908466	0.0,1.0,2.0,3.0,4.0,5.0,6.0,7.0,8.0,9.0,10.0,11.0,12.0,13.0,14.0,15.0,16.0,17.0,18.0,19.0	-8.438847161809619,-10.944021309047727,-13.291283517545295,65.77464730103645,80.14351563599834,79.35172003568658,75.60389670955281,77.07060205344507,81.78917119139798,78.5002018144245,81.45395091845864,84.78971056978261,84.91207799382836,79.24372927345325,75.51050933225893,81.144435688209,82.0751209840455,80.49016046555352,82.38144385488997,83.29477767168365	exponential	0.12	908466,,
908467	0.0,1.0,2.0,3.0,4.0,5.0,6.0,7.0,8.0,9.0,10.0,11.0,12.0,13.0,14.0,15.0,16.0,17.0,18.0,19.0	4.531580758232796,0.18279172021994494,-2.3223172027294785,-1.7112360777312245,-0.9663878099348012,-2.5669664509819716,-0.6131232417471505,-1.0083078051788819,-2.1518629929777693,-0.5619271149719828,-1.2170229282255096,-2.362897534231484,-1.9102037178096554,-2.0040687202180187,-0.9888370625152482,-1.0151690417826031,-1.334827712931041,0.10073898069372483,-2.458934695149146,-0.0702170776440667	exponential	0.12	908467,,
908468	0.0,1.0,2.0,3.0,4.0,5.0,6.0,7.0,8.0,9.0,10.0,11.0,12.0,13.0,14.0,15.0,16.0,17.0,18.0,19.0	-63.49630217181112,-64.46669464124419,-19.436148812753373,-3.142598104939494,-0.3691375324436157,-2.507604425216295,-1.585704080182005,-1.4916637223408027,-0.15470800722318426,1.201978456025245,1.7581131190738342,-2.1345239601217036,-2.145806040504559,1.3165097737330587,-1.4814841051462893,-2.226237043119554,-2.9055016504562206,2.0192345959661675,-3.021760320724153,-0.7873303590261764	exponential	0.12	908468,,
908469	0.0,1.0,2.0,3.0,4.0,5.0,6.0,7.0,8.0,9.0,10.0,11.0,12.0,13.0,14.0,15.0,16.0,17.0,18.0,19.0	-7.603178244202809,14.93367990332635,16.81021240511939,19.04337586363875,18.13593946527967,18.32387736118216,17.50172924804798,18.592992890775403,16.920616694207734,17.205863450891933,17.3302216525417,17.7628013452884,19.366440591106283,17.70834703893972,17.469077234132353,18.285515841407328,16.853149474464164,17.92782277988943,18.69562474647069,18.59010197452545	exponential	0.12	908469,,
908470	0.0,1.0,2.0,3.0,4.0,5.0,6.0,7.0,8.0,9.0,10.0,11.0,12.0,13.0,14.0,15.0,16.0,17.0,18.0,19.0	-6.03482172010785,-7.211691097650581,2.2988336307882715,2.7736937105918544,2.4056451142621396,2.926786067855167,3.381010338403018,0.9752908383237217,2.3449855416752508,1.124452888396431,2.1553936140232275,1.591510345375322,3.477211130756055,3.3343592288866386,3.247433825532498,3.0362677018270787,2.9685898334346628,2.413479588733434,3.77523468900327,1.6980490570111522	exponential	0.12	908470,,
908471	0.0,1.0,2.0,3.0,4.0,5.0,6.0,7.0,8.0,9.0,10.0,11.0,12.0,13.0,14.0,15.0,16.0,17.0,18.0,19.0	11.081880499321642,11.851205751240293,14.329636745976586,-30.866005576971894,-42.07675393020011,-45.78178880609237,-42.651742768044684,-44.64177513837389,-47.74016932452572,-47.044180919390136,-42.70262574162658,-45.999757328049185,-47.16191683419814,-46.09231264981258,-42.93961053259274,-47.14771006570764,-45.441788781871644,-42.607836550962304,-45.316867158104316,-45.11776318558143	exponential	0.12	908471,,
908472	0.0,1.0,2.0,3.0,4.0,5.0,6.0,7.0,8.0,9.0,10.0,11.0,12.0,13.0,14.0,15.0,16.0,17.0,18.0,19.0	-4.480803967766683,-6.020328766253165,-5.736721949416619,43.95973561147745,55.72138526564749,56.87763174947199,59.17477270904629,59.55047638204735,56.36255004494672,62.05248567709206,58.623289777939284,56.70887854800652,57.82900457759003,56.58313249713622,57.94017176423303,62.57974474320815,58.36083043507659,56.587221497426015,58.04594111109411,58.110521868249194	exponential	0.12	908472,,
908473	0.0,1.0,2.0,3.0,4.0,5.0,6.0,7.0,8.0,9.0,10.0,11.0,12.0,13.0,14.0,15.0,16.0,17.0,18.0,19.0	-0.3149531283997895,-0.5016402234904973,6.986517759711898,14.123563701970843,16.8768710965511,16.64981248611064,18.46452635034244,16.556700158793912,19.302415930121104,19.63620585674225,19.706545527217276,19.454691363300462,18.900662823866657,18.675098106444324,18.052631092655716,18.121361050590163,17.99576418881975,17.284172904836534,16.859798123065495,17.837100799431738	exponential	0.12	908473,,
908474	0.0,1.0,2.0,3.0,4.0,5.0,6.0,7.0,8.0,9.0,10.0,11.0,12.0,13.0,14.0,15.0,16.0,17.0,18.0,19.0	-145.61629673311123,-154.0237852458547,-147.84078037589313,-149.34080799565945,-150.76595971620904,-83.29970803243111,-76.44159070084099,-67.50796416929913,-65.93967472071283,-68.70418505166379,-66.99145244799658,-69.86033858000461,-65.63068620792146,-64.10974913475728,-72.63690188601838,-66.24961049635307,-70.10736645584804,-67.32240239131498,-65.61323949260392,-66.57055430504987	exponential	0.12	908474,,
908475	0.0,1.0,2.0,3.0,4.0,5.0,6.0,7.0,8.0,9.0,10.0,11.0,12.0,13.0,14.0,15.0,16.0,17.0,18.0,19.0	41.55851771911609,40.898402188614845,-15.406757189902798,-31.89898658887447,-38.09201447612674,-34.71110733226292,-37.266564442959776,-37.82239398165052,-40.93365487582169,-35.275243003806374,-35.92646637940922,-41.18296524232661,-40.579204770872906,-35.9665824267365,-41.89246058445712,-38.74774279833626,-39.68734027277682,-36.990927105526666,-38.823143020820545,-39.21343460094028	exponential	0.12	908475,,
908476	0.0,1.0,2.0,3.0,4.0,5.0,6.0,7.0,8.0,9.0,10.0,11.0,12.0,13.0,14.0,15.0,16.0,17.0,18.0,19.0	-4.187688808361518,4.5995370858669435,8.022041217020407,14.114124919161515,15.551958830269339,17.250663618164833,16.00882609633569,18.903170221132985,19.137393606111083,18.31280186413861,17.63718575208604,19.87630565791503,17.8208104831951,20.054331081994853,19.27972047908201,18.852723656680226,19.61947834491302,18.72385675128139,20.13456615772919,19.103742390524047	exponential	0.12	908476,,
908477	0.0,1.0,2.0,3.0,4.0,5.0,6.0,7.0,8.0,9.0,10.0,11.0,12.0,13.0,14.0,15.0,16.0,17.0,18.0,19.0	12.434458109244865,11.069706750568763,10.539708081476498,11.351560206514712,13.249523536014866,-28.057300681171853,-34.870676293898825,-31.552816200169456,-35.85872116237667,-33.344138235033824,-35.34417384613385,-34.92710726440293,-36.52396039589805,-33.27809920647935,-36.106379479893334,-30.748741256116965,-32.112532956990215,-31.21125143604901,-33.74327038601425,-31.462226511897008	exponential	0.12	908477,,
908478	0.0,1.0,2.0,3.0,4.0,5.0,6.0,7.0,8.0,9.0,10.0,11.0,12.0,13.0,14.0,15.0,16.0,17.0,18.0,19.0	-10.31287234396644,-7.91502394327407,-9.238154886549795,-10.796652332273785,-8.929255793823636,-4.662572812628122,-3.8421537181638987,-4.380269141547038,-5.9561050628757775,-4.561737312312954,-4.814985990621115,-5.733373581988848,-6.557918744508978,-5.28749820630097,-3.769255877162816,-4.850119618806291,-5.980758309015021,-5.676856040210057,-3.8818963988329203,-4.407962851294283	exponential	0.12	908478,,
908479	0.0,1.0,2.0,3.0,4.0,5.0,6.0,7.0,8.0,9.0,10.0,11.0,12.0,13.0,14.0,15.0,16.0,17.0,18.0,19.0	3.5655928254344227,2.442658948039447,3.6764959704232907,5.0132111003774,2.419891939517003,2.4677303952706247,2.487317039923141,2.627357796670743,4.345632829247952,4.713652247418303,3.1027126712693005,2.996733414946597,2.4944600193695763,3.398980593430773,4.417032784369862,4.8581128342581925,3.3839038497795686,4.5960054619298045,2.6455403632815924,4.878933773054703	exponential	0.12	908479,,
908480	0.0,1.0,2.0,3.0,4.0,5.0,6.0,7.0,8.0,9.0,10.0,11.0,12.0,13.0,14.0,15.0,16.0,17.0,18.0,19.0	-55.54666770889941,-55.11430096138124,-54.249410364750496,-52.61725581516072,-50.818147712738195,-54.24800545593081,-9.77417108824251,-1.9344462710951789,-4.248475346756298,-2.114607500031349,-0.08765578326961841,-6.321889444651843,-2.6693245275569066,-5.981418409574575,-5.3992928885730205,-1.9463936443053425,-1.3982211628179173,0.44193178179557613,-3.3212036354697,-4.957070133102246	exponential	0.12	908480,,
908481	0.0,1.0,2.0,3.0,4.0,5.0,6.0,7.0,8.0,9.0,10.0,11.0,12.0,13.0,14.0,15.0,16.0,17.0,18.0,19.0	-20.88779278288955,5.020003537819813,15.901499306131132,19.596690247158087,19.26409342397723,20.134871621382942,20.41149625607092,19.757785404877094,22.355088382655584,21.841613917445766,20.976204360952856,20.348091005502244,20.840542168615684,19.63071371406675,19.943795039930745,20.999581824403503,20.234576177568627,20.773384400786945,21.910214266617338,22.045704835766934	exponential	0.12	908481,,
908482	0.0,1.0,2.0,3.0,4.0,5.0,6.0,7.0,8.0,9.0,10.0,11.0,12.0,13.0,14.0,15.0,16.0,17.0,18.0,19.0	-109.87728320607839,-105.16264516483145,-108.53003498510873,-53.3564330566011,-45.326965626885766,-45.68707871426773,-45.89738225279245,-43.0881645142354,-46.25424599331505,-41.65127805734979,-43.691509391823026,-44.34563713836367,-45.41629849436979,-45.67546963411484,-43.116035406704455,-44.770223699170785,-44.11082331557564,-40.72432437973079,-45.10238796323054,-47.31719661183899	exponential	0.12	908482,,
908483	0.0,1.0,2.0,3.0,4.0,5.0,6.0,7.0,8.0,9.0,10.0,11.0,12.0,13.0,14.0,15.0,16.0,17.0,18.0,19.0	32.66880710141336,26.905950358699585,33.40753425032194,28.894974068502492,33.95651189711132,-18.511663105069037,-28.019332797600647,-40.11053139935326,-39.68307840851017,-38.407064054079925,-41.78539495597047,-41.909746485880525,-42.51816776234595,-41.62128039905619,-42.64221322871916,-41.543636998148095,-43.24778610462431,-45.41800068644288,-37.837161048839995,-41.58039036425009	exponential	0.12	908483,,
908484	0.0,1.0,2.0,3.0,4.0,5.0,6.0,7.0,8.0,9.0,10.0,11.0,12.0,13.0,14.0,15.0,16.0,17.0,18.0,19.0	2.8156263781372686,2.488323722303089,3.367883446377404,5.088569263389337,2.4520724295535485,-1.7495442318726815,-2.640424008191234,-0.8171455310275115,-2.405567729202047,-2.077242585101773,-1.738992017814109,-0.5629014995682091,-1.491921386675495,-1.2091992644026988,-2.40055814491636,-2.839622484699175,-0.6405995195678952,-1.7377697581958516,-1.5712256349961828,-2.2400083303564022	exponential	0.12	908484,,
908485	0.0,1.0,2.0,3.0,4.0,5.0,6.0,7.0,8.0,9.0,10.0,11.0,12.0,13.0,14.0,15.0,16.0,17.0,18.0,19.0	18.067844857055213,18.391761602881907,4.302303846375427,0.831532134872754,2.0638808530781283,2.1520345503338554,0.2575239662863601,0.001679944835225502,1.0858985450369907,1.101194421434364,2.2036486049213364,-0.19443861157650866,2.291025323196311,1.8311111176214432,0.2592661715642236,1.064727918203447,-0.44269037515364407,-0.10024224503162635,-0.23496900892579894,0.2813096060750335	exponential	0.12	908485,,
908486	0.0,1.0,2.0,3.0,4.0,5.0,6.0,7.0,8.0,9.0,10.0,11.0,12.0,13.0,14.0,15.0,16.0,17.0,18.0,19.0	56.450906626213865,59.01215910068396,55.6472864305301,55.15662276615505,58.200292973284675,56.06896750254235,21.046728674865445,14.013537500207175,8.408147453709159,7.8743326992920535,7.196747968495121,9.310907577711149,9.304164108157607,6.405423440373767,6.539657778209666,9.321158408367664,9.779946417502904,5.975182597167188,5.81695610326458,6.257874143789903	exponential	0.12	908486,,
908487	0.0,1.0,2.0,3.0,4.0,5.0,6.0,7.0,8.0,9.0,10.0,11.0,12.0,13.0,14.0,15.0,16.0,17.0,18.0,19.0	-52.37846440183709,-54.70319512368433,-50.279598564957986,20.255886745240716,32.31934122172818,41.582787391302375,44.3931094536727,36.6047499168035,38.637694759346346,38.72710589866538,36.42525455025777,41.19046046996155,37.88888618620431,35.683094178105144,37.22924126538867,44.33265111208579,36.882152221825265,39.650078092745815,43.210935500099836,35.02921693295314	exponential	0.12	908487,,
908488	0.0,1.0,2.0,3.0,4.0,5.0,6.0,7.0,8.0,9.0,10.0,11.0,12.0,13.0,14.0,15.0,16.0,17.0,18.0,19.0	-58.224865174306395,-34.73720749483845,-19.213922925831746,-10.064379448162166,-6.118387287358061,-2.6268609773256566,-0.9947976599806441,3.8217365174906117,3.6108320555195474,4.700405326944748,5.51190702879033,4.473984651585461,2.9522005919198975,2.0383231596368656,4.240128450947274,1.9966336940847258,5.960643421467509,5.781913180467109,2.316785468933714,3.332350723642406	exponential	0.12	908488,,
908489	0.0,1.0,2.0,3.0,4.0,5.0,6.0,7.0,8.0,9.0,10.0,11.0,12.0,13.0,14.0,15.0,16.0,17.0,18.0,19.0	1.421297874143228,0.6093205430303499,-42.962668987956576,-52.85079712969574,-54.18370910609734,-52.30373218267909,-51.984549580982105,-53.01177293713747,-50.871036512211134,-54.0849816465885,-55.331772264861215,-51.54302493228404,-54.523616120355875,-53.97775889692271,-53.98674406011285,-54.473458934485905,-53.7299365876751,-52.74081669519464,-50.82383214243964,-52.69456403755983	exponential	0.12	908489,,
908490	0.0,1.0,2.0,3.0,4.0,5.0,6.0,7.0,8.0,9.0,10.0,11.0,12.0,13.0,14.0,15.0,16.0,17.0,18.0,19.0	6.831968267907321,8.334098053753188,10.634611267306276,-24.793530203905426,-34.464489494802244,-39.42481745578315,-37.55489029015612,-39.120552238009026,-41.422108095502914,-38.8974129197661,-40.4926070269735,-39.285438189812034,-39.50446203817807,-40.82051985718153,-37.5307405400352,-40.04113481731478,-39.88023861540085,-42.139297022459836,-41.58136286091457,-37.79278432548548	exponential	0.12	908490,,
908491	0.0,1.0,2.0,3.0,4.0,5.0,6.0,7.0,8.0,9.0,10.0,11.0,12.0,13.0,14.0,15.0,16.0,17.0,18.0,19.0	88.0454217333234,41.077515887351055,21.879063602901027,21.41865788116833,18.769594153109395,15.434646136337042,18.552520228016864,17.036152194126533,18.408094081575477,19.17964065692121,15.20854212648906,18.784535623214904,14.911238838983543,14.818308341755897,15.321609272445668,16.104046965238183,16.70566403587106,17.524657559454234,15.414462197776547,17.46811500433936	exponential	0.12	908491,,
908492	0.0,1.0,2.0,3.0,4.0,5.0,6.0,7.0,8.0,9.0,10.0,11.0,12.0,13.0,14.0,15.0,16.0,17.0,18.0,19.0	-20.024232190273032,-20.76195900359642,-21.218946585528386,-21.191207869609258,-7.5820295855300675,-5.9904215259659646,-7.979118530142757,-6.138402993973684,-7.3410304118133896,-7.1775129459197915,-6.539358424121465,-5.829557750509029,-7.555185275046676,-7.817546424984404,-7.110369681835783,-8.695491788250816,-8.543947698078197,-7.121399307649431,-8.08980822021702,-8.222198571212123	exponential	0.12	908492,,
908493	0.0,1.0,2.0,3.0,4.0,5.0,6.0,7.0,8.0,9.0,10.0,11.0,12.0,13.0,14.0,15.0,16.0,17.0,18.0,19.0	-0.8136059682991643,-0.0925506363368811,0.08637880954401567,-0.021144767237331052,0.3703238336816028,1.3598230677882555,29.47460059319331,33.32826099013083,32.83399563690813,36.12237923312845,32.352600045362585,32.80539618954633,33.074287898390885,33.09652168787972,31.368984526570696,35.075659940439,33.32819447190543,32.198712289991235,33.32007730111676,35.206019482519416	exponential	0.12	908493,,
908494	0.0,1.0,2.0,3.0,4.0,5.0,6.0,7.0,8.0,9.0,10.0,11.0,12.0,13.0,14.0,15.0,16.0,17.0,18.0,19.0	32.396063879248324,18.124794114479787,16.216208179151472,14.041427579264655,15.408142570405387,14.968575855915454,15.130139476582212,14.680951752130568,14.090527552332592,16.439708204074975,13.838843495885566,14.929934757567954,14.658183429619692,16.32217924146572,14.399797785915252,14.549461103358055,16.323876797540382,15.66218013559837,15.722333201266954,13.728480021402003	exponential	0.12	908494,,
908495	0.0,1.0,2.0,3.0,4.0,5.0,6.0,7.0,8.0,9.0,10.0,11.0,12.0,13.0,14.0,15.0,16.0,17.0,18.0,19.0	4.572357579136732,3.9056766969705805,4.138371740350401,4.566566848996025,5.525208920429627,-14.422531315986706,-15.913434099518229,-16.27695685884853,-17.284945295728498,-17.01967821447279,-16.685688112645124,-18.055023456110256,-17.504580845259408,-17.741137690169303,-18.849906172142354,-16.74848157415579,-19.03390535139669,-17.93948997729314,-17.79537447530868,-17.107615618829115	exponential	0.12	908495,,
908496	0.0,1.0,2.0,3.0,4.0,5.0,6.0,7.0,8.0,9.0,10.0,11.0,12.0,13.0,14.0,15.0,16.0,17.0,18.0,19.0	20.367733666168398,21.482315311380756,22.15155135327649,20.30235953859852,21.482253447730614,11.270428509813646,4.839991217001966,3.1183899477960475,1.6615265973629927,0.9913018331165973,-0.031824217821656786,-1.5825831541212179,-2.529944289846703,-0.9796602467736568,-0.3712233051786271,-2.5085032578698976,-1.9312445771590903,-2.621425962755153,-2.597424517905827,-1.1255238409358481	exponential	0.12	908496,,
908497	0.0,1.0,2.0,3.0,4.0,5.0,6.0,7.0,8.0,9.0,10.0,11.0,12.0,13.0,14.0,15.0,16.0,17.0,18.0,19.0	20.141006074384926,-30.859697022080486,-37.206276215217365,-40.28979755949775,-41.604931836640134,-38.387146689014635,-38.40678884276459,-38.8219665393816,-38.58714315821512,-41.98159992787362,-40.45010625652412,-39.24225565477469,-38.5475631583561,-40.12315552222744,-40.718914401876205,-39.8743052856051,-38.84284541622081,-41.32661223154826,-40.681501241823085,-41.06612894150558	exponential	0.12	908497,,
908498	0.0,1.0,2.0,3.0,4.0,5.0,6.0,7.0,8.0,9.0,10.0,11.0,12.0,13.0,14.0,15.0,16.0,17.0,18.0,19.0	-50.87682524270253,-57.40109541722063,-58.002771615149896,-51.87198782263118,-25.89946075497229,-10.522325837889099,-2.0568410787466664,1.2614751451094177,5.359396730910278,4.3246505370419435,5.395898193948329,10.55347433838184,5.761663503279021,4.61769159820733,7.142291814039866,12.022702727532353,4.85124349867134,9.785272310509564,5.3562651837283735,10.334423369848174	exponential	0.12	908498,,
908499	0.0,1.0,2.0,3.0,4.0,5.0,6.0,7.0,8.0,9.0,10.0,11.0,12.0,13.0,14.0,15.0,16.0,17.0,18.0,19.0	32.32353544617812,-8.518817374926767,-18.26854763431392,-20.25689574717703,-22.868999220308115,-21.54835701512006,-23.68211206752145,-23.884883748922174,-20.93810745477858,-20.845527153968725,-23.199767584601133,-23.327072924782254,-21.47484379751874,-23.219747553871066,-21.813156895633025,-23.684673357658593,-21.415874065617743,-20.779917990702906,-23.602934643881547,-23.91675665455143	exponential	0.12	908499,,
908500	0.0,1.0,2.0,3.0,4.0,5.0,6.0,7.0,8.0,9.0,10.0,11.0,12.0,13.0,14.0,15.0,16.0,17.0,18.0,19.0	75.3240756733137,79.29498154614978,75.5717866518372,76.15915336093502,52.022067079356546,41.9562827729393,37.41975688853413,38.34899978933425,36.653221157032874,38.99048262235757,37.265735572171764,36.554784888844196,36.53508673788768,35.33319826089984,35.92603111839168,38.49430920563344,37.827533340772085,37.75545270704031,38.60617800694703,38.16115295285067	exponential	0.12	908500,,
908501	0.0,1.0,2.0,3.0,4.0,5.0,6.0,7.0,8.0,9.0,10.0,11.0,12.0,13.0,14.0,15.0,16.0,17.0,18.0,19.0	-132.39173255794336,-130.02098463160388,-63.42894613314772,-55.3260176781491,-47.1230992956489,-47.40300921464865,-52.38659170854636,-46.89777928936727,-49.57332269391167,-46.88254773228811,-52.55951624480237,-47.03363219172833,-52.58129954491758,-48.952127982175966,-52.64039288536299,-51.32957043213002,-53.621423252545895,-47.00511360567293,-50.73531991548356,-50.26817381626937	exponential	0.12	908501,,
908502	0.0,1.0,2.0,3.0,4.0,5.0,6.0,7.0,8.0,9.0,10.0,11.0,12.0,13.0,14.0,15.0,16.0,17.0,18.0,19.0	-6.035419531706172,-6.208825239494246,13.179770018489378,18.48553873806067,18.530425967012945,19.19774465226167,19.65521886514895,17.354764666597823,18.108923577954073,19.180734241831452,18.296298948096624,19.35355747161802,17.868158309025233,18.450133852359443,18.633765049957585,18.239070923742734,19.570330384628118,18.795712212200197,20.075112451628467,18.569607940180923	exponential	0.12	908502,,
908503	0.0,1.0,2.0,3.0,4.0,5.0,6.0,7.0,8.0,9.0,10.0,11.0,12.0,13.0,14.0,15.0,16.0,17.0,18.0,19.0	82.98898238326525,82.8575623466696,83.07267115753734,84.17670165637011,82.35324845441409,52.91478003523993,39.3308901041686,39.689623195624364,35.97720201876403,34.19424021516788,36.77827943584809,37.45045406231875,36.291790195629,34.57711983689178,33.925004651075746,38.973036503202046,37.96057319226162,39.14161830781358,38.46308512849633,35.97848081751098	exponential	0.12	908503,,
908504	0.0,1.0,2.0,3.0,4.0,5.0,6.0,7.0,8.0,9.0,10.0,11.0,12.0,13.0,14.0,15.0,16.0,17.0,18.0,19.0	-43.5061452526927,-42.86488651619007,23.743825547127432,30.84291868695126,28.611536033629285,30.49507310162253,27.920393285247314,32.82519980804191,31.75424321853206,30.52458814545969,27.718319548512632,34.519962201804184,28.83917696339539,33.5824670589284,27.912147524145468,31.34877265756232,32.96093561689891,31.115215683763555,34.51056681394965,30.051748698157724	exponential	0.12	908504,,
908505	0.0,1.0,2.0,3.0,4.0,5.0,6.0,7.0,8.0,9.0,10.0,11.0,12.0,13.0,14.0,15.0,16.0,17.0,18.0,19.0	-77.13003614918162,-75.98624871516908,-69.812182636512,-72.21851382263318,4.920048854687803,25.30395709224083,21.51747529448091,27.44170240019338,27.929401839043525,25.490665531892727,22.701799178706477,20.602102333893736,21.70228053870714,27.51877756965729,21.396533282001084,22.26251277443607,28.662306398970756,27.788518820834135,17.48405672545353,27.533262052004606	exponential	0.12	908505,,
908506	0.0,1.0,2.0,3.0,4.0,5.0,6.0,7.0,8.0,9.0,10.0,11.0,12.0,13.0,14.0,15.0,16.0,17.0,18.0,19.0	21.110120146441226,16.545951093762497,-20.943400552212395,-36.151696430634,-39.96416129807405,-42.872878404901684,-42.52351108589871,-47.32996014014464,-44.09387612300111,-45.733980213083015,-46.60343645803028,-42.20368087592986,-46.46761503933992,-44.46358335378281,-42.613957199487665,-44.80486214097152,-46.549404064705385,-44.55076851331293,-46.682475918094134,-46.91099442889406	exponential	0.12	908506,,
908507	0.0,1.0,2.0,3.0,4.0,5.0,6.0,7.0,8.0,9.0,10.0,11.0,12.0,13.0,14.0,15.0,16.0,17.0,18.0,19.0	-16.54880007913372,-18.373535177452936,-19.50629704685196,-17.1373966038953,-17.31533330420078,1.7597497863316542,1.0643759930260996,3.9670961055678267,3.8706579147337203,3.97302313820994,1.2914063303001806,3.989889614264614,1.6100037838031431,2.8783099930613996,2.1657619135892108,3.0181461264977667,2.6759723492877985,4.034311208061033,1.2654477379501783,3.588465785445616	exponential	0.12	908507,,
908508	0.0,1.0,2.0,3.0,4.0,5.0,6.0,7.0,8.0,9.0,10.0,11.0,12.0,13.0,14.0,15.0,16.0,17.0,18.0,19.0	-8.984249061502457,-8.481883844441086,-8.942101526094753,22.72876043736511,24.71649866231066,25.61979700541774,27.788231305433364,27.202982784321712,28.477051199467116,27.206104130366295,27.383620045890822,26.95039820701777,25.0392795646074,27.166072996325187,28.402000824844738,27.12153204533089,26.930145888816515,27.550462400084793,27.870146979515315,28.283188352908866	exponential	0.12	908508,,
908509	0.0,1.0,2.0,3.0,4.0,5.0,6.0,7.0,8.0,9.0,10.0,11.0,12.0,13.0,14.0,15.0,16.0,17.0,18.0,19.0	8.16135810958737,7.992789873126031,-1.1828030494019837,-2.7141755666118117,-5.7016726189839915,-6.077602149104006,-5.510673954176398,-4.986439233748175,-5.3756048495443824,-5.090233156324229,-5.068158112219567,-5.5068632534679764,-7.065401997512567,-7.152267126882707,-5.393719677197438,-7.590551860796723,-6.335438434030872,-7.794299941159215,-6.926658820902675,-6.228832645345337	exponential	0.12	908509,,
908510	0.0,1.0,2.0,3.0,4.0,5.0,6.0,7.0,8.0,9.0,10.0,11.0,12.0,13.0,14.0,15.0,16.0,17.0,18.0,19.0	49.0303277693435,51.61606279002008,51.58270929807782,20.453260065157487,13.445091667497966,13.705408392821095,14.531292718137118,13.264469071993094,12.236753249617664,10.795101633056046,10.934022332101792,12.457219074788009,12.414039565796763,10.957027373176354,10.81395630869753,13.298773818959363,14.076290861134854,12.94733323141529,14.171469640956584,13.121596983719673	exponential	0.12	908510,,
908511	0.0,1.0,2.0,3.0,4.0,5.0,6.0,7.0,8.0,9.0,10.0,11.0,12.0,13.0,14.0,15.0,16.0,17.0,18.0,19.0	8.625615438809387,8.914937413140763,8.915944352271326,8.188007396686636,2.692134067040798,3.9792758191870554,2.7318281064244796,2.5149586517017823,4.737834951992287,4.20329251216799,2.2748717949601764,4.3588105595123094,2.7085374050924647,3.4334151404583335,4.447312379299958,3.9543046308457868,4.212202313559646,2.6980241558830156,2.541944674926387,2.2741465642293184	exponential	0.12	908511,,
908512	0.0,1.0,2.0,3.0,4.0,5.0,6.0,7.0,8.0,9.0,10.0,11.0,12.0,13.0,14.0,15.0,16.0,17.0,18.0,19.0	-45.917568395234696,-45.45391968440636,-48.4135504851553,-48.22084912886828,-27.01660012026698,-18.550651993927193,-14.847140292713533,-12.504532990437252,-13.895603344140733,-12.273036687126869,-15.151399447158228,-14.595330542923278,-11.82039477267402,-14.7306572765851,-12.710436308469449,-12.190860887386608,-14.312845017647007,-11.662435668893782,-12.321314191095436,-14.668061063250022	exponential	0.12	908512,,
908513	0.0,1.0,2.0,3.0,4.0,5.0,6.0,7.0,8.0,9.0,10.0,11.0,12.0,13.0,14.0,15.0,16.0,17.0,18.0,19.0	-34.06067138404926,-36.63448897093351,14.16115773580539,28.59741985430743,40.89592941788311,43.75447999153124,41.31717673394452,42.761755362244735,45.72744778489151,44.479732502166975,48.76408074118886,48.0550814918705,45.247046830153025,48.49512041048392,45.2570066428842,42.13442902170452,42.30984616829986,45.11775905969331,49.52029060877312,42.86577582515035	exponential	0.12	908513,,
908514	0.0,1.0,2.0,3.0,4.0,5.0,6.0,7.0,8.0,9.0,10.0,11.0,12.0,13.0,14.0,15.0,16.0,17.0,18.0,19.0	12.204266366653528,9.611740820371736,5.899761609214295,11.978010090214724,8.0928342532236,-62.998210521616514,-68.12750851945748,-74.3688813664624,-71.39925512509598,-77.54242005109441,-68.93454595769637,-75.85014902391708,-72.25252043636425,-78.22281246357743,-68.4882893057388,-68.73251772423238,-76.66956236865651,-77.68569450813796,-77.38624225926615,-70.61796998297807	exponential	0.12	908514,,
908515	0.0,1.0,2.0,3.0,4.0,5.0,6.0,7.0,8.0,9.0,10.0,11.0,12.0,13.0,14.0,15.0,16.0,17.0,18.0,19.0	-26.707199378040695,0.8482616213738439,12.75202577057874,17.371698579827807,19.18850697129733,19.90658466100589,21.15624364389493,21.394784878422048,19.41302779649598,20.315191750207525,20.69492145321111,21.669019457713308,19.67749817560663,21.52559233273461,22.060222161496867,20.017245193639187,19.34801671362728,20.440971411606856,22.132883620175544,22.180034173127982	exponential	0.12	908515,,
908516	0.0,1.0,2.0,3.0,4.0,5.0,6.0,7.0,8.0,9.0,10.0,11.0,12.0,13.0,14.0,15.0,16.0,17.0,18.0,19.0	-37.47413249547915,-36.92816865930549,-34.75609181182146,-35.761272376327575,-37.37564924301398,-35.12453255569858,-14.32511547594832,-4.0910793095710325,-1.688741422054017,1.0785023230364523,2.1400380295178523,1.223067199285355,0.64881747080488,3.266588460755193,1.5083722974150704,3.419493549985328,1.8623074321122683,2.6663795994678123,2.0817997059037068,2.30557068860873	exponential	0.12	908516,,
908517	0.0,1.0,2.0,3.0,4.0,5.0,6.0,7.0,8.0,9.0,10.0,11.0,12.0,13.0,14.0,15.0,16.0,17.0,18.0,19.0	50.30540800071265,42.478672139227996,48.213750399696394,-14.309128739552701,-29.546326021795707,-32.45005693636852,-35.85790535344177,-37.60402297266263,-33.655027453653545,-39.58582622708988,-38.27020735614223,-32.2385217765131,-33.530971078531124,-37.38372170661519,-34.41875983710321,-36.456569584856034,-37.28959905518781,-36.848327669748365,-32.42770277072664,-37.07915260973092	exponential	0.12	908517,,
908518	0.0,1.0,2.0,3.0,4.0,5.0,6.0,7.0,8.0,9.0,10.0,11.0,12.0,13.0,14.0,15.0,16.0,17.0,18.0,19.0	49.031834571481475,15.938755430155956,14.396486617472297,11.584086386160086,12.039010885810224,14.050513192441167,12.376162674446132,13.664659870066728,12.717474912870733,14.205621250633802,12.614124341435245,11.679107313166156,13.883653118443592,11.329963722898137,12.997798864505086,11.73439032418629,13.88219325059725,11.901766888897805,12.101445459048412,12.098674270593271	exponential	0.12	908518,,
908519	0.0,1.0,2.0,3.0,4.0,5.0,6.0,7.0,8.0,9.0,10.0,11.0,12.0,13.0,14.0,15.0,16.0,17.0,18.0,19.0	12.571391507653018,-41.59133706845736,-47.7681253893781,-50.133824156692555,-51.07642791285609,-50.314306073454865,-48.469775824737425,-51.018167359709224,-48.24052086294523,-47.59638926022612,-47.772587171000964,-47.779338567391896,-51.27274291082479,-51.15897977606119,-48.87015462494431,-49.241322603524225,-49.1730567620329,-49.02430207609428,-49.166258813923115,-50.30273635733528	exponential	0.12	908519,,
908520	0.0,1.0,2.0,3.0,4.0,5.0,6.0,7.0,8.0,9.0,10.0,11.0,12.0,13.0,14.0,15.0,16.0,17.0,18.0,19.0	-9.338763053469822,-8.349968660722354,-9.5199754282221,3.5178636806198975,4.64644550723461,6.463836609637053,6.529159750345484,5.555257294670737,6.821557178996603,5.056353682132201,5.103909234964649,6.350078415929659,4.703859317788196,4.593006346441402,5.634806544573446,6.292029630409925,5.482423218430211,5.739501986695732,4.64467295535136,5.682130505960553	exponential	0.12	908520,,
908521	0.0,1.0,2.0,3.0,4.0,5.0,6.0,7.0,8.0,9.0,10.0,11.0,12.0,13.0,14.0,15.0,16.0,17.0,18.0,19.0	8.638590387178859,8.721859453215975,-2.0569715477460404,-5.139270824916701,-6.62461079872411,-6.286504009759748,-4.9078164285224535,-5.487352562370972,-6.351300152682571,-6.661119947929246,-6.6020880203918155,-5.507937669348724,-4.552863621435196,-4.465303061081207,-6.761105439105958,-4.392774098743602,-3.967892137514473,-6.8101903173018,-6.229601086811999,-3.9768434697577555	exponential	0.12	908521,,
908522	0.0,1.0,2.0,3.0,4.0,5.0,6.0,7.0,8.0,9.0,10.0,11.0,12.0,13.0,14.0,15.0,16.0,17.0,18.0,19.0	33.567904987495076,33.5029131158367,29.425483301665135,14.46711357397542,8.242161092593294,1.3872674831122804,-2.9637281201561585,-8.953731859695779,-10.854690254445812,-10.636664072323883,-13.700430285767544,-10.332052343338969,-14.51045776884635,-11.680254515433527,-14.575038546377534,-11.493110794929795,-13.00010971402592,-10.58758356604375,-13.042261386453236,-11.047995458648927	exponential	0.12	908522,,
908523	0.0,1.0,2.0,3.0,4.0,5.0,6.0,7.0,8.0,9.0,10.0,11.0,12.0,13.0,14.0,15.0,16.0,17.0,18.0,19.0	31.94246029631823,31.941749581973184,-9.525301971768558,-19.550396852267145,-20.67045718837846,-18.593872974597993,-19.487274866369955,-18.6163141809521,-18.399053987695925,-18.471249309367572,-21.435567809379183,-19.088404805900502,-21.955718517772233,-20.9363664357061,-19.541849311205127,-18.666111639443244,-21.267160789364457,-23.284996696458094,-20.651112158766228,-18.29321178801394	exponential	0.12	908523,,
908524	0.0,1.0,2.0,3.0,4.0,5.0,6.0,7.0,8.0,9.0,10.0,11.0,12.0,13.0,14.0,15.0,16.0,17.0,18.0,19.0	-15.978722104204484,-15.606722004677495,-17.453890208813327,-16.607477427299873,-17.107940022581932,-2.220471128710155,-1.3230037967492931,-1.2507061189659239,-1.3032685391787742,0.8885226803660549,-1.3051414683175413,-1.4688620388351012,-1.764072136431686,0.9669169368560627,-1.3905796589909116,-1.0127276423794458,0.9428599584124892,-0.8162531342534849,0.7265042778377163,-1.3578871929884855	exponential	0.12	908524,,
908525	0.0,1.0,2.0,3.0,4.0,5.0,6.0,7.0,8.0,9.0,10.0,11.0,12.0,13.0,14.0,15.0,16.0,17.0,18.0,19.0	-55.4094549368193,-55.28979181345374,-10.033525122575176,-3.018571484926177,3.8479675813762686,3.1447896994230202,1.131883599333623,1.7102938028865626,1.1003835681700782,2.132652577980063,3.9562376520939493,0.8386676804301204,1.1367997542552675,2.1283829143278035,0.919893734270133,2.6612248362079693,3.2576068533016804,1.7236508818604797,3.374458098727895,3.1128579104577745	exponential	0.12	908525,,
908526	0.0,1.0,2.0,3.0,4.0,5.0,6.0,7.0,8.0,9.0,10.0,11.0,12.0,13.0,14.0,15.0,16.0,17.0,18.0,19.0	-22.286847025329454,-0.7219037019151662,4.444393528528165,3.8620662264351404,4.876083422216439,4.460907443637958,3.1517383701702566,3.4620088552352613,2.702590146176386,4.008232580802189,4.122911302712329,5.014481310596226,4.9051463458442255,3.974883738572864,5.109339718388299,2.3913716468678508,4.609056041174699,4.324544996467161,4.435538320994118,2.382327796674923	exponential	0.12	908526,,
908527	0.0,1.0,2.0,3.0,4.0,5.0,6.0,7.0,8.0,9.0,10.0,11.0,12.0,13.0,14.0,15.0,16.0,17.0,18.0,19.0	2.0172057388006497,2.839270668585563,2.31283666088906,1.7759357053776341,-6.5551403899566445,-10.02433604053078,-10.569242312929859,-8.384488697829735,-8.369634889691358,-11.282455922857997,-10.773675524491887,-10.275963926383696,-9.550729069989835,-8.692596334023081,-10.474518265490174,-10.306769652677653,-9.479737935194722,-8.661757943641687,-9.136297594408157,-8.9415721829889	exponential	0.12	908527,,
908528	0.0,1.0,2.0,3.0,4.0,5.0,6.0,7.0,8.0,9.0,10.0,11.0,12.0,13.0,14.0,15.0,16.0,17.0,18.0,19.0	-12.93322088321255,-12.936798236041039,-11.579350269356427,-7.560087802722576,-7.465811646062507,-7.23795351359956,-7.840988247123093,-7.875211976313875,-8.725699295724796,-7.575170323283577,-9.269229128279422,-7.330595673837117,-8.657168239515789,-8.012591362165129,-8.841185413248581,-7.575209492042279,-9.234799272318977,-7.834038150284879,-7.691228705298131,-9.707072395561859	exponential	0.12	908528,,
908529	0.0,1.0,2.0,3.0,4.0,5.0,6.0,7.0,8.0,9.0,10.0,11.0,12.0,13.0,14.0,15.0,16.0,17.0,18.0,19.0	-95.11379534044721,-90.6945547676919,-93.62258732034273,-94.69027597973323,-38.25276956386088,-30.459386620393616,-25.08215625935216,-28.4974789591916,-23.539521736010467,-29.38855291645861,-29.72721665001351,-28.581991278186276,-23.853034816528666,-27.68014843930886,-24.788859824104897,-26.195893378176336,-28.443108173616817,-30.23002787493292,-24.793553184356092,-26.45421173383529	exponential	0.12	908529,,
908530	0.0,1.0,2.0,3.0,4.0,5.0,6.0,7.0,8.0,9.0,10.0,11.0,12.0,13.0,14.0,15.0,16.0,17.0,18.0,19.0	14.967465289759872,15.49344045123863,14.973466677626462,-4.714629157554512,-12.767570751200527,-15.491409861988517,-18.024370399710875,-16.824081285788452,-16.657248859800216,-16.645694140844714,-18.441154950283057,-17.607842459491245,-17.303721173017607,-16.97577566474404,-18.736969917051514,-16.54087687147479,-17.67172576854039,-17.610308811448107,-18.388755507725893,-16.79225291502275	exponential	0.12	908530,,
908531	0.0,1.0,2.0,3.0,4.0,5.0,6.0,7.0,8.0,9.0,10.0,11.0,12.0,13.0,14.0,15.0,16.0,17.0,18.0,19.0	-104.83323762444869,-103.16766107946512,-81.96558305783677,-70.55452505649973,-61.82763802648197,-59.29756711034297,-57.376470801568836,-57.15042744255062,-51.360314125930906,-54.821313254272475,-50.64715873695514,-54.213930972942734,-50.757995722131724,-51.66686058052442,-53.647688583887316,-49.75673391269764,-53.21571676009254,-50.748113004226745,-54.02037221511029,-53.47626065601017	exponential	0.12	908531,,
908532	0.0,1.0,2.0,3.0,4.0,5.0,6.0,7.0,8.0,9.0,10.0,11.0,12.0,13.0,14.0,15.0,16.0,17.0,18.0,19.0	-24.205022768460903,-24.062734165700643,-26.201189941854924,-5.4810629886760385,0.327388548077276,1.4960374538248418,1.4451645540304587,2.7126191455416735,0.921107827809822,0.7021086982790802,2.8959644151995523,2.821315228456873,2.0741493886060907,1.9379552759259644,2.4786592365656595,1.5456029558170874,0.9287424119434546,0.8291403284800477,2.074143134962519,2.1309367436287854	exponential	0.12	908532,,
908533	0.0,1.0,2.0,3.0,4.0,5.0,6.0,7.0,8.0,9.0,10.0,11.0,12.0,13.0,14.0,15.0,16.0,17.0,18.0,19.0	54.40721624946769,57.256831891125586,56.63479380047003,54.71481320716863,57.51655421586296,32.20113249192096,29.317183468419053,28.149125432841057,27.916014485249253,29.12651047133629,27.122139431995365,25.914975832758902,29.410937087034835,29.385916583589097,27.552306456779974,25.69663604526882,26.82666024185069,27.717533771916177,26.313740399931596,27.85873517930668	exponential	0.12	908533,,
908534	0.0,1.0,2.0,3.0,4.0,5.0,6.0,7.0,8.0,9.0,10.0,11.0,12.0,13.0,14.0,15.0,16.0,17.0,18.0,19.0	14.330352949736316,13.620022157425808,14.96025680352107,15.842400756325375,-26.533859879449608,-31.625755791652534,-35.75245978228084,-34.57836213894213,-37.80412786782628,-34.40006000190359,-32.40079076393612,-35.50976334984417,-32.071864005409545,-33.341573217853515,-33.30560696061853,-33.01609895400094,-37.50522836295247,-33.38338275273571,-33.89480745117311,-32.83603348122162	exponential	0.12	908534,,
908535	0.0,1.0,2.0,3.0,4.0,5.0,6.0,7.0,8.0,9.0,10.0,11.0,12.0,13.0,14.0,15.0,16.0,17.0,18.0,19.0	-116.60597251323554,-113.23511094627482,-115.14508329402932,-114.9403653966219,-64.2115397896797,-56.890053976251785,-53.14694279684288,-56.689797577359215,-53.93037777609605,-57.92786012707216,-53.43649084598424,-54.66287946411871,-52.86614527515323,-55.19040161806885,-55.38281081906162,-57.66162935329107,-53.20001954552294,-54.18642628754141,-56.061010234022426,-57.555873498391264	exponential	0.12	908535,,
908536	0.0,1.0,2.0,3.0,4.0,5.0,6.0,7.0,8.0,9.0,10.0,11.0,12.0,13.0,14.0,15.0,16.0,17.0,18.0,19.0	91.80284892335247,91.91392901996885,90.61484090429798,88.69216870299582,81.08982840475878,88.06761759149663,20.002672889540893,4.380163260027777,5.33143320453375,5.043885575221424,0.312414525318844,4.0034597754884285,10.017077542059445,6.146140683306949,5.197429825322894,0.6603181792150943,2.1090970798556867,11.104478516744207,0.19242983392309485,4.100793182593868	exponential	0.12	908536,,
908537	0.0,1.0,2.0,3.0,4.0,5.0,6.0,7.0,8.0,9.0,10.0,11.0,12.0,13.0,14.0,15.0,16.0,17.0,18.0,19.0	53.868771653390624,56.404271220845814,55.609324910271155,30.317313991984143,26.217101666919913,23.807468818444043,22.239005817698967,22.472361769324095,21.516307867777595,23.535852545735434,21.956600252247217,22.333203715842664,23.27906929162036,22.44048460004216,21.591801704945645,23.617192626423247,23.314597022717802,24.27604804708259,24.466087481637157,24.495693063451142	exponential	0.12	908537,,
908538	0.0,1.0,2.0,3.0,4.0,5.0,6.0,7.0,8.0,9.0,10.0,11.0,12.0,13.0,14.0,15.0,16.0,17.0,18.0,19.0	24.49772527597876,23.09959969379645,8.604672375433951,5.66094320439181,4.774288838241232,6.561986957518332,4.134707588955631,5.6271204022637775,4.0663057718657,4.225159483373819,4.62619215444449,5.229290710922804,5.235768813475137,5.794973032208898,6.353067828215644,5.316123738723369,3.890087881564079,4.295327261066192,6.640215155753247,6.742643914918691	exponential	0.12	908538,,
908539	0.0,1.0,2.0,3.0,4.0,5.0,6.0,7.0,8.0,9.0,10.0,11.0,12.0,13.0,14.0,15.0,16.0,17.0,18.0,19.0	-60.59147171498856,-65.94297454457414,-60.488569013078944,-57.26622888706774,-55.579706371954266,-66.35994903626124,24.368390976146173,33.02812421393674,31.053421460194436,25.792657828010235,34.93784794496356,31.838914322274956,34.164663474357056,29.437012532406822,37.87098877357885,30.295206489195635,32.93466971144777,36.44858879102407,27.08200475525382,34.502689386372815	exponential	0.12	908539,,
908540	0.0,1.0,2.0,3.0,4.0,5.0,6.0,7.0,8.0,9.0,10.0,11.0,12.0,13.0,14.0,15.0,16.0,17.0,18.0,19.0	52.107587751361436,54.764710494049005,55.02976432331616,51.86192093074688,55.74948216912338,22.44610184021346,17.51804286718608,13.522509434798838,14.539280079757905,13.061312066851395,14.214176734578354,12.065867187654934,11.22430883489217,14.37198652115904,12.126884836106491,13.337367094762824,13.846587231914036,12.400866916595842,12.734541239148658,12.566644622809942	exponential	0.12	908540,,
908541	0.0,1.0,2.0,3.0,4.0,5.0,6.0,7.0,8.0,9.0,10.0,11.0,12.0,13.0,14.0,15.0,16.0,17.0,18.0,19.0	92.01007893070435,70.70436785028429,56.76051003269451,50.21618561483412,48.32061101401306,44.53528959255673,46.49937110350511,42.63557987606135,45.77091763437891,45.564616698107784,42.32574889403246,44.74734119667839,42.122206899199654,44.64092074125861,44.12037225375625,44.720478297398145,43.393725424999765,41.87393231159377,42.23007137216666,44.40546614933348	exponential	0.12	908541,,
908542	0.0,1.0,2.0,3.0,4.0,5.0,6.0,7.0,8.0,9.0,10.0,11.0,12.0,13.0,14.0,15.0,16.0,17.0,18.0,19.0	8.770256913203472,9.991571933909494,9.14816035002664,-17.831276451708373,-22.25849463298036,-23.045652334567027,-24.910623294336563,-23.382032734447254,-24.232932077225108,-24.174297278305197,-24.846379070604993,-24.15978405820239,-23.597331122904972,-24.502139023934298,-21.789080254368976,-24.93987946197303,-23.596856019846967,-23.71728761458454,-24.691718412386955,-24.626381379375914	exponential	0.12	908542,,
908543	0.0,1.0,2.0,3.0,4.0,5.0,6.0,7.0,8.0,9.0,10.0,11.0,12.0,13.0,14.0,15.0,16.0,17.0,18.0,19.0	9.542070608784158,8.37701197606236,9.815721131963716,5.349705381590018,5.5852356773946354,5.798708246655436,6.355107230399844,5.038778948977513,5.789068396775918,5.996656291568875,6.409946501927283,5.391857496577067,5.489146473708444,4.073582174412018,4.087632472258654,5.235503209222158,6.427946222226327,5.1241533518639315,5.570913597123009,5.356537760714447	exponential	0.12	908543,,
908544	0.0,1.0,2.0,3.0,4.0,5.0,6.0,7.0,8.0,9.0,10.0,11.0,12.0,13.0,14.0,15.0,16.0,17.0,18.0,19.0	-2.0568043642309597,15.584008930546263,22.952273273009496,26.99269131024423,28.44573206268552,28.99656226218839,26.76022998922866,26.93516028098629,27.7862036828918,27.860823281082094,28.741254247687575,28.081266503537734,27.757879704297707,29.330489377855514,29.16784027911499,29.386312951123678,28.68821407539204,29.59392791745718,28.939274300962403,27.338794596057774	exponential	0.12	908544,,
908545	0.0,1.0,2.0,3.0,4.0,5.0,6.0,7.0,8.0,9.0,10.0,11.0,12.0,13.0,14.0,15.0,16.0,17.0,18.0,19.0	42.536068334101635,41.25156603191768,40.98446725526781,6.1185239686700275,4.761043109272362,0.7291402311286124,2.4445381132741257,1.0255559347312955,2.2895940668288843,4.717064717993496,2.89446103353566,3.023902916893334,3.4971026814487947,1.6860935720876118,3.5720286580759963,3.5373932879673986,3.0575405302932457,4.135728869199815,3.937420336105324,2.1917159699480826	exponential	0.12	908545,,
908546	0.0,1.0,2.0,3.0,4.0,5.0,6.0,7.0,8.0,9.0,10.0,11.0,12.0,13.0,14.0,15.0,16.0,17.0,18.0,19.0	-111.43591998669955,-52.60774719093173,-31.436195586541608,-19.946180412836757,-16.72480470322823,-17.916041035902204,-17.39315314366811,-14.418868746674118,-16.816851301726032,-18.882564395827462,-18.91910933818874,-14.969071252791235,-14.391060343705549,-12.858163415820952,-19.092459161240683,-13.095340578274667,-13.462376266899895,-14.5717125497278,-16.532450318226587,-18.60265464417334	exponential	0.12	908546,,
908547	0.0,1.0,2.0,3.0,4.0,5.0,6.0,7.0,8.0,9.0,10.0,11.0,12.0,13.0,14.0,15.0,16.0,17.0,18.0,19.0	-10.93934047265528,-12.548960966153667,-11.813976914245359,-10.981085503607659,-13.217203016123216,-7.989319787733544,-9.143858483616693,-8.38937962535977,-9.78692612280314,-10.002557085316804,-8.640724382212632,-8.319389227465733,-9.732680987801588,-9.137553358484196,-7.964361630179509,-9.154130879929022,-9.740505628653022,-8.815476245950403,-9.334012733869583,-9.265439725151113	exponential	0.12	908547,,
908548	0.0,1.0,2.0,3.0,4.0,5.0,6.0,7.0,8.0,9.0,10.0,11.0,12.0,13.0,14.0,15.0,16.0,17.0,18.0,19.0	52.01091852128825,52.12251292998353,53.17499302481913,51.978064991896005,21.860469676104813,18.224215723979583,14.40929956451119,14.996516287436009,18.17515862645219,16.384953725832364,15.783662019032029,17.23026776977552,17.42116318270038,15.635707638338717,18.53326200869919,18.68188535996927,17.733651035875,14.837612951129936,14.609874228535523,18.01112740123455	exponential	0.12	908548,,
908549	0.0,1.0,2.0,3.0,4.0,5.0,6.0,7.0,8.0,9.0,10.0,11.0,12.0,13.0,14.0,15.0,16.0,17.0,18.0,19.0	-143.2824256798769,-66.52988643227377,-55.36559295216235,-54.0123354585107,-57.1366202674335,-56.81638868246748,-54.90831121374272,-57.051470513005874,-57.3117900981401,-58.21050373072017,-55.42382753541166,-54.417543297985155,-54.777281436942495,-57.56872544871368,-53.32349867738663,-56.71586706811313,-58.48309803069936,-57.162197470519914,-57.64606380650038,-52.97837568271325	exponential	0.12	908549,,
908550	0.0,1.0,2.0,3.0,4.0,5.0,6.0,7.0,8.0,9.0,10.0,11.0,12.0,13.0,14.0,15.0,16.0,17.0,18.0,19.0	-34.94094774736186,-32.86750428770313,-35.205705017023924,-35.09812543738014,-32.96427573405811,-33.789082145007065,-7.909462482870214,-4.015684339863686,-3.162238424141381,-5.7408670129614,-6.219981315471177,-6.430166081280514,-6.074488958176412,-4.501337254895343,-5.876871966634519,-4.472194066486502,-4.397284421169204,-5.665810795396859,-3.1849029343937056,-5.292719157648934	exponential	0.12	908550,,
908551	0.0,1.0,2.0,3.0,4.0,5.0,6.0,7.0,8.0,9.0,10.0,11.0,12.0,13.0,14.0,15.0,16.0,17.0,18.0,19.0	-96.75699677661129,-104.01505980722978,-98.75540606723631,-101.45933820701795,-55.80862623981032,-45.341070666072405,-41.66580568512406,-37.594862215197786,-33.645630638188955,-37.617813038377925,-34.983593925697456,-38.625164276351406,-37.168774690796624,-37.95478028536965,-35.60557900037304,-33.163175980417776,-40.66273517796051,-32.962272387278304,-36.05967456295238,-37.30559155997707	exponential	0.12	908551,,
908552	0.0,1.0,2.0,3.0,4.0,5.0,6.0,7.0,8.0,9.0,10.0,11.0,12.0,13.0,14.0,15.0,16.0,17.0,18.0,19.0	22.843251282935597,8.980035934329262,3.273877840553302,-0.5929722885360185,0.4755797824083735,-1.728496270465316,-2.6668965727733824,-2.0799430917218236,-1.7443787978904557,-2.0916288811291177,-0.07109120852829189,-0.17909003725593797,-2.0652182212648507,-1.1770552283767108,-2.825615806323883,-0.8852123246888142,-2.543316055257719,-0.6039841696768686,-0.8163011301084615,-0.5958839442895347	exponential	0.12	908552,,
908553	0.0,1.0,2.0,3.0,4.0,5.0,6.0,7.0,8.0,9.0,10.0,11.0,12.0,13.0,14.0,15.0,16.0,17.0,18.0,19.0	49.874502895185714,47.202512257214515,47.895126857731185,47.354856837833125,50.54147831235536,48.24223000339804,16.09172112652211,14.769434800837749,14.68056459579355,12.99758286416987,16.006579415576063,12.090164273895127,11.888305565121648,13.818022955227597,12.30462764885093,13.640606689068322,11.73414939373369,11.733986599271141,13.037637099003685,16.29496414575917	exponential	0.12	908553,,
908554	0.0,1.0,2.0,3.0,4.0,5.0,6.0,7.0,8.0,9.0,10.0,11.0,12.0,13.0,14.0,15.0,16.0,17.0,18.0,19.0	83.64176673788427,82.37804546934169,49.07319047392203,40.804431678320825,41.10879874108034,39.211247205169244,38.41024175356986,37.8628594487243,38.732172444158344,38.291932934015925,38.99230576177712,36.768744439329836,38.02511908345755,36.63954813364671,39.392012579900985,36.94457985704386,37.98562193127147,37.28548030012593,40.169831057391065,36.64228066811625	exponential	0.12	908554,,
908555	0.0,1.0,2.0,3.0,4.0,5.0,6.0,7.0,8.0,9.0,10.0,11.0,12.0,13.0,14.0,15.0,16.0,17.0,18.0,19.0	37.77635263609284,38.93490771565112,36.608617600473494,11.833801742982066,6.534002347626185,5.882301179045769,6.297295562708571,6.078888804513175,3.6749442796357,5.171335436398825,5.87580261183093,3.9208011752522824,5.43734617045437,6.74580603288336,5.546988163730895,4.589426728114115,4.398352327517044,4.9127620923403255,5.920606469879196,6.46832973648186	exponential	0.12	908555,,
908556	0.0,1.0,2.0,3.0,4.0,5.0,6.0,7.0,8.0,9.0,10.0,11.0,12.0,13.0,14.0,15.0,16.0,17.0,18.0,19.0	-168.4541448117466,-170.04508082837617,-166.22902148393214,-175.20505352541454,-91.3563730767548,-73.87496555710148,-81.03306478689908,-76.62915887403535,-74.26635479803494,-80.64746997507187,-79.67156253419178,-76.61568082879,-79.79233401721396,-72.95336573277527,-73.06914358475888,-74.93401483256945,-77.26764422583616,-70.0031898319964,-73.4618900734681,-78.44945398367324	exponential	0.12	908556,,
908557	0.0,1.0,2.0,3.0,4.0,5.0,6.0,7.0,8.0,9.0,10.0,11.0,12.0,13.0,14.0,15.0,16.0,17.0,18.0,19.0	-18.324475579105986,-17.09232446534304,-23.80725455876601,42.805308427824826,55.91174981680754,59.19916240491163,56.12836148535302,58.28799748016624,60.16474103782622,54.02017003513743,53.30364651550421,54.71928689304928,60.930950877177004,57.56812768525241,56.98846678313241,58.41441847006079,61.37426699366816,54.71929156723209,60.66672542816373,56.94851301004724	exponential	0.12	908557,,
908558	0.0,1.0,2.0,3.0,4.0,5.0,6.0,7.0,8.0,9.0,10.0,11.0,12.0,13.0,14.0,15.0,16.0,17.0,18.0,19.0	23.033573577822473,23.004710634939414,6.007236220558877,0.08855364953688927,-3.201289779938796,-3.228979751078538,-5.316604050739334,-4.89247140616384,-4.849097517976611,-4.818694764847255,-6.114177198558376,-5.876043121827487,-6.92693725267673,-4.742401752928385,-6.9066967215849475,-7.165079923693837,-6.28861524851356,-4.8636973812808755,-4.819752662125429,-6.151731724867811	exponential	0.12	908558,,
908559	0.0,1.0,2.0,3.0,4.0,5.0,6.0,7.0,8.0,9.0,10.0,11.0,12.0,13.0,14.0,15.0,16.0,17.0,18.0,19.0	-83.14580520185541,-83.69064449753327,-79.48596650780843,-77.4179782727901,-82.47854682599284,-79.94292205206135,-16.34916833423866,-12.44728912618154,-9.680683367924049,-8.347408881334623,-12.523613837338107,-10.787882062572129,-3.580822293879667,-5.3057219708595,-9.667812650080576,-7.1463429863019465,-10.94376975814356,-10.501264116226054,-9.568746751227865,-6.251102392864447	exponential	0.12	908559,,
908560	0.0,1.0,2.0,3.0,4.0,5.0,6.0,7.0,8.0,9.0,10.0,11.0,12.0,13.0,14.0,15.0,16.0,17.0,18.0,19.0	93.24236619943845,89.67836938084632,89.90172406093926,93.39071779992499,94.11066521381495,88.42723579394192,26.599196886929462,2.2733671438301872,1.9794180866741207,0.4308180177879001,1.1804933218049105,1.8099477962023576,5.088150256562487,-2.8400609532733965,0.022345898266199905,2.838533442148121,8.368778229039934,0.4923374657331335,6.756679037491316,-2.9592987129663495	exponential	0.12	908560,,
908561	0.0,1.0,2.0,3.0,4.0,5.0,6.0,7.0,8.0,9.0,10.0,11.0,12.0,13.0,14.0,15.0,16.0,17.0,18.0,19.0	-131.48061107153444,-129.70827358693015,-126.15141162183326,-124.9485479203064,-68.60215327033919,-55.6749027177148,-56.03096090834168,-55.45654862480787,-47.34904538181741,-48.93786759108397,-52.78962488020909,-49.03412249822118,-53.11072902854682,-54.90681879790004,-47.35374808986346,-50.34221441783315,-47.839218644250806,-47.728814992973525,-46.45306881595423,-53.23425403980388	exponential	0.12	908561,,
908562	0.0,1.0,2.0,3.0,4.0,5.0,6.0,7.0,8.0,9.0,10.0,11.0,12.0,13.0,14.0,15.0,16.0,17.0,18.0,19.0	56.21765900450371,58.04017439768956,19.857306843505015,12.2034024776642,13.549219885098598,12.741458075017189,13.380092227129856,11.886916070947171,11.318856667515917,12.116250259834278,9.607323189994906,11.043293395539692,10.563068266920938,12.221707251490693,13.413042644156782,13.066595311033744,9.835264421621549,9.842889979936363,12.080741179534758,10.964371107918286	exponential	0.12	908562,,
908563	0.0,1.0,2.0,3.0,4.0,5.0,6.0,7.0,8.0,9.0,10.0,11.0,12.0,13.0,14.0,15.0,16.0,17.0,18.0,19.0	57.861598982174286,61.58583243809716,17.174664564919063,8.449875910340038,9.11562567535514,10.978612532911276,11.437669355395435,7.233512966609182,10.350401740639846,7.947131717232661,9.156419476571706,10.528349426292536,9.885132776585431,10.521752897799331,7.390077872085156,9.073287741682874,6.941518882410789,10.206201440805842,7.8224225666347955,9.238940949650727	exponential	0.12	908563,,
908564	0.0,1.0,2.0,3.0,4.0,5.0,6.0,7.0,8.0,9.0,10.0,11.0,12.0,13.0,14.0,15.0,16.0,17.0,18.0,19.0	-1.4862430475364787,-0.30540318956627033,-1.3542695784503902,-1.8182703174168573,-1.8350405021058052,-0.9882103757105263,-3.0025343622521903,-4.751208316142656,-6.4244272889355765,-7.614519909686883,-6.468483782109141,-7.246752613045349,-6.931408566707727,-7.03930718847171,-5.923631031566551,-7.364919406390269,-7.5318654515305905,-7.008852313321459,-7.83714697791863,-8.128271708324684	exponential	0.12	908564,,
908565	0.0,1.0,2.0,3.0,4.0,5.0,6.0,7.0,8.0,9.0,10.0,11.0,12.0,13.0,14.0,15.0,16.0,17.0,18.0,19.0	-8.335572704426742,-10.104401625140802,-6.7663459595477455,19.412870371995545,26.466834086481597,28.684078923095615,30.495429144708915,27.22883931957172,31.057808787128646,28.83806936351444,27.849213808288344,29.514156672961498,28.957348926976483,29.829483832298163,27.663934515280204,28.699184182618282,28.035105011578903,28.949575791183484,28.073158709936525,27.640546668847655	exponential	0.12	908565,,
908566	0.0,1.0,2.0,3.0,4.0,5.0,6.0,7.0,8.0,9.0,10.0,11.0,12.0,13.0,14.0,15.0,16.0,17.0,18.0,19.0	74.15263540182877,74.20151710556408,31.755571959344586,27.736909701822476,24.887127099357034,23.79702523392473,23.861066872788598,25.712227395391928,24.631141005033438,26.369212373671715,26.390551747874124,24.749613377525158,25.213397054336987,26.640019492096318,26.060341846884537,26.42143781282856,24.0817236871067,25.220538730402023,27.714677276914482,23.755123446797867	exponential	0.12	908566,,
908567	0.0,1.0,2.0,3.0,4.0,5.0,6.0,7.0,8.0,9.0,10.0,11.0,12.0,13.0,14.0,15.0,16.0,17.0,18.0,19.0	-5.707228204957931,-6.782142946705467,-6.77899001338485,-6.862050470011129,-6.564589966375918,3.370459049796123,2.739064336964802,2.673910109149957,2.8544002077901016,4.300786805287604,3.320469984337728,5.07157774651309,4.384397648765049,4.009398893604629,5.586887413282367,4.781230784027025,4.969178661465392,4.337518829347582,3.942219181329432,4.437388888023441	exponential	0.12	908567,,
908568	0.0,1.0,2.0,3.0,4.0,5.0,6.0,7.0,8.0,9.0,10.0,11.0,12.0,13.0,14.0,15.0,16.0,17.0,18.0,19.0	11.147922993217437,11.115976321074875,12.877882877648755,10.678679019898535,10.654135190746317,-7.120478626284412,-11.718776295470603,-10.202712059875598,-12.11274431663433,-10.578114837138537,-12.644653531392013,-12.17532350871873,-12.481979459849082,-12.75184532203479,-12.976720426270061,-12.905476365030419,-13.057928591126963,-12.663870428291217,-11.230807031954235,-10.6477408808856	exponential	0.12	908568,,
908569	0.0,1.0,2.0,3.0,4.0,5.0,6.0,7.0,8.0,9.0,10.0,11.0,12.0,13.0,14.0,15.0,16.0,17.0,18.0,19.0	-1.3454981990039308,-2.075827007928872,-2.2216422059842156,-0.49331427413586937,6.826516026071635,8.320498786169507,8.292747652096008,8.450530589361783,8.60289256922328,9.271364714020898,9.272406053715692,9.90304736288721,10.7643128008189,9.812367435600931,9.046669219249825,9.286873909739347,9.30725699977561,10.216348769280593,9.807770756857108,11.217449403305379	exponential	0.12	908569,,
908570	0.0,1.0,2.0,3.0,4.0,5.0,6.0,7.0,8.0,9.0,10.0,11.0,12.0,13.0,14.0,15.0,16.0,17.0,18.0,19.0	-10.367057006146979,-9.75698108287461,-11.990162684602168,8.920780754045424,9.65571274691834,12.118358787733065,12.284302774944983,9.83373050186796,12.055187563843669,10.20121495969846,11.2536916861105,10.186796205524326,11.355731805353098,11.54785241089174,12.53964322296352,12.573339301237628,9.894722841591962,10.39145888863654,11.637782356124095,11.601134283959675	exponential	0.12	908570,,
908571	0.0,1.0,2.0,3.0,4.0,5.0,6.0,7.0,8.0,9.0,10.0,11.0,12.0,13.0,14.0,15.0,16.0,17.0,18.0,19.0	-28.715142834831838,-28.274103027168742,-29.437981994153454,-27.832852346146453,-14.189148331523324,-1.7333012966575314,2.336263114077939,6.4950380895197295,12.264944491582703,9.568510112002937,11.883435034299945,12.538822650733227,15.937512279372818,15.479259421364988,14.547008488201012,12.819846706081385,12.373633878647174,12.475088418819533,15.427765899990497,13.9010844134312	exponential	0.12	908571,,
908572	0.0,1.0,2.0,3.0,4.0,5.0,6.0,7.0,8.0,9.0,10.0,11.0,12.0,13.0,14.0,15.0,16.0,17.0,18.0,19.0	18.81163181189986,18.345522914308027,17.871192836503436,-2.596983294466237,-3.5318794509310694,-5.92674449709833,-4.417662699440872,-5.3809577521537815,-4.8068700924451715,-5.36098209842916,-3.6149039632790974,-4.624882366129986,-4.235939769776088,-6.2367404502643575,-5.276830109586849,-4.190465539915816,-3.3378335202797094,-5.672033050113222,-4.181458264011927,-3.789785011418094	exponential	0.12	908572,,
908573	0.0,1.0,2.0,3.0,4.0,5.0,6.0,7.0,8.0,9.0,10.0,11.0,12.0,13.0,14.0,15.0,16.0,17.0,18.0,19.0	111.15042065272915,113.58048955160095,114.60318758179164,109.22530366356501,114.0049559103186,69.68668143057982,59.00138558252015,46.35046981024213,44.29893602735784,49.089531805698435,45.56246130953943,44.712795480381764,51.05256998972691,47.87490515683709,45.771976860206564,46.49983755684331,45.273917952893434,46.377127109179824,43.048912798640885,48.88328715303303	exponential	0.12	908573,,
908574	0.0,1.0,2.0,3.0,4.0,5.0,6.0,7.0,8.0,9.0,10.0,11.0,12.0,13.0,14.0,15.0,16.0,17.0,18.0,19.0	-43.43837821003645,-47.38560225341823,-43.556657717955105,-43.183944785394836,-8.50767017637785,-6.985638964199675,-4.719639516448912,-6.012251391141055,-5.202874452116819,-7.344681762594149,-4.668133727697991,-3.4085349256127944,-6.225840408504597,-7.280391388231149,-4.789133503664315,-5.838839186343248,-7.596854392319544,-8.023106922515758,-5.618194739132751,-5.402007316392619	exponential	0.12	908574,,
908575	0.0,1.0,2.0,3.0,4.0,5.0,6.0,7.0,8.0,9.0,10.0,11.0,12.0,13.0,14.0,15.0,16.0,17.0,18.0,19.0	-2.0494077504925725,-2.1182179425468313,-2.257189844413722,-1.722819338864872,-0.5399144734327059,2.9781472626343413,3.523014031615543,3.246025745471595,1.8870444254465113,3.8706156128554636,3.1095524569160076,3.726054212065943,4.703473315380518,2.397628016714638,3.933242724015141,4.06610506109461,3.035092428849953,3.586972321285268,2.544162725436488,3.4777588975618734	exponential	0.12	908575,,
908576	0.0,1.0,2.0,3.0,4.0,5.0,6.0,7.0,8.0,9.0,10.0,11.0,12.0,13.0,14.0,15.0,16.0,17.0,18.0,19.0	4.703596212048243,4.844441012684975,4.280394214039511,2.806280835518545,5.303981511390292,6.525729065047303,7.299748123501145,7.88197554410852,9.110315049400628,7.773870565605243,8.259836920864831,9.267241322386466,8.44598872110002,8.915487885962245,8.807372120949832,9.142661576034936,9.8726965061295,9.201366581156465,7.936440586164876,8.02806874848387	exponential	0.12	908576,,
908577	0.0,1.0,2.0,3.0,4.0,5.0,6.0,7.0,8.0,9.0,10.0,11.0,12.0,13.0,14.0,15.0,16.0,17.0,18.0,19.0	-113.58414026501525,-110.98381377581813,-111.13657011958634,-112.47131113581509,-60.27582493517862,-51.89200617799685,-52.798288781114536,-47.95558674759968,-50.440775009392205,-53.50077764051357,-47.25176092267258,-49.804418754268774,-49.65753932127028,-47.6536042259289,-47.40311266665575,-47.51747374931118,-49.669372851657734,-49.601643812273885,-49.27596222776326,-52.57222099103148	exponential	0.12	908577,,
908578	0.0,1.0,2.0,3.0,4.0,5.0,6.0,7.0,8.0,9.0,10.0,11.0,12.0,13.0,14.0,15.0,16.0,17.0,18.0,19.0	-56.107523823284,-57.140797537013064,6.992567088621577,18.14668816488549,18.889759646122073,19.346122371349622,21.601120995420896,16.835588918684103,20.4646274030608,20.388746068100577,19.31507045074032,18.917358641162163,18.870924201067847,16.193802930904678,17.801850823403345,16.993521557416795,17.24917050524154,21.25311727316473,17.224383636529186,20.422404519446545	exponential	0.12	908578,,
908579	0.0,1.0,2.0,3.0,4.0,5.0,6.0,7.0,8.0,9.0,10.0,11.0,12.0,13.0,14.0,15.0,16.0,17.0,18.0,19.0	16.529408320502164,16.381888168108745,16.684653595621622,17.04516932762708,5.579735183723944,4.573320528485457,3.8691268783813966,3.410731836717189,3.155212458665421,2.9337229225057593,4.954676799192857,2.558787563708094,3.624786313040277,4.577488228452559,4.325176478602931,3.125244500727572,2.6854058094328837,5.366271587541418,2.9648303997417846,4.953326035664548	exponential	0.12	908579,,
908580	0.0,1.0,2.0,3.0,4.0,5.0,6.0,7.0,8.0,9.0,10.0,11.0,12.0,13.0,14.0,15.0,16.0,17.0,18.0,19.0	99.87292871344295,29.76479936380359,21.27219780357884,18.025710980008576,19.96315180360478,17.98689887392482,21.965591237737588,22.28406044423864,17.77181893927538,17.758040984822635,20.808157839082057,17.873481078708135,22.600425051802766,17.757503322958204,19.321380326251273,20.102014944539253,18.94319612846383,21.674908752919546,22.305307226765557,22.10076318169901	exponential	0.12	908580,,
908581	0.0,1.0,2.0,3.0,4.0,5.0,6.0,7.0,8.0,9.0,10.0,11.0,12.0,13.0,14.0,15.0,16.0,17.0,18.0,19.0	-34.31302054472135,-5.091184220925005,-3.1362147745683497,-0.4015976766589924,-1.9503399676657205,-0.6382271127792297,0.03782681581288194,-2.387584941879781,-0.6435662714373491,-1.7538969877871533,-2.506996224337163,-0.9703573615156018,-2.5993796508700955,-2.5442062339602054,-1.2433071061349765,-2.0792993736124394,-0.573539769005647,-0.23083981327068642,-2.6398865271819454,-2.8989430948650323	exponential	0.12	908581,,
908582	0.0,1.0,2.0,3.0,4.0,5.0,6.0,7.0,8.0,9.0,10.0,11.0,12.0,13.0,14.0,15.0,16.0,17.0,18.0,19.0	94.71893429319623,92.71659523554476,93.2635493160155,93.4868741663264,95.5256450167513,53.670024373718164,45.82263295291334,45.29117094498958,45.17444978845295,39.64745408076779,38.669206644055684,42.422507521064794,40.803813169881394,43.7970580890847,42.489765883368975,38.63877781396005,45.32620707032312,45.233141151842055,41.5267982084448,42.70231467273232	exponential	0.12	908582,,
908583	0.0,1.0,2.0,3.0,4.0,5.0,6.0,7.0,8.0,9.0,10.0,11.0,12.0,13.0,14.0,15.0,16.0,17.0,18.0,19.0	-40.984384065709655,-39.77171580161519,-42.53955906344398,-41.931619927477506,-10.352823637098272,3.170069133286061,5.195661896308287,6.305643441129639,7.559722831908979,7.853805086836315,7.870802785584548,5.21509885900033,3.9718875367165456,3.1569847194794693,7.949754000181058,6.785221502234222,6.79598874777235,5.271848692290734,3.3923158119217756,6.230850218608037	exponential	0.12	908583,,
908584	0.0,1.0,2.0,3.0,4.0,5.0,6.0,7.0,8.0,9.0,10.0,11.0,12.0,13.0,14.0,15.0,16.0,17.0,18.0,19.0	-163.64209077535668,-166.82121244599261,-117.90640187628671,-98.06975633910481,-91.21991797274427,-78.75589416206282,-77.02958251127693,-75.48409751763135,-80.63775939772293,-82.75276345914216,-74.96324845713772,-76.4038299272732,-78.4676868384449,-78.05489497543414,-81.0478813913285,-82.15112262073332,-81.2214187378392,-74.67374638532786,-76.38214874655127,-74.74774492332774	exponential	0.12	908584,,
908585	0.0,1.0,2.0,3.0,4.0,5.0,6.0,7.0,8.0,9.0,10.0,11.0,12.0,13.0,14.0,15.0,16.0,17.0,18.0,19.0	-89.10929301034449,-90.04036981178173,-96.41711784082881,-97.91561059665715,-88.44099616763766,-98.35895917186156,-28.47325572796017,-14.04950080856517,-9.182052922035922,-3.5504969707706597,-9.456846792002667,-7.639350232797408,-6.391522727660666,-4.878693843259595,-5.349228779077218,-0.08666637286084578,-11.313421249329943,-1.9979217109027267,-4.003328054909348,-6.033105207325302	exponential	0.12	908585,,
908586	0.0,1.0,2.0,3.0,4.0,5.0,6.0,7.0,8.0,9.0,10.0,11.0,12.0,13.0,14.0,15.0,16.0,17.0,18.0,19.0	67.58142943326654,67.47358482775441,69.2055419587478,72.14189793387239,66.89911648384422,70.62573351018284,28.171895073860618,23.960919580993618,21.2413432447543,22.71606905384984,23.198320836699285,24.43895415476639,22.427403189788475,21.496823966227712,23.637937113581867,27.10371447325886,25.10003182377123,23.94027553307554,20.985891460925078,21.126741309296442	exponential	0.12	908586,,
908587	0.0,1.0,2.0,3.0,4.0,5.0,6.0,7.0,8.0,9.0,10.0,11.0,12.0,13.0,14.0,15.0,16.0,17.0,18.0,19.0	34.247745982885846,13.69141947294931,8.631152076801776,6.420566048603526,6.993723620329858,7.013494302581499,6.775361898648905,6.465031460549796,6.206589553559936,7.956986137322716,6.407507126635504,6.7821166066013205,6.818858742212445,7.341372924278804,6.926508707513008,7.9517707930416535,7.569475609768462,6.466732360580723,8.303922800112602,8.020824630961108	exponential	0.12	908587,,
908588	0.0,1.0,2.0,3.0,4.0,5.0,6.0,7.0,8.0,9.0,10.0,11.0,12.0,13.0,14.0,15.0,16.0,17.0,18.0,19.0	11.749477379187887,16.239215787423092,16.17352131516818,16.25447444112877,-23.4902998418562,-32.499698727932355,-32.8756708372356,-35.66355587375409,-36.104466141061806,-36.32409806356549,-35.078920628068396,-35.29179042780864,-35.938082414031456,-36.69551180049915,-32.57335003443825,-34.84474500107771,-36.31647911711498,-37.74461267223399,-35.623406521835875,-36.373210865247785	exponential	0.12	908588,,
908589	0.0,1.0,2.0,3.0,4.0,5.0,6.0,7.0,8.0,9.0,10.0,11.0,12.0,13.0,14.0,15.0,16.0,17.0,18.0,19.0	0.2639742983912079,1.2481023642422517,0.7077369538896132,-0.7476112907184902,0.592060814272962,1.340325253682943,6.520991277628447,6.901768542270138,6.9155765815850145,5.267669430540196,5.212450816564587,6.710881656578436,4.800397253891819,7.232197943493374,7.380596597067822,7.021479243835234,5.340994039872512,4.7642683650087045,5.277566979471507,5.415461991842168	exponential	0.12	908589,,
908590	0.0,1.0,2.0,3.0,4.0,5.0,6.0,7.0,8.0,9.0,10.0,11.0,12.0,13.0,14.0,15.0,16.0,17.0,18.0,19.0	26.916891659849732,25.545298175312336,28.77843514896192,28.914089502003847,26.428225912659904,29.292258485458436,5.578269583484057,-4.741219485840976,-6.337226509783477,-9.050218500168853,-5.8895443279240975,-9.584921831668696,-8.559750772907861,-6.511306478231352,-10.456107752350245,-6.812820907486643,-6.188829954898331,-7.401896174605791,-6.1527704698553265,-7.166512303219633	exponential	0.12	908590,,
908591	0.0,1.0,2.0,3.0,4.0,5.0,6.0,7.0,8.0,9.0,10.0,11.0,12.0,13.0,14.0,15.0,16.0,17.0,18.0,19.0	-32.66742993355781,13.912545366377561,29.0927461615535,32.466076632103814,33.05691806408471,34.13842535144409,31.451734997801104,30.499041417451437,33.85157908670229,29.786668060911285,33.483828907341646,31.20019080553073,32.67832354512463,30.324018369940553,31.27515049264039,33.11817684491895,33.599038740194274,33.443188267103444,32.84519802378241,30.26947811887613	exponential	0.12	908591,,
908592	0.0,1.0,2.0,3.0,4.0,5.0,6.0,7.0,8.0,9.0,10.0,11.0,12.0,13.0,14.0,15.0,16.0,17.0,18.0,19.0	82.34196843861602,72.19566639338692,81.42496464772381,71.46040457858186,73.41683217225766,-1.4030553621254924,-11.473354627547307,-13.735389812378319,-18.6565583726524,-19.267525406114753,-21.479227785281033,-13.89400841740567,-18.682510149129914,-17.524494866804183,-18.755049411417435,-17.6359338881429,-20.588191186651766,-17.604412900310482,-9.92394867273361,-19.891735030704535	exponential	0.12	908592,,
908593	0.0,1.0,2.0,3.0,4.0,5.0,6.0,7.0,8.0,9.0,10.0,11.0,12.0,13.0,14.0,15.0,16.0,17.0,18.0,19.0	-149.87239071554427,-153.47689560835525,-158.70777073666028,-151.11693012215505,-75.75916487191418,-71.89552897064723,-59.40092719981216,-64.56013841972023,-58.78847718415626,-59.428641945868115,-63.25353882007559,-64.59101931346756,-59.2856213607259,-59.15482271346997,-64.0436570850065,-67.94157468216387,-59.999571873413544,-59.316902471932664,-68.0824696252955,-66.68427557267415	exponential	0.12	908593,,
908594	0.0,1.0,2.0,3.0,4.0,5.0,6.0,7.0,8.0,9.0,10.0,11.0,12.0,13.0,14.0,15.0,16.0,17.0,18.0,19.0	-74.40434238046429,-6.4787353794980245,7.610558445950047,15.034851202825308,13.665298560258194,16.103578141336634,14.168722619838677,15.144993142607035,10.689600459382225,12.148932792667491,12.496816942479953,11.173960333886148,11.755644686443548,15.488399801306318,15.283410760792362,15.253790036468025,16.30447181805696,14.81289330986155,14.840140051472765,11.587447932222272	exponential	0.12	908594,,
908595	0.0,1.0,2.0,3.0,4.0,5.0,6.0,7.0,8.0,9.0,10.0,11.0,12.0,13.0,14.0,15.0,16.0,17.0,18.0,19.0	3.6082167206847764,2.4006727345626757,-18.368061310959025,-22.753014954904522,-25.97661470234362,-26.508356846469844,-27.51228209109368,-25.744115449950215,-26.966093897821622,-26.00529872141021,-26.719811395736688,-27.79832139546047,-26.474102520036954,-25.604720839554588,-27.88236030649409,-27.666828706273503,-27.49067097512639,-26.31019455883746,-26.620126235585854,-27.854859179441856	exponential	0.12	908595,,
908596	0.0,1.0,2.0,3.0,4.0,5.0,6.0,7.0,8.0,9.0,10.0,11.0,12.0,13.0,14.0,15.0,16.0,17.0,18.0,19.0	9.25479977219154,7.626264121751113,9.303080225907564,7.388515992806468,-26.812999088889807,-33.670320287726376,-37.34691381758995,-38.79279475465521,-36.674741971059234,-38.19546624056448,-39.79716196947669,-35.05800361721213,-39.344020413558766,-37.031707855418496,-36.655368422110136,-39.57407717852539,-35.52245692112859,-36.59797727447414,-36.139367074090984,-38.58732491930289	exponential	0.12	908596,,
908597	0.0,1.0,2.0,3.0,4.0,5.0,6.0,7.0,8.0,9.0,10.0,11.0,12.0,13.0,14.0,15.0,16.0,17.0,18.0,19.0	-13.51782782017549,-13.80839145278204,-15.322965193876058,-13.996874855738636,-13.926321005772067,12.128690199133525,18.058079469578242,19.75349452713784,17.865212787930666,20.193636975624063,19.819845509307044,21.43789199664178,19.06730077483939,18.535208400025727,18.33963530094435,20.967809299185255,20.026464835797015,20.14940723703878,18.99426213171406,20.589986412735236	exponential	0.12	908597,,
908598	0.0,1.0,2.0,3.0,4.0,5.0,6.0,7.0,8.0,9.0,10.0,11.0,12.0,13.0,14.0,15.0,16.0,17.0,18.0,19.0	72.72530873408311,72.45842150151779,77.29954562106789,78.63450212087035,66.89450087279273,-10.314709413695045,-25.585182391430745,-25.13083889434029,-22.5456449624306,-29.070386816666222,-20.70730355630961,-27.078952629931376,-26.356779160438997,-32.373243638697446,-32.76376817718147,-27.945979522623723,-23.160289395697,-28.406832768964424,-25.110977350868353,-30.91167618106973	exponential	0.12	908598,,
908599	0.0,1.0,2.0,3.0,4.0,5.0,6.0,7.0,8.0,9.0,10.0,11.0,12.0,13.0,14.0,15.0,16.0,17.0,18.0,19.0	53.58126205169277,58.38825430801403,31.554718061804326,16.576596549860998,3.837092934198842,-0.820064395019708,0.6211787995573639,-4.426953572024756,-5.12958090816012,-0.9758268701103345,-5.343682481772918,-3.9028498904474462,-2.105288279209968,-4.3282366861319534,-1.7727016048814528,-4.6551812987425585,-4.737719608977917,-5.343798217783299,-3.75669737300438,-4.922748869413445	exponential	0.12	908599,,
908600	0.0,1.0,2.0,3.0,4.0,5.0,6.0,7.0,8.0,9.0,10.0,11.0,12.0,13.0,14.0,15.0,16.0,17.0,18.0,19.0	-32.682252575252896,-31.03345783352316,-25.824775920016943,-18.651889994862277,-11.112235537344972,-0.640205975860912,5.5916258449063605,6.372371253422571,13.074922222862462,13.07979509570864,17.122882933660897,13.704222249392416,15.083002879311692,16.62214768582306,16.27515129429524,15.68212585116121,17.691199768063697,19.13629884070204,16.76552059977979,18.490121323491763	growth	0.12	908600,,
908601	0.0,1.0,2.0,3.0,4.0,5.0,6.0,7.0,8.0,9.0,10.0,11.0,12.0,13.0,14.0,15.0,16.0,17.0,18.0,19.0	3.134651073624658,5.254747310397895,6.338389251569704,6.86737781622571,10.755049212588272,15.885127098130956,23.773076397981576,26.81825572160098,30.23373354987618,32.89961212870318,36.92898584915294,36.57435648854313,35.88041904589158,36.00051021463931,36.30251182234208,37.406982937561764,39.01480965662116,38.51510281633315,34.73866184745066,28.147096165443557	growth	0.12	908601,,
908602	0.0,1.0,2.0,3.0,4.0,5.0,6.0,7.0,8.0,9.0,10.0,11.0,12.0,13.0,14.0,15.0,16.0,17.0,18.0,19.0	21.35787671975409,25.201187334153964,32.101262444193964,38.39229690343493,48.63798682623524,55.61350785808111,59.14308678568922,62.31739439616429,62.60579961509656,64.82344708424475,65.54996388177406,64.48493174342426,63.2888170196444,65.74812553675031,65.27997491741444,65.11874597757267,65.46064580042999,64.4683744998,64.51230806697852,64.70649350174013	growth	0.12	908602,,
908603	0.0,1.0,2.0,3.0,4.0,5.0,6.0,7.0,8.0,9.0,10.0,11.0,12.0,13.0,14.0,15.0,16.0,17.0,18.0,19.0	-12.150094092778446,-10.4319448650286,-5.995424761835677,5.457310619640996,10.593132938234502,13.303921180095992,16.742926185474854,15.911360523208277,16.18975237660024,18.074536333988018,15.629062764185463,16.313071618676176,12.538933646512952,7.416861994220506,1.3887091882702922,-1.9543566145074358,-7.561143282596213,-12.517514999058356,-11.83908817075633,-15.131355412200065	growth	0.12	908603,,
908604	0.0,1.0,2.0,3.0,4.0,5.0,6.0,7.0,8.0,9.0,10.0,11.0,12.0,13.0,14.0,15.0,16.0,17.0,18.0,19.0	7.157992134102748,6.337154378814007,15.468562278998945,17.094031119940922,17.170376237956738,16.34785923393447,15.228743408282266,15.862568002531342,15.267965917058731,14.705880684069864,15.861634217115277,17.30246933152896,17.450133489720564,17.39556625158893,10.269535621442397,6.590110706228869,7.399440680668421,5.645827745990394,5.250865835196478,5.5135332468020835	growth	0.12	908604,,
908605	0.0,1.0,2.0,3.0,4.0,5.0,6.0,7.0,8.0,9.0,10.0,11.0,12.0,13.0,14.0,15.0,16.0,17.0,18.0,19.0	-21.153090911498225,-20.18473846588607,-19.17932218791616,-20.665423638491564,-21.061775826195422,-16.46321729125259,-10.187774989957573,-2.690321853433087,2.4131648592453985,2.961866500041449,4.614902564220806,3.625830394916605,6.878249465934097,4.063575686601542,5.821698372207091,-1.5309430439428873,-11.129527897049503,-19.62800552224351,-21.074513321999838,-19.319111935648674	growth	0.12	908605,,
908606	0.0,1.0,2.0,3.0,4.0,5.0,6.0,7.0,8.0,9.0,10.0,11.0,12.0,13.0,14.0,15.0,16.0,17.0,18.0,19.0	29.6032930107777,29.08817156599604,31.85769287338847,30.670015682411584,32.9013635911075,38.991895777981696,42.79710902768411,45.11607068338701,48.9099222493232,56.26657876519042,58.79671591193268,62.574197272892356,65.16082618955072,68.36425681518656,72.75616669726449,71.14906334025258,75.61159492464162,71.8655226288736,75.87151245917735,73.25535052208494	growth	0.12	908606,,
908607	0.0,1.0,2.0,3.0,4.0,5.0,6.0,7.0,8.0,9.0,10.0,11.0,12.0,13.0,14.0,15.0,16.0,17.0,18.0,19.0	5.241641026916091,5.681569628519001,7.350944750992988,15.86315017542744,19.954908663178614,22.132431401384633,21.393966743319847,21.70733391505953,21.281454977686096,19.95588487116134,20.911825706072772,22.12785005240427,20.799535776679203,22.057134923326018,20.382669208792564,13.146798865128133,6.527632434038809,6.847629036114867,7.0349710059315385,6.021595288479097	growth	0.12	908607,,
908608	0.0,1.0,2.0,3.0,4.0,5.0,6.0,7.0,8.0,9.0,10.0,11.0,12.0,13.0,14.0,15.0,16.0,17.0,18.0,19.0	-13.248501518735697,-11.581659264395826,-5.783361623575875,3.9448649563974545,7.109678258727389,8.826625808101111,10.763413493062618,12.119169859041849,11.278371124865732,13.562251727709212,11.543943090655507,4.021018430203977,-2.1693557019612655,-9.225851716924623,-11.84321462430253,-13.53907239412422,-13.651419521645678,-14.000525012897171,-13.497552819166701,-13.843491280671845	growth	0.12	908608,,
908609	0.0,1.0,2.0,3.0,4.0,5.0,6.0,7.0,8.0,9.0,10.0,11.0,12.0,13.0,14.0,15.0,16.0,17.0,18.0,19.0	-15.450603153701152,-14.727063844387713,-12.515487376261246,-6.57118023622043,-1.2750960575927408,3.352915302151823,6.817141887363912,7.430383504156534,8.488895136031577,11.529241215165314,11.007375540202968,10.743110595265744,11.137123641734178,12.059053113752917,11.809293846594226,12.35521962938763,12.966447034889747,13.566506467280096,3.860664689097586,-6.132586602377383	growth	0.12	908609,,
908610	0.0,1.0,2.0,3.0,4.0,5.0,6.0,7.0,8.0,9.0,10.0,11.0,12.0,13.0,14.0,15.0,16.0,17.0,18.0,19.0	3.0035059215486553,3.0906294390296196,4.054978583690151,12.25547122172756,17.55320530156557,22.745528123918515,23.602118718146595,22.335750232933144,23.833853495122483,23.67982312664642,23.742518132496382,22.431637906249755,22.393708056418433,24.570929196329843,19.697672907530404,13.036463473620486,9.400960164248552,2.15537906260704,4.137785285962517,2.8400485187522126	growth	0.12	908610,,
908611	0.0,1.0,2.0,3.0,4.0,5.0,6.0,7.0,8.0,9.0,10.0,11.0,12.0,13.0,14.0,15.0,16.0,17.0,18.0,19.0	-23.326795968882596,-22.962636547223017,-21.02523702024443,-12.901574387996662,-7.379081192296264,0.1992090318501809,4.30264240302898,6.179549823814835,11.112479012800872,9.895431777045573,10.162482673270762,12.514274900502464,13.98151904711074,12.348099677720349,11.70812541058049,11.381632351303328,14.180974863284327,7.554534556298506,1.861561009074176,-3.633126354105606	growth	0.12	908611,,
908612	0.0,1.0,2.0,3.0,4.0,5.0,6.0,7.0,8.0,9.0,10.0,11.0,12.0,13.0,14.0,15.0,16.0,17.0,18.0,19.0	18.736551729214877,20.96240419003069,20.894268763021014,27.96527063013874,37.78564455789763,44.57725943215839,45.46663308396943,49.7044106399515,48.05120707034638,49.757096586984574,51.00893044997493,49.208037529309024,48.8802615991121,50.58371297357163,48.217359761273535,50.48029859303894,50.99666606291361,48.81830538990513,51.43048481134931,39.58570408354149	growth	0.12	908612,,
908613	0.0,1.0,2.0,3.0,4.0,5.0,6.0,7.0,8.0,9.0,10.0,11.0,12.0,13.0,14.0,15.0,16.0,17.0,18.0,19.0	-19.620879406492996,-17.8014580988434,-14.046372625213287,-11.732765244484257,-4.385765650188462,3.793232147713283,6.939555245635191,12.515962771612866,18.01063009766871,17.804257599122582,17.81695069669372,22.51875874571457,23.193400626709767,19.850876673824423,23.79238797616271,21.305353049607117,11.809325619082458,6.878179517874219,-0.9549728350966262,-8.492963285269848	growth	0.12	908613,,
908614	0.0,1.0,2.0,3.0,4.0,5.0,6.0,7.0,8.0,9.0,10.0,11.0,12.0,13.0,14.0,15.0,16.0,17.0,18.0,19.0	4.860103911306879,5.936811394126985,5.321357688220235,7.280287589709595,13.063477431446636,18.126703001412167,24.23363973368567,25.915676835804305,28.49311420022346,30.366956465793052,28.87110349757234,31.7254539064986,31.369985620316715,31.261132842705337,31.33809413428589,31.275913630130525,30.492547375603372,32.16697727182143,29.64744876902191,30.629157865774623	growth	0.12	908614,,
908615	0.0,1.0,2.0,3.0,4.0,5.0,6.0,7.0,8.0,9.0,10.0,11.0,12.0,13.0,14.0,15.0,16.0,17.0,18.0,19.0	5.960912520836018,6.513173085084749,7.274365114591364,15.696754876203098,19.941968048385437,21.143350501640427,21.0829440292109,19.484699496518758,21.792258585383358,21.227914266461312,19.435446009113456,12.654676833046947,6.037834051530701,5.613327473909168,5.860061629792609,6.489445486219317,4.442739780260495,6.3145778430371315,6.325199931299369,5.40485168481083	growth	0.12	908615,,
908616	0.0,1.0,2.0,3.0,4.0,5.0,6.0,7.0,8.0,9.0,10.0,11.0,12.0,13.0,14.0,15.0,16.0,17.0,18.0,19.0	8.991560255086275,9.266467675616274,11.38178095898083,17.030871433107563,23.3974023147223,26.73565109595521,29.80052608115623,28.995955930521458,30.143402220805793,29.56902972931224,29.573575566647882,30.389364754032947,25.418996360488315,18.467101116003697,10.76627099777643,8.913554580156566,11.577574546313066,11.245354173781035,11.341352352843241,10.417338330463839	growth	0.12	908616,,
908617	0.0,1.0,2.0,3.0,4.0,5.0,6.0,7.0,8.0,9.0,10.0,11.0,12.0,13.0,14.0,15.0,16.0,17.0,18.0,19.0	-13.897940760878953,-15.291137449035729,-12.70026018233143,-14.630873921221342,-11.765381215804576,-12.14204844028351,-6.420356400191039,-2.361603124941393,0.8432158523551117,10.423131236720334,11.445200291163317,15.116495111707355,21.090406107735376,22.666747530905802,20.218383306409763,22.001994088274998,21.59505400561585,25.86022230130422,24.59694996521028,24.548555077990276	growth	0.12	908617,,
908618	0.0,1.0,2.0,3.0,4.0,5.0,6.0,7.0,8.0,9.0,10.0,11.0,12.0,13.0,14.0,15.0,16.0,17.0,18.0,19.0	-28.37983340574339,-28.912502858943764,-29.66911962949406,-29.438911930505697,-27.869953756283966,-27.017323712427515,-20.558893560305556,-16.89021342345272,-10.559492865258353,-8.169630637092396,-3.0074439170277465,-2.0586031064239023,-1.0390855480156098,-0.7231939579353295,2.451293706323927,2.3322510067500914,2.666093945913296,2.6103209474536513,0.5063035137283016,-7.934843326772981	growth	0.12	908618,,
908619	0.0,1.0,2.0,3.0,4.0,5.0,6.0,7.0,8.0,9.0,10.0,11.0,12.0,13.0,14.0,15.0,16.0,17.0,18.0,19.0	3.608762495096755,4.974020742379393,4.149970657498142,3.6174482499533203,5.200688987882082,10.546450471109127,13.955616027911915,12.692720724743733,14.073859638387372,14.838003394890961,13.122963997876875,13.663867352912396,15.577246938336753,15.138400678156799,12.762588095201782,7.783164965643323,2.6511525352787206,3.307590225637585,3.241633054007144,3.7987241199307618	growth	0.12	908619,,
908620	0.0,1.0,2.0,3.0,4.0,5.0,6.0,7.0,8.0,9.0,10.0,11.0,12.0,13.0,14.0,15.0,16.0,17.0,18.0,19.0	-13.30441881076118,-10.919779592468812,-10.69231508815909,-13.562809503166283,-13.867858035450357,-8.975104050312877,-0.9868112501837913,6.323770706775159,11.183331023027188,10.670847802352839,12.866134660623446,13.458512572692396,12.69864856818711,12.702811441989233,11.441852537191314,14.189281891628545,14.41794417434013,12.911594611476122,11.62402755810712,12.805872493698	growth	0.12	908620,,
908621	0.0,1.0,2.0,3.0,4.0,5.0,6.0,7.0,8.0,9.0,10.0,11.0,12.0,13.0,14.0,15.0,16.0,17.0,18.0,19.0	9.288810829581964,10.922312997126124,10.93156826321308,17.858891759314673,23.392144780157977,26.6415952452937,28.670845606901132,29.90136686878961,29.653337550608093,30.201054150250208,29.206193014266823,21.73700949591207,14.79295543853775,9.172866719142851,10.801282230630882,9.743845993666943,9.891770422083695,10.162034715773883,10.437986675802373,10.77706568398312	growth	0.12	908621,,
908622	0.0,1.0,2.0,3.0,4.0,5.0,6.0,7.0,8.0,9.0,10.0,11.0,12.0,13.0,14.0,15.0,16.0,17.0,18.0,19.0	-17.62453553025092,-16.591433596145325,-15.710779834203555,-15.057274786836382,-16.28083087650955,-7.432082181778057,1.7375222806629722,1.8137146444898704,3.3652416893983634,5.2049541778625255,3.8344781892889515,4.503634804088005,4.775217942204227,-2.5004272525226447,-7.144620280317579,-11.565837205219431,-14.893501030877713,-16.40045290400684,-15.45758192503386,-15.603368237751818	growth	0.12	908622,,
908623	0.0,1.0,2.0,3.0,4.0,5.0,6.0,7.0,8.0,9.0,10.0,11.0,12.0,13.0,14.0,15.0,16.0,17.0,18.0,19.0	-1.0754825595478852,-1.8801708415072078,1.7211916362959276,1.1841126604963037,2.7387761623649,5.210634120160719,4.545005154752607,10.268104166229822,17.455554086431633,18.440227926902992,27.12026756100747,29.753422937572374,30.745494629772647,37.11983344231787,36.94991378397747,38.749034810999376,42.51736448641592,40.53500386922873,44.72710235874661,42.498205014183604	growth	0.12	908623,,
908624	0.0,1.0,2.0,3.0,4.0,5.0,6.0,7.0,8.0,9.0,10.0,11.0,12.0,13.0,14.0,15.0,16.0,17.0,18.0,19.0	6.1748356465407435,7.2060057926576935,13.460645353977561,20.943028325684686,24.87204795352381,28.052935657843463,31.009718673937222,30.484354634267962,29.507108926118477,29.358822371886284,30.361492780406344,29.7946381344495,25.47715808563016,22.05752592018841,15.806837844096684,11.724165566750965,4.686119167255162,6.756118022940177,7.191164603256421,5.560393862717386	growth	0.12	908624,,
908625	0.0,1.0,2.0,3.0,4.0,5.0,6.0,7.0,8.0,9.0,10.0,11.0,12.0,13.0,14.0,15.0,16.0,17.0,18.0,19.0	-8.466472496454845,-4.04115349485214,-6.336813987354063,-7.073002940022553,-7.820334782827858,-2.5492984873597218,2.8399780664905574,11.2056563565083,18.791376501100483,24.382153349926043,24.493632248189474,31.157956259970373,30.907303955376165,32.147428247025644,33.5754557296356,34.51847729784969,30.804019731151563,35.66217585268119,31.122826246942843,34.751275580963906	growth	0.12	908625,,
908626	0.0,1.0,2.0,3.0,4.0,5.0,6.0,7.0,8.0,9.0,10.0,11.0,12.0,13.0,14.0,15.0,16.0,17.0,18.0,19.0	16.4565159007361,16.637492769712775,18.347694983725333,17.78541031000091,19.14514469187661,24.75034814834934,29.006757265325838,34.76810600883872,34.69450898942415,37.898502562894805,35.86001425827021,36.17588753144554,36.95112057832518,39.0318604767653,38.337076348401936,39.030957682198284,32.23802077287687,27.464382942720892,23.301053879193812,19.136842588070497	growth	0.12	908626,,
908627	0.0,1.0,2.0,3.0,4.0,5.0,6.0,7.0,8.0,9.0,10.0,11.0,12.0,13.0,14.0,15.0,16.0,17.0,18.0,19.0	-15.350825653116777,-16.212580702583157,-12.387450628889413,-9.063383290649506,4.167442048602338,12.088427804715483,17.428054850131492,24.034699855936815,24.759215191258694,26.87450650879918,26.07831213703094,26.355664145153956,25.263805939208318,24.983642040556365,17.26433198086119,13.804176313063959,1.7586456985668057,-4.505696149790015,-11.620885908276492,-19.944241612046486	growth	0.12	908627,,
908628	0.0,1.0,2.0,3.0,4.0,5.0,6.0,7.0,8.0,9.0,10.0,11.0,12.0,13.0,14.0,15.0,16.0,17.0,18.0,19.0	4.398873846010564,4.637703573229363,1.0918473963136988,1.752097160008969,3.1970443146868295,9.954754426508567,15.373139022302771,22.325205590249265,27.290968023985013,30.458688448538258,36.457697701884385,40.62393995352079,40.337190747507826,43.12539922829827,41.67202179548046,46.739957766905604,42.79748589030847,45.87001811193332,45.66952257822739,44.657586072983484	growth	0.12	908628,,
908629	0.0,1.0,2.0,3.0,4.0,5.0,6.0,7.0,8.0,9.0,10.0,11.0,12.0,13.0,14.0,15.0,16.0,17.0,18.0,19.0	-8.428307856575818,-6.978335725759427,-8.457245522983058,-6.853117764544012,-8.283633745998026,0.16608290025856842,1.9499485690737366,3.606837910899677,3.5872285025200323,2.1055719450951074,0.9806058698011455,2.50034117888056,2.025672228631877,1.5402104962925804,1.4341334346792625,1.1661822787730802,3.1922173357216677,3.29994898210372,-6.641269177629495,-9.054952648449595	growth	0.12	908629,,
908630	0.0,1.0,2.0,3.0,4.0,5.0,6.0,7.0,8.0,9.0,10.0,11.0,12.0,13.0,14.0,15.0,16.0,17.0,18.0,19.0	38.58051460371778,37.80670539914915,42.0150682272044,42.376244141639525,47.642808046092284,56.60355568620297,66.29892918950347,70.33078934503428,77.49847265969551,81.90527368950612,80.30114370335343,81.56756167950977,82.04068957895558,86.96911072376315,82.16183080800474,86.76857141158862,85.65534679126296,83.91225632173749,87.42634832020208,73.52815434755874	growth	0.12	908630,,
908631	0.0,1.0,2.0,3.0,4.0,5.0,6.0,7.0,8.0,9.0,10.0,11.0,12.0,13.0,14.0,15.0,16.0,17.0,18.0,19.0	14.407523503203688,14.553858561164564,15.336636041350353,21.52675094646666,25.80174091907422,27.97160633616277,32.91627218648498,34.8177268967424,34.48068688937103,35.9148379144469,34.48314798391025,34.045939708983326,34.79829737710516,34.69843269790359,28.148135342041122,23.53600634985942,17.91853616750057,13.87001419000459,16.42579096725892,14.919924630282514	growth	0.12	908631,,
908632	0.0,1.0,2.0,3.0,4.0,5.0,6.0,7.0,8.0,9.0,10.0,11.0,12.0,13.0,14.0,15.0,16.0,17.0,18.0,19.0	31.857527928479225,31.635590117904453,32.49892919348531,31.527233189406296,32.40659756742409,37.52866374805798,41.95252649769818,47.415312393077386,54.0954764647773,57.74865025452125,62.20424795001242,63.708733451957976,65.74801926925741,65.56463127517473,63.37341568994765,67.12990527700764,67.1781136161289,67.57503962966251,67.60662393785375,65.46155117566792	growth	0.12	908632,,
908633	0.0,1.0,2.0,3.0,4.0,5.0,6.0,7.0,8.0,9.0,10.0,11.0,12.0,13.0,14.0,15.0,16.0,17.0,18.0,19.0	-22.92663463244117,-24.79618755798765,-22.737307678196906,-21.17423188039541,-16.84500987925319,-11.479901179076256,-8.187234417265241,-2.9331626077431068,-0.920612385007189,3.533396550217695,4.4173879410471315,5.458331060315292,6.675743720341451,7.375049881812579,4.6769412020614745,5.275985257337343,5.998686035834982,7.885342194315935,6.051682800307972,7.738044531690864	growth	0.12	908633,,
908634	0.0,1.0,2.0,3.0,4.0,5.0,6.0,7.0,8.0,9.0,10.0,11.0,12.0,13.0,14.0,15.0,16.0,17.0,18.0,19.0	-22.109285994357382,-22.611230412754765,-23.987638742557856,-20.592490625336403,-23.63858373472111,-14.568816864771037,-10.798821729058808,-7.942811792119933,-1.5056215905443082,3.153278170312735,8.091488989601707,10.034348458884594,15.85091221181968,15.274611892745078,16.221667558785057,16.678184800813696,20.00153637043976,20.972063491890736,21.011512302049326,23.141013722856393	growth	0.12	908634,,
908635	0.0,1.0,2.0,3.0,4.0,5.0,6.0,7.0,8.0,9.0,10.0,11.0,12.0,13.0,14.0,15.0,16.0,17.0,18.0,19.0	0.2365296630197992,2.8593788588475992,1.870954958761067,3.9394904882621993,6.597418712064468,12.672127590117642,15.685621812252524,18.0245563919877,19.30840899296258,21.42820940408479,21.107682533609527,20.510475634425976,20.03004148382157,20.56841554321337,22.39510521287109,13.580714337842732,5.838326341836711,1.5641619116227883,2.500556785478944,2.245852386454868	growth	0.12	908635,,
908636	0.0,1.0,2.0,3.0,4.0,5.0,6.0,7.0,8.0,9.0,10.0,11.0,12.0,13.0,14.0,15.0,16.0,17.0,18.0,19.0	-5.039789477525621,-5.677354135869956,-5.837332690021059,-1.0926965545681437,-4.841238208962368,-1.654244978349074,10.290365169589244,16.545966943685915,27.04555060021537,33.71337757393218,37.251744102574236,44.735678489774,47.13800046301013,47.77816224484986,43.78831020002632,43.60437524194104,48.846097146643295,43.836106676558344,50.05857905498017,46.92166702103983	growth	0.12	908636,,
908637	0.0,1.0,2.0,3.0,4.0,5.0,6.0,7.0,8.0,9.0,10.0,11.0,12.0,13.0,14.0,15.0,16.0,17.0,18.0,19.0	11.73831376507141,12.391143947268295,10.390454531223416,10.638203866564632,10.355823228722109,12.58297825926616,17.642987090587333,19.70817251905149,26.780330206488628,31.542211342903258,32.81185461649152,35.86959425241155,39.59376329921222,40.04511659711607,40.55733327347245,41.04524964995938,39.19033067059051,39.1050769976688,39.81499511524966,41.07344335370286	growth	0.12	908637,,
908638	0.0,1.0,2.0,3.0,4.0,5.0,6.0,7.0,8.0,9.0,10.0,11.0,12.0,13.0,14.0,15.0,16.0,17.0,18.0,19.0	4.781459426280088,5.913817244771341,5.73931510178492,16.481270085091694,20.0052842655035,19.68086898899501,21.90243252822991,19.94002294780006,20.83538314813421,20.36141011016693,19.71230094582326,21.476705327800325,21.69242043466981,22.074722049847708,20.96823705477457,14.233075094036089,8.389757977222432,5.151031944101785,6.297250436133427,6.644212540299404	growth	0.12	908638,,
908639	0.0,1.0,2.0,3.0,4.0,5.0,6.0,7.0,8.0,9.0,10.0,11.0,12.0,13.0,14.0,15.0,16.0,17.0,18.0,19.0	31.71319208110481,34.06239879809066,33.26937558516596,32.49145390406844,36.54270034954602,42.48751984779374,48.1734497586468,56.439325637368626,60.77372868405095,65.2773942476123,69.1796994646215,70.79329367899999,72.99368064582076,79.2625734511919,78.03751150016353,79.96703928427891,78.64714329142623,76.24731584196269,76.60106611423278,81.44751514809994	growth	0.12	908639,,
908640	0.0,1.0,2.0,3.0,4.0,5.0,6.0,7.0,8.0,9.0,10.0,11.0,12.0,13.0,14.0,15.0,16.0,17.0,18.0,19.0	27.577198928241646,25.86432480750729,28.87363099550081,25.277175380242603,27.962004438582845,27.39255875550027,36.86558861150057,43.947969430153805,55.09750549822279,59.283309842868235,61.736379825001535,67.02860477352189,64.88537634928218,67.09294151928572,64.84510471572358,68.577682251043,68.9862350513291,64.66276538898,65.9711661485034,69.70308891984749	growth	0.12	908640,,
908641	0.0,1.0,2.0,3.0,4.0,5.0,6.0,7.0,8.0,9.0,10.0,11.0,12.0,13.0,14.0,15.0,16.0,17.0,18.0,19.0	39.18255303660971,36.85438923493585,40.11758514292987,39.013780892973465,43.970141902917014,54.046949068963244,59.136768463725346,65.35423919904977,69.61034991675895,71.11891292596121,71.8676999506553,75.47017126162422,74.56566139216187,75.47246957303858,76.65183174535815,77.59120818853756,79.31042581005786,71.22436184511926,66.990266463621,65.05324738106137	growth	0.12	908641,,
908642	0.0,1.0,2.0,3.0,4.0,5.0,6.0,7.0,8.0,9.0,10.0,11.0,12.0,13.0,14.0,15.0,16.0,17.0,18.0,19.0	-3.006276959033516,-2.850902313784158,-4.151885872469371,-3.842320148071914,2.434367811879043,5.447582101334417,4.799616157444277,7.067332680134273,5.0091414844217566,5.5532827359255785,7.377500068297914,-1.9056874992827266,-3.8061650778976954,-3.1988041514140226,-3.2896094159344256,-2.6436467871538083,-3.266859415294169,-2.7560274445046216,-4.781788759606534,-4.794759603828713	growth	0.12	908642,,
908643	0.0,1.0,2.0,3.0,4.0,5.0,6.0,7.0,8.0,9.0,10.0,11.0,12.0,13.0,14.0,15.0,16.0,17.0,18.0,19.0	-11.350376208536543,-10.52401940418942,-11.423661139683636,-9.943200213926556,-2.328305167606609,2.1987260607415635,3.850159816018298,3.284066911473481,3.450763429614259,5.512672738489716,4.305811551649949,-2.762462122604763,-9.979523485367462,-9.010362142730848,-9.05193348691214,-8.976039211524608,-10.3580763296013,-10.555537254776302,-10.72941836554714,-11.104231129789948	growth	0.12	908643,,
908644	0.0,1.0,2.0,3.0,4.0,5.0,6.0,7.0,8.0,9.0,10.0,11.0,12.0,13.0,14.0,15.0,16.0,17.0,18.0,19.0	-29.504401885734048,-26.13867813866969,-21.60952636549258,-16.46400924545506,-11.706658645473286,-7.572446693110329,-3.5971024137733103,-3.1662850660869353,-1.1960596176141074,-1.5166681492514442,0.7092656778262594,1.285752144379142,1.1127986192638346,1.5685471901025423,1.597066519795714,0.06838957673332402,2.4882997803876172,0.2920804725027075,1.7523008009812067,0.2746238530200067	growth	0.12	908644,,
908645	0.0,1.0,2.0,3.0,4.0,5.0,6.0,7.0,8.0,9.0,10.0,11.0,12.0,13.0,14.0,15.0,16.0,17.0,18.0,19.0	-37.616755594014364,-38.03140366084329,-37.60519189978248,-37.00228188139773,-37.47673264540262,-32.44955310005114,-27.971698790637106,-17.78843180724419,-11.555871966242705,-3.891969321058774,4.29481589720438,7.8179983431846765,8.027376101738462,6.58299481052223,9.844871343642346,9.481993286287846,9.623184333275695,10.20590926952827,3.65195873890935,-4.180747094956914	growth	0.12	908645,,
908646	0.0,1.0,2.0,3.0,4.0,5.0,6.0,7.0,8.0,9.0,10.0,11.0,12.0,13.0,14.0,15.0,16.0,17.0,18.0,19.0	43.90630351056003,46.34744920364244,50.3028478240852,52.061946552938004,59.09781478620288,62.66279917592237,66.56106113255058,74.0803793056318,74.19987792767597,80.47880066738229,81.28138775708936,82.83908859097284,88.74046295080453,85.4971349100374,90.34028781799775,92.15807792264594,92.64892632736009,89.87696106094432,89.08020097467039,91.49187285569693	growth	0.12	908646,,
908647	0.0,1.0,2.0,3.0,4.0,5.0,6.0,7.0,8.0,9.0,10.0,11.0,12.0,13.0,14.0,15.0,16.0,17.0,18.0,19.0	2.8161990964929235,1.6991167688609414,2.2347039045808543,10.468160154478694,15.463352832789978,15.232705102615208,16.213707954543985,17.6651801675702,17.664776656700724,7.504009843325146,0.6548167905813543,0.10423333042140737,2.972191035664445,1.5352252870510228,0.6396530299636911,1.1208599910153803,1.9845566602806293,1.254459814048292,2.6607796641928805,1.564819793949681	growth	0.12	908647,,
908648	0.0,1.0,2.0,3.0,4.0,5.0,6.0,7.0,8.0,9.0,10.0,11.0,12.0,13.0,14.0,15.0,16.0,17.0,18.0,19.0	0.7927325876513486,4.072201747450313,5.755125042528862,12.531172911238773,20.762808841256813,28.115341110746776,33.34362782741445,36.32360467099908,35.756088273638404,38.60579788378144,37.00596874996633,38.03315323866017,38.63538894881175,39.6208053043352,36.72328675594998,37.86729861270658,27.25149023428061,17.976821551057586,10.668674118268783,2.9700366880877582	growth	0.12	908648,,
908649	0.0,1.0,2.0,3.0,4.0,5.0,6.0,7.0,8.0,9.0,10.0,11.0,12.0,13.0,14.0,15.0,16.0,17.0,18.0,19.0	14.901157484753687,13.934088730127467,13.926712085332419,13.67118718558367,15.005971864321205,21.471556444830796,27.978588069558985,31.607668354263737,34.777341561369305,37.29134190834674,37.73874322695795,38.44957657623695,40.417031611336895,39.58925398165741,38.318551507630076,40.31786094564696,40.57980397392344,40.13223477676532,40.99649697471337,33.09740886051077	growth	0.12	908649,,
908650	0.0,1.0,2.0,3.0,4.0,5.0,6.0,7.0,8.0,9.0,10.0,11.0,12.0,13.0,14.0,15.0,16.0,17.0,18.0,19.0	6.27473020089829,6.962699428411366,5.784400312354154,6.113727397546263,7.564209720602703,9.60154558413577,14.269868590675056,22.174805237662156,28.504364205245235,31.26452011809775,32.58814777815989,30.95934490068963,32.31032931882392,33.58089673267152,32.817657364925836,26.5123818399161,19.851959952923167,15.78007241770152,7.959469751974408,7.8287694621486	growth	0.12	908650,,
908651	0.0,1.0,2.0,3.0,4.0,5.0,6.0,7.0,8.0,9.0,10.0,11.0,12.0,13.0,14.0,15.0,16.0,17.0,18.0,19.0	-9.724185815945717,-10.023037709714417,-2.2119741553998455,6.1389754255807265,13.070277496721117,19.869507831243016,26.95035598368738,28.223083389019727,30.959654750234993,34.64157488379844,36.28776233376666,34.503215884527776,39.34734478619225,35.40645556132269,38.959392570371406,37.10215103777077,39.27696519196852,40.04929668658595,39.18380041415182,39.09777251975173	growth	0.12	908651,,
908652	0.0,1.0,2.0,3.0,4.0,5.0,6.0,7.0,8.0,9.0,10.0,11.0,12.0,13.0,14.0,15.0,16.0,17.0,18.0,19.0	-7.273812146148759,-8.074857671995376,-5.995303332687915,-4.606262183184606,1.8332998076025069,2.533878269180697,2.7053481819427665,4.594300998423178,2.6848128323847202,2.5819379522589703,2.10388387981474,-6.925366548704636,-7.584366417881762,-5.6919934561930905,-7.25082015685836,-8.01017492802358,-7.09819297940798,-6.3354068081349455,-5.5041999415172285,-5.595670427136004	growth	0.12	908652,,
908653	0.0,1.0,2.0,3.0,4.0,5.0,6.0,7.0,8.0,9.0,10.0,11.0,12.0,13.0,14.0,15.0,16.0,17.0,18.0,19.0	-13.014339211132627,-9.180643174964704,-5.261437856059468,3.515499061346304,8.357099818304883,15.181640405990946,17.194172191072667,17.35625603053801,16.892491261990642,17.064266682384364,17.498554704551083,18.946020771414254,16.844398108111733,18.441423367897567,12.038125739106304,4.237037529875467,-3.195196691325105,-8.837296631668174,-12.283294858672464,-13.51631693250195	growth	0.12	908653,,
908654	0.0,1.0,2.0,3.0,4.0,5.0,6.0,7.0,8.0,9.0,10.0,11.0,12.0,13.0,14.0,15.0,16.0,17.0,18.0,19.0	-27.638511790362287,-26.643418903425804,-22.151061414662035,-23.630282602044293,-17.94518429621819,-9.898708722011381,-1.5613598700590394,6.37407455298343,12.696035161513134,15.178087000134195,16.619127393546933,20.12043168728901,21.384528207501123,20.811535563805762,21.17481955735986,21.248127761279378,24.319485147616746,21.696865603946776,25.546676581956152,22.45515135167779	growth	0.12	908654,,
908655	0.0,1.0,2.0,3.0,4.0,5.0,6.0,7.0,8.0,9.0,10.0,11.0,12.0,13.0,14.0,15.0,16.0,17.0,18.0,19.0	14.760426274185392,17.385549243374076,18.760287253364446,21.673713145086992,27.44760473655716,31.670520716058125,34.34076664409295,35.68843814063058,39.228536962870805,40.96499781642595,39.22657507656868,39.78024377577805,40.39437263792615,41.34819787319441,40.643374478223784,40.056886623476046,42.096578950990036,40.54488384859282,39.77840890793474,42.34449949833255	growth	0.12	908655,,
908656	0.0,1.0,2.0,3.0,4.0,5.0,6.0,7.0,8.0,9.0,10.0,11.0,12.0,13.0,14.0,15.0,16.0,17.0,18.0,19.0	-13.78622891873732,-12.003105156208392,-8.592420458528188,0.24210377251706028,5.963143253490131,12.514915290048183,18.93355531011612,21.452950029629235,22.70070608168575,23.6727080260817,25.285414881490965,25.597932373237832,22.386072964201958,24.027913570244927,23.61967172542147,23.766896216792155,22.54403150002639,22.851372189785543,22.42305667372813,23.775758209441687	growth	0.12	908656,,
908657	0.0,1.0,2.0,3.0,4.0,5.0,6.0,7.0,8.0,9.0,10.0,11.0,12.0,13.0,14.0,15.0,16.0,17.0,18.0,19.0	-4.89752449360015,-7.185736103119889,-7.401257525310481,-6.3697858837607475,0.16419888174608221,4.266398173626115,3.471758094314855,2.349121016420833,4.967899192590732,3.9645411179051218,-6.923340363946346,-6.270960754684081,-6.966121445414528,-6.54273776486055,-4.852885276567488,-7.342967800758215,-5.73560250843996,-7.350025563653983,-5.432995717408536,-5.2730644957453645	growth	0.12	908657,,
908658	0.0,1.0,2.0,3.0,4.0,5.0,6.0,7.0,8.0,9.0,10.0,11.0,12.0,13.0,14.0,15.0,16.0,17.0,18.0,19.0	5.71349025494272,5.654033644916492,3.477510373439065,5.320923411754255,6.825785039569985,11.677909460925765,12.740762361029141,13.589923283026737,15.738894837705768,14.4039267901165,14.414611636032763,15.846103071692143,14.840846042784966,13.518469266068525,7.6858371385740405,4.45335906971742,5.294669790633559,3.873645221851542,6.315125577151196,5.344954389682646	growth	0.12	908658,,
908659	0.0,1.0,2.0,3.0,4.0,5.0,6.0,7.0,8.0,9.0,10.0,11.0,12.0,13.0,14.0,15.0,16.0,17.0,18.0,19.0	-27.20796586429287,-28.32621806633583,-28.403710663746107,-27.49015695611548,-23.393743415813326,-16.5180836513237,-10.27279228012086,-5.67887196998635,-2.5823661636870305,2.11096266117643,5.60058781216825,8.450284624082471,8.499007989227355,10.05165065809608,7.371091141214329,8.080497638115748,10.195783753527799,9.661120497788382,9.362296430624088,9.763492554952048	growth	0.12	908659,,
908660	0.0,1.0,2.0,3.0,4.0,5.0,6.0,7.0,8.0,9.0,10.0,11.0,12.0,13.0,14.0,15.0,16.0,17.0,18.0,19.0	-13.59826454965022,-13.808585690136104,-9.52976004066742,-8.69348365441008,-7.718744110860591,-0.5210426916955857,6.793946886808177,17.418547334273093,23.542433532931234,24.298580689493853,27.85325481649882,28.69091211934676,34.5281549922233,33.52137454289545,34.045174978125615,34.652835173261565,35.9447966914622,30.592661020993646,35.234467293410546,34.49337456536867	growth	0.12	908660,,
908661	0.0,1.0,2.0,3.0,4.0,5.0,6.0,7.0,8.0,9.0,10.0,11.0,12.0,13.0,14.0,15.0,16.0,17.0,18.0,19.0	-26.29936192524935,-25.514259789088438,-25.811579189000973,-25.241700737266218,-26.874280284125827,-18.771047766334103,-12.039708441905066,-2.052704588987897,4.857766311390989,13.021923555044534,14.009619888081556,18.998349196259852,18.29816252683221,19.685894440072058,23.433660877386636,21.865363891828572,19.576654186989757,24.584727441345535,24.446197380820628,21.52281834132458	growth	0.12	908661,,
908662	0.0,1.0,2.0,3.0,4.0,5.0,6.0,7.0,8.0,9.0,10.0,11.0,12.0,13.0,14.0,15.0,16.0,17.0,18.0,19.0	33.392591150139786,32.84386715414562,33.56791236937973,35.4503754418947,36.63482171714124,45.912589999757536,53.353261375180324,64.7425949840673,69.82065038860546,73.40974105217926,73.85878204136685,71.7084266740281,76.52410139987853,77.09275624337008,76.41700765444818,74.76097307176519,76.8800726391605,73.12475837615594,74.5385390426051,75.21904784738321	growth	0.12	908662,,
908663	0.0,1.0,2.0,3.0,4.0,5.0,6.0,7.0,8.0,9.0,10.0,11.0,12.0,13.0,14.0,15.0,16.0,17.0,18.0,19.0	-30.0390098255658,-29.448704486790483,-27.698350930167717,-25.94721389896293,-19.13674831034298,-14.139645677308405,-8.527066390729367,-5.259727789577241,0.7407141585369885,1.35791495789627,3.5485635839110046,7.3852864675080525,9.254660208030167,9.508185695917625,13.521950769638813,14.71699809444484,11.959835838308713,16.186721398728267,12.782416262331303,13.970792137967543	growth	0.12	908663,,
908664	0.0,1.0,2.0,3.0,4.0,5.0,6.0,7.0,8.0,9.0,10.0,11.0,12.0,13.0,14.0,15.0,16.0,17.0,18.0,19.0	-6.077826202083081,-6.9743451301443935,-8.264488855365293,-4.533749939325304,-0.6330177480745087,7.175349830981826,15.15259853407004,17.4104581886053,24.41374475168297,23.123497577572696,27.978128503400338,24.973885928796825,25.637742119509454,29.078467231388704,29.840225906640107,27.799395651273834,18.654081653950673,9.209055473485105,3.0923278103989196,-8.880970254231299	growth	0.12	908664,,
908665	0.0,1.0,2.0,3.0,4.0,5.0,6.0,7.0,8.0,9.0,10.0,11.0,12.0,13.0,14.0,15.0,16.0,17.0,18.0,19.0	30.58275912963373,28.69159553890955,29.41455659461741,29.792978553218134,29.03597099431898,32.877687044371946,35.00317540806287,40.61764953047353,44.21714315415823,49.893975864619165,54.86494205593138,57.2231764450932,59.50487172148752,61.213412655517175,60.61005238718835,63.10137542748464,64.60645589538055,61.97997271964235,63.91594260972077,64.73299209334591	growth	0.12	908665,,
908666	0.0,1.0,2.0,3.0,4.0,5.0,6.0,7.0,8.0,9.0,10.0,11.0,12.0,13.0,14.0,15.0,16.0,17.0,18.0,19.0	-34.978450561986655,-29.895638615663888,-27.187793733052516,-17.759045558409547,-8.695006411740856,-7.115914268077411,-1.743168282071892,-1.7978128384952612,-1.3627047562270889,-0.5546921619399328,0.8214854923964268,3.1332752671300774,3.170573687703179,2.6058127766346075,-5.764354529983883,-11.665025177276021,-15.999470576401315,-23.797607018816365,-27.911366880279346,-33.057831870862884	growth	0.12	908666,,
908667	0.0,1.0,2.0,3.0,4.0,5.0,6.0,7.0,8.0,9.0,10.0,11.0,12.0,13.0,14.0,15.0,16.0,17.0,18.0,19.0	-14.266952774425707,-14.45353796539738,-8.276882556993662,-4.123926577942143,-1.5445023748854325,4.217013447338907,6.557018759600426,8.350068950779338,7.565255874791195,9.530321780175138,9.433613180445047,10.187605747392531,9.197784849874749,9.993853200323139,4.49149303831587,-0.824181673521263,-7.638717834459879,-14.222997865812678,-15.203122754149915,-15.605255993329386	growth	0.12	908667,,
908668	0.0,1.0,2.0,3.0,4.0,5.0,6.0,7.0,8.0,9.0,10.0,11.0,12.0,13.0,14.0,15.0,16.0,17.0,18.0,19.0	12.456037724816643,12.914512009659804,10.295998787346905,15.612119370007349,18.021214453228165,28.62760947060316,37.677418912178105,46.76076974852846,48.040860713507556,54.63930067288034,55.25677152589752,53.741488322517974,53.74692968691319,54.91635471856231,53.73882437117459,57.82329406207582,55.187173153701096,57.5319371643166,54.186483677242904,56.49152868894835	growth	0.12	908668,,
908669	0.0,1.0,2.0,3.0,4.0,5.0,6.0,7.0,8.0,9.0,10.0,11.0,12.0,13.0,14.0,15.0,16.0,17.0,18.0,19.0	-16.65315033358935,-13.095408020449417,-13.67558698761142,-5.904308276318725,0.24094364890012443,10.058534001910674,14.265670124804938,18.34986093421387,24.097360377536766,27.333991289920405,25.234836275479978,30.62593098050793,27.291346188567243,29.157869907659524,30.83430767969373,29.94857952501904,27.770154850234352,29.8943387983116,32.29814300248651,23.259021592635158	growth	0.12	908669,,
908670	0.0,1.0,2.0,3.0,4.0,5.0,6.0,7.0,8.0,9.0,10.0,11.0,12.0,13.0,14.0,15.0,16.0,17.0,18.0,19.0	10.31711446309731,8.868997106615737,8.361851035613647,13.679494341750072,16.468675434374106,22.047330450460528,28.205956182595088,31.13329818379499,35.83844199039641,39.0488003963399,43.53277101124519,42.44179676622976,42.13949012236936,42.50841948395316,42.8081115003485,43.593745576220975,45.47455895858289,43.725360609559026,43.713272239558826,43.763084098621874	growth	0.12	908670,,
908671	0.0,1.0,2.0,3.0,4.0,5.0,6.0,7.0,8.0,9.0,10.0,11.0,12.0,13.0,14.0,15.0,16.0,17.0,18.0,19.0	-8.044694377759226,-6.92822525986176,-8.68294427038718,-9.682651162303419,-9.133171577289449,-6.4846807884557,1.3072402554803375,10.657886689702785,12.705527916425606,14.965803016126998,15.803252315022757,16.254358995246136,18.103114185664502,15.109398941250761,12.364114664470101,5.912887826283521,0.6910216806814571,-4.441069815316368,-8.24444717418261,-7.132614361360805	growth	0.12	908671,,
908672	0.0,1.0,2.0,3.0,4.0,5.0,6.0,7.0,8.0,9.0,10.0,11.0,12.0,13.0,14.0,15.0,16.0,17.0,18.0,19.0	-27.80589954149405,-28.492845745422674,-27.661587273530856,-27.402050967280832,-28.59830080204519,-24.79536795059403,-21.307342616875513,-16.678193055601696,-10.063003582924093,-7.664762206796841,-3.164961616452082,-0.651108876082521,1.8802993456025945,0.34227587826010364,-0.25336987710632997,1.4931935919722648,3.6470086519913814,2.297412715038913,0.08025958464396865,2.8930630228399927	growth	0.12	908672,,
908673	0.0,1.0,2.0,3.0,4.0,5.0,6.0,7.0,8.0,9.0,10.0,11.0,12.0,13.0,14.0,15.0,16.0,17.0,18.0,19.0	1.0863106477962021,1.4942164697963802,1.4179736317481653,0.5509168520676404,1.5068225818487981,1.626625623885633,9.31732660061747,16.35347050270234,18.92971516159548,20.14463178679645,19.994073349281624,20.873932467014768,19.933090267217302,19.496661414409715,20.499587142535017,19.271361025525138,19.73836165246515,21.098911942112238,19.82790379491284,13.651871200063416	growth	0.12	908673,,
908674	0.0,1.0,2.0,3.0,4.0,5.0,6.0,7.0,8.0,9.0,10.0,11.0,12.0,13.0,14.0,15.0,16.0,17.0,18.0,19.0	29.35845359357252,27.63859720770898,33.657652205546285,38.198157202128954,40.01178151417156,43.63193368609012,49.059830480236016,54.31468476728079,61.54025146236843,60.515557304055136,65.16484268943269,65.29995315468713,69.92132322068844,72.5500346990548,74.18749736599736,75.0366375053804,75.27145328092665,76.56208078196457,73.96655422426497,75.35937954811202	growth	0.12	908674,,
908675	0.0,1.0,2.0,3.0,4.0,5.0,6.0,7.0,8.0,9.0,10.0,11.0,12.0,13.0,14.0,15.0,16.0,17.0,18.0,19.0	-7.191375710147127,-7.978543506764719,-5.326969091618269,-5.438803215282173,-5.1474264478790905,-4.684492477433214,1.9546013985183714,12.270037164264915,15.610616642049472,18.97171523343671,20.120242284861796,23.007716606932583,23.214646886753094,24.58296793313741,12.86043492460477,3.373120832637719,-3.428074131546759,-8.950074415136822,-6.58323009541259,-6.970679289484045	growth	0.12	908675,,
908676	0.0,1.0,2.0,3.0,4.0,5.0,6.0,7.0,8.0,9.0,10.0,11.0,12.0,13.0,14.0,15.0,16.0,17.0,18.0,19.0	-24.761704034930915,-25.793062918377032,-23.411814743365635,-24.72172809804568,-16.36721323658569,-9.692006450766645,-0.12903641231719476,7.475002672462626,12.676042686100118,16.048968302893815,17.33291426052461,15.78524532594179,20.97472454039344,17.687752657139956,20.521142797733336,16.40143989529287,16.91300728224303,16.797515181811725,17.543860843679973,18.415216564624423	growth	0.12	908676,,
908677	0.0,1.0,2.0,3.0,4.0,5.0,6.0,7.0,8.0,9.0,10.0,11.0,12.0,13.0,14.0,15.0,16.0,17.0,18.0,19.0	-15.14670818062362,-12.760786798675827,-9.58602578218251,-5.398864306112413,0.6178352806624741,2.728987104884858,7.254272148472172,13.295825321993403,17.357884026083514,17.088553870837423,21.43395656489983,21.042064604101203,21.49925589975784,22.531050320151884,21.02256086734995,24.610688658727582,22.893587587623113,23.66288037460216,23.914996234485578,23.898922492856414	growth	0.12	908677,,
908678	0.0,1.0,2.0,3.0,4.0,5.0,6.0,7.0,8.0,9.0,10.0,11.0,12.0,13.0,14.0,15.0,16.0,17.0,18.0,19.0	0.37979138394207557,0.8129339502778119,1.1799112420327331,1.5813486336857698,8.502149743386994,13.559095201998634,15.325902940097846,15.025440561450385,15.683969796626162,17.574822707159388,16.41749621493834,16.657180671232293,16.755732330536183,15.216122741261591,16.356931371461876,17.425716863207104,16.569792628329946,6.04629334529754,0.6039907556651621,2.217691818218165	growth	0.12	908678,,
908679	0.0,1.0,2.0,3.0,4.0,5.0,6.0,7.0,8.0,9.0,10.0,11.0,12.0,13.0,14.0,15.0,16.0,17.0,18.0,19.0	14.094137249566382,13.371140821927217,14.98545505771863,14.774133693688235,12.604974223820196,16.48225386750056,23.07196945509608,29.048216400639767,33.644829480801995,32.134353817757095,33.01806156951569,33.39593267016013,34.11464226937579,34.00361379183791,32.359608781105436,34.56578619682539,34.23758185788405,35.076318264449114,26.82311002270732,21.147082595841695	growth	0.12	908679,,
908680	0.0,1.0,2.0,3.0,4.0,5.0,6.0,7.0,8.0,9.0,10.0,11.0,12.0,13.0,14.0,15.0,16.0,17.0,18.0,19.0	13.281703317089692,12.261683374437737,14.247631454070467,13.685766754205826,17.461422757170087,23.295914301078746,30.872891797245735,33.7366825428998,42.17629279808005,42.39713514549187,48.53952600576981,52.64390684356058,55.73353679774225,57.73865055704482,57.400037081875666,60.55587208015838,58.523776416764164,57.171585846146755,59.86475755764233,59.77812566136453	growth	0.12	908680,,
908681	0.0,1.0,2.0,3.0,4.0,5.0,6.0,7.0,8.0,9.0,10.0,11.0,12.0,13.0,14.0,15.0,16.0,17.0,18.0,19.0	39.44898768577508,39.01376820628823,39.64405256361697,46.155327767414306,48.8495957159388,52.006848127596754,60.22454871006005,62.84422354163987,69.17523714132267,70.90326804441688,73.24712725807969,74.42165497610871,75.2033248534116,77.53171795443973,77.70664980806254,82.850329487647,81.74931631814233,80.03250101778164,84.34021427910973,80.58644910011247	growth	0.12	908681,,
908682	0.0,1.0,2.0,3.0,4.0,5.0,6.0,7.0,8.0,9.0,10.0,11.0,12.0,13.0,14.0,15.0,16.0,17.0,18.0,19.0	-5.60954687535417,-4.527670853438124,-2.896081772747886,-4.988156287635137,-6.297452220869092,0.38182037776632205,4.632040272599788,7.003346132297383,13.954088180865845,23.96991486697754,26.360693677879727,29.950198887839214,32.07046045642379,32.20384924059697,35.46637274577873,37.05740762094043,37.053901282369594,33.89832690724425,36.375863837178656,33.48652502811297	growth	0.12	908682,,
908683	0.0,1.0,2.0,3.0,4.0,5.0,6.0,7.0,8.0,9.0,10.0,11.0,12.0,13.0,14.0,15.0,16.0,17.0,18.0,19.0	-14.369673281993167,-12.152486665881247,-6.868241819730464,-1.0589070135773344,4.264519376017056,9.459333206535675,12.761720737890826,13.635272966713831,14.809585196559809,15.210762422709413,15.244227136714168,14.750884693278028,16.88862244351232,16.32426267389484,15.918468133112468,15.30901640876495,15.15452764010361,17.287685093679308,7.4375160357010905,-3.065510784880985	growth	0.12	908683,,
908684	0.0,1.0,2.0,3.0,4.0,5.0,6.0,7.0,8.0,9.0,10.0,11.0,12.0,13.0,14.0,15.0,16.0,17.0,18.0,19.0	28.034833353024872,25.75613967657145,29.543566066484182,39.32181417076233,47.42598364873882,56.85403837162652,60.6101633000488,63.94006611362083,65.92621877336853,66.6745572696401,67.54730806702024,69.16618993043407,67.99129994494123,67.65070160049959,69.15823932654826,68.62705423005391,66.68401415366921,67.69649617857604,59.230463144569626,49.85388713592377	growth	0.12	908684,,
908685	0.0,1.0,2.0,3.0,4.0,5.0,6.0,7.0,8.0,9.0,10.0,11.0,12.0,13.0,14.0,15.0,16.0,17.0,18.0,19.0	-15.948634274674497,-12.003947994860185,-9.585807635968788,-4.343004921296355,2.329037545309946,4.880263193979761,6.90877590451713,9.471386918410548,10.679029428461352,8.996310596372737,8.909644654131801,9.310547725301868,10.850342706589917,9.736340489367734,9.189032567900112,10.028166082478089,10.925551360848692,2.8090123724460874,-3.4895011051736073,-11.971154800803978	growth	0.12	908685,,
908686	0.0,1.0,2.0,3.0,4.0,5.0,6.0,7.0,8.0,9.0,10.0,11.0,12.0,13.0,14.0,15.0,16.0,17.0,18.0,19.0	31.840132742774035,30.47101852873621,26.86051463962763,27.953781584043362,30.529545309678085,32.01099677828138,39.08457902967651,39.261784965472174,48.90846065731812,55.09664519383507,60.84463323764085,64.4210408704676,66.70333249654936,69.88813123567454,75.0223830544954,71.34574444312986,73.1253229176557,76.26751507331758,77.15080861739185,76.01584076622316	growth	0.12	908686,,
908687	0.0,1.0,2.0,3.0,4.0,5.0,6.0,7.0,8.0,9.0,10.0,11.0,12.0,13.0,14.0,15.0,16.0,17.0,18.0,19.0	-11.514793618834736,-11.469910560749154,-10.869888803033547,-8.200017494833848,-2.704653453561221,4.227841062978051,11.556072881209698,14.96816323491516,15.999112372312577,19.135466523863414,19.028609807029664,20.15900542901301,17.715680693643286,19.165701604289616,18.580370390532437,20.16257283523744,20.904952573132256,18.188199189247598,18.29057000061575,13.047454398006469	growth	0.12	908687,,
908688	0.0,1.0,2.0,3.0,4.0,5.0,6.0,7.0,8.0,9.0,10.0,11.0,12.0,13.0,14.0,15.0,16.0,17.0,18.0,19.0	3.3808934656010483,-0.3118055475837554,2.3502478897811905,0.6047635013795103,5.077463149654736,11.347475390145409,18.89615362541307,28.507119207007175,34.35439286175549,38.412038111685725,37.72861698726933,40.86668424495989,41.41059682866335,39.348017374658994,41.09448290234859,42.77510274754605,40.4138009981144,30.162524294742575,24.002090494349602,13.985407535035685	growth	0.12	908688,,
908689	0.0,1.0,2.0,3.0,4.0,5.0,6.0,7.0,8.0,9.0,10.0,11.0,12.0,13.0,14.0,15.0,16.0,17.0,18.0,19.0	30.85543771828691,30.866693198025985,33.30438487222035,37.136870431609836,42.44596430541983,51.165786157725705,55.64692733469994,59.75484395674319,61.15567500404211,60.411015999679634,63.11090415747614,62.88459086820342,64.00112111307652,62.69865708187045,63.46418534260101,65.92286612483929,65.99851510126814,63.51976174866245,64.35244690687809,65.34501075724481	growth	0.12	908689,,
908690	0.0,1.0,2.0,3.0,4.0,5.0,6.0,7.0,8.0,9.0,10.0,11.0,12.0,13.0,14.0,15.0,16.0,17.0,18.0,19.0	6.461467478670314,5.34054591249652,6.446238193043448,7.152198610518505,6.785794473177221,7.98739249957656,14.154534366222421,16.16305766625822,17.498757203254335,15.85822625076889,16.103734409022668,6.230218321561537,7.983855432535519,7.187263377899805,6.338887591479667,7.768932402266418,6.745633454271705,6.685792514160989,5.190009378931756,6.5729752006474556	growth	0.12	908690,,
908691	0.0,1.0,2.0,3.0,4.0,5.0,6.0,7.0,8.0,9.0,10.0,11.0,12.0,13.0,14.0,15.0,16.0,17.0,18.0,19.0	-32.74402546479459,-33.369189377349095,-33.30373400328793,-32.287286969521915,-29.023033756574492,-25.62706770413147,-16.87106083811105,-12.748167337966581,-9.93332535021137,-6.073041932382754,0.4181641684560695,-0.5452339942365114,5.7262201568683935,5.684761495404281,8.797704322635475,7.888431601994569,8.98666143839668,9.29436661589392,9.320567620333911,10.885706628623865	growth	0.12	908691,,
908692	0.0,1.0,2.0,3.0,4.0,5.0,6.0,7.0,8.0,9.0,10.0,11.0,12.0,13.0,14.0,15.0,16.0,17.0,18.0,19.0	6.390696186133054,6.899095324280447,7.437195173908939,4.837929511045963,5.928124151419892,12.794611896516994,18.818148461015376,20.52025799293201,19.82403142392982,21.100615504490946,20.212421565037012,21.171791357474202,21.846496549483327,20.699931918216492,21.026423393351074,21.71872625112414,20.235223262910782,20.865748654382593,20.795177314337035,21.140481476062384	growth	0.12	908692,,
908693	0.0,1.0,2.0,3.0,4.0,5.0,6.0,7.0,8.0,9.0,10.0,11.0,12.0,13.0,14.0,15.0,16.0,17.0,18.0,19.0	-38.97517687134499,-40.19714168474501,-42.34068544210468,-39.975818200966216,-38.99568182410088,-29.009089363943765,-21.3974965968938,-11.808022616597103,-5.287337766294584,-0.591767624005243,1.786555908156032,-0.3785367906166499,3.934917083004919,1.0503509455143245,5.183200185283162,3.6163763191360303,-1.573491532549923,-6.426417207122881,-11.041731576038458,-13.964708707096804	growth	0.12	908693,,
908694	0.0,1.0,2.0,3.0,4.0,5.0,6.0,7.0,8.0,9.0,10.0,11.0,12.0,13.0,14.0,15.0,16.0,17.0,18.0,19.0	3.6587385850941327,4.276859648838126,4.283146428437475,5.993318084740532,5.288497877741033,12.50513649813514,21.775765809061404,25.512501506457294,31.08371423671869,38.13652154413749,43.85699335688758,42.249324949935115,44.947269568320664,46.768683506414106,48.9710242707944,47.52730372327628,46.820299358887034,47.8758308122665,47.47259400191976,48.92663846688667	growth	0.12	908694,,
908695	0.0,1.0,2.0,3.0,4.0,5.0,6.0,7.0,8.0,9.0,10.0,11.0,12.0,13.0,14.0,15.0,16.0,17.0,18.0,19.0	-6.7443895978471184,-4.597683261527757,-3.2344763747323935,1.3797925052250282,5.756265918350315,12.499615712508133,15.695380567616228,18.41758236378955,18.753356470070937,18.925770971893602,20.666537050525815,20.004146207451534,19.431441631522702,20.363591451260156,18.239268215699465,20.318071624222547,18.86618504878018,8.299351993533666,-0.7604110034228935,-6.284029316454064	growth	0.12	908695,,
908696	0.0,1.0,2.0,3.0,4.0,5.0,6.0,7.0,8.0,9.0,10.0,11.0,12.0,13.0,14.0,15.0,16.0,17.0,18.0,19.0	40.33566490658801,40.18233262168124,36.574292048121215,36.802723127582155,39.14207878121023,49.63876355849202,54.582479495160314,63.61576015763702,71.86700596225191,76.38639757611855,76.99331162445412,80.22610050612896,82.25881856050131,84.95687300910839,80.85492028814394,82.03290078050046,85.0258486372515,85.5940687476899,77.2152821296732,69.27221351964195	growth	0.12	908696,,
908697	0.0,1.0,2.0,3.0,4.0,5.0,6.0,7.0,8.0,9.0,10.0,11.0,12.0,13.0,14.0,15.0,16.0,17.0,18.0,19.0	-8.013051844341163,-5.93212353323429,1.5954709256267448,1.813275352304431,2.11209516517113,3.412815352043748,4.0408263842502095,4.747882523373337,4.78679640103359,1.97441353403452,-6.524518788991571,-7.123877594983057,-6.801879035093162,-7.462489027068521,-7.683193989734018,-7.843428876750626,-8.037717536819862,-5.850060081788818,-5.625871541877082,-6.904376972793324	growth	0.12	908697,,
908698	0.0,1.0,2.0,3.0,4.0,5.0,6.0,7.0,8.0,9.0,10.0,11.0,12.0,13.0,14.0,15.0,16.0,17.0,18.0,19.0	-1.7346843026887,0.0809935206475938,0.8749513568326348,-1.7927667389442148,0.19313907738788338,5.69877106395835,6.585415691083416,8.981587311268799,8.798373691438709,10.788290400569498,10.96104263092862,0.29954664075123283,-0.32382062517476884,-0.6748744758421099,0.6265503843033993,-1.206844139687249,0.3946187380241448,0.669832174280788,-1.3671929818399837,-0.4127134470681786	growth	0.12	908698,,
908699	0.0,1.0,2.0,3.0,4.0,5.0,6.0,7.0,8.0,9.0,10.0,11.0,12.0,13.0,14.0,15.0,16.0,17.0,18.0,19.0	-14.21191061133948,-12.939506301723128,-14.432385946036133,-7.000568190232511,-1.7454825724796077,-0.011935005318330028,1.859299764801067,1.4415265200844924,0.016655096637427036,-0.31931564580363236,-0.11467341456396518,1.323167310910442,0.8794163039714498,1.1861119991190332,0.8985216659203665,2.464483605428491,-7.177639753675075,-12.769973905129566,-13.952799018497576,-13.00212918860246	growth	0.12	908699,,
908700	0.0,1.0,2.0,3.0,4.0,5.0,6.0,7.0,8.0,9.0,10.0,11.0,12.0,13.0,14.0,15.0,16.0,17.0,18.0,19.0	-2.251677070535594,-2.264636716637738,-2.868929527412718,-3.073142792375511,2.9345360652729817,5.855549307750789,6.560747357475398,7.915783640406753,5.743782099598139,6.592211549118168,0.28290713131035083,-4.992082304500689,-2.6753575346535086,-3.5095393395907806,-3.913125861088647,-3.465124356297247,-3.6834873167350173,-4.200564086083691,-3.0202810715280077,-2.7653835740883825	growth	0.12	908700,,
908701	0.0,1.0,2.0,3.0,4.0,5.0,6.0,7.0,8.0,9.0,10.0,11.0,12.0,13.0,14.0,15.0,16.0,17.0,18.0,19.0	-30.29275118078682,-33.45520627899476,-30.66278461133517,-21.336056241470672,-17.340588656686055,-9.509482241995862,-2.5664158872538962,2.784886526809977,4.966460107475243,7.164748733881289,11.868633705722228,10.956591621423442,9.82470536463704,14.552171783026246,13.83150763694994,12.188071713482515,11.36815267370718,15.18181346751895,12.801388524830188,11.522338227690739	growth	0.12	908701,,
908702	0.0,1.0,2.0,3.0,4.0,5.0,6.0,7.0,8.0,9.0,10.0,11.0,12.0,13.0,14.0,15.0,16.0,17.0,18.0,19.0	9.946859408660698,11.073855668450824,10.164908342528575,17.8216904462435,21.461748639178033,24.0759142588229,26.381402464206204,26.507114527058448,24.142894816238062,24.51365779198433,26.24145078455556,23.930231968859896,26.03362739310616,25.834414618634764,25.994661374252587,25.231571299631774,15.735442585002666,10.237915457176337,10.123451782789497,10.713290143291688	growth	0.12	908702,,
908703	0.0,1.0,2.0,3.0,4.0,5.0,6.0,7.0,8.0,9.0,10.0,11.0,12.0,13.0,14.0,15.0,16.0,17.0,18.0,19.0	17.221384101012532,18.38880353235367,17.452274542445522,20.069900728348916,26.48899175809776,34.66031178666664,42.710537331844094,46.072118290640404,47.72506111951499,46.63019153432005,49.552602043876945,47.94401763254544,48.89223369855982,49.83147289499858,48.464969088761634,47.08824738211419,47.149271956098225,47.32799666137581,48.96924811684305,49.23515983048445	growth	0.12	908703,,
908704	0.0,1.0,2.0,3.0,4.0,5.0,6.0,7.0,8.0,9.0,10.0,11.0,12.0,13.0,14.0,15.0,16.0,17.0,18.0,19.0	-9.305052557398017,-10.401398524431604,-6.890131489948837,-4.28365835165057,4.891893903052436,10.572368372987054,13.197707141151117,12.235236770613483,14.637756486912853,13.715593879700094,15.747003300648805,16.464498813926895,15.869677828039164,14.06090745703418,5.7775729449387505,-2.435080107250446,-9.781026442092333,-9.663744715357774,-9.059516080332987,-10.965550180170762	growth	0.12	908704,,
908705	0.0,1.0,2.0,3.0,4.0,5.0,6.0,7.0,8.0,9.0,10.0,11.0,12.0,13.0,14.0,15.0,16.0,17.0,18.0,19.0	-1.3178196422388588,-0.01692532133923197,0.5193795472199865,0.7927546691762162,-0.5921556850299311,-0.8471169123000017,5.4125657887284415,10.038139357908424,10.967150155085037,8.460498070552958,9.529726135581083,9.452189074046936,8.783871762593142,10.212852687353005,8.812436686778245,10.216352408195839,-0.23467301812219787,0.9825587168246228,-1.0013801264792237,-1.2808094472472094	growth	0.12	908705,,
908706	0.0,1.0,2.0,3.0,4.0,5.0,6.0,7.0,8.0,9.0,10.0,11.0,12.0,13.0,14.0,15.0,16.0,17.0,18.0,19.0	-21.80115306620417,-22.219045443480784,-19.95923009658278,-17.372743510839076,-13.190457190068855,-10.544064321770515,-3.3660082899034425,0.8762706902399131,3.058917785696959,7.131531771114158,11.149579417580547,12.236046487291606,13.1604926087123,13.66837964190757,17.99279013582425,17.623810639216686,17.358264284324875,17.262718514183245,18.197097367705332,20.07526669446223	growth	0.12	908706,,
908707	0.0,1.0,2.0,3.0,4.0,5.0,6.0,7.0,8.0,9.0,10.0,11.0,12.0,13.0,14.0,15.0,16.0,17.0,18.0,19.0	18.4027177940594,17.83696226902947,20.08177708421548,26.813776677078593,35.192933125969546,40.34877166993883,42.33805183163015,41.819958407829205,44.29868713438564,42.863192093654945,43.76387430195918,45.418254206418666,44.288470685941576,44.85000101281854,44.22272299432646,44.671598356425285,44.99308539515188,37.20302223557601,27.729909930487032,19.86826725680531	growth	0.12	908707,,
908708	0.0,1.0,2.0,3.0,4.0,5.0,6.0,7.0,8.0,9.0,10.0,11.0,12.0,13.0,14.0,15.0,16.0,17.0,18.0,19.0	-12.025552152344293,-13.496981698275674,-9.675637377703188,-4.379270500023435,0.9709137726563366,1.3486488333527138,1.4734566704159775,3.6971799578731357,2.0093784249668065,2.915927261661121,2.747854471661407,1.9945356373789185,3.886007843897586,3.2026989972870474,-3.399079805836376,-10.596588521581173,-10.939935132900155,-12.771624598798294,-11.014938415083119,-12.79638423785169	growth	0.12	908708,,
908709	0.0,1.0,2.0,3.0,4.0,5.0,6.0,7.0,8.0,9.0,10.0,11.0,12.0,13.0,14.0,15.0,16.0,17.0,18.0,19.0	13.79543642682995,16.92858656323187,20.989652906981366,23.45528291586034,28.72001025504064,31.347055602044286,33.38915529254902,32.19376653302503,34.436547318690074,35.55986284683861,33.03072099652985,34.24328070817825,34.16919255026523,33.07135896582847,34.85838405042952,35.1238709211398,34.120596280655136,35.2066576373393,35.65958607865483,29.161252743058007	growth	0.12	908709,,
908710	0.0,1.0,2.0,3.0,4.0,5.0,6.0,7.0,8.0,9.0,10.0,11.0,12.0,13.0,14.0,15.0,16.0,17.0,18.0,19.0	25.74750707618108,24.92031194750144,28.065396841999267,27.2973724982765,28.03510628413006,26.972688047627443,36.86830757681638,44.740940162776496,52.660338470737756,55.48830899266498,57.60961412476548,60.691015722410825,63.10753373050601,61.41189051288321,60.62364837680762,59.55926137291462,55.99379215581208,48.572589093860884,42.83089996509502,38.868798798702215	growth	0.12	908710,,
908711	0.0,1.0,2.0,3.0,4.0,5.0,6.0,7.0,8.0,9.0,10.0,11.0,12.0,13.0,14.0,15.0,16.0,17.0,18.0,19.0	-27.502487458654294,-25.60111463736571,-18.512156614671568,-14.414737098664192,-10.528451048499216,-5.967667370741044,-1.5033155245787704,4.479067015465699,7.4613754297117545,9.032865694261805,10.382618789078322,13.911869210490192,14.62585517162573,16.20693834545996,16.32189264619272,16.424241529452054,16.382532729735345,18.082203716179304,18.32900232304544,20.336940259577705	growth	0.12	908711,,
908712	0.0,1.0,2.0,3.0,4.0,5.0,6.0,7.0,8.0,9.0,10.0,11.0,12.0,13.0,14.0,15.0,16.0,17.0,18.0,19.0	8.597469798407715,9.056340880460105,7.623429333889275,9.451354775269687,15.646010227380287,17.158301929115495,16.337310217641075,18.34985812072646,16.87212856507329,18.90835838067999,17.183493276962125,18.258026304462874,17.109724174221487,16.227193518064094,18.48176093241338,18.95406793437098,18.747509790215247,8.102926265490948,8.057322049620753,8.443913203966966	growth	0.12	908712,,
908713	0.0,1.0,2.0,3.0,4.0,5.0,6.0,7.0,8.0,9.0,10.0,11.0,12.0,13.0,14.0,15.0,16.0,17.0,18.0,19.0	5.6481076931244045,5.485655661885549,7.5126764028141695,11.655917248199337,16.453080448685668,22.66412771926195,27.065336871983405,27.209408015115194,27.83489435836247,29.21507963551339,30.005662434497687,31.511537056766883,29.082513838820944,31.58318203794944,29.233052081777277,30.027123500745788,30.154723190957206,31.34350703810668,30.40021511405645,23.601162159467044	growth	0.12	908713,,
908714	0.0,1.0,2.0,3.0,4.0,5.0,6.0,7.0,8.0,9.0,10.0,11.0,12.0,13.0,14.0,15.0,16.0,17.0,18.0,19.0	13.123936028768195,11.342351302853569,13.527149994846052,14.753213219177077,19.44209310459649,23.359502870610974,27.317751893312458,25.66466435176865,27.6448640450387,28.345961872557368,26.687024285814445,26.64263834031258,28.05947833977571,26.258767171791163,28.327474773121796,28.552451379351552,26.182998311863706,26.278610456470545,27.99514939519424,17.70245675938116	growth	0.12	908714,,
908715	0.0,1.0,2.0,3.0,4.0,5.0,6.0,7.0,8.0,9.0,10.0,11.0,12.0,13.0,14.0,15.0,16.0,17.0,18.0,19.0	14.496500385008751,14.16332810164097,15.031572369362442,25.74101184299839,29.941221776318358,29.079555525982826,29.155576988360096,28.63509005443563,29.9937386854502,30.803480596374165,31.05418054172795,23.051107453500563,16.870822269750256,14.993256906217722,15.829826507646759,15.004234536198886,14.745096181576267,14.092956633313028,15.528893020972225,15.081588352250138	growth	0.12	908715,,
908716	0.0,1.0,2.0,3.0,4.0,5.0,6.0,7.0,8.0,9.0,10.0,11.0,12.0,13.0,14.0,15.0,16.0,17.0,18.0,19.0	6.042056114030293,5.982882224249423,6.565130587245742,7.63237303267507,8.544763917994127,8.623280745106003,11.299356476617042,17.352240988635828,21.010230563522104,22.433845032978248,25.49356448222066,26.08281153343142,26.570571701834357,26.285742081633373,27.85118125191642,26.95154442816679,26.94353511316684,27.458027151764835,27.43690523314597,27.269836144798983	growth	0.12	908716,,
908717	0.0,1.0,2.0,3.0,4.0,5.0,6.0,7.0,8.0,9.0,10.0,11.0,12.0,13.0,14.0,15.0,16.0,17.0,18.0,19.0	20.3846751940207,19.817040958228535,27.029868073204526,34.859607841631366,39.82151070417139,40.30903179845245,43.66504477380589,44.58972912426418,44.3155022337664,44.01575979037929,45.480978234824015,35.113816102206144,27.645636705527732,21.134515938331873,18.217741090533636,18.56906033034651,21.115711673599133,20.673515782241005,18.586367952496946,20.306691103407044	growth	0.12	908717,,
908718	0.0,1.0,2.0,3.0,4.0,5.0,6.0,7.0,8.0,9.0,10.0,11.0,12.0,13.0,14.0,15.0,16.0,17.0,18.0,19.0	13.244393246826322,17.046914422945402,19.565384843624546,25.093800073541512,30.509333068417156,36.28142812763271,41.8745076768015,45.68338737956675,48.401157471961156,49.88489082272336,52.594857889461736,53.85843391588405,53.55899910777895,53.97023428671052,53.62609189269763,53.83490508358177,51.92908305147609,55.18194933589054,49.31086288856946,44.442344019065345	growth	0.12	908718,,
908719	0.0,1.0,2.0,3.0,4.0,5.0,6.0,7.0,8.0,9.0,10.0,11.0,12.0,13.0,14.0,15.0,16.0,17.0,18.0,19.0	-28.435796670462476,-26.254012057444204,-25.97227598405664,-23.93562635180053,-19.509592348394886,-11.130906505787351,-1.09797098122635,3.943587438650681,10.084158945309998,11.659844080485765,12.36750759663579,15.053152788594474,16.046123843458396,18.08068769242679,18.327581969081805,14.562519952466424,18.213486678337677,18.5224860707492,16.989369252826272,17.254438491312897	growth	0.12	908719,,
908720	0.0,1.0,2.0,3.0,4.0,5.0,6.0,7.0,8.0,9.0,10.0,11.0,12.0,13.0,14.0,15.0,16.0,17.0,18.0,19.0	24.72212233055859,24.866939561402198,26.53964819047357,30.35442220472442,34.27614892903779,45.06858498791334,49.59196140661993,52.27077404064802,55.75242252343054,55.54881041392055,57.3555876314053,57.850974665187636,46.659841973387216,38.37182214772232,25.720543906464908,26.22615057903828,26.726936874577724,25.35211123272682,25.489011819500263,28.093275493385153	growth	0.12	908720,,
908721	0.0,1.0,2.0,3.0,4.0,5.0,6.0,7.0,8.0,9.0,10.0,11.0,12.0,13.0,14.0,15.0,16.0,17.0,18.0,19.0	17.67892164956441,20.617787290126575,22.05961461714024,25.09668564225356,29.146511105822924,35.09715031335362,36.81735748839725,42.581700077598555,49.06595192504289,52.673131840215,56.22878428920147,62.42696755726271,64.37471906689078,63.77496667305077,67.82494938983827,70.1145317951896,71.3238088665764,66.66493692468849,67.15325365998497,67.78264271539103	growth	0.12	908721,,
908722	0.0,1.0,2.0,3.0,4.0,5.0,6.0,7.0,8.0,9.0,10.0,11.0,12.0,13.0,14.0,15.0,16.0,17.0,18.0,19.0	14.92327000898917,15.962586690881302,20.506868222639266,26.160171811773626,30.062334011335647,33.794004114711825,35.15396507072536,35.21125907216143,35.50431051356399,36.60976874688024,35.451677978709284,36.68010490809536,35.98439093889661,34.57186745030883,36.696214861597745,35.96853384223715,34.88953458580235,35.13250962967841,31.33091678301005,26.288915524022638	growth	0.12	908722,,
908723	0.0,1.0,2.0,3.0,4.0,5.0,6.0,7.0,8.0,9.0,10.0,11.0,12.0,13.0,14.0,15.0,16.0,17.0,18.0,19.0	15.941462620287624,18.30801656453281,17.893614912229086,19.403196074448623,21.566616916047465,28.97675674821157,33.37620689990296,35.60502134841741,35.98960819056076,35.747013407756626,37.09353390378855,36.306745809217404,37.35085302088794,35.98349410065114,37.57132821027119,36.880534022926824,36.889568916624754,36.573964683102645,37.50344443595085,36.199064712217414	growth	0.12	908723,,
908724	0.0,1.0,2.0,3.0,4.0,5.0,6.0,7.0,8.0,9.0,10.0,11.0,12.0,13.0,14.0,15.0,16.0,17.0,18.0,19.0	-18.0760995018976,-17.791505187687786,-12.56832500559183,-7.196194791519881,-4.5638945679851695,-0.530755278715052,2.879914832917457,4.568423783755566,3.5833576268478247,6.182680786819798,7.080653015421667,7.358004650466395,4.981934121569939,6.1352184981228355,5.774719447337773,-2.798698670810751,-8.765388842000931,-17.231801252109396,-17.67771412404485,-17.05775646514238	growth	0.12	908724,,
908725	0.0,1.0,2.0,3.0,4.0,5.0,6.0,7.0,8.0,9.0,10.0,11.0,12.0,13.0,14.0,15.0,16.0,17.0,18.0,19.0	0.9047022473497773,1.5881056758598473,-0.5742082918056508,0.5594791687009044,0.4932380105875437,1.039570890158871,7.433329261855112,11.11240966045018,16.109494867136302,21.631102793921684,25.4655693195168,30.58846154427522,33.24730816408215,32.40240100999532,31.153961398733895,33.07028426012042,34.26947887336509,35.387200351388735,36.71111181382283,32.85748090211033	growth	0.12	908725,,
908726	0.0,1.0,2.0,3.0,4.0,5.0,6.0,7.0,8.0,9.0,10.0,11.0,12.0,13.0,14.0,15.0,16.0,17.0,18.0,19.0	25.177167703367235,23.44302606477485,21.27803651048014,23.8560723467153,27.45103106124864,32.76387049483517,43.43984769024372,47.1358538254928,54.36642674209233,57.713023915626344,59.458685463247654,65.84878417104272,68.56036729577488,65.32022212955457,71.16621650989798,67.59020952117805,73.84451135581463,70.28095346293283,70.97624859962073,73.07035413199011	growth	0.12	908726,,
908727	0.0,1.0,2.0,3.0,4.0,5.0,6.0,7.0,8.0,9.0,10.0,11.0,12.0,13.0,14.0,15.0,16.0,17.0,18.0,19.0	17.603544154045277,18.662327373785946,19.150024989955245,26.176409606754213,33.04424690296691,38.382011611924504,37.280079594830404,40.168445334042005,39.36200831434377,39.717448077448225,29.942491336156706,21.025204616508518,20.080358541573368,20.357769090368674,19.013668931120655,20.432752292453472,18.451513301919363,19.220808296611086,18.00636937814534,18.13011544167926	growth	0.12	908727,,
908728	0.0,1.0,2.0,3.0,4.0,5.0,6.0,7.0,8.0,9.0,10.0,11.0,12.0,13.0,14.0,15.0,16.0,17.0,18.0,19.0	-25.617441231218706,-27.073977115542448,-24.5007424428998,-24.53588182630241,-27.50912234920488,-22.110052822120583,-16.773231562939543,-10.962040313660532,-4.4731538590873825,2.043876769914288,6.659453220892132,7.42180873001659,11.140811632234751,10.98951491976463,12.048418962480106,13.5616724222044,13.375438525234863,13.594476603204662,15.297105062159407,15.98482372860797	growth	0.12	908728,,
908729	0.0,1.0,2.0,3.0,4.0,5.0,6.0,7.0,8.0,9.0,10.0,11.0,12.0,13.0,14.0,15.0,16.0,17.0,18.0,19.0	-31.686970580902106,-29.888775644319576,-29.129996777226836,-22.66570210869375,-9.311079884137541,-2.156838504893944,2.4263823408469634,7.565826629929802,8.262705843747206,11.124402395928165,12.356783460071068,12.482892061614105,13.516604722367596,15.634409330072895,13.679181822645472,13.484686355727494,13.176881836187636,14.159083875198853,4.5783730660347075,-1.111449334385867	growth	0.12	908729,,
908730	0.0,1.0,2.0,3.0,4.0,5.0,6.0,7.0,8.0,9.0,10.0,11.0,12.0,13.0,14.0,15.0,16.0,17.0,18.0,19.0	14.8557026313266,11.223881427241563,12.258442644461093,12.521071865186032,15.827206366362708,14.042542853182528,22.466342969371226,27.663399255464473,34.286854982928816,40.831413716708894,42.24868666469653,47.982424618763005,49.3102495050739,49.756161277795165,48.969802707693475,48.562931791205365,46.980167033365355,49.624117579078494,50.09399295685683,47.33116632405516	growth	0.12	908730,,
908731	0.0,1.0,2.0,3.0,4.0,5.0,6.0,7.0,8.0,9.0,10.0,11.0,12.0,13.0,14.0,15.0,16.0,17.0,18.0,19.0	-23.66050580832555,-20.01856737493967,-14.825681900602877,-6.092694444315141,-1.975826733820444,4.466897281698049,8.07755913457109,10.41743161157903,9.604076280337377,12.715557886720681,9.745003227012344,11.318096684951765,11.43233079503791,12.05428256531114,12.36378567221168,10.59630001995519,11.48481393105849,13.370059658358937,10.391307389089032,6.526836229662372	growth	0.12	908731,,
908732	0.0,1.0,2.0,3.0,4.0,5.0,6.0,7.0,8.0,9.0,10.0,11.0,12.0,13.0,14.0,15.0,16.0,17.0,18.0,19.0	-28.953910549174875,-27.726825592085095,-25.821812213823883,-19.70178517426048,-12.87607755903009,-5.622547326445094,-0.5889049138119198,2.900475234009871,5.756969427438317,3.659111513254146,5.189900949762745,5.8706732644035995,7.695327914000167,8.424305095143882,9.656121794379548,8.48407158466216,9.306434136869903,11.30373799673417,10.694647957645088,8.438619622994242	growth	0.12	908732,,
908733	0.0,1.0,2.0,3.0,4.0,5.0,6.0,7.0,8.0,9.0,10.0,11.0,12.0,13.0,14.0,15.0,16.0,17.0,18.0,19.0	-4.748400572351826,-5.745810633615521,-4.088205584561421,3.2151315066348136,2.9275047033177284,3.1928446094210496,3.7482559109227918,-1.1141561928352406,-6.654009700704608,-5.411760019574103,-4.889428201063099,-5.879656309781723,-4.922569541270162,-6.888994757348437,-6.33577959874091,-6.88313160229626,-4.625969493787904,-7.300098767994799,-5.565254897056772,-4.41058465096828	growth	0.12	908733,,
908734	0.0,1.0,2.0,3.0,4.0,5.0,6.0,7.0,8.0,9.0,10.0,11.0,12.0,13.0,14.0,15.0,16.0,17.0,18.0,19.0	1.5494765603767158,1.7996290158339532,1.319171709175361,2.4536490379350626,8.886440330525287,12.089746907432074,12.998706944610717,11.316240211648466,12.448040986291847,14.058471626903822,14.222412552972862,11.354092279410573,13.757132278522683,14.082527285629192,11.377809854651575,6.2697048934380515,4.30984972872233,4.148703936117348,2.801575637593724,3.9283205378302606	growth	0.12	908734,,
908735	0.0,1.0,2.0,3.0,4.0,5.0,6.0,7.0,8.0,9.0,10.0,11.0,12.0,13.0,14.0,15.0,16.0,17.0,18.0,19.0	-45.37126638158467,-46.17293276014775,-45.405370014738615,-43.913414184416844,-41.27001037707631,-36.12167021971897,-24.202304301947724,-16.125378624161478,-12.624313436870793,-5.792131948135712,1.6871767142265455,0.5198928311391384,2.642861833060401,-0.3914897434572069,5.8324891423325695,1.2183663121005281,2.391733784510272,4.88239682441246,0.4081836509268797,6.524427371179478	growth	0.12	908735,,
908736	0.0,1.0,2.0,3.0,4.0,5.0,6.0,7.0,8.0,9.0,10.0,11.0,12.0,13.0,14.0,15.0,16.0,17.0,18.0,19.0	5.614050096496517,5.15289978026799,8.672651973889032,16.360363913247106,23.16230688963506,29.76852624707093,30.012503809738945,30.626183217671475,30.044080707448504,30.464492968106754,30.21467910943307,29.676413446681032,32.41555432201984,30.858975135628484,30.006680204764073,29.88254634089735,27.45638939229523,21.882764880149878,16.052151647993092,10.930446907740382	growth	0.12	908736,,
908737	0.0,1.0,2.0,3.0,4.0,5.0,6.0,7.0,8.0,9.0,10.0,11.0,12.0,13.0,14.0,15.0,16.0,17.0,18.0,19.0	-7.823815276039902,-7.084353445846351,3.9385512629158983,5.600450828817909,8.296027578804264,8.68662234913889,8.761569619662469,9.015654540020689,8.352844858975523,6.63260454101043,8.71250951289841,7.416060825966606,-1.7713756272304444,-6.338734512959525,-8.140667448837814,-7.716598649249789,-6.05670172607949,-6.535151884238298,-7.893598902468682,-7.633028979456667	growth	0.12	908737,,
908738	0.0,1.0,2.0,3.0,4.0,5.0,6.0,7.0,8.0,9.0,10.0,11.0,12.0,13.0,14.0,15.0,16.0,17.0,18.0,19.0	-12.631295580217826,-12.60135925015331,-14.432656524806363,-13.259034812422096,-14.04959919166037,-13.089431867296227,-4.072795024541188,2.084641935917025,5.415631757750994,8.652350879001355,9.681129734617167,10.657960584931125,12.173513481483514,11.981361306577865,10.91774466515763,13.270817168539802,12.151568548622768,10.709804300794975,10.918911274496658,12.530761698638294	growth	0.12	908738,,
908739	0.0,1.0,2.0,3.0,4.0,5.0,6.0,7.0,8.0,9.0,10.0,11.0,12.0,13.0,14.0,15.0,16.0,17.0,18.0,19.0	-16.244119117626198,-18.882464757146145,-14.909554924332413,-13.238651372476928,-10.716500279867354,-4.564881160654602,2.017966339960015,6.705811218935963,7.844507303030035,13.270850421872655,15.103289412445964,17.500141726177816,16.475283150358244,18.19724471064427,15.7017951449657,16.098229301704478,18.39274597672136,18.015594567278193,18.169501431636128,19.457209774926252	growth	0.12	908739,,
908740	0.0,1.0,2.0,3.0,4.0,5.0,6.0,7.0,8.0,9.0,10.0,11.0,12.0,13.0,14.0,15.0,16.0,17.0,18.0,19.0	32.43252986913357,31.195464225760748,30.6761919203584,31.765250498164605,33.79875284606404,34.58195405872013,42.86495764204268,43.97421119379863,50.27356472131339,53.47975785487235,59.21730002263604,60.81083811839771,60.88141500495773,61.83649357573121,63.63906150203934,66.85174718282866,64.34173092948065,66.41347520785962,66.87885155533876,66.12529028111831	growth	0.12	908740,,
908741	0.0,1.0,2.0,3.0,4.0,5.0,6.0,7.0,8.0,9.0,10.0,11.0,12.0,13.0,14.0,15.0,16.0,17.0,18.0,19.0	3.299917045231283,3.0398493383700553,4.037285125571664,2.7534702507913624,3.3551450358746218,11.522814081005123,11.816494315124492,11.316425241929279,11.783358124324385,13.784568258795584,13.873445805476505,12.245311342735583,13.005131859973629,13.051336054406448,14.188316487377476,11.678488679165126,7.870934338614716,1.9500036330303598,3.798093753406906,2.1161924258532574	growth	0.12	908741,,
908742	0.0,1.0,2.0,3.0,4.0,5.0,6.0,7.0,8.0,9.0,10.0,11.0,12.0,13.0,14.0,15.0,16.0,17.0,18.0,19.0	-15.172830928378588,-14.72434406577061,-15.883020228793285,-13.433161850868185,-10.155758492057835,-4.022701102281204,0.6415569536068766,1.845783198952601,2.9493475016926585,2.993840985683338,6.1230951740860355,5.228108644472087,6.452135375946918,3.793532203916495,5.678760397157427,5.667631271491402,5.9876580591081225,6.230226963594976,4.640284295609778,5.928581241712459	growth	0.12	908742,,
908743	0.0,1.0,2.0,3.0,4.0,5.0,6.0,7.0,8.0,9.0,10.0,11.0,12.0,13.0,14.0,15.0,16.0,17.0,18.0,19.0	-4.664049553552072,-6.515289659608415,-4.895300170465199,-4.077927980762718,-4.607910960176027,-2.925114605090613,3.183856034296773,7.726990669139629,8.110589031908264,8.308330969008242,10.17940401880924,8.479987896910288,9.01332364438365,-1.2190516296835048,-5.751160459439475,-4.183043480373263,-4.596179574985216,-5.846510442365372,-5.469173814737672,-5.1312010850252845	growth	0.12	908743,,
908744	0.0,1.0,2.0,3.0,4.0,5.0,6.0,7.0,8.0,9.0,10.0,11.0,12.0,13.0,14.0,15.0,16.0,17.0,18.0,19.0	-6.9651050714843565,-4.641979171995181,-6.7988309630703485,-6.933320815147653,-8.078166964368984,-2.9635635760947165,3.571587110250964,13.271286574484563,18.592964265794212,21.422275152757102,21.811726097187538,23.59862736113528,21.730431716784306,25.48601662182914,18.16731372547817,13.41996182464792,7.391278773307926,5.5854054899657735,-2.305956650642157,-6.708098782377922	growth	0.12	908744,,
908745	0.0,1.0,2.0,3.0,4.0,5.0,6.0,7.0,8.0,9.0,10.0,11.0,12.0,13.0,14.0,15.0,16.0,17.0,18.0,19.0	-47.6719968695194,-42.5956697532813,-41.029464592799854,-29.114147483523528,-24.93100629031553,-18.712071195998668,-12.94369243677113,-9.09211864367564,-3.1410400554542974,0.15977634792747608,1.205240184555862,0.9812305638722236,0.9043895528974488,3.8712088872715924,-0.15668343078584002,3.737594540374147,2.019672150003011,2.901218988083926,1.7836190298689019,1.3885595776253652	growth	0.12	908745,,
908746	0.0,1.0,2.0,3.0,4.0,5.0,6.0,7.0,8.0,9.0,10.0,11.0,12.0,13.0,14.0,15.0,16.0,17.0,18.0,19.0	17.766898452232706,18.806962670329497,18.353613284742025,20.61138502235399,24.767200327788178,31.487737663222745,36.572917203421966,41.770489081340074,41.02043020583649,43.06117823050879,43.83552599529449,42.12735985489759,43.434949906932516,43.65807047341434,44.661081475773955,41.872567481917585,42.99242077167078,42.414386134737754,44.66190819415883,36.39918997884679	growth	0.12	908746,,
908747	0.0,1.0,2.0,3.0,4.0,5.0,6.0,7.0,8.0,9.0,10.0,11.0,12.0,13.0,14.0,15.0,16.0,17.0,18.0,19.0	29.5298521231098,28.853196909247746,39.366893469754885,47.920228417113336,56.27443640130261,60.46520648919201,66.02304990969844,64.39876889707294,66.89121720450034,66.21508181733455,67.80131551894813,66.04767497938928,69.32753747083933,67.62286579172918,68.19353259490353,69.4650431914875,60.52134936518419,54.83212575951693,49.256175493539274,45.58845101345047	growth	0.12	908747,,
908748	0.0,1.0,2.0,3.0,4.0,5.0,6.0,7.0,8.0,9.0,10.0,11.0,12.0,13.0,14.0,15.0,16.0,17.0,18.0,19.0	38.99863916291311,40.47761300714004,40.97965209864766,40.32898294191885,41.8223753177666,40.90302083741759,47.110617347772894,55.14844542976756,61.20626984546598,66.74120772792158,75.40927412366442,78.72602224389908,77.86095803780042,82.95580618688209,79.89422234563546,81.57193290260464,84.0066012188016,82.36460728839718,82.15065494706457,82.53438909341568	growth	0.12	908748,,
908749	0.0,1.0,2.0,3.0,4.0,5.0,6.0,7.0,8.0,9.0,10.0,11.0,12.0,13.0,14.0,15.0,16.0,17.0,18.0,19.0	3.0215833100856573,4.813407079246025,4.795039656009925,3.896351628166541,3.4493724057434374,11.960462032270392,14.929610692050456,15.02978014441041,13.523877495127405,13.907569051956937,12.652883928660408,14.328609264177874,6.372738908193493,2.4799385753453564,3.776328006678046,4.2284005269457285,4.756017006520036,2.5261325001396315,5.198223682550515,3.450296904783399	growth	0.12	908749,,
908750	0.0,1.0,2.0,3.0,4.0,5.0,6.0,7.0,8.0,9.0,10.0,11.0,12.0,13.0,14.0,15.0,16.0,17.0,18.0,19.0	-13.239320669066606,-13.491710758436948,-11.189893609612689,-3.193698225876087,5.082393117016206,5.392390820899733,7.433092452189278,8.134684799944411,5.825047245158034,7.05996091246903,7.3724164199936855,5.976023950423327,6.5123553027438845,3.3311725643021433,-3.773291435885758,-7.681192365223151,-13.840828931242168,-12.779644612622032,-11.475458041477495,-12.06372599754922	growth	0.12	908750,,
908751	0.0,1.0,2.0,3.0,4.0,5.0,6.0,7.0,8.0,9.0,10.0,11.0,12.0,13.0,14.0,15.0,16.0,17.0,18.0,19.0	-7.617739943787752,-6.4346315708762,0.47292941551154577,4.6186675425280175,12.438703496774988,19.188809381103148,22.23702013014595,26.126189609897036,28.003381406098363,29.17936540655603,28.268082310064436,31.824843671178492,29.32828590932839,32.29339022895541,32.46186473381101,32.576559999221175,33.07493122335325,32.82459997803587,29.889310251637436,31.608280156167964	growth	0.12	908751,,
908752	0.0,1.0,2.0,3.0,4.0,5.0,6.0,7.0,8.0,9.0,10.0,11.0,12.0,13.0,14.0,15.0,16.0,17.0,18.0,19.0	39.02753477083526,39.67298230521485,40.83371210815366,43.90710379334479,44.06227099130952,50.855018397145756,52.37933020921545,62.99189814320765,67.6771851494081,74.91203566584173,75.15187647226799,78.3976551286526,82.88132305200412,81.3223374869751,86.4063603502785,86.66741655949141,85.02946881876981,85.27330339476939,87.83299665725227,84.62549246111618	growth	0.12	908752,,
908753	0.0,1.0,2.0,3.0,4.0,5.0,6.0,7.0,8.0,9.0,10.0,11.0,12.0,13.0,14.0,15.0,16.0,17.0,18.0,19.0	20.628500334361735,21.816388288418167,21.921834980157954,20.358257393797473,23.442953975632175,24.879550205001763,31.325192903665275,41.10639590928795,45.18648905981071,48.83513643199653,50.47127443051598,52.73373790964635,50.59589972091423,50.663961999044744,44.41340795589565,41.01373877652297,33.7432224573303,28.372615020186185,22.726799002288256,20.085941033235923	growth	0.12	908753,,
908754	0.0,1.0,2.0,3.0,4.0,5.0,6.0,7.0,8.0,9.0,10.0,11.0,12.0,13.0,14.0,15.0,16.0,17.0,18.0,19.0	-19.483025352855847,-18.808682176123018,-18.067014554932573,-17.4532147029717,-11.774749595750635,-5.741267030403616,-2.8096251464910686,-1.0419258035343226,-0.5454944327244036,1.8183923427925777,0.5224659066695381,0.9578300772983468,0.10987392741349566,-7.26000236050761,-14.176691560982668,-20.156411228249468,-19.331104412811204,-18.32880291618873,-19.69501768240542,-20.244342608799684	growth	0.12	908754,,
908755	0.0,1.0,2.0,3.0,4.0,5.0,6.0,7.0,8.0,9.0,10.0,11.0,12.0,13.0,14.0,15.0,16.0,17.0,18.0,19.0	-11.73085638435807,-11.160030146971247,-9.398189684699794,-2.3636877725888255,2.4867299873847504,3.576226869278745,5.3849358594952434,3.189976554470931,3.1571852377119143,4.69597883524332,3.446125432908488,5.841352151568147,3.256252522416961,5.3550153826859646,-5.025239423957576,-10.56254951525689,-9.830107089837455,-11.321090637434375,-11.462699284049974,-10.704251751189705	growth	0.12	908755,,
908756	0.0,1.0,2.0,3.0,4.0,5.0,6.0,7.0,8.0,9.0,10.0,11.0,12.0,13.0,14.0,15.0,16.0,17.0,18.0,19.0	-2.9485065108080524,-1.3490330182168715,5.3988808893288285,13.054837240912262,20.71603638332806,25.574126529454563,29.136435365165678,32.385475047375316,31.07691044874256,31.278627498699528,31.383376608595004,33.67841786081665,33.38501601718212,33.95059712138767,32.55734716654632,34.369725046610306,33.921350159496455,33.51156662662122,34.51010802498112,32.35618295212917	growth	0.12	908756,,
908757	0.0,1.0,2.0,3.0,4.0,5.0,6.0,7.0,8.0,9.0,10.0,11.0,12.0,13.0,14.0,15.0,16.0,17.0,18.0,19.0	-11.144268351184534,-11.635626187157671,-2.301905193491825,3.866267634871077,7.092519692170633,8.994821570330075,7.163443497812592,7.659981030662285,7.7214726278475485,7.279058014991504,8.707717745641386,8.764633741979729,8.781308977105708,6.554563308343953,-0.7200531950668392,-6.811371673309608,-11.264373422287676,-11.089448180812923,-10.926496985428022,-13.526248077583856	growth	0.12	908757,,
908758	0.0,1.0,2.0,3.0,4.0,5.0,6.0,7.0,8.0,9.0,10.0,11.0,12.0,13.0,14.0,15.0,16.0,17.0,18.0,19.0	1.6120498070720721,2.2120160548812153,8.32534454059112,11.26497747012493,15.849142312666803,18.711502641337063,21.54934651491484,19.836128022286644,21.29620981640645,21.95518547476512,22.292539019601957,22.090083484633645,21.11355952687574,13.435998773397761,5.395305803790492,1.8573868903707262,3.471209841755587,2.8678911218363003,2.798149430004631,1.4536333747046308	growth	0.12	908758,,
908759	0.0,1.0,2.0,3.0,4.0,5.0,6.0,7.0,8.0,9.0,10.0,11.0,12.0,13.0,14.0,15.0,16.0,17.0,18.0,19.0	-41.392516751434364,-42.7899482584623,-42.65725003201253,-38.22350524210412,-30.030707518530768,-24.283501580904588,-14.750793574513239,-8.46885479353356,-5.607547525679593,-2.6706047543353506,0.7918204546324148,4.059561913480003,0.8938633658452702,3.528799520789093,5.493212238986196,2.080199734764541,-0.011834636464115533,-7.524920324185189,-11.342696577752065,-17.603382826051927	growth	0.12	908759,,
908760	0.0,1.0,2.0,3.0,4.0,5.0,6.0,7.0,8.0,9.0,10.0,11.0,12.0,13.0,14.0,15.0,16.0,17.0,18.0,19.0	4.855598681464887,7.315517316661997,13.059985800629782,17.264059996020446,24.82430412069929,30.33871766935204,30.789285265813344,34.32845607727634,33.181802219475784,34.85931526764051,32.84373504446832,36.32088085086356,25.092057212299512,15.091486925914966,4.1366324648382085,6.213680191268697,5.9410408012067695,5.791793011120404,5.334310141894434,4.67256614854351	growth	0.12	908760,,
908761	0.0,1.0,2.0,3.0,4.0,5.0,6.0,7.0,8.0,9.0,10.0,11.0,12.0,13.0,14.0,15.0,16.0,17.0,18.0,19.0	2.0837595954856076,1.7605376621498738,9.357981343298945,10.905829787117563,12.599760558856419,12.228851111740191,5.53055949422305,2.426876124053268,1.0640858062642287,1.2885889984042262,2.2472804649601397,2.9477888188695873,2.141035539759117,1.0571563229444438,2.5492279806003313,2.533736367377261,1.7172968283367867,1.029877132166275,1.695809029365296,3.266274255164002	growth	0.12	908761,,
908762	0.0,1.0,2.0,3.0,4.0,5.0,6.0,7.0,8.0,9.0,10.0,11.0,12.0,13.0,14.0,15.0,16.0,17.0,18.0,19.0	-8.60183997967087,-7.568315494408239,-8.691765230551791,-10.155809954623344,-7.130627108512416,-0.8073027087374154,0.9746301169179219,1.279156757470627,1.1555361618481417,1.239869226862524,1.9963957121632099,2.1435923331815907,2.419103439482744,1.3073529032761275,1.0365624103503723,0.6149487057758272,2.4209009551576015,-8.457635218129717,-7.492237122980464,-9.130783344729675	growth	0.12	908762,,
908763	0.0,1.0,2.0,3.0,4.0,5.0,6.0,7.0,8.0,9.0,10.0,11.0,12.0,13.0,14.0,15.0,16.0,17.0,18.0,19.0	25.706570792995972,26.374853991270466,29.89458167166616,32.34537347581174,34.80457615192261,41.35431165911952,43.773332410369584,51.8689443410031,54.32938221160077,55.67815308361019,59.267855945755564,61.99384828826612,66.26463747434616,64.53853072816635,69.31189468606841,68.55688403544465,66.3557633444369,70.229355303909,68.93006825837651,70.96060946380064	growth	0.12	908763,,
908764	0.0,1.0,2.0,3.0,4.0,5.0,6.0,7.0,8.0,9.0,10.0,11.0,12.0,13.0,14.0,15.0,16.0,17.0,18.0,19.0	11.533681772933027,11.730715234363952,12.423642575898311,17.08818374972424,20.315615358094504,24.541176355346472,25.409892232112846,26.18350284960018,26.15442104370711,27.360377650981874,26.555934901802352,25.089777381377935,25.36058372421484,27.530128520183123,26.872525977635206,26.679441900858073,26.103224131731125,25.545990322544675,26.473662422229218,26.016866798845804	growth	0.12	908764,,
908765	0.0,1.0,2.0,3.0,4.0,5.0,6.0,7.0,8.0,9.0,10.0,11.0,12.0,13.0,14.0,15.0,16.0,17.0,18.0,19.0	39.21341624337502,39.0114805363071,38.04622025539751,38.56826707375105,48.536989081933825,49.973627821341516,57.610156972128415,67.50433562828023,71.11464781008104,78.51757977051642,79.09006631855817,83.68265482874784,83.1724947156915,84.36405712109888,86.30118417007677,89.40760365486986,84.57395654604679,89.33937634734366,89.29194462774763,85.35189143026982	growth	0.12	908765,,
908766	0.0,1.0,2.0,3.0,4.0,5.0,6.0,7.0,8.0,9.0,10.0,11.0,12.0,13.0,14.0,15.0,16.0,17.0,18.0,19.0	25.344399450445625,27.06430031234892,27.8112101707061,28.594269427219793,30.86160524065717,37.13926044045291,45.019546914921506,48.554735050343936,54.518828534828145,55.140275735704435,55.97287747718055,57.29260548612284,57.51448440435705,61.09756571685608,61.75631655983691,60.13664638915867,60.089501053013265,61.02169025831739,62.15075231692411,54.54639579035185	growth	0.12	908766,,
908767	0.0,1.0,2.0,3.0,4.0,5.0,6.0,7.0,8.0,9.0,10.0,11.0,12.0,13.0,14.0,15.0,16.0,17.0,18.0,19.0	-6.493759374751684,-7.231712848804106,-6.52383924042737,-8.531891590045124,-5.934824360247742,0.2724205218770077,0.971160989756573,2.278220756293088,2.3041856539192898,1.6599941897791695,1.3490266368704855,2.1157898879947483,1.5813410056854504,-3.575286687162392,-6.841757774218969,-6.121462601241495,-6.558137631683321,-7.611301402888299,-7.407201804529759,-6.958593015370732	growth	0.12	908767,,
908768	0.0,1.0,2.0,3.0,4.0,5.0,6.0,7.0,8.0,9.0,10.0,11.0,12.0,13.0,14.0,15.0,16.0,17.0,18.0,19.0	9.769595971833008,9.71205418854025,10.126463998108447,10.822175868573426,21.20679219860012,28.593873393746154,36.57937525495127,37.09012668317388,41.27675997801719,41.37834766610699,40.061485775694806,40.03355033871224,38.84568931046044,40.86440393080352,42.20406472761317,41.82947495476726,41.411675513250195,38.97880688029615,39.58962750551092,33.05605584436792	growth	0.12	908768,,
908769	0.0,1.0,2.0,3.0,4.0,5.0,6.0,7.0,8.0,9.0,10.0,11.0,12.0,13.0,14.0,15.0,16.0,17.0,18.0,19.0	10.475117704816299,13.795431554318762,12.68372998577922,10.26186305686659,10.69071625702318,12.866947955353613,21.610474728579728,29.68396983380864,34.31663360209242,40.97349098483891,41.202916580492996,44.1623472791549,44.372891521661124,48.0151718430641,45.84263837496229,48.77427863816932,47.114881840534835,45.199152231463906,48.06870498342519,45.460382304751704	growth	0.12	908769,,
908770	0.0,1.0,2.0,3.0,4.0,5.0,6.0,7.0,8.0,9.0,10.0,11.0,12.0,13.0,14.0,15.0,16.0,17.0,18.0,19.0	-32.12065194376924,-31.99027583066534,-30.574949272376013,-32.413846191376926,-30.15064805427678,-23.444125319730933,-21.992662672627567,-18.128163983225143,-12.325164126333387,-8.496774170828118,-3.1633128676349607,2.573597200167992,2.293556251599881,8.196103003651587,9.299110908432354,8.221416343280914,11.359309869491188,10.903887686942024,13.810976954822124,13.068005557349636	growth	0.12	908770,,
908771	0.0,1.0,2.0,3.0,4.0,5.0,6.0,7.0,8.0,9.0,10.0,11.0,12.0,13.0,14.0,15.0,16.0,17.0,18.0,19.0	2.0324861623637553,3.577472482749708,4.2604745096938785,9.992814541372564,15.817194850371973,22.631183114003573,28.377676326939948,31.179832026914458,37.351050993105794,40.46958039186877,43.56567760730188,46.56488835723338,43.596360314650155,46.00588739952687,47.78030359771974,46.95729630922386,46.280663258777565,47.84593152900259,49.527239700403946,48.00024100992899	growth	0.12	908771,,
908772	0.0,1.0,2.0,3.0,4.0,5.0,6.0,7.0,8.0,9.0,10.0,11.0,12.0,13.0,14.0,15.0,16.0,17.0,18.0,19.0	35.174429099429084,37.123021700999544,39.41126591968177,45.849257612104765,54.96898866476194,58.48640676307742,65.53311700356885,66.67648106793774,72.55976669545291,74.17436444267584,74.22837869012312,75.08033740376018,75.3319066953405,79.98641493921366,78.468460745826,79.03822628307961,80.96515725373331,79.88628332300306,79.38446977720733,79.38510684627857	growth	0.12	908772,,
908773	0.0,1.0,2.0,3.0,4.0,5.0,6.0,7.0,8.0,9.0,10.0,11.0,12.0,13.0,14.0,15.0,16.0,17.0,18.0,19.0	-18.731083780903248,-17.369736481594288,-17.32404452363978,-8.754080373361846,-0.879314656824489,2.5515839548960244,1.1490894581831874,2.4047254141265277,3.8032028788221623,-2.3799154109431164,-7.629912061942608,-11.589818303587098,-17.90699347247733,-16.165982554004742,-17.58614112326956,-16.87609447724159,-18.393231932244817,-16.694993807236408,-16.52304376097462,-17.012024162192716	growth	0.12	908773,,
908774	0.0,1.0,2.0,3.0,4.0,5.0,6.0,7.0,8.0,9.0,10.0,11.0,12.0,13.0,14.0,15.0,16.0,17.0,18.0,19.0	-12.568341241145463,-11.190344980670497,-13.003375705928033,-12.60946345455558,-11.085026206542395,-11.291265038951051,-5.1191557177857625,3.51846924117228,9.448513380967453,12.76709135914254,11.475370089728239,14.515848929373604,12.086017580405194,13.671406395958478,6.031372097363752,1.3715764084365016,-3.278782347663382,-10.230485676171178,-10.618899624314025,-12.790423789237986	growth	0.12	908774,,
908775	0.0,1.0,2.0,3.0,4.0,5.0,6.0,7.0,8.0,9.0,10.0,11.0,12.0,13.0,14.0,15.0,16.0,17.0,18.0,19.0	-4.324821098432883,-3.7340193103705506,-5.411889926296374,-5.521888256212909,-4.049647136129257,-2.5935728237564515,2.957009787412094,8.629104802212636,10.284253040511503,11.377868996157005,10.076210228469678,8.84347608637016,8.678927618516532,11.16192931462852,9.600231766522175,9.205978835068137,11.223777298497076,9.639409748021698,11.246578423377088,1.7222587016351003	growth	0.12	908775,,
908776	0.0,1.0,2.0,3.0,4.0,5.0,6.0,7.0,8.0,9.0,10.0,11.0,12.0,13.0,14.0,15.0,16.0,17.0,18.0,19.0	-10.44808122840639,-9.975491817286324,-8.284869824786378,-3.6649808527127963,6.5622538993642685,10.926548322959185,11.260912947514516,13.641857076679086,13.16900274925111,15.64622448600402,13.549417373100695,14.604226045956159,13.336457274258073,14.600779333413309,13.244966713181764,14.99253875649431,3.1226993137772343,-6.2806994589798,-9.742167563741537,-8.929818803611003	growth	0.12	908776,,
908777	0.0,1.0,2.0,3.0,4.0,5.0,6.0,7.0,8.0,9.0,10.0,11.0,12.0,13.0,14.0,15.0,16.0,17.0,18.0,19.0	43.6506719823882,43.302330203442914,49.682519636244876,48.93671653898011,55.84915387443685,59.82328305346917,66.81941997759616,75.4860454729503,80.23375729510887,84.04394103195521,85.0304014619289,87.00652232356703,90.37579581350741,90.8421768310404,93.55701665792324,90.99606135896659,95.59854336015852,95.01302893840553,95.16343414314127,93.93539044409896	growth	0.12	908777,,
908778	0.0,1.0,2.0,3.0,4.0,5.0,6.0,7.0,8.0,9.0,10.0,11.0,12.0,13.0,14.0,15.0,16.0,17.0,18.0,19.0	0.24226652241542526,0.7159105914996289,0.1741181641950993,10.872400970702554,17.672055762848565,19.906069485920767,18.54018332182717,18.698251886003078,19.7315774087696,20.95255451231956,16.270090747792892,8.382962683407449,4.769744348781682,-0.4473854006833975,-1.0077145130490095,1.032965639981811,0.7476500040214682,-1.1312107769603794,0.48169406901309,0.9494435408035331	growth	0.12	908778,,
908779	0.0,1.0,2.0,3.0,4.0,5.0,6.0,7.0,8.0,9.0,10.0,11.0,12.0,13.0,14.0,15.0,16.0,17.0,18.0,19.0	2.0404127856102567,-0.6052210100270614,0.1582670840851611,1.9743623606742373,0.8955603874578452,9.890227641681784,11.166273803785787,10.677828425279264,9.905056168792324,9.534708901242718,9.84822491000405,11.046823345770253,1.6122551503929867,1.207731387839131,0.40793239850738816,1.5366029296021537,0.8002614066800766,-0.25530728331505426,1.0687156975841046,1.7215227686898449	growth	0.12	908779,,
908780	0.0,1.0,2.0,3.0,4.0,5.0,6.0,7.0,8.0,9.0,10.0,11.0,12.0,13.0,14.0,15.0,16.0,17.0,18.0,19.0	4.013546155089732,6.588963238966064,12.952925835761267,22.14186237172116,32.25152938789556,38.41026449833697,43.63834223008396,45.29098692215699,47.95140797322652,45.350187848020106,49.65172632711575,46.648815431135375,47.275109794632534,46.87427448707288,48.535989522588814,48.53356793964176,49.47583655482929,49.388004167256334,49.70831881589575,43.25048734235187	growth	0.12	908780,,
908781	0.0,1.0,2.0,3.0,4.0,5.0,6.0,7.0,8.0,9.0,10.0,11.0,12.0,13.0,14.0,15.0,16.0,17.0,18.0,19.0	-9.462184809908198,-8.253018134992452,-10.690099194518115,-7.882830942955588,-7.122380871672111,-2.449033707497011,4.129557732679716,4.150471674064702,6.268856118506836,6.771118582382529,6.5662255688753675,5.197486237860362,5.699656482844178,5.835061848150861,6.020922215280963,4.535735812889019,6.563415779665167,6.805692810540755,4.391528226646537,6.63382323874443	growth	0.12	908781,,
908782	0.0,1.0,2.0,3.0,4.0,5.0,6.0,7.0,8.0,9.0,10.0,11.0,12.0,13.0,14.0,15.0,16.0,17.0,18.0,19.0	11.613914815870352,13.182550291825702,12.962922089911766,20.29216466361033,26.675483182795336,31.46364502718207,32.557275326907316,33.107102263138785,31.61579246628717,32.30905165881422,25.94834196851174,18.946511859893576,11.620919019769751,11.09966992576812,10.648004693642516,11.158843638943814,13.171118434347235,13.060468214645013,12.433238382555857,10.841241206682893	growth	0.12	908782,,
908783	0.0,1.0,2.0,3.0,4.0,5.0,6.0,7.0,8.0,9.0,10.0,11.0,12.0,13.0,14.0,15.0,16.0,17.0,18.0,19.0	19.56574424196041,19.896884792018806,24.13948451417221,33.65799048032421,42.607073610807504,49.85992793171713,55.092109899894496,59.63817481686389,60.66045820111812,61.903967585234874,59.929735197926625,62.53439561725574,62.07486592774368,59.814925803459644,63.17934579193411,51.63506790855034,43.5147147494163,31.96295094821968,21.58300095807259,18.609645036241535	growth	0.12	908783,,
908784	0.0,1.0,2.0,3.0,4.0,5.0,6.0,7.0,8.0,9.0,10.0,11.0,12.0,13.0,14.0,15.0,16.0,17.0,18.0,19.0	8.25072885020171,7.235999638149549,14.556276129873678,21.12184237142548,24.528734108140412,26.25850613188127,25.73254368755993,27.89158426914389,26.103888279118433,26.54670162391661,28.22111217047144,27.19636913656931,17.498422051572128,9.861937473147368,7.58158749681955,6.6690315610869995,5.656236139300927,6.422578041596804,7.993904901189761,6.314207869951285	growth	0.12	908784,,
908785	0.0,1.0,2.0,3.0,4.0,5.0,6.0,7.0,8.0,9.0,10.0,11.0,12.0,13.0,14.0,15.0,16.0,17.0,18.0,19.0	5.604798530864193,8.073033128828248,10.180054644548315,14.03071785831105,15.879049272855617,20.552282934760775,27.255730958967995,28.971252063777197,31.696095115720695,34.412898877611624,35.78176200846785,39.43333928666166,41.502324153958575,40.688754529036586,41.892881191517766,41.09414097390275,39.65066870976153,39.711947852742604,40.02935022984301,41.12013606752601	growth	0.12	908785,,
908786	0.0,1.0,2.0,3.0,4.0,5.0,6.0,7.0,8.0,9.0,10.0,11.0,12.0,13.0,14.0,15.0,16.0,17.0,18.0,19.0	-6.130421800737681,-6.151577620608109,-6.6470545359208035,-5.057475446452829,-3.534446084326347,2.2491637205237405,10.397287907205179,12.682870397319094,13.536967657683652,13.143667229810603,14.71601334366225,13.745428571550487,15.510927255891621,14.32455864300135,16.068190307159846,14.184153892843796,9.261949891826927,4.4616715171273915,0.24292349638832356,-4.283956821129021	growth	0.12	908786,,
908787	0.0,1.0,2.0,3.0,4.0,5.0,6.0,7.0,8.0,9.0,10.0,11.0,12.0,13.0,14.0,15.0,16.0,17.0,18.0,19.0	7.759743651238623,9.181864180740028,8.067753196747756,10.815867303002722,16.145388818742646,21.03131965492016,22.807861313135177,24.64652020185525,23.832806225265614,22.672149418439755,23.994585833856355,17.170091616719404,9.856162766901432,8.94550337527,7.547730902094817,8.65966844470309,8.741715278195636,9.213950934517777,7.490767119098899,9.665974717250457	growth	0.12	908787,,
908788	0.0,1.0,2.0,3.0,4.0,5.0,6.0,7.0,8.0,9.0,10.0,11.0,12.0,13.0,14.0,15.0,16.0,17.0,18.0,19.0	-9.443161003450895,-11.069094994485223,-11.01953082590745,-10.461849527194575,-10.133379867002494,-3.354631789763836,6.855628289283189,11.26529153676443,16.007875334726336,21.94452666321877,21.11654368392355,24.023544732499058,24.95856674162068,21.916407536890894,23.917538592547146,25.084816788173427,23.326530983385496,22.169562474829426,13.2069202426005,7.8849678754688775	growth	0.12	908788,,
908789	0.0,1.0,2.0,3.0,4.0,5.0,6.0,7.0,8.0,9.0,10.0,11.0,12.0,13.0,14.0,15.0,16.0,17.0,18.0,19.0	-2.996004452736849,-2.590434442879408,-2.3603931509749922,-1.7706145582030621,-0.7333379893008038,4.600458625714379,8.199552465385198,8.505556277187582,7.274827210224453,8.057125056374401,8.032633647168858,8.250682328272637,9.036165892120247,7.63097461030177,0.4783923076367902,-2.1258896512616015,-1.9424548080538797,-2.252899684353309,-2.3965152537502012,-2.333721097838322	growth	0.12	908789,,
908790	0.0,1.0,2.0,3.0,4.0,5.0,6.0,7.0,8.0,9.0,10.0,11.0,12.0,13.0,14.0,15.0,16.0,17.0,18.0,19.0	9.11948817420945,10.910241881316374,15.192448625155592,25.238551049978703,31.150837256333176,38.324859496248685,41.11683257219324,43.967017509225904,45.60409043941351,46.90911163468684,48.61946156994059,46.14757623123392,48.67635182985999,48.842326419089154,49.8486075447527,49.274641624915276,49.520141535728875,47.63440842614336,42.785823434246566,36.52463263486972	growth	0.12	908790,,
908791	0.0,1.0,2.0,3.0,4.0,5.0,6.0,7.0,8.0,9.0,10.0,11.0,12.0,13.0,14.0,15.0,16.0,17.0,18.0,19.0	2.234309142781508,3.2206987630024497,3.1964940566907405,10.092583671524862,10.064238143177594,11.953240823498382,13.037259427154602,10.977920643508025,10.757032917449777,13.138354574950183,13.299851696605515,12.539606001935052,10.863707520518684,11.248720435474622,13.079803624514025,6.483095913522707,0.982915367385338,1.4904780441406538,2.1446566213183287,0.9059371656458812	growth	0.12	908791,,
908792	0.0,1.0,2.0,3.0,4.0,5.0,6.0,7.0,8.0,9.0,10.0,11.0,12.0,13.0,14.0,15.0,16.0,17.0,18.0,19.0	-3.649154025315896,-3.5325663101215676,-4.154965604046576,-2.239879975422019,4.99187516808966,12.842577241134402,22.585520164642404,29.979060077131102,34.830327019852064,39.889943975934855,40.11200624005317,42.201820873795526,41.70307628737021,41.567512818879536,43.22682261775074,46.2924095064689,44.801572131610264,43.422568602942086,44.630442474659766,46.234917644461156	growth	0.12	908792,,
908793	0.0,1.0,2.0,3.0,4.0,5.0,6.0,7.0,8.0,9.0,10.0,11.0,12.0,13.0,14.0,15.0,16.0,17.0,18.0,19.0	-16.309229801262614,-14.835279396505292,-14.9420348488291,-16.886857913523723,-15.368139071136042,-15.139270651119688,-6.540855874004917,-0.060845576150402536,4.958706377883125,8.344050078919684,10.101499343037002,10.328132384493138,10.37547347458296,8.269913393508716,11.178889462705957,8.074108791931383,10.541214562523544,9.510381267601614,8.8430408644392,10.44039213250214	growth	0.12	908793,,
908794	0.0,1.0,2.0,3.0,4.0,5.0,6.0,7.0,8.0,9.0,10.0,11.0,12.0,13.0,14.0,15.0,16.0,17.0,18.0,19.0	8.615706910571136,11.552948847173916,11.014132136416508,10.019080531658005,12.215989787765364,10.29744135129659,15.509661951941526,21.25232679457005,23.68059963195215,27.6312933109165,33.97563852150038,34.68447210465541,37.99190773775179,36.91635428273199,38.16934213300503,38.07088423780276,38.272374240322776,39.778188455203235,39.04620314465668,39.21873044675606	growth	0.12	908794,,
908795	0.0,1.0,2.0,3.0,4.0,5.0,6.0,7.0,8.0,9.0,10.0,11.0,12.0,13.0,14.0,15.0,16.0,17.0,18.0,19.0	8.997969794625169,8.090243406909849,6.7399110826138395,9.524856115284006,14.34949890078537,19.655755278088847,23.982159240776767,27.32867722802827,29.357797128503634,32.804212668115525,32.90289474938727,36.5648205646515,35.31831998630283,38.6609550076262,35.91318895161764,36.41413171686368,37.64796414886486,37.89592830215445,39.20513933675403,30.630899826752582	growth	0.12	908795,,
908796	0.0,1.0,2.0,3.0,4.0,5.0,6.0,7.0,8.0,9.0,10.0,11.0,12.0,13.0,14.0,15.0,16.0,17.0,18.0,19.0	-6.3275406219633705,-6.762600522086393,-6.293472154826348,-5.236874107709748,-4.4018677351857285,-5.473127917493879,3.61821608042802,5.209870489723334,3.514372944473327,3.507111237563615,5.466295857355679,4.610807111512035,2.9529552176579843,5.1165271187574275,4.232255942584987,-3.9577254324730156,-5.533423895495139,-6.074357737757567,-6.626052264742694,-6.009405644572715	growth	0.12	908796,,
908797	0.0,1.0,2.0,3.0,4.0,5.0,6.0,7.0,8.0,9.0,10.0,11.0,12.0,13.0,14.0,15.0,16.0,17.0,18.0,19.0	0.35725198484100024,2.0386462662114893,2.563629813143414,2.595258461183043,3.613672401417129,5.1813913481176925,11.53006000466283,16.621155587253778,18.67605408967484,26.161522976165273,31.993679326058263,33.921901721069965,38.21072085333795,39.29537237209837,44.39232314065512,45.60303257908881,44.35774813834648,46.89074532671446,49.2461593904096,49.054382041839446	growth	0.12	908797,,
908798	0.0,1.0,2.0,3.0,4.0,5.0,6.0,7.0,8.0,9.0,10.0,11.0,12.0,13.0,14.0,15.0,16.0,17.0,18.0,19.0	3.2245165620679503,1.9495957548811607,3.317352019899551,1.989220947200774,2.2428585095464104,13.57868907705689,20.523416448486543,30.64839957574784,33.27319407704685,33.679870819632946,36.60394857383347,36.111578269715295,34.155203588787764,34.7483569772508,27.82624764200815,16.358838825354546,8.089338139823592,0.9826618826037352,0.04125056870128718,2.0008450377694666	growth	0.12	908798,,
908799	0.0,1.0,2.0,3.0,4.0,5.0,6.0,7.0,8.0,9.0,10.0,11.0,12.0,13.0,14.0,15.0,16.0,17.0,18.0,19.0	20.958511841263718,23.424267419646476,19.848953658415528,24.434366613891136,24.12479107105158,26.51127905100673,32.064038391973995,39.8057014032501,46.2576902552445,48.287314189376815,57.289930534668834,58.799350996128524,62.95150009275916,64.53255198393299,66.22739602349772,64.85073442585488,67.71395706021903,70.66921446667506,69.39666489237172,67.4856721964923	growth	0.12	908799,,
908800	0.0,1.0,2.0,3.0,4.0,5.0,6.0,7.0,8.0,9.0,10.0,11.0,12.0,13.0,14.0,15.0,16.0,17.0,18.0,19.0	9.335190860823289,9.301256533318485,4.96251471303961,-8.92995649714851,-12.639800258589503,-16.578954698431346,-18.088886727470246,-31.938685776447805,-30.790635873295788,-34.67373054757037,-43.14732745805833,-54.56520724145345,-53.15034702201078,-67.12101058424736,-65.4393237988262,-76.13275833808069,-80.6493446496541,-91.49044581400588,-90.25350437058083,-100.48876357920531	linear	0.12	908800,,
908801	0.0,1.0,2.0,3.0,4.0,5.0,6.0,7.0,8.0,9.0,10.0,11.0,12.0,13.0,14.0,15.0,16.0,17.0,18.0,19.0	20.79322538257467,20.496686828539417,19.216545610988657,20.777677693046556,19.540667089317537,19.14927581596718,19.470064093885476,21.125835955102513,18.902165435116096,19.53657778425382,20.819975039171066,20.413188565030282,20.797449977162024,19.787547196858213,18.5337135230334,19.955345180429365,18.994942028750547,20.99195684243276,19.90685341157154,18.739993875097678	linear	0.12	908801,,
908802	0.0,1.0,2.0,3.0,4.0,5.0,6.0,7.0,8.0,9.0,10.0,11.0,12.0,13.0,14.0,15.0,16.0,17.0,18.0,19.0	-7.025884314431096,-2.5100334035509917,-3.3907613356922326,1.1387540994994438,5.3936820851828955,7.224671003767952,11.51554698626046,14.36000342207656,18.895764502669785,18.815041394833088,23.07501066803821,26.89052206361732,29.63516891856805,32.89169657813238,35.311745482735276,37.00506128564532,43.02284583459243,46.6608681876949,47.03616110607345,50.211230403839224	linear	0.12	908802,,
908803	0.0,1.0,2.0,3.0,4.0,5.0,6.0,7.0,8.0,9.0,10.0,11.0,12.0,13.0,14.0,15.0,16.0,17.0,18.0,19.0	-71.8226745555245,-59.11674019216514,-54.913707817542985,-37.47348645658274,-41.50638131163474,-17.812002872059324,-18.133523243849666,-2.9035265384176263,5.935513879353342,14.897397895018441,28.967701375398434,42.37357252430792,50.88528997121754,45.87062071799603,56.60052455001085,80.39072309027044,85.88843172523507,85.66921525101353,108.93848030807268,121.1474087394059	linear	0.12	908803,,
908804	0.0,1.0,2.0,3.0,4.0,5.0,6.0,7.0,8.0,9.0,10.0,11.0,12.0,13.0,14.0,15.0,16.0,17.0,18.0,19.0	46.15386764805368,44.98780840024,45.51461034498507,46.78377300533103,46.35792056560846,46.05867587000126,46.88650160832138,49.41878343383265,50.92313330287914,49.90525463334205,53.10130725676698,52.77020313600762,53.64240927380608,54.63297723844215,54.7925301802921,55.72753679608502,58.07558187097701,60.07807023495533,61.157588873623716,59.49796011618048	linear	0.12	908804,,
908805	0.0,1.0,2.0,3.0,4.0,5.0,6.0,7.0,8.0,9.0,10.0,11.0,12.0,13.0,14.0,15.0,16.0,17.0,18.0,19.0	68.28433680227563,65.59684171842072,65.96527240973396,64.19018825987153,61.036093596104834,59.84334806029268,52.07763249520495,53.908159108019554,46.65591977431863,40.30051166893537,37.41164941406518,33.69048582308799,32.76243739500169,25.521375861563254,23.78017021988638,20.724291926626393,13.669757500983216,11.219148830142082,9.657278274452043,3.7478823240549044	linear	0.12	908805,,
908806	0.0,1.0,2.0,3.0,4.0,5.0,6.0,7.0,8.0,9.0,10.0,11.0,12.0,13.0,14.0,15.0,16.0,17.0,18.0,19.0	16.45986488833948,14.490336036889786,10.241137825234034,11.594031221980003,12.97619879000051,7.932906480964306,20.864572680266576,21.964466604595714,31.203604191790717,44.462041859294956,55.160316083916896,64.37595662413025,64.76510085123954,72.4013399786822,88.44384802686787,92.55952533591811,101.41124745468566,104.61717578064591,118.94531186763626,123.65084077597284	linear	0.12	908806,,
908807	0.0,1.0,2.0,3.0,4.0,5.0,6.0,7.0,8.0,9.0,10.0,11.0,12.0,13.0,14.0,15.0,16.0,17.0,18.0,19.0	36.99675402651939,43.99707594912567,48.60530753363248,60.74550776123307,68.8303984703214,74.5303551000248,77.73304395321514,87.78876330427353,92.69630058422946,104.92684855070479,106.45878424943962,118.86439269017346,130.35989711325988,131.3872585487632,147.7757057388287,147.19460825009543,152.66951774552126,168.042650296531,181.2764807835703,181.56004492389846	linear	0.12	908807,,
908808	0.0,1.0,2.0,3.0,4.0,5.0,6.0,7.0,8.0,9.0,10.0,11.0,12.0,13.0,14.0,15.0,16.0,17.0,18.0,19.0	-20.141168506094928,-18.068190332658617,-18.21073740760399,-16.64560048045053,-14.777737616746878,-15.176027137036307,-12.13586362632792,-13.212732716171766,-10.196330168313985,-11.43870949056708,-9.998058268543804,-7.796399427880811,-7.402575838567742,-5.464983801676679,-4.641052390847673,-5.804293376454101,-4.597599755427522,-0.9638388726711664,-0.4649723446978751,0.18817456390308074	linear	0.12	908808,,
908809	0.0,1.0,2.0,3.0,4.0,5.0,6.0,7.0,8.0,9.0,10.0,11.0,12.0,13.0,14.0,15.0,16.0,17.0,18.0,19.0	-67.03992056754304,-66.42360440000849,-65.35414946505749,-63.860125960015814,-63.05967062393927,-63.686893935867964,-63.20153295860867,-61.0491939612456,-58.791168932388416,-59.036134773962665,-59.122132809366136,-56.763263529837594,-55.038848057360276,-54.05155463636026,-53.279544219722794,-52.93223152154367,-52.218502537191405,-52.71824717711408,-51.550245815519105,-50.10838554235172	linear	0.12	908809,,
908810	0.0,1.0,2.0,3.0,4.0,5.0,6.0,7.0,8.0,9.0,10.0,11.0,12.0,13.0,14.0,15.0,16.0,17.0,18.0,19.0	-41.005466030736216,-35.632701098737954,-35.59936389158439,-35.61789475581097,-35.35957517935323,-27.910257204238203,-17.07890017019487,-18.483253208394355,-12.32962884822281,-0.01017811451725592,1.795080582757386,6.913364288250381,17.295826051122482,19.989534796339893,29.249022335339234,37.543217306065515,36.2490087644995,42.06649546211324,48.4498078224386,59.693420300278135	linear	0.12	908810,,
908811	0.0,1.0,2.0,3.0,4.0,5.0,6.0,7.0,8.0,9.0,10.0,11.0,12.0,13.0,14.0,15.0,16.0,17.0,18.0,19.0	-70.18681059212679,-69.02495626443365,-70.48323627563799,-71.17804363186288,-71.69131969097835,-70.82083281081401,-70.17651768828445,-71.19190835184715,-74.21152982470673,-74.72563641636827,-74.32841973765325,-75.1736103134344,-78.27025345187907,-78.32464439651973,-79.45726841465104,-81.22288734415784,-81.70076904787085,-82.39635766725914,-83.22104151403553,-85.85581077093241	linear	0.12	908811,,
908812	0.0,1.0,2.0,3.0,4.0,5.0,6.0,7.0,8.0,9.0,10.0,11.0,12.0,13.0,14.0,15.0,16.0,17.0,18.0,19.0	44.656675440063395,57.36234514300065,47.98248944855365,40.790284246229305,39.04064687022961,26.94717084040751,24.122825206144142,12.357633931544626,-3.588057078976405,-11.490350100458443,-13.76908351306679,-21.615547507315753,-32.27561955826209,-42.23014248995422,-45.121937702823075,-46.79188466645401,-59.945630231505035,-75.12681767905755,-78.95579858726198,-78.91537914098416	linear	0.12	908812,,
908813	0.0,1.0,2.0,3.0,4.0,5.0,6.0,7.0,8.0,9.0,10.0,11.0,12.0,13.0,14.0,15.0,16.0,17.0,18.0,19.0	-104.74840143418584,-105.28030816779739,-108.65951412416274,-110.42908553651772,-99.47094546105069,-87.08232632759409,-89.42342391815677,-68.42317578008962,-71.8882500062202,-64.14815538429671,-49.596151807227486,-34.7107524694797,-36.69855645344168,-14.9679166738824,-7.717692152334891,-9.573739104346188,1.6910358236888356,11.642445484645421,18.51667087216336,39.5274362877334	linear	0.12	908813,,
908814	0.0,1.0,2.0,3.0,4.0,5.0,6.0,7.0,8.0,9.0,10.0,11.0,12.0,13.0,14.0,15.0,16.0,17.0,18.0,19.0	112.77034934484963,109.57672289961207,107.13989015201818,111.20053408132715,112.80757373113127,94.67165364650255,88.00647483451087,81.33623294256053,79.235667273194,68.4001926141813,53.84154176975994,47.39966114397407,29.707243119441785,24.0553128061714,8.563971569135148,5.981777190020338,-0.8335065051344657,-13.331979645181804,-27.140196649013347,-37.08346595765781	linear	0.12	908814,,
908815	0.0,1.0,2.0,3.0,4.0,5.0,6.0,7.0,8.0,9.0,10.0,11.0,12.0,13.0,14.0,15.0,16.0,17.0,18.0,19.0	-39.12038300253614,-33.56510662904002,-26.885872986330682,-26.456393729568404,-21.943688114213217,-10.422414311126303,-2.1496068224350537,-3.960383080042149,6.692973034961668,7.4307067527223865,13.170223753204269,22.06874268759465,27.733086137247767,39.840279169910026,40.65567272078515,51.89649780621935,52.93131862172733,62.09032463873768,68.89548481635431,67.31041059624992	linear	0.12	908815,,
908816	0.0,1.0,2.0,3.0,4.0,5.0,6.0,7.0,8.0,9.0,10.0,11.0,12.0,13.0,14.0,15.0,16.0,17.0,18.0,19.0	-41.488366675914804,-39.31187826819266,-39.792248290202274,-39.183450111942605,-38.6615850859275,-40.48906846031038,-39.504441569151496,-39.20429173341867,-39.940659234256806,-38.93943375914646,-38.810425492465406,-40.45105934862559,-39.194968730211286,-41.02158860893364,-41.02757886477667,-41.038163673482394,-38.823572891159,-41.4724091548472,-39.26912054135737,-39.793908247998836	linear	0.12	908816,,
908817	0.0,1.0,2.0,3.0,4.0,5.0,6.0,7.0,8.0,9.0,10.0,11.0,12.0,13.0,14.0,15.0,16.0,17.0,18.0,19.0	86.19383080625695,84.3006665443062,86.10426717760458,84.26439069489261,84.92572870367302,84.28997536300332,85.40907308891165,86.39652380814792,84.62411608847708,85.9669580930029,86.91177682082623,85.85699017035991,85.55599883764997,84.6663008146331,85.07901805456473,84.5192948392629,84.74908528900463,86.17067521011289,85.37103537466662,87.11956185875582	linear	0.12	908817,,
908818	0.0,1.0,2.0,3.0,4.0,5.0,6.0,7.0,8.0,9.0,10.0,11.0,12.0,13.0,14.0,15.0,16.0,17.0,18.0,19.0	143.81562001374118,147.86389962231925,147.7737118281139,157.104414993792,163.41198589711783,160.03663051723203,167.954690481579,177.78720894186347,185.84226531754462,185.9733139772428,199.59575313516433,200.06233497006758,206.2560923729697,215.45385766508718,217.9571698987096,226.41337743717838,231.963110165087,239.4213394538608,244.58674221859684,243.5633733711657	linear	0.12	908818,,
908819	0.0,1.0,2.0,3.0,4.0,5.0,6.0,7.0,8.0,9.0,10.0,11.0,12.0,13.0,14.0,15.0,16.0,17.0,18.0,19.0	-128.88464760478806,-128.73019067133814,-129.34055472777376,-121.7706133901193,-118.27222607719911,-107.81389765934864,-96.35774290928475,-93.10892865447207,-85.00588482329627,-68.68778766154522,-70.60531249153625,-58.424353042583164,-53.35424256859086,-39.525934999744436,-33.83802597138383,-28.056354695300556,-24.242644130907166,-9.439122133519575,0.9624305878175221,9.820231413110491	linear	0.12	908819,,
908820	0.0,1.0,2.0,3.0,4.0,5.0,6.0,7.0,8.0,9.0,10.0,11.0,12.0,13.0,14.0,15.0,16.0,17.0,18.0,19.0	78.0158066173424,82.4320488984019,86.12852115382618,80.81894209547836,73.01046678793251,68.30578176464795,54.47838946503145,46.33389996583104,33.21096214029714,29.071751342046987,13.792776180968673,2.8728072660344415,4.071679615134027,-14.676016891635944,-17.759210325669116,-26.798294708057245,-36.39121505971094,-38.817720550089724,-59.81982793551869,-60.23144755292331	linear	0.12	908820,,
908821	0.0,1.0,2.0,3.0,4.0,5.0,6.0,7.0,8.0,9.0,10.0,11.0,12.0,13.0,14.0,15.0,16.0,17.0,18.0,19.0	-58.67926678153031,-65.61934773971355,-74.11842731803026,-80.91100797173772,-77.31059402266249,-86.88599066251632,-88.7687664495236,-96.32544949108691,-98.66432198885647,-110.62518191294957,-112.68473874224779,-119.5098529538305,-120.30396523385447,-124.33606255639467,-136.15889886996095,-134.78914703777966,-138.726013453389,-149.92482654074288,-153.67932861030204,-155.60560632678929	linear	0.12	908821,,
908822	0.0,1.0,2.0,3.0,4.0,5.0,6.0,7.0,8.0,9.0,10.0,11.0,12.0,13.0,14.0,15.0,16.0,17.0,18.0,19.0	-15.717141802529236,-12.631903415816161,-8.69351854325901,-1.4997981410514116,11.371174655786735,21.492808972110534,19.33862797373006,35.95395593114483,39.472699272403446,53.83474976137692,62.416400120252405,64.26068426584013,84.00682474029999,91.1070577261968,92.24362960901067,108.8194844634402,112.11061353381321,129.4041943359082,126.20718357645288,136.35562221731004	linear	0.12	908822,,
908823	0.0,1.0,2.0,3.0,4.0,5.0,6.0,7.0,8.0,9.0,10.0,11.0,12.0,13.0,14.0,15.0,16.0,17.0,18.0,19.0	-1.1893764334048855,-2.4642436401329304,-3.4269704853937877,-6.629457376384041,-10.076548235642717,-10.680027167345237,-12.11451486201064,-12.909575240008358,-16.794818925575992,-19.913281093861055,-21.912982418305646,-22.756554634423136,-24.272846485005125,-26.875371897791233,-28.622541089555064,-31.247455636656657,-33.10889029553808,-34.482160892496644,-38.308370526845636,-38.23754496272017	linear	0.12	908823,,
908824	0.0,1.0,2.0,3.0,4.0,5.0,6.0,7.0,8.0,9.0,10.0,11.0,12.0,13.0,14.0,15.0,16.0,17.0,18.0,19.0	-167.1382015917543,-163.99488727473354,-169.51507681129067,-178.45117249794177,-193.95433740006877,-205.82545053124494,-205.71393910759886,-213.6072649858737,-217.10447123103106,-236.5653798218102,-246.49121300474002,-249.51076258997642,-261.709048744592,-260.1988161051306,-272.7614617229443,-283.6020839965812,-293.28435770728515,-299.2416452476745,-303.9242267699871,-306.925590775858	linear	0.12	908824,,
908825	0.0,1.0,2.0,3.0,4.0,5.0,6.0,7.0,8.0,9.0,10.0,11.0,12.0,13.0,14.0,15.0,16.0,17.0,18.0,19.0	-44.879406489939825,-44.08697157952435,-45.17757351301489,-43.032811932563085,-42.98449651788461,-47.107594624876846,-52.97805967425931,-55.044210189064124,-57.90747546725562,-60.49097261391212,-64.06062235603986,-66.74600078463948,-67.79563322978902,-70.37490740583374,-72.55486423776443,-78.8479230935539,-83.19475341716132,-81.85967337530651,-87.31111758386058,-91.90898904606392	linear	0.12	908825,,
908826	0.0,1.0,2.0,3.0,4.0,5.0,6.0,7.0,8.0,9.0,10.0,11.0,12.0,13.0,14.0,15.0,16.0,17.0,18.0,19.0	68.994950322648,71.47027936447806,66.43393842527199,69.53339089098785,68.84313263432794,70.28203273915761,79.77574827532028,79.44269143313089,85.75510120669908,90.04432173010309,92.57729472499535,95.86324827790081,98.03326301312339,106.13669719930562,108.63772183098706,110.73724418635149,115.8590960949349,119.5835744479166,125.27765443806702,127.90309077171241	linear	0.12	908826,,
908827	0.0,1.0,2.0,3.0,4.0,5.0,6.0,7.0,8.0,9.0,10.0,11.0,12.0,13.0,14.0,15.0,16.0,17.0,18.0,19.0	-13.844535697905329,-14.668243490807242,-13.624244777721216,-14.854377798791056,3.291248965440417,3.292090578615749,12.549467893354766,28.337088346468946,28.54167843228965,35.46945699920855,44.72684786529956,58.20141482548315,66.72728317162607,73.57577884074612,79.00513337065814,82.72539094167706,93.34553405436455,102.96361132433,110.62482082942657,112.60839865016915	linear	0.12	908827,,
908828	0.0,1.0,2.0,3.0,4.0,5.0,6.0,7.0,8.0,9.0,10.0,11.0,12.0,13.0,14.0,15.0,16.0,17.0,18.0,19.0	19.985755659115796,13.299782410277714,13.215370422108514,18.589848032886806,13.657485517228231,12.97982543523424,5.357776684378386,1.8443870795582455,-9.835185607494225,-21.108491670537312,-22.932180679219343,-33.5099935224183,-35.74477471892156,-47.07610083058771,-50.19750271401023,-58.07798978824049,-61.96153942176145,-69.16974569342082,-83.29590777034926,-91.72246869550855	linear	0.12	908828,,
908829	0.0,1.0,2.0,3.0,4.0,5.0,6.0,7.0,8.0,9.0,10.0,11.0,12.0,13.0,14.0,15.0,16.0,17.0,18.0,19.0	-68.84099243610079,-68.79836173042625,-68.04699066264261,-69.16066998995531,-69.29887394858581,-70.5988493379646,-71.69505091152462,-73.3440089727788,-74.88204673529007,-77.53932803626749,-78.95536003136756,-81.22107720310376,-83.36614470576812,-86.28178883365871,-86.8235754108474,-89.02915850238902,-91.85934030438156,-92.48441951158303,-96.31162397450306,-97.4592411186454	linear	0.12	908829,,
908830	0.0,1.0,2.0,3.0,4.0,5.0,6.0,7.0,8.0,9.0,10.0,11.0,12.0,13.0,14.0,15.0,16.0,17.0,18.0,19.0	56.787841136446886,54.306344015832295,56.81317929521087,51.53515036140756,51.29304038620768,51.8842753580919,42.32772826062052,35.1596930238747,21.31144240906425,14.98282431343938,15.210760021199587,9.670397008902668,-1.2045399189520474,-3.860894596572656,-12.799219511656652,-23.05023480059332,-25.36620790975791,-42.46134012580282,-40.72470697100891,-46.557153093793126	linear	0.12	908830,,
908831	0.0,1.0,2.0,3.0,4.0,5.0,6.0,7.0,8.0,9.0,10.0,11.0,12.0,13.0,14.0,15.0,16.0,17.0,18.0,19.0	-13.449317860540372,-10.173334325001399,-8.08034228314385,-6.622129276988616,-4.140046557632168,-4.1534294381480095,-2.9646632950038914,1.8106677210535054,0.7381188348594883,4.369796896110319,4.743957606981294,7.570961925422054,10.713592899341478,11.338637041219364,12.745132107889464,17.22833066867889,19.45191922391034,19.604349171606145,20.914121616277146,24.614641640168582	linear	0.12	908831,,
908832	0.0,1.0,2.0,3.0,4.0,5.0,6.0,7.0,8.0,9.0,10.0,11.0,12.0,13.0,14.0,15.0,16.0,17.0,18.0,19.0	-41.219565336721885,-43.007433065998136,-39.14531201617595,-46.30849707483541,-49.015842168711444,-54.519332453292265,-55.503451373638775,-59.18549013923099,-66.29340372282039,-66.12912210741193,-71.11440730579805,-74.64732182733079,-80.22621753967503,-86.97918015259604,-90.91752322154885,-88.94353103200278,-97.98999213420751,-97.39681715872496,-102.95597025977627,-111.17335922589137	linear	0.12	908832,,
908833	0.0,1.0,2.0,3.0,4.0,5.0,6.0,7.0,8.0,9.0,10.0,11.0,12.0,13.0,14.0,15.0,16.0,17.0,18.0,19.0	52.87047607238679,53.66542954383654,55.07930696417343,51.98059762394224,50.32051238824991,48.10557888272738,48.80402843284514,44.16238568356921,44.107877186283645,39.887856712989404,40.21085236024736,36.770472536231935,33.99453834140526,34.811303030586735,32.18313914513777,28.10896539688057,25.992844916171777,25.48104691992086,22.879061791007178,21.46123736471261	linear	0.12	908833,,
908834	0.0,1.0,2.0,3.0,4.0,5.0,6.0,7.0,8.0,9.0,10.0,11.0,12.0,13.0,14.0,15.0,16.0,17.0,18.0,19.0	-109.18358374271978,-109.09834185633714,-109.92127132675998,-109.25825951138404,-111.09215791510861,-115.98369308461957,-117.53660724976888,-119.90154062521937,-120.20793784634384,-122.56134632938264,-126.16984196921516,-127.59467538759182,-127.25317919268079,-129.694099732596,-132.35894125717275,-135.6672882517466,-137.61828460840493,-139.96792820350217,-139.48915557334024,-141.16678371425783	linear	0.12	908834,,
908835	0.0,1.0,2.0,3.0,4.0,5.0,6.0,7.0,8.0,9.0,10.0,11.0,12.0,13.0,14.0,15.0,16.0,17.0,18.0,19.0	-196.1398895643507,-193.30826344338612,-195.65599910611684,-187.8645802793343,-180.4936302245265,-165.55225795363882,-169.1257214879847,-161.14672222718212,-152.36112337550344,-142.9230255513466,-132.47698305996428,-125.94594881497962,-122.40981598531302,-112.33677825222927,-109.46271110898722,-102.08964989423436,-98.99365092479738,-82.01624986754139,-80.10690948734243,-68.81411457960081	linear	0.12	908835,,
908836	0.0,1.0,2.0,3.0,4.0,5.0,6.0,7.0,8.0,9.0,10.0,11.0,12.0,13.0,14.0,15.0,16.0,17.0,18.0,19.0	-179.75070695612106,-179.33012082713958,-176.9486379250071,-178.1149850496368,-178.51415840316162,-165.65558321687186,-157.54594283324872,-154.75842711370842,-147.80329116648954,-137.4635557030315,-130.44415631558417,-121.80723454549351,-117.84865679622698,-99.52658652856772,-94.14302040859263,-88.9598375409291,-81.24120538293828,-73.46903559179773,-60.79747144980347,-62.21025690084414	linear	0.12	908836,,
908837	0.0,1.0,2.0,3.0,4.0,5.0,6.0,7.0,8.0,9.0,10.0,11.0,12.0,13.0,14.0,15.0,16.0,17.0,18.0,19.0	5.3353321018881985,-0.10129871729198925,-7.707289906746325,-12.061119562276264,-14.68704747082095,-24.6877856481483,-31.712069537390196,-31.770616076740946,-33.66151844046553,-45.61004645797185,-47.060173256177876,-53.83547339007086,-59.534721509076306,-66.91145152874071,-71.36213295761935,-71.45464302136477,-77.8395496082841,-84.45242887674159,-87.00728286187692,-90.6155526550657	linear	0.12	908837,,
908838	0.0,1.0,2.0,3.0,4.0,5.0,6.0,7.0,8.0,9.0,10.0,11.0,12.0,13.0,14.0,15.0,16.0,17.0,18.0,19.0	6.680616609309119,3.8934462736789968,3.381713802448722,-2.3713830648449346,-2.235124446050179,-7.485411216748602,-12.404596394877949,-14.022281297462804,-14.874934080489226,-21.888634844066182,-23.952923641831774,-28.012468860839363,-29.091453017492512,-29.70142191768535,-37.06027132714488,-37.10851490916664,-43.041626586924274,-44.8489943050001,-44.32819124625372,-47.67676317152273	linear	0.12	908838,,
908839	0.0,1.0,2.0,3.0,4.0,5.0,6.0,7.0,8.0,9.0,10.0,11.0,12.0,13.0,14.0,15.0,16.0,17.0,18.0,19.0	0.832350481558322,2.2685292803026442,11.559244963031247,21.238032875258938,20.925374085166013,27.67788120625471,38.06492362136251,37.2376706080982,44.51095238706603,56.603251037670034,54.86791461398428,62.13379948557524,70.75629329691539,80.55516684463134,82.7748268546426,94.40516693550344,97.25962216325486,105.08230465784594,109.27022391025592,111.585065061463	linear	0.12	908839,,
908840	0.0,1.0,2.0,3.0,4.0,5.0,6.0,7.0,8.0,9.0,10.0,11.0,12.0,13.0,14.0,15.0,16.0,17.0,18.0,19.0	38.71318646092199,34.216444317938,45.95522676684135,36.62401397412534,36.49703225317502,49.1428039715384,62.44835497054172,68.09660226465915,75.9107660528241,93.8421013877417,92.75406057253542,113.96596365575859,123.9446425114976,135.68055331605356,144.95123300205523,153.38625488199148,161.87549962918678,175.8394290617839,173.40137600552742,187.28288033214673	linear	0.12	908840,,
908841	0.0,1.0,2.0,3.0,4.0,5.0,6.0,7.0,8.0,9.0,10.0,11.0,12.0,13.0,14.0,15.0,16.0,17.0,18.0,19.0	49.4723307531438,51.54629707416151,44.14951059871477,47.813291318755766,49.462386228134534,43.17194152328352,62.18352977936274,67.96516668234865,74.39193648657782,95.37791449061989,96.15069259738276,107.89510386992933,112.94313656908538,128.5222674183221,145.00433402670947,143.7999707047548,163.94951534730492,170.74482866822717,186.53011099035137,186.1553490177447	linear	0.12	908841,,
908842	0.0,1.0,2.0,3.0,4.0,5.0,6.0,7.0,8.0,9.0,10.0,11.0,12.0,13.0,14.0,15.0,16.0,17.0,18.0,19.0	-39.200900055109656,-42.3644017308539,-47.9321779174536,-57.46461493648356,-57.43526092590375,-64.28848444929781,-71.85537230692087,-76.05081968601272,-82.30754118589863,-92.05792121750477,-100.2364733338466,-104.02253775510786,-108.45966306809267,-109.48822469185713,-117.179148423804,-129.27741546871346,-134.85058995038884,-137.82707280675203,-146.3688286924634,-144.71358715550048	linear	0.12	908842,,
908843	0.0,1.0,2.0,3.0,4.0,5.0,6.0,7.0,8.0,9.0,10.0,11.0,12.0,13.0,14.0,15.0,16.0,17.0,18.0,19.0	76.24096803267813,76.46740044922913,75.99917792722165,72.24243182348317,71.333677922746,66.66216452913223,65.60322841598195,58.61501161335363,55.233061075616284,54.73335472526469,53.06025224119204,46.89942536682361,44.13373665259745,43.00238382243828,39.42251275469264,34.87670099452066,35.26514429297612,32.693098493652045,29.50168851200744,25.323623837204046	linear	0.12	908843,,
908844	0.0,1.0,2.0,3.0,4.0,5.0,6.0,7.0,8.0,9.0,10.0,11.0,12.0,13.0,14.0,15.0,16.0,17.0,18.0,19.0	63.736187712384634,47.67752707423169,43.68057536024196,44.47970519750953,38.553140560731094,26.71742681225497,21.607732342756265,12.549165854169416,10.693357946178594,8.111764337183573,-1.2777269435110128,-8.720239604822154,-15.219430997254761,-23.10821622287129,-24.200561867396786,-28.410069124781444,-37.61266485925216,-47.1544081511384,-54.64891425628001,-54.43047362166436	linear	0.12	908844,,
908845	0.0,1.0,2.0,3.0,4.0,5.0,6.0,7.0,8.0,9.0,10.0,11.0,12.0,13.0,14.0,15.0,16.0,17.0,18.0,19.0	-99.81570204239549,-111.47744820008191,-108.48255169714443,-119.86514396317513,-125.61676796178625,-129.37501561572032,-138.05229669198704,-152.70658566798042,-152.48596892465358,-173.7684633289789,-177.6383305432438,-182.0383748892608,-202.30356022662397,-212.04103894606232,-216.66301310539887,-221.3810879737187,-237.13760609343,-242.8636282782261,-248.5524376121354,-256.21771324229127	linear	0.12	908845,,
908846	0.0,1.0,2.0,3.0,4.0,5.0,6.0,7.0,8.0,9.0,10.0,11.0,12.0,13.0,14.0,15.0,16.0,17.0,18.0,19.0	25.31761190104212,23.97959524373887,23.993162685026125,24.64985460995446,28.645582457959918,30.353006697241362,30.32771166199405,31.8677093114954,34.722322414658805,36.368999023105125,39.59912749154512,42.48009421892118,42.11884666706807,45.160934150581014,46.923053431723176,49.69669933376842,50.00086947742568,54.40139820415834,53.96152488999668,58.78163711660305	linear	0.12	908846,,
908847	0.0,1.0,2.0,3.0,4.0,5.0,6.0,7.0,8.0,9.0,10.0,11.0,12.0,13.0,14.0,15.0,16.0,17.0,18.0,19.0	76.74856540302025,75.40628501383598,77.7721439612782,76.58285552277478,77.45460252838993,76.72344807058491,77.23083636158228,76.93802845936813,75.90765251427933,77.7563303336804,76.86671941088892,77.69383705109755,75.76069699606471,77.03386968385651,77.19792437342083,75.86996825447069,75.77534812090524,76.72556313426912,77.2388653510472,75.69756236453253	linear	0.12	908847,,
908848	0.0,1.0,2.0,3.0,4.0,5.0,6.0,7.0,8.0,9.0,10.0,11.0,12.0,13.0,14.0,15.0,16.0,17.0,18.0,19.0	13.86951438014799,16.3905198102253,15.050111532039033,15.949074034200969,16.333498157492045,17.84395080729395,11.124012829818298,10.260155716243425,3.0374689420364547,-1.1602334074207263,-7.183899604786738,-6.561905758748729,-14.22339492295518,-16.01072149343829,-21.820417654946972,-21.685715729209328,-27.478073916432365,-31.514955812864905,-37.53110561885864,-41.68916744762724	linear	0.12	908848,,
908849	0.0,1.0,2.0,3.0,4.0,5.0,6.0,7.0,8.0,9.0,10.0,11.0,12.0,13.0,14.0,15.0,16.0,17.0,18.0,19.0	20.441288082112848,16.90143946640415,18.889151465641525,18.121132038901443,11.729157534188474,5.277898679984304,3.6278324443781997,-3.6185782575677976,-2.3064868010029187,-7.285725493407149,-8.801944216783923,-18.505145985737606,-19.810310715197566,-25.910103370313337,-25.336420878340256,-34.962691225068774,-39.6061744594693,-38.571204213185815,-41.901677189701076,-48.093379686894224	linear	0.12	908849,,
908850	0.0,1.0,2.0,3.0,4.0,5.0,6.0,7.0,8.0,9.0,10.0,11.0,12.0,13.0,14.0,15.0,16.0,17.0,18.0,19.0	210.5211779604369,203.86361265490518,202.93240723575113,196.91647683363448,180.61760158488482,182.105921028252,176.45528934050662,165.40104060405653,146.53099044853795,135.5513505705504,134.2103738280083,111.89959101151153,108.23136980184819,99.56357715620237,80.29951266569017,72.6426754127204,70.72273378388957,54.09852543308972,52.36475772248559,36.284972894104314	linear	0.12	908850,,
908851	0.0,1.0,2.0,3.0,4.0,5.0,6.0,7.0,8.0,9.0,10.0,11.0,12.0,13.0,14.0,15.0,16.0,17.0,18.0,19.0	61.62256183213469,46.78320363537974,35.70045072274449,30.478026151664277,29.354461193613396,4.420353124346661,0.692546178881214,-15.550067613197136,-17.010084268055763,-34.260459609165565,-41.10378277432783,-53.232138842214596,-53.49905879013694,-64.02511934724147,-81.63604982890165,-90.94749209204078,-97.88341032802748,-102.2228477250422,-119.13239804746144,-122.16199555576418	linear	0.12	908851,,
908852	0.0,1.0,2.0,3.0,4.0,5.0,6.0,7.0,8.0,9.0,10.0,11.0,12.0,13.0,14.0,15.0,16.0,17.0,18.0,19.0	-50.14085356119418,-51.89340452814795,-54.235225862796895,-55.53539880550598,-59.22423192419094,-63.536147811521715,-67.89457952828987,-69.3159281343267,-74.00712936750602,-76.70456863051412,-75.14021128607493,-79.69441650184979,-84.59529260569059,-87.49989010552645,-89.90539235189365,-91.57381526697566,-95.86677251609515,-97.6182672269717,-103.72187035719648,-106.48053339454039	linear	0.12	908852,,
908853	0.0,1.0,2.0,3.0,4.0,5.0,6.0,7.0,8.0,9.0,10.0,11.0,12.0,13.0,14.0,15.0,16.0,17.0,18.0,19.0	-5.9371250685693155,1.2045186996418167,10.331661584764724,16.272486471274334,15.020503682342593,25.72631580079264,32.11560413482367,31.69052405971278,39.25221351377792,42.72577588620793,57.73134438751768,56.745464077516026,66.83055931871884,71.68752502306424,80.57146309082718,79.76404329037537,90.78128836104301,98.25656039330877,103.90299159891521,108.1490312148074	linear	0.12	908853,,
908854	0.0,1.0,2.0,3.0,4.0,5.0,6.0,7.0,8.0,9.0,10.0,11.0,12.0,13.0,14.0,15.0,16.0,17.0,18.0,19.0	159.04705797924228,161.1328102139234,158.42998743633402,164.25474173240542,163.1735392188641,173.8549696964306,171.97224106315386,179.08883176223736,180.55420105051488,183.15917968194435,192.68374805326806,194.0886514789467,198.80550766414586,204.3030429822581,203.55862263975806,207.41396368928886,217.59211886124544,219.65141362413294,223.39215986314832,228.68649683904619	linear	0.12	908854,,
908855	0.0,1.0,2.0,3.0,4.0,5.0,6.0,7.0,8.0,9.0,10.0,11.0,12.0,13.0,14.0,15.0,16.0,17.0,18.0,19.0	-29.03222452123765,-28.4972499174748,-27.670935814090278,-26.858926262169405,-28.753601552936466,-31.296893998790885,-32.104253169766785,-33.36552284685833,-32.32287395286025,-34.59083165338507,-33.8088514489286,-34.65016599209533,-37.741426189746164,-38.45374010560818,-37.48289970742559,-39.827985351048504,-41.070466050392895,-40.833269771987524,-42.337511805259396,-44.36969292905098	linear	0.12	908855,,
908856	0.0,1.0,2.0,3.0,4.0,5.0,6.0,7.0,8.0,9.0,10.0,11.0,12.0,13.0,14.0,15.0,16.0,17.0,18.0,19.0	-70.93743473221387,-71.48644132848709,-71.69740175818293,-72.07910133217156,-71.51405634449921,-72.13073657024667,-70.94417313963068,-70.70794535486264,-73.32788803568516,-71.39889244132306,-70.6636286547828,-73.3355813370171,-73.01654085115187,-71.86981725556561,-72.2544659035452,-71.62332229763587,-72.36965840834041,-72.49540166164476,-73.42891150898333,-71.95878828399076	linear	0.12	908856,,
908857	0.0,1.0,2.0,3.0,4.0,5.0,6.0,7.0,8.0,9.0,10.0,11.0,12.0,13.0,14.0,15.0,16.0,17.0,18.0,19.0	-13.279201404337659,-11.719372927485422,-12.177527642772382,-13.589523132816957,-13.151905228222548,-10.613519724314989,-10.450355256508754,-9.9953386701945,-7.277398520229092,-8.185432107560432,-6.835540203022543,-4.8500165843184035,-4.705884408627247,-3.1581092433766518,-3.4100065949898184,-2.5077219107916555,-1.971496168981684,1.5774596385147301,1.221732998938787,1.7316125794400623	linear	0.12	908857,,
908858	0.0,1.0,2.0,3.0,4.0,5.0,6.0,7.0,8.0,9.0,10.0,11.0,12.0,13.0,14.0,15.0,16.0,17.0,18.0,19.0	54.848730581301915,46.794390970015606,45.49718097732898,51.72512844497724,55.10554198912982,66.90623899497851,74.21214092253405,78.31790008000998,85.95493785553393,92.722994111367,104.62938930016526,108.54839163102586,116.88014431958678,127.02512946031418,137.05611631730005,148.97461906263092,156.09343512564254,174.08731677364895,174.7065892025518,190.0287375556071	linear	0.12	908858,,
908859	0.0,1.0,2.0,3.0,4.0,5.0,6.0,7.0,8.0,9.0,10.0,11.0,12.0,13.0,14.0,15.0,16.0,17.0,18.0,19.0	122.70904071437255,122.5532340566607,123.31490476923038,124.46942663532792,124.34466673479383,121.2846838116622,121.28910941840635,116.4494749667335,112.96484541529637,112.90730969647373,106.48779845279523,104.6457663063056,101.86487535386169,99.20081823965629,95.63125780381765,94.43309751536115,90.71499421337694,88.29689160633104,83.62745159364928,78.9723629946788	linear	0.12	908859,,
908860	0.0,1.0,2.0,3.0,4.0,5.0,6.0,7.0,8.0,9.0,10.0,11.0,12.0,13.0,14.0,15.0,16.0,17.0,18.0,19.0	186.6450045000761,186.95357535028248,189.88458832859772,191.0182705524862,200.05756083724734,205.73289013035145,211.7157471354571,226.40049287511533,226.40871299836084,239.89065985138114,244.29093105810801,247.97162315865307,264.0834609318821,271.1868865704233,273.21110110151136,285.79691443565093,297.6610030186465,295.55677293764717,314.08360967387745,315.3232490997499	linear	0.12	908860,,
908861	0.0,1.0,2.0,3.0,4.0,5.0,6.0,7.0,8.0,9.0,10.0,11.0,12.0,13.0,14.0,15.0,16.0,17.0,18.0,19.0	-11.985209598716896,-16.4482961852667,-14.78174403870911,-16.647803607672426,-14.350027464825816,-15.219624422782356,-8.368232441395481,-4.4809822462378355,-4.087203255354795,2.2721594370441975,7.139306758164164,8.833704753338187,16.136144964631768,15.772757709148589,22.992578385543688,28.64908686165332,32.23727600589128,34.282511452806254,35.58542828005693,40.008111333410966	linear	0.12	908861,,
908862	0.0,1.0,2.0,3.0,4.0,5.0,6.0,7.0,8.0,9.0,10.0,11.0,12.0,13.0,14.0,15.0,16.0,17.0,18.0,19.0	-31.239129411560175,-31.145441969554824,-30.677781450810926,-30.638032787333792,-31.230544169418877,-30.383451607796324,-31.21882255858785,-30.125909312279116,-28.754475902257923,-29.161371599497095,-30.957804218850416,-29.807578736533817,-29.979114921991158,-31.018606743712223,-31.250839275185612,-30.540318029207832,-31.58663078356178,-28.86542111486051,-31.49996665031252,-31.26405101292793	linear	0.12	908862,,
908863	0.0,1.0,2.0,3.0,4.0,5.0,6.0,7.0,8.0,9.0,10.0,11.0,12.0,13.0,14.0,15.0,16.0,17.0,18.0,19.0	9.097900493091906,12.550297600697814,17.247976020569403,23.303131816074558,24.401565792094868,31.68196142928035,36.863266026058824,44.024757041852965,46.05489475183662,48.93293233109992,55.82008060282851,64.44830541587928,70.02933226815507,75.17996343457972,74.17287208263461,77.90257935044224,87.80586468950742,92.69161207824257,98.80689157875989,99.98126352050109	linear	0.12	908863,,
908864	0.0,1.0,2.0,3.0,4.0,5.0,6.0,7.0,8.0,9.0,10.0,11.0,12.0,13.0,14.0,15.0,16.0,17.0,18.0,19.0	-119.21048361242492,-115.44246477933117,-120.71579927863759,-117.18771417036936,-121.23073121287828,-116.34153948749301,-124.24127265927171,-131.7523810851674,-138.80897308756707,-139.50840497790108,-148.2929548973174,-150.1882687204368,-162.11164695113882,-164.87961131624272,-173.59280728168636,-175.19826258639438,-186.31163351911843,-190.74138941665512,-199.19307593289403,-203.66637243571762	linear	0.12	908864,,
908865	0.0,1.0,2.0,3.0,4.0,5.0,6.0,7.0,8.0,9.0,10.0,11.0,12.0,13.0,14.0,15.0,16.0,17.0,18.0,19.0	-66.46041449362721,-67.06312390516315,-60.21413987869509,-61.00141685442393,-49.013252993274534,-41.322125585964066,-44.00217207150419,-31.075177157310463,-23.068616513869625,-23.74166905158394,-14.922354510655605,-6.769951469243983,-2.8965626668514908,6.302720292014287,13.807560317796606,12.959247536020841,24.224194344900642,28.34054056728017,33.006301410427,36.9438683103433	linear	0.12	908865,,
908866	0.0,1.0,2.0,3.0,4.0,5.0,6.0,7.0,8.0,9.0,10.0,11.0,12.0,13.0,14.0,15.0,16.0,17.0,18.0,19.0	70.30206826639284,71.10462032916624,63.26009203361873,58.32146496122506,51.8737056149056,44.542765675890124,38.77245887080204,33.26063710036029,29.240081830679227,24.05120568463498,23.092988226993253,19.157862997905063,15.19381698025461,10.397541737489673,2.8804835042671684,0.7431503581063037,-11.440841598076652,-8.558436842522472,-21.866040307226882,-19.0264369562466	linear	0.12	908866,,
908867	0.0,1.0,2.0,3.0,4.0,5.0,6.0,7.0,8.0,9.0,10.0,11.0,12.0,13.0,14.0,15.0,16.0,17.0,18.0,19.0	5.717810646018204,6.497062504277771,7.75790567573376,8.09341733788279,5.107769403220665,7.567800682239582,9.80605766866979,13.496352707221732,14.171551293484864,16.223379831248693,19.091792128751255,20.070918555092156,23.84523921610876,23.93500279165892,26.355777134111154,27.653365623436997,30.593167186761818,33.6697547837541,33.31241975088081,37.26645260700036	linear	0.12	908867,,
908868	0.0,1.0,2.0,3.0,4.0,5.0,6.0,7.0,8.0,9.0,10.0,11.0,12.0,13.0,14.0,15.0,16.0,17.0,18.0,19.0	81.75118639205402,82.46652667337162,90.08105268859845,88.39296680873345,95.21150470296261,98.56735900196819,100.46567972674828,103.08250884287764,106.95766132127676,110.34904690522845,112.69915759394866,115.01934104705259,117.40390389390605,123.10653256546539,121.84668984130741,127.56559319884745,127.2567453064351,134.72199215648934,133.7331138478272,138.90498977970648	linear	0.12	908868,,
908869	0.0,1.0,2.0,3.0,4.0,5.0,6.0,7.0,8.0,9.0,10.0,11.0,12.0,13.0,14.0,15.0,16.0,17.0,18.0,19.0	-144.67649574780103,-143.54707035997222,-135.72753370614993,-131.06712271303314,-120.9552189419922,-115.19126358990871,-106.83347100093737,-103.23606749903226,-97.7717937523259,-94.83696795415817,-89.21347090866367,-82.14600536763231,-78.35941285500826,-71.57474309404196,-64.71675557829586,-58.349642561707256,-47.67288809413516,-40.600610465821546,-33.43821006788422,-33.81643417468665	linear	0.12	908869,,
908870	0.0,1.0,2.0,3.0,4.0,5.0,6.0,7.0,8.0,9.0,10.0,11.0,12.0,13.0,14.0,15.0,16.0,17.0,18.0,19.0	-46.172655293014586,-46.18949445125998,-45.40570253072666,-45.94958498709103,-46.503869133824985,-46.56710678982843,-47.05880752646042,-45.69123290245279,-46.91886397029952,-46.49238433404351,-44.67972593501382,-45.51426301481224,-45.32508507501567,-47.01725840732932,-46.176892784380925,-45.764961195303286,-45.58803977217501,-46.469517352837826,-45.344149851134866,-47.18143676464	linear	0.12	908870,,
908871	0.0,1.0,2.0,3.0,4.0,5.0,6.0,7.0,8.0,9.0,10.0,11.0,12.0,13.0,14.0,15.0,16.0,17.0,18.0,19.0	-184.75628755035856,-185.88870278318228,-192.63514203266544,-200.27107085358918,-218.50985435442357,-220.29000493579065,-234.4085051523416,-254.01278999625367,-260.6113372578866,-265.4991089604731,-277.3652380368736,-281.0573427559778,-290.1634749822015,-313.5862046582274,-315.1261547823687,-318.1590112935418,-330.54333857528354,-343.00925504603725,-359.5902114376157,-368.3949219102825	linear	0.12	908871,,
908872	0.0,1.0,2.0,3.0,4.0,5.0,6.0,7.0,8.0,9.0,10.0,11.0,12.0,13.0,14.0,15.0,16.0,17.0,18.0,19.0	66.62087253571619,62.88643505979959,65.30680639200567,65.9033866409248,64.38171242086092,59.66577158757078,57.86724063149617,51.35222280644,49.045125213501464,46.49738103923893,44.668075698782246,41.61948862041471,37.683290499909916,34.407074988577016,33.18368195105242,28.766921162881467,25.680243216253338,21.05709808621862,19.227291433979183,17.816681901357793	linear	0.12	908872,,
908873	0.0,1.0,2.0,3.0,4.0,5.0,6.0,7.0,8.0,9.0,10.0,11.0,12.0,13.0,14.0,15.0,16.0,17.0,18.0,19.0	27.0512460017829,26.623951711322334,31.667478373569352,41.469588090116346,40.51087591657766,57.168669160896656,58.47811330753555,61.810035241848695,80.59398068363319,80.66733533046082,93.09804340860705,102.59150894049132,108.45277964025998,114.8496336639303,128.13357987276052,125.40043818690316,144.84969038266422,148.84323754554327,157.80327007781773,157.73370423424115	linear	0.12	908873,,
908874	0.0,1.0,2.0,3.0,4.0,5.0,6.0,7.0,8.0,9.0,10.0,11.0,12.0,13.0,14.0,15.0,16.0,17.0,18.0,19.0	142.36434146360824,142.67893283816457,142.62060311144015,155.94505594462032,158.07910193464204,175.85843312270987,194.88700221995424,199.3157683499211,208.55837459770862,208.33398275499027,224.3783641105141,231.86981736543112,249.32240606963086,260.71207606103115,269.70219532951364,270.971564902248,284.7174109016627,290.79581112976916,298.5869579580068,324.2451583305177	linear	0.12	908874,,
908875	0.0,1.0,2.0,3.0,4.0,5.0,6.0,7.0,8.0,9.0,10.0,11.0,12.0,13.0,14.0,15.0,16.0,17.0,18.0,19.0	89.7283031794947,90.68776150490653,90.74533405966162,91.84547056542357,90.12756459416191,88.23359655800822,88.65731151813004,86.58282659319285,85.34968864948864,85.39139520935528,84.28532180670975,84.02002294750432,82.97407412538982,80.73740400030009,79.78391590308664,79.66055451970321,76.90848256830536,78.06831651673794,75.70444406770119,75.49586220646773	linear	0.12	908875,,
908876	0.0,1.0,2.0,3.0,4.0,5.0,6.0,7.0,8.0,9.0,10.0,11.0,12.0,13.0,14.0,15.0,16.0,17.0,18.0,19.0	-52.05904229084737,-51.93233946605184,-50.62205583484163,-52.32794211800062,-48.90539412338016,-48.40839341543514,-44.30847299370746,-43.19040376838986,-42.050047148097875,-40.07353147068389,-37.69456723317683,-34.4041540165649,-33.01639796128528,-31.650155390440936,-29.2989444075609,-27.187926157177994,-26.7062028565644,-24.501729528493325,-21.557488535909442,-17.6910235496559	linear	0.12	908876,,
908877	0.0,1.0,2.0,3.0,4.0,5.0,6.0,7.0,8.0,9.0,10.0,11.0,12.0,13.0,14.0,15.0,16.0,17.0,18.0,19.0	-13.057277328753464,-11.357085923389945,-11.166844500618428,-7.537709533020369,-4.695525188006101,-3.9653442296322723,-3.9533089201048917,-1.5166495354571978,2.424726723397221,4.553082728095347,5.883279645835884,8.765201724479468,8.023982940982922,13.195727437095528,15.200258942971153,13.982123136721658,18.85836281904941,20.300841813582814,20.652363549879794,22.733027708353465	linear	0.12	908877,,
908878	0.0,1.0,2.0,3.0,4.0,5.0,6.0,7.0,8.0,9.0,10.0,11.0,12.0,13.0,14.0,15.0,16.0,17.0,18.0,19.0	-35.62231132198093,-33.67628380930623,-27.91762314789227,-27.717808267577745,-23.35497777104066,-17.913706833888853,-10.943079090270025,-8.623070011987544,-4.0475957540111125,-2.2678776030379524,6.422075017043895,7.861651721113532,12.505475064477338,13.129893889630758,21.008368980023818,20.93549163666919,28.717282767800434,28.978852205917775,36.22861556997742,36.33903248307426	linear	0.12	908878,,
908879	0.0,1.0,2.0,3.0,4.0,5.0,6.0,7.0,8.0,9.0,10.0,11.0,12.0,13.0,14.0,15.0,16.0,17.0,18.0,19.0	52.021366225671244,51.04395577696214,51.015884942999165,52.43238456549679,56.47171080732866,58.49368072310736,66.33834679217026,70.79808956715475,71.44059904560288,79.0780859676091,80.80483279460466,85.77587924862534,91.6509391363572,96.93458294364746,108.72627217766873,107.27668685822665,112.7730325187269,118.66926525673904,122.46423889314212,125.75473402586071	linear	0.12	908879,,
908880	0.0,1.0,2.0,3.0,4.0,5.0,6.0,7.0,8.0,9.0,10.0,11.0,12.0,13.0,14.0,15.0,16.0,17.0,18.0,19.0	9.134796588667214,11.289011696385426,10.532165623335167,8.730274336252737,9.384889644976912,10.119301882839878,8.444654812010569,2.2064420124142288,2.1224822663675944,-3.4862587874290867,-4.217225115493328,-8.239556993215523,-10.0739524201203,-14.131632374164997,-18.375900613527698,-18.482789421419557,-22.985195627135518,-25.388210986547588,-30.76030803145632,-34.300513913458445	linear	0.12	908880,,
908881	0.0,1.0,2.0,3.0,4.0,5.0,6.0,7.0,8.0,9.0,10.0,11.0,12.0,13.0,14.0,15.0,16.0,17.0,18.0,19.0	-119.87240367380828,-122.85152227747842,-123.78953927479724,-121.17226321042642,-126.67787584622326,-126.13704194920834,-120.98370439584738,-111.52983753704818,-105.06224590380299,-95.98637991838223,-91.51372999266614,-89.25201374465952,-82.80906914352512,-78.22691524393286,-66.55081185704968,-65.28038278084541,-53.0099760689242,-48.84166193929222,-41.79972458806837,-40.030580562666984	linear	0.12	908881,,
908882	0.0,1.0,2.0,3.0,4.0,5.0,6.0,7.0,8.0,9.0,10.0,11.0,12.0,13.0,14.0,15.0,16.0,17.0,18.0,19.0	60.353946059102675,60.56046235966742,58.000923965125914,58.64383655390334,60.664441921817094,60.50024506311654,69.31244316895823,72.27939030981699,73.59399114895524,79.45530435256694,79.20855446427007,85.42557275082837,90.49119879008276,93.4346273880243,97.21427064823382,99.33028794151778,107.74940186394694,111.93342362052462,116.2754368741386,118.90868431561665	linear	0.12	908882,,
908883	0.0,1.0,2.0,3.0,4.0,5.0,6.0,7.0,8.0,9.0,10.0,11.0,12.0,13.0,14.0,15.0,16.0,17.0,18.0,19.0	47.17689772681046,55.42252885632967,55.69733164110575,47.862149544893825,52.15879896119006,45.65296537807462,42.523318087198106,31.615012138809938,29.76300791510286,22.889475578721296,10.555988157413116,8.12666414568232,0.1607868094064182,-6.1903367393089095,-11.201082369246118,-18.664485201147187,-29.605086957930094,-32.71628355772479,-43.55803103893009,-44.011711194975625	linear	0.12	908883,,
908884	0.0,1.0,2.0,3.0,4.0,5.0,6.0,7.0,8.0,9.0,10.0,11.0,12.0,13.0,14.0,15.0,16.0,17.0,18.0,19.0	36.66162432816455,39.6055349625296,37.2596737319153,34.714151747214395,32.65781030462874,33.077864246661576,29.01926959435963,27.959219801390635,24.516813774828268,23.500935867257056,22.37388718014753,20.567756872208943,16.999438277567393,16.873539512615253,15.017304586756076,10.276523096875309,11.558246344892751,8.120567911665788,5.1744573833422685,3.8417162196255	linear	0.12	908884,,
908885	0.0,1.0,2.0,3.0,4.0,5.0,6.0,7.0,8.0,9.0,10.0,11.0,12.0,13.0,14.0,15.0,16.0,17.0,18.0,19.0	-7.64217660589572,-1.3636882320298156,-3.2989810866736953,-1.9822613350624465,-6.4853340177307075,-0.8001306230190579,-14.557809730176423,-16.45065268900376,-30.743730331028146,-38.44293070403539,-47.57046532503904,-48.20851066999454,-65.18511733278814,-69.85090515321887,-73.62769048773721,-85.14094237563543,-98.23001930349454,-104.28544392275896,-109.16050077080439,-120.26915041831012	linear	0.12	908885,,
908886	0.0,1.0,2.0,3.0,4.0,5.0,6.0,7.0,8.0,9.0,10.0,11.0,12.0,13.0,14.0,15.0,16.0,17.0,18.0,19.0	-44.98470276974078,-42.76533797335918,-41.98845092155483,-44.299445174025294,-40.41609510721551,-46.77408908393583,-34.02446237767015,-27.1930987528063,-23.994713323477292,-14.843797704052985,-14.905447370235969,-9.5513398543523,0.2784647062871173,3.6797945120156594,12.252028905901373,15.529496341206157,25.376865990942655,30.963510617238168,34.34867585251876,40.618031878146176	linear	0.12	908886,,
908887	0.0,1.0,2.0,3.0,4.0,5.0,6.0,7.0,8.0,9.0,10.0,11.0,12.0,13.0,14.0,15.0,16.0,17.0,18.0,19.0	21.29202036283077,20.611659686577184,28.29674134439199,37.99815956681843,37.750751280084046,46.035042414784,48.878419052344825,57.94555218166407,63.223082706537966,76.37009624470434,76.71617660291857,81.76145707514571,85.61916657480796,90.87361461998555,105.66780816900341,109.45814215119569,110.63955108379409,124.54537442305636,129.3798170840583,128.30592589976033	linear	0.12	908887,,
908888	0.0,1.0,2.0,3.0,4.0,5.0,6.0,7.0,8.0,9.0,10.0,11.0,12.0,13.0,14.0,15.0,16.0,17.0,18.0,19.0	-101.32820107132561,-106.75052606732719,-114.39337191976148,-115.4978905359674,-124.05621145214752,-129.28410789250182,-145.7296258409708,-153.7497804849027,-153.90216759326069,-173.02066877491995,-182.94809474219323,-193.53744498845077,-206.05169995115398,-201.21593279967908,-214.92264299838524,-225.84646724003403,-242.13809126811168,-256.8747951896522,-261.4930754432806,-270.7814173455414	linear	0.12	908888,,
908889	0.0,1.0,2.0,3.0,4.0,5.0,6.0,7.0,8.0,9.0,10.0,11.0,12.0,13.0,14.0,15.0,16.0,17.0,18.0,19.0	186.57918512034902,188.6223090456161,195.3900438892503,191.56756638108348,206.76940407220337,223.62597021620297,221.27007679097375,229.96683871148554,247.92773836599275,252.43775031525354,273.38130471947295,279.9794872480976,291.32379905778834,293.7216270503867,313.6737648073505,312.7083782409672,334.1626718196905,329.92448636471863,353.2377367179122,360.7400377012042	linear	0.12	908889,,
908890	0.0,1.0,2.0,3.0,4.0,5.0,6.0,7.0,8.0,9.0,10.0,11.0,12.0,13.0,14.0,15.0,16.0,17.0,18.0,19.0	-75.58031121437736,-75.75746088942421,-76.54079823076722,-75.29505321432336,-73.40194209769219,-78.75350665449682,-79.61393549638098,-88.73479304011363,-94.75595682984941,-100.14681640547947,-100.37743491938733,-109.94939186464144,-112.64785115187418,-115.26698971847927,-121.6749871874205,-125.13653515364629,-128.86710919602538,-134.21709128777442,-142.54435921021283,-145.69031357607446	linear	0.12	908890,,
908891	0.0,1.0,2.0,3.0,4.0,5.0,6.0,7.0,8.0,9.0,10.0,11.0,12.0,13.0,14.0,15.0,16.0,17.0,18.0,19.0	-41.528544930043736,-40.97657364055945,-40.993156330674104,-39.374433086269626,-39.13406887654341,-38.03052308422711,-35.62422586408299,-33.8675966553688,-33.470706923732465,-33.05776474023713,-32.00000965328016,-31.72840493784568,-31.007422603404542,-28.176318013757353,-29.29951215208208,-26.09733060415482,-25.600844473409357,-24.524652740679734,-23.393840068421813,-24.077236517116805	linear	0.12	908891,,
908892	0.0,1.0,2.0,3.0,4.0,5.0,6.0,7.0,8.0,9.0,10.0,11.0,12.0,13.0,14.0,15.0,16.0,17.0,18.0,19.0	-140.68601563104815,-132.23518871606183,-128.74482716184093,-132.14373085551102,-139.80353693161337,-138.63845660551786,-146.44245322537301,-158.83250083294757,-160.03104737553397,-179.15449023889357,-179.021965463818,-199.783249905628,-202.51703558453022,-218.80619221615257,-223.54764843161774,-235.7002691455343,-246.12678400779117,-255.18545507043126,-262.42031419142234,-281.6875030767974	linear	0.12	908892,,
908893	0.0,1.0,2.0,3.0,4.0,5.0,6.0,7.0,8.0,9.0,10.0,11.0,12.0,13.0,14.0,15.0,16.0,17.0,18.0,19.0	81.29894663736489,76.1267589103884,76.67068951885243,77.31724389235981,76.61750679912107,80.86853464975931,86.1240902367659,96.68159919641977,101.45520925583651,108.86294667957108,108.3154731605837,118.71787094882491,119.95401954018539,132.7079386976429,137.03939408646605,139.2882497733309,143.60139369047894,152.08640711812058,159.7671090824638,164.55990956521902	linear	0.12	908893,,
908894	0.0,1.0,2.0,3.0,4.0,5.0,6.0,7.0,8.0,9.0,10.0,11.0,12.0,13.0,14.0,15.0,16.0,17.0,18.0,19.0	-19.993051893816478,-17.557083185822496,-18.956249391391303,-19.04523868704194,-19.680528273121453,-17.175194808220784,-17.907261331339804,-17.686754401309475,-19.14773145910658,-18.866101102751934,-18.045953650658596,-17.861889837601268,-19.875329076618698,-18.466984724528082,-19.558141288848628,-19.84479605639988,-19.792764194799194,-18.99235709606188,-18.132921686883968,-19.28348001057173	linear	0.12	908894,,
908895	0.0,1.0,2.0,3.0,4.0,5.0,6.0,7.0,8.0,9.0,10.0,11.0,12.0,13.0,14.0,15.0,16.0,17.0,18.0,19.0	-50.16070784527785,-47.66564106687226,-47.776966570131286,-49.91024901201179,-51.28243396731422,-51.64083753482669,-52.109503482182774,-53.57942879265622,-53.46559801245795,-54.75051820105153,-56.13658006325593,-58.368681211598094,-58.0836510345975,-58.796575409445076,-60.92302965362578,-61.431069057619254,-62.53053167811189,-62.04793576189134,-64.84042559580904,-63.506625094241755	linear	0.12	908895,,
908896	0.0,1.0,2.0,3.0,4.0,5.0,6.0,7.0,8.0,9.0,10.0,11.0,12.0,13.0,14.0,15.0,16.0,17.0,18.0,19.0	96.41494329610958,94.52817438580072,92.59655322912224,97.4053295369962,92.90441772225886,95.73182766727642,80.41884255367371,78.30461182765488,73.91825495742407,59.18375109621503,59.229058160286655,53.49813077143328,40.598594398365066,37.20681370468739,29.313353186862713,15.00518570332813,15.927462514567608,10.034160525060202,4.254003853037176,-2.6633801980042477	linear	0.12	908896,,
908897	0.0,1.0,2.0,3.0,4.0,5.0,6.0,7.0,8.0,9.0,10.0,11.0,12.0,13.0,14.0,15.0,16.0,17.0,18.0,19.0	-93.28164019809913,-90.01409674541951,-96.3556640678811,-89.47697478504989,-97.88481653144551,-100.381516288999,-114.08871851329314,-110.74071181125235,-120.50876232381239,-134.32336631593756,-145.41624788813334,-145.3556201987958,-158.06128039255782,-161.13912237090108,-178.93973256614007,-184.4011014814995,-184.12344097980463,-192.59128866838682,-199.73771276679668,-209.62911843712135	linear	0.12	908897,,
908898	0.0,1.0,2.0,3.0,4.0,5.0,6.0,7.0,8.0,9.0,10.0,11.0,12.0,13.0,14.0,15.0,16.0,17.0,18.0,19.0	48.007916504169216,48.540871320254524,46.62411994798676,45.11229091316459,46.09685467439573,45.50062136955334,44.136738089834736,41.75222835670509,41.99320671119977,39.46843948820395,38.54567968975225,38.5836474594261,38.11863014326161,37.71330047260919,36.14252455736829,34.531976328694824,32.30373110489237,31.053705235522706,32.326357505785,31.825636715528177	linear	0.12	908898,,
908899	0.0,1.0,2.0,3.0,4.0,5.0,6.0,7.0,8.0,9.0,10.0,11.0,12.0,13.0,14.0,15.0,16.0,17.0,18.0,19.0	-19.702198158054138,-20.37406259138534,-26.078832077322105,-23.118418161554324,-24.7486411922418,-20.1750934322191,-9.084230527357079,-2.090218372345433,-2.356963889781767,11.02312363476117,9.52154177586538,19.664495032060167,21.50210691512843,33.409879353431776,35.71179556440914,42.80883593204275,47.14677343863481,51.8796486446069,63.85663699805471,65.49732476842235	linear	0.12	908899,,
908900	0.0,1.0,2.0,3.0,4.0,5.0,6.0,7.0,8.0,9.0,10.0,11.0,12.0,13.0,14.0,15.0,16.0,17.0,18.0,19.0	104.6798425967969,98.86795008668008,109.97709657602051,98.78767493472081,99.03138073000736,88.66152116225734,84.41606609084248,69.16589376290224,68.38448943212998,50.26131057397352,44.27776981742079,39.97228673232828,37.79717183434216,19.291999900718974,18.95606639505804,13.955118590901051,-2.670108527428294,-9.839751489343715,-13.787275389989368,-25.129202424138654	linear	0.12	908900,,
908901	0.0,1.0,2.0,3.0,4.0,5.0,6.0,7.0,8.0,9.0,10.0,11.0,12.0,13.0,14.0,15.0,16.0,17.0,18.0,19.0	9.516007714428625,14.559958408899732,12.083269056167723,14.147052511010472,21.10054050365808,21.407107612550504,28.04436491806159,39.16112902493643,39.96185767671089,52.222898450943944,59.59243025610728,65.20497846521556,70.78568110005357,71.01689904754711,76.50746749435012,83.57327776855864,88.63237878309485,98.21106228986149,105.87376332820638,109.37066233160407	linear	0.12	908901,,
908902	0.0,1.0,2.0,3.0,4.0,5.0,6.0,7.0,8.0,9.0,10.0,11.0,12.0,13.0,14.0,15.0,16.0,17.0,18.0,19.0	-68.147228512286,-67.59145598023335,-70.41692039033758,-65.7367707290101,-63.00362692976549,-56.487938794375765,-53.299525366398804,-52.4791065146158,-48.933362799233564,-43.41728382672286,-38.21167147071914,-33.86877439725907,-30.32719357305432,-29.586124346209004,-22.96037488445389,-22.24192176870492,-15.471780657422222,-9.557636742912159,-5.407720547428399,-6.05488842974429	linear	0.12	908902,,
908903	0.0,1.0,2.0,3.0,4.0,5.0,6.0,7.0,8.0,9.0,10.0,11.0,12.0,13.0,14.0,15.0,16.0,17.0,18.0,19.0	-50.29582966594845,-55.220438249275716,-52.53909760079514,-47.09984463413352,-38.230329272095545,-40.5098348339907,-26.577798388568034,-15.507330631255797,-15.017928277319628,-11.814381773337574,-3.044599034054631,11.636157286589757,9.336147440692226,19.428285219682607,27.713559547217564,29.978333334098977,45.812372120567176,44.89130112881817,55.77919943494052,59.486092625240374	linear	0.12	908903,,
908904	0.0,1.0,2.0,3.0,4.0,5.0,6.0,7.0,8.0,9.0,10.0,11.0,12.0,13.0,14.0,15.0,16.0,17.0,18.0,19.0	-37.54356497622608,-36.57865136991413,-41.45502037058041,-31.623629870701876,-37.737937915908645,-54.91331878741102,-62.77067400289604,-70.23108031367809,-71.21687042148213,-78.61692618447765,-87.54558509048132,-101.00239704706746,-112.26343536959861,-121.11760731857925,-124.12819412520889,-132.036691878601,-137.64560198612173,-153.6894227122812,-153.4098252470883,-168.07230685782343	linear	0.12	908904,,
908905	0.0,1.0,2.0,3.0,4.0,5.0,6.0,7.0,8.0,9.0,10.0,11.0,12.0,13.0,14.0,15.0,16.0,17.0,18.0,19.0	-78.46894436275278,-79.04823937963799,-79.89841214819984,-76.62069034841615,-76.50505432496088,-72.70796260074678,-71.57787181018048,-70.80507899111936,-67.25008383041578,-66.75450907718098,-64.14494372241927,-61.2527129683885,-60.45583078289795,-58.05447740148544,-56.760438192763445,-53.03950153211998,-50.731373592444605,-49.081810368189956,-48.88450240380069,-45.700996451055914	linear	0.12	908905,,
908906	0.0,1.0,2.0,3.0,4.0,5.0,6.0,7.0,8.0,9.0,10.0,11.0,12.0,13.0,14.0,15.0,16.0,17.0,18.0,19.0	139.2269035296337,138.4885150632777,145.6962197336986,148.9023076548614,155.061124629739,161.1312597218406,165.90982388281242,172.43564273068958,175.34091078461427,177.87261806938716,185.90417210561168,191.00296694356834,195.92687991807102,196.90908836680575,204.03956050171908,214.63586872048631,215.69941272079666,224.43978872522453,225.59340638138104,228.93677877778848	linear	0.12	908906,,
908907	0.0,1.0,2.0,3.0,4.0,5.0,6.0,7.0,8.0,9.0,10.0,11.0,12.0,13.0,14.0,15.0,16.0,17.0,18.0,19.0	-72.20649125665261,-71.84631943805554,-71.69681250127178,-73.00606075308797,-74.8353067324554,-78.55613882454946,-78.12430331054216,-82.46056592909005,-84.90353667368977,-86.18912989145298,-86.08266757062857,-89.32590767453644,-91.32854221122457,-94.68967575947143,-97.1489426419022,-97.63494485511131,-99.46978744175188,-101.06055089499289,-104.75840016826902,-107.08888650103177	linear	0.12	908907,,
908908	0.0,1.0,2.0,3.0,4.0,5.0,6.0,7.0,8.0,9.0,10.0,11.0,12.0,13.0,14.0,15.0,16.0,17.0,18.0,19.0	-22.857414834242178,-27.62160403047723,-24.31360452527852,-28.088609115487827,-21.682392607893973,-11.622386928196775,-1.2496371864256446,11.821359629995342,12.289378844673365,25.699530108672235,32.00203907944585,38.78211106657464,49.8314829155225,51.14266723404256,65.1403139406671,68.40471295847907,78.74735556988652,88.73561701677373,91.04759481550929,100.01827623790133	linear	0.12	908908,,
908909	0.0,1.0,2.0,3.0,4.0,5.0,6.0,7.0,8.0,9.0,10.0,11.0,12.0,13.0,14.0,15.0,16.0,17.0,18.0,19.0	-86.26367508930174,-88.16113048645533,-84.87966908766552,-92.69615491240641,-95.00388706728857,-107.70927690519662,-106.40145557968613,-111.42246751904773,-122.5629738557646,-122.38447433003925,-125.9708526327872,-137.42658070777583,-141.41335697866026,-146.49301390057343,-147.4110974707786,-153.24268270070945,-162.76005501972546,-161.78158879460233,-167.745109636777,-173.3022832059168	linear	0.12	908909,,
908910	0.0,1.0,2.0,3.0,4.0,5.0,6.0,7.0,8.0,9.0,10.0,11.0,12.0,13.0,14.0,15.0,16.0,17.0,18.0,19.0	46.57773504159815,50.15377707446051,46.25188244777518,46.16464196014306,46.99177220250023,40.35028682738487,35.13707596383312,35.68084009041239,26.272167702872657,25.45604848544646,16.380768286853666,14.290774980394382,4.126676504335535,2.4072518360487223,-5.97626487468284,-3.9799902966473084,-14.565504903056485,-16.152907951372136,-19.075506362449275,-29.666691120801417	linear	0.12	908910,,
908911	0.0,1.0,2.0,3.0,4.0,5.0,6.0,7.0,8.0,9.0,10.0,11.0,12.0,13.0,14.0,15.0,16.0,17.0,18.0,19.0	-1.7233874850904272,-5.769860895143353,2.6283937316433565,6.2679613022346246,13.027510129554187,30.5895871617207,34.71980737311006,44.12328381556064,51.20310442566954,61.21630290590576,77.2697827814312,82.93789286246967,83.85903213923213,104.16481269489684,105.89097975274755,114.69108427354982,124.61302426812051,136.86240800453015,148.0160140462112,158.57260105092988	linear	0.12	908911,,
908912	0.0,1.0,2.0,3.0,4.0,5.0,6.0,7.0,8.0,9.0,10.0,11.0,12.0,13.0,14.0,15.0,16.0,17.0,18.0,19.0	28.483092798946497,26.913517570068713,26.413821334538568,25.118332339072136,25.021714925455264,25.045260725686713,21.672681069274184,21.332879417557837,20.38231520127301,19.79857667400934,18.769903317667186,16.88415535964373,15.646471210635536,15.583785366265529,14.632526254447484,13.627831659447564,13.50960650000337,11.512350846792224,10.480573224510156,9.650997589576605	linear	0.12	908912,,
908913	0.0,1.0,2.0,3.0,4.0,5.0,6.0,7.0,8.0,9.0,10.0,11.0,12.0,13.0,14.0,15.0,16.0,17.0,18.0,19.0	92.80692088999889,95.15892369698987,93.18897005707696,83.72198195269827,85.71125717504631,78.97520274803108,73.78241469025525,63.259441854101595,60.17831598178235,58.24487446781277,52.779739944104136,47.64260127364773,38.616498917316946,33.373276617238844,31.11693502808138,24.892184786415317,22.68619936117773,15.350511444651527,10.073916991397864,2.995241586185813	linear	0.12	908913,,
908914	0.0,1.0,2.0,3.0,4.0,5.0,6.0,7.0,8.0,9.0,10.0,11.0,12.0,13.0,14.0,15.0,16.0,17.0,18.0,19.0	-23.539173723490144,-24.627589570695477,-28.346204536964848,-22.286039418287082,-18.497029266383713,-6.189453172725742,-6.256287656574138,5.7913294904958335,9.957266190385447,16.50102244154558,22.039184633936365,30.49202281267548,31.961557734777507,35.38181625074321,42.555306861749386,49.022415629747144,55.65046462876872,60.36474627892983,74.08170592112931,70.81346941277417	linear	0.12	908914,,
908915	0.0,1.0,2.0,3.0,4.0,5.0,6.0,7.0,8.0,9.0,10.0,11.0,12.0,13.0,14.0,15.0,16.0,17.0,18.0,19.0	-179.45801231218886,-189.22856225929786,-185.74083647701826,-178.3642885234475,-183.84398151926064,-180.2106222608794,-186.16066128152232,-196.28569503187265,-201.99237286658064,-214.42666891744676,-220.84413074487566,-234.65612340443,-237.839643062331,-249.75624473002276,-252.54370446809259,-258.28298381020574,-267.1301597051999,-284.89325786403424,-291.9667968576585,-296.37041157311506	linear	0.12	908915,,
908916	0.0,1.0,2.0,3.0,4.0,5.0,6.0,7.0,8.0,9.0,10.0,11.0,12.0,13.0,14.0,15.0,16.0,17.0,18.0,19.0	-68.83646424434626,-68.65429137928135,-67.20499515370608,-66.25305456506388,-64.17909988597997,-61.95766924110038,-59.438244869789955,-57.90333371980269,-54.20527206099048,-53.262094335471545,-51.461345025863785,-48.95659011022837,-48.99232098603076,-44.74460208248246,-45.24791605378874,-41.98868687870043,-39.60390936312092,-38.637837065708695,-35.292547083816785,-32.92410012247733	linear	0.12	908916,,
908917	0.0,1.0,2.0,3.0,4.0,5.0,6.0,7.0,8.0,9.0,10.0,11.0,12.0,13.0,14.0,15.0,16.0,17.0,18.0,19.0	-84.54896087229639,-85.93328877255315,-85.1029379620233,-86.02335312409468,-86.86908332846677,-85.24354648218005,-84.1150443251355,-82.05312027932007,-80.92856883969507,-78.00336383635216,-74.28014288770413,-72.81971601259946,-70.3776158865102,-69.14903095731081,-65.96855364535143,-64.60406511546272,-62.40962219601122,-62.3843071728982,-59.631129445862626,-57.856482746298944	linear	0.12	908917,,
908918	0.0,1.0,2.0,3.0,4.0,5.0,6.0,7.0,8.0,9.0,10.0,11.0,12.0,13.0,14.0,15.0,16.0,17.0,18.0,19.0	-36.909540786157514,-37.07160056180564,-35.138854618723826,-37.011019227603164,-38.42292466478624,-40.3582984920239,-39.205957774964396,-41.848266107682896,-41.477474961326024,-42.17457351752369,-45.68889156544563,-46.559817259385355,-47.258108276126066,-47.732639057198206,-49.650749104089385,-48.842669914581045,-51.35100445589405,-52.578312462330814,-52.64299991409673,-53.67607055530139	linear	0.12	908918,,
908919	0.0,1.0,2.0,3.0,4.0,5.0,6.0,7.0,8.0,9.0,10.0,11.0,12.0,13.0,14.0,15.0,16.0,17.0,18.0,19.0	-29.5024452183847,-32.122020274299004,-27.03010032567959,-29.79387652353263,-28.66583219473316,-27.95306940063533,-23.204416502491284,-19.925016331039274,-10.110484176454927,-7.938692572971814,-7.5222031005267365,-3.2070057405861867,-0.01692093481910817,7.35466388644487,10.941687342494635,14.089475943413085,16.590479872155147,24.271199152540333,24.615788112333007,27.739416110840075	linear	0.12	908919,,
908920	0.0,1.0,2.0,3.0,4.0,5.0,6.0,7.0,8.0,9.0,10.0,11.0,12.0,13.0,14.0,15.0,16.0,17.0,18.0,19.0	100.70375331393602,99.08493590763862,103.35910447985611,103.12801068499263,107.82549992149085,107.37224087784523,109.07089857779022,113.110058029115,113.52231947333338,116.11494569096536,119.71830597338234,120.81420893515299,122.21547022075985,123.94530086023654,126.65957093359148,129.73697215020215,129.34056358254617,131.64824722636993,135.00884813353633,137.61513656870548	linear	0.12	908920,,
908921	0.0,1.0,2.0,3.0,4.0,5.0,6.0,7.0,8.0,9.0,10.0,11.0,12.0,13.0,14.0,15.0,16.0,17.0,18.0,19.0	-12.076025708322938,-15.571549210554817,-14.64621039133841,-12.964732154266166,-13.339032118079558,-18.437840554429606,-17.122905235023097,-23.01222311193194,-26.91757568569157,-27.369790407904635,-29.155057307975312,-34.92733586602472,-36.64639745604693,-40.886711474186825,-43.686938803840924,-47.71354693648864,-50.82621736594763,-52.352944425741306,-55.68113371037326,-56.64790618623061	linear	0.12	908921,,
908922	0.0,1.0,2.0,3.0,4.0,5.0,6.0,7.0,8.0,9.0,10.0,11.0,12.0,13.0,14.0,15.0,16.0,17.0,18.0,19.0	-41.76869073328062,-45.847409280428664,-38.91175510139229,-41.01579653862039,-35.683853983351725,-39.62693266624281,-26.94447202201792,-28.349223910519342,-15.560307513031319,-12.7682523623712,0.8822450060148981,5.0436838856183215,17.633726711981907,26.00604338423571,36.328502793528685,41.917484442797246,48.709942661088746,51.12698260186191,62.72622758694399,66.4123991435775	linear	0.12	908922,,
908923	0.0,1.0,2.0,3.0,4.0,5.0,6.0,7.0,8.0,9.0,10.0,11.0,12.0,13.0,14.0,15.0,16.0,17.0,18.0,19.0	103.75419828763712,97.56378293571964,97.53508770488764,99.12720126453371,97.06915496873802,79.65514939655269,84.310892527128,67.6962892147053,63.512121174637485,54.793551691756775,49.621961612232155,40.01807885399666,32.66769815420811,21.651739489272206,7.850802551403901,4.907501179524047,-3.440175265888575,-6.6560308737628375,-16.908400504669498,-19.71733247674549	linear	0.12	908923,,
908924	0.0,1.0,2.0,3.0,4.0,5.0,6.0,7.0,8.0,9.0,10.0,11.0,12.0,13.0,14.0,15.0,16.0,17.0,18.0,19.0	41.62647190350941,41.8652698343663,38.642300528214385,33.41454981215374,27.77757384937697,23.64442525541274,20.40351793268149,10.262453378150077,4.9923634431319215,-2.2477274048755262,-4.459493091016618,-8.570619012165913,-9.199661741033275,-21.403053875925146,-21.750103491853366,-28.497576072718772,-36.096513200758636,-35.66491074905629,-41.93966433799607,-52.55984159817121	linear	0.12	908924,,
908925	0.0,1.0,2.0,3.0,4.0,5.0,6.0,7.0,8.0,9.0,10.0,11.0,12.0,13.0,14.0,15.0,16.0,17.0,18.0,19.0	55.05410785187636,54.36079127771501,56.164092152832254,44.57070516207711,44.06296167369605,26.645605727293383,20.89334843473541,12.9665721344914,-1.60530982661097,1.8547341872414904,-6.819817499967215,-18.738496173969782,-28.43570835492078,-32.14182992764255,-46.674257067332306,-57.084610961538985,-61.65864656877031,-71.41939896051304,-77.4829815114387,-87.13137734890672	linear	0.12	908925,,
908926	0.0,1.0,2.0,3.0,4.0,5.0,6.0,7.0,8.0,9.0,10.0,11.0,12.0,13.0,14.0,15.0,16.0,17.0,18.0,19.0	-67.00486114642278,-64.84727206837465,-66.54404053497034,-69.92702591019031,-70.88032682667553,-76.8474812929768,-78.20316750100247,-80.72372059453977,-82.17405820788242,-84.77434314224499,-89.66747179352299,-91.73213721359684,-98.04025585034539,-99.99267067122409,-103.59232583043877,-104.05645390714204,-108.8785418346313,-113.18755999487962,-116.01019198177292,-117.77401197522332	linear	0.12	908926,,
908927	0.0,1.0,2.0,3.0,4.0,5.0,6.0,7.0,8.0,9.0,10.0,11.0,12.0,13.0,14.0,15.0,16.0,17.0,18.0,19.0	-22.28750126947915,-21.32901447576965,-23.400951185394973,-23.362941023638086,-21.904577875642914,-21.635411552425428,-20.961109490654966,-21.612266507593823,-21.84111753929836,-21.251482441383708,-23.433329365343187,-23.248677429105182,-20.98835551565391,-23.143344038307106,-22.26713481178064,-22.047093082486334,-22.420036395554405,-21.80763258880585,-21.002501520595725,-23.206315862658144	linear	0.12	908927,,
908928	0.0,1.0,2.0,3.0,4.0,5.0,6.0,7.0,8.0,9.0,10.0,11.0,12.0,13.0,14.0,15.0,16.0,17.0,18.0,19.0	41.30723394042485,40.18170951483617,41.8934646833265,47.429632272253954,48.979064712009574,66.05098015012942,71.97152468713276,84.32242493530711,86.09062329840827,99.11487115846876,96.8905729191378,116.21158224408788,118.19117425467194,120.7971628495918,128.06016371119682,147.5478813351412,154.23632021971974,158.01663505066784,165.96412143706547,171.09384392650907	linear	0.12	908928,,
908929	0.0,1.0,2.0,3.0,4.0,5.0,6.0,7.0,8.0,9.0,10.0,11.0,12.0,13.0,14.0,15.0,16.0,17.0,18.0,19.0	-17.214658374684348,-18.04508210668659,-17.089479229764702,-17.935328038560808,-16.033533999785252,-17.351545723677944,-19.588092499020696,-20.125221577203313,-22.86859541076553,-21.623366984036387,-24.39345812472741,-24.854865980502225,-25.025370264939347,-26.913548190757943,-26.745876905220694,-29.83466203043298,-30.783681812863005,-31.13106773297544,-32.046078029991364,-30.86834925921844	linear	0.12	908929,,
908930	0.0,1.0,2.0,3.0,4.0,5.0,6.0,7.0,8.0,9.0,10.0,11.0,12.0,13.0,14.0,15.0,16.0,17.0,18.0,19.0	-73.17955548046905,-71.95494507298199,-72.34554518560103,-71.80069487842431,-71.93433231409712,-70.4428064000925,-69.26144469268415,-68.0643863479684,-67.32889267810586,-65.69103533567228,-63.33867296675744,-62.26294987631674,-61.988115975571915,-60.49765181606673,-60.18939557932141,-60.71435642326788,-59.740124141478205,-57.43229063297214,-58.04914467057549,-56.735928717992365	linear	0.12	908930,,
908931	0.0,1.0,2.0,3.0,4.0,5.0,6.0,7.0,8.0,9.0,10.0,11.0,12.0,13.0,14.0,15.0,16.0,17.0,18.0,19.0	-83.24420925884087,-82.66268814087574,-86.27723200379829,-80.66963115192769,-77.22779475949307,-69.9504124915847,-67.06953085859317,-67.19507452517287,-61.0383615348206,-58.16203437696128,-53.91317617263043,-49.23339660328753,-42.61928515618797,-41.03427351263949,-37.23043237203947,-35.285431523400824,-29.894744034103056,-23.197647013484364,-20.4793946596182,-15.440675561990659	linear	0.12	908931,,
908932	0.0,1.0,2.0,3.0,4.0,5.0,6.0,7.0,8.0,9.0,10.0,11.0,12.0,13.0,14.0,15.0,16.0,17.0,18.0,19.0	-40.79123044682344,-37.81562211358866,-50.61297195135641,-54.18758377513891,-56.11634357747869,-71.55860874478245,-72.80357785053593,-86.55559899919035,-100.79668122828443,-96.06294955138799,-113.86790690873562,-123.36529832343325,-123.5576355609995,-132.667768918433,-142.2154948097749,-147.9198140619833,-163.26198345319784,-170.03555771088352,-180.24374406050273,-187.29641844050747	linear	0.12	908932,,
908933	0.0,1.0,2.0,3.0,4.0,5.0,6.0,7.0,8.0,9.0,10.0,11.0,12.0,13.0,14.0,15.0,16.0,17.0,18.0,19.0	-94.97307541694218,-94.08563642567826,-94.2045923836591,-94.41276768810755,-92.08675048542602,-93.5329920481461,-96.38369392134672,-98.12220119193555,-104.19462333841547,-104.30315134525647,-110.53353310762952,-110.30549023578035,-115.99518296950446,-115.17602139417475,-119.60847188053475,-122.91075865342896,-125.24721007971526,-131.36732449320093,-132.9319766744525,-136.6872060716809	linear	0.12	908933,,
908934	0.0,1.0,2.0,3.0,4.0,5.0,6.0,7.0,8.0,9.0,10.0,11.0,12.0,13.0,14.0,15.0,16.0,17.0,18.0,19.0	-26.79514936914415,-24.549531803813984,-24.65130271215235,-22.005323862310803,-25.593771341248342,-27.462184812740034,-29.775397611785635,-36.76527561023187,-39.93051478676836,-46.5936748432339,-47.440163021178535,-52.1843174446526,-54.27027979520109,-60.76787411317538,-61.40375356382134,-71.11468054880791,-70.25434473354095,-74.78653585088948,-81.23199905322414,-86.622920310665	linear	0.12	908934,,
908935	0.0,1.0,2.0,3.0,4.0,5.0,6.0,7.0,8.0,9.0,10.0,11.0,12.0,13.0,14.0,15.0,16.0,17.0,18.0,19.0	-22.546935862760165,-25.23473767253232,-14.698602593106038,-17.874605436300453,-17.163448179101707,-24.60294161545992,-7.7499571741402775,4.794116015027917,3.702341242919921,17.99265235089213,36.50000297124204,40.11276343037435,45.70108105361515,55.1677025407954,67.33849885217872,78.37609043558149,83.74072598500915,101.05416157114347,104.27301315698993,120.4273054784027	linear	0.12	908935,,
908936	0.0,1.0,2.0,3.0,4.0,5.0,6.0,7.0,8.0,9.0,10.0,11.0,12.0,13.0,14.0,15.0,16.0,17.0,18.0,19.0	-56.917759057078435,-68.33698307118888,-70.48494437861035,-76.03182355318441,-80.829390800223,-89.90855926099547,-94.76125538164149,-92.90696869098784,-98.2461083332629,-106.89779641865556,-109.99300779875149,-113.73314034599737,-124.32521474025316,-127.04094637007024,-129.56231093841507,-137.56681608313417,-138.37987432915338,-143.94811565756467,-147.53931904631764,-155.9123405706153	linear	0.12	908936,,
908937	0.0,1.0,2.0,3.0,4.0,5.0,6.0,7.0,8.0,9.0,10.0,11.0,12.0,13.0,14.0,15.0,16.0,17.0,18.0,19.0	11.682483576108446,11.051912706700435,12.146075041890704,8.517881748913972,8.006772450134783,2.540959262400932,-0.3256605874464995,-1.474429266037717,-5.424509667495755,-7.480040522657951,-13.685426912830742,-13.642276066159042,-17.646221016981002,-23.23752928656264,-25.97106708575582,-25.035208500517406,-32.48444997557403,-30.475229488671616,-34.8903923376293,-38.49108551157415	linear	0.12	908937,,
908938	0.0,1.0,2.0,3.0,4.0,5.0,6.0,7.0,8.0,9.0,10.0,11.0,12.0,13.0,14.0,15.0,16.0,17.0,18.0,19.0	56.851933835727564,48.906552650447196,46.72357953706202,37.47993207424473,35.7450454060872,29.936251871711946,13.847742461530913,-0.18204484090617257,-4.643379426229345,-12.273466808347152,-28.848091945371593,-29.125933924032424,-34.35913071403468,-50.3714661186324,-66.02832293992891,-60.523415309599656,-77.06263346902186,-85.40787917775253,-90.46187101156058,-110.66529889315085	linear	0.12	908938,,
908939	0.0,1.0,2.0,3.0,4.0,5.0,6.0,7.0,8.0,9.0,10.0,11.0,12.0,13.0,14.0,15.0,16.0,17.0,18.0,19.0	-66.98158548585882,-66.68787304518652,-61.48980098020523,-49.91565376858469,-43.053473146771765,-41.802273585914804,-33.282662531594156,-22.342169634906966,-15.37130350138142,-9.834306488303554,-5.410328453628409,3.765367997392957,14.204688740761256,25.757037881710474,30.01915411252577,33.24342226985041,51.55268004321191,59.387768789653464,59.8864416422463,70.84733177150206	linear	0.12	908939,,
908940	0.0,1.0,2.0,3.0,4.0,5.0,6.0,7.0,8.0,9.0,10.0,11.0,12.0,13.0,14.0,15.0,16.0,17.0,18.0,19.0	-97.46551624563801,-101.26901120821483,-117.62011826714318,-122.82534952385174,-130.5135287659425,-139.14076425206144,-154.70608605704373,-153.64810169782987,-168.76232655364453,-168.56315051092523,-185.5225881864804,-194.90674491880085,-205.86074990116296,-212.70902531418696,-222.28666608974768,-231.4020648426579,-238.570975578497,-253.12247477452132,-259.88562826684733,-262.7471207500649	linear	0.12	908940,,
908941	0.0,1.0,2.0,3.0,4.0,5.0,6.0,7.0,8.0,9.0,10.0,11.0,12.0,13.0,14.0,15.0,16.0,17.0,18.0,19.0	-5.816206185331076,-9.572309409817343,-22.277517569385004,-29.070789911107227,-40.81740748145012,-55.63776462114467,-58.17412613576442,-60.92997777510563,-74.4197730000756,-84.64648516309373,-91.61544108454552,-99.9326805625262,-115.1008742297168,-117.6869058270182,-122.78043236947312,-134.50105677654622,-152.3148369437917,-155.3411528425435,-157.98605160857886,-167.5070884865396	linear	0.12	908941,,
908942	0.0,1.0,2.0,3.0,4.0,5.0,6.0,7.0,8.0,9.0,10.0,11.0,12.0,13.0,14.0,15.0,16.0,17.0,18.0,19.0	114.0111861468398,110.18143025495603,106.68100845013822,106.95448624650146,104.7882748619889,113.3357386845579,91.96815501259476,81.96805542292046,71.48931316576517,74.17868170138848,63.818384134564354,52.0195165067818,34.58235460228475,31.750823479919788,16.73530844836924,9.955896999991154,1.568288969500955,-8.913813876912016,-20.74656756384566,-39.35538504803171	linear	0.12	908942,,
908943	0.0,1.0,2.0,3.0,4.0,5.0,6.0,7.0,8.0,9.0,10.0,11.0,12.0,13.0,14.0,15.0,16.0,17.0,18.0,19.0	53.68511940023467,48.77053410320225,60.52177961262916,74.83305712481568,74.21229916431875,86.75303914338237,100.1692270018644,110.16437116959234,121.73833884668866,132.00805152670895,143.65388957889635,147.25525973045012,168.41268559608477,178.56995596069925,178.42108971318595,196.61163661661016,207.17544467167096,204.75049984892172,228.3530998020904,240.32995696205975	linear	0.12	908943,,
908944	0.0,1.0,2.0,3.0,4.0,5.0,6.0,7.0,8.0,9.0,10.0,11.0,12.0,13.0,14.0,15.0,16.0,17.0,18.0,19.0	-23.892845433623325,-23.821776084280856,-21.28971295712511,-20.593127979632712,-20.4344376486253,-19.299105637121702,-18.63200387422001,-16.27625717347373,-16.207360614090966,-16.090063548445446,-15.044002586860195,-13.988193717196495,-11.495141525377159,-10.627974641933069,-11.07390575292396,-8.920140895961554,-7.575027067669806,-7.90367996822989,-5.890630511636772,-5.836477528165684	linear	0.12	908944,,
908945	0.0,1.0,2.0,3.0,4.0,5.0,6.0,7.0,8.0,9.0,10.0,11.0,12.0,13.0,14.0,15.0,16.0,17.0,18.0,19.0	-62.6260911392088,-70.48901830022231,-63.035516060875636,-42.3270065793574,-41.91237697155658,-25.958341368342587,-19.238016001334003,-5.16984576439566,6.960102206481501,6.883489149894132,30.61422980904979,42.679823983180036,46.98795447458079,55.19120029852725,61.70577411952874,76.54464602347838,77.85721558084381,90.14710764995846,97.66999766920208,120.10464526967638	linear	0.12	908945,,
908946	0.0,1.0,2.0,3.0,4.0,5.0,6.0,7.0,8.0,9.0,10.0,11.0,12.0,13.0,14.0,15.0,16.0,17.0,18.0,19.0	9.04054269174814,6.226381430925759,0.5488598962837337,8.85728918258488,0.6875415932393523,4.600873028015947,13.463758820234405,14.151547252786344,28.831181295010992,35.67465417019507,37.55446793347022,49.08976161908892,55.97562860988968,65.66025062752944,65.86518244550545,70.65637834481026,82.2151064285896,91.24684743017319,95.76657365864982,104.32742811897516	linear	0.12	908946,,
908947	0.0,1.0,2.0,3.0,4.0,5.0,6.0,7.0,8.0,9.0,10.0,11.0,12.0,13.0,14.0,15.0,16.0,17.0,18.0,19.0	-187.9011439252639,-189.61378732857762,-195.58982955138717,-211.8073213459869,-215.21268159644475,-221.91550665791488,-233.19564854652037,-235.98640075008228,-247.99430317567538,-252.75581571117476,-264.92152820577763,-269.3999928178663,-282.2539854917453,-294.94052418960354,-289.9763715214258,-303.0801045741882,-318.53860298275697,-313.1880598129882,-334.2491548013111,-337.8470546923706	linear	0.12	908947,,
908948	0.0,1.0,2.0,3.0,4.0,5.0,6.0,7.0,8.0,9.0,10.0,11.0,12.0,13.0,14.0,15.0,16.0,17.0,18.0,19.0	9.612341648327174,0.6276636734939984,-22.178052266500714,-17.178266831670854,-39.19736311735605,-48.40199022203984,-55.57612813541019,-61.43876491462852,-65.86890476006728,-80.02946984534188,-81.67081487190319,-103.09049273692685,-99.64257155649332,-110.31615268689514,-128.77243342651812,-139.2149468749426,-137.23234523308798,-142.2022278492629,-162.12718543090728,-166.49512206268162	linear	0.12	908948,,
908949	0.0,1.0,2.0,3.0,4.0,5.0,6.0,7.0,8.0,9.0,10.0,11.0,12.0,13.0,14.0,15.0,16.0,17.0,18.0,19.0	-9.011911561706093,-11.978882927949368,-7.292280987850779,-11.954321754335405,-11.394332954143046,-4.786955968963724,1.1801002781660817,18.079602884220073,19.186580070819648,27.146316607843374,33.6060563029675,38.4089249217294,44.51877780925693,57.94750163994328,65.97815449966251,72.43290122129241,80.03573356496258,82.40528187781274,92.2580144271901,93.4904471773358	linear	0.12	908949,,
908950	0.0,1.0,2.0,3.0,4.0,5.0,6.0,7.0,8.0,9.0,10.0,11.0,12.0,13.0,14.0,15.0,16.0,17.0,18.0,19.0	-114.32563716584943,-113.08587926372294,-114.11981455650104,-111.50776264406348,-110.99614863711957,-108.61295048882326,-104.35950662401842,-104.2502970573769,-101.84638014004071,-100.41666365285795,-97.31071308540213,-96.7811281218825,-92.20916666945644,-91.4380172025577,-90.14583481511903,-87.07323149573385,-86.18952212977017,-83.78026611632876,-81.64060007581949,-79.34834277645717	linear	0.12	908950,,
908951	0.0,1.0,2.0,3.0,4.0,5.0,6.0,7.0,8.0,9.0,10.0,11.0,12.0,13.0,14.0,15.0,16.0,17.0,18.0,19.0	-65.18001424176941,-63.058873350033565,-64.63346705676382,-68.27701661213675,-70.14180503681101,-65.46857160311228,-67.97271115877875,-78.82125626991281,-93.12780910246089,-97.91996691475507,-115.25579264178319,-114.09779000257973,-124.21691410327934,-141.39538296982033,-139.93462595902497,-154.36537043375864,-158.77807152918973,-172.90067678423003,-175.25034248028675,-190.19167892507016	linear	0.12	908951,,
908952	0.0,1.0,2.0,3.0,4.0,5.0,6.0,7.0,8.0,9.0,10.0,11.0,12.0,13.0,14.0,15.0,16.0,17.0,18.0,19.0	27.483248113436858,27.982018800829707,20.470994238981575,23.600205037874986,21.57724362601715,32.14088684574113,46.88390786442216,50.54165688814273,55.893022915036646,66.185105151453,76.74514960497092,79.53974179078992,88.27251547080385,101.50171128974344,108.4238037897462,107.94657090428663,118.05361959740468,130.43868190355204,143.17406936625233,148.50852686585756	linear	0.12	908952,,
908953	0.0,1.0,2.0,3.0,4.0,5.0,6.0,7.0,8.0,9.0,10.0,11.0,12.0,13.0,14.0,15.0,16.0,17.0,18.0,19.0	-59.876734704872604,-62.758779251604246,-60.19599084018633,-56.1630427294,-63.349445139387996,-61.41492212808879,-61.967753925511644,-67.77518443362288,-72.66151393539002,-79.65117306417385,-82.67639927044472,-92.95387151142891,-93.55634220176904,-99.2131167366321,-103.13997593494604,-108.89481413671467,-112.65356544394729,-121.51275741194557,-125.22026120655633,-131.19197842195774	linear	0.12	908953,,
908954	0.0,1.0,2.0,3.0,4.0,5.0,6.0,7.0,8.0,9.0,10.0,11.0,12.0,13.0,14.0,15.0,16.0,17.0,18.0,19.0	73.6083687848868,81.90350826647962,75.02931684929332,81.92980571226462,82.97298959755136,74.02280336695716,72.6613984511838,58.964510920383624,52.42872393553626,45.44944712576207,39.495372127661746,34.0997717469312,25.338940739772653,8.771816003629532,2.6625836454796286,2.178122267222392,-13.954997132834258,-13.649773472575177,-25.13980393263099,-32.600395369141005	linear	0.12	908954,,
908955	0.0,1.0,2.0,3.0,4.0,5.0,6.0,7.0,8.0,9.0,10.0,11.0,12.0,13.0,14.0,15.0,16.0,17.0,18.0,19.0	79.9178081813456,78.13646707050347,78.55953963327713,75.4602889482261,76.57523185611647,75.6013730938572,74.6951889578957,72.49323250041182,70.75688776145465,70.6168412682595,70.5557190011283,68.33316783760297,66.40517215724708,66.173687082881,65.83214276000436,65.96026307343757,62.343830272994666,63.140869051011904,61.95511395793415,61.40057852693273	linear	0.12	908955,,
908956	0.0,1.0,2.0,3.0,4.0,5.0,6.0,7.0,8.0,9.0,10.0,11.0,12.0,13.0,14.0,15.0,16.0,17.0,18.0,19.0	-33.62896695922982,-33.6941957209716,-32.609566022409666,-32.194659654304374,-30.721992391037432,-30.281029874762403,-28.044399619137902,-26.12977501470201,-25.53771749297811,-25.110724046094212,-22.731478641704342,-23.086204703134232,-21.478673423963933,-21.160865278342552,-18.821787467053184,-19.711204923831414,-17.320979132056046,-17.023087236417844,-17.040137306743766,-15.449781483379507	linear	0.12	908956,,
908957	0.0,1.0,2.0,3.0,4.0,5.0,6.0,7.0,8.0,9.0,10.0,11.0,12.0,13.0,14.0,15.0,16.0,17.0,18.0,19.0	-5.755236179592636,-16.781481147918843,-15.58060626294301,-28.74287989399267,-28.212190716756048,-35.18361681375825,-36.53319488724672,-42.32094294446255,-49.318461915189744,-57.73946547233462,-54.99883343679745,-64.6557091416042,-67.86902292762306,-73.27366411640857,-77.41096774700918,-82.79218544032102,-90.62079650504965,-91.61859780463351,-95.0690437905372,-107.1551333384136	linear	0.12	908957,,
908958	0.0,1.0,2.0,3.0,4.0,5.0,6.0,7.0,8.0,9.0,10.0,11.0,12.0,13.0,14.0,15.0,16.0,17.0,18.0,19.0	-35.871024858410095,-34.24371241231405,-27.645029550565116,-32.719134250261725,-35.75886664746457,-29.238048116073635,-42.61904643737107,-50.11607946086663,-57.7396509451531,-63.204710989266665,-78.78629345322268,-83.52029463474955,-91.0057411296503,-97.31935058723609,-101.20553885704368,-113.7082870934681,-122.55164486642326,-124.11551091107815,-135.25360630935188,-149.99147459728158	linear	0.12	908958,,
908959	0.0,1.0,2.0,3.0,4.0,5.0,6.0,7.0,8.0,9.0,10.0,11.0,12.0,13.0,14.0,15.0,16.0,17.0,18.0,19.0	99.97202341148301,101.66786128865418,95.47903524347372,97.09403677313404,87.52977619448104,83.70871538626614,76.61197503145948,68.81596957416052,64.41501630423475,58.47986759913162,53.33238189123372,46.726243953328904,41.47450448349906,29.714920844893058,29.262583655603848,19.831088086235354,9.023116709438654,8.767605020263261,6.0311009328746366,1.2303314229388889	linear	0.12	908959,,
908960	0.0,1.0,2.0,3.0,4.0,5.0,6.0,7.0,8.0,9.0,10.0,11.0,12.0,13.0,14.0,15.0,16.0,17.0,18.0,19.0	-51.82663937810891,-54.24811205016254,-53.312770080519634,-53.54703555684378,-51.59228230615867,-52.16252500352866,-50.22377712385746,-48.78524204696387,-45.75008510469725,-44.32384902998496,-41.54420361283573,-41.82896383954876,-40.158035079911016,-36.782008538954344,-36.35433975019719,-31.621481172041108,-29.733869251128365,-27.47286559866875,-26.994749713225204,-25.702565875038573	linear	0.12	908960,,
908961	0.0,1.0,2.0,3.0,4.0,5.0,6.0,7.0,8.0,9.0,10.0,11.0,12.0,13.0,14.0,15.0,16.0,17.0,18.0,19.0	62.47772028278729,61.49436142060936,62.87250564506654,61.211642674495366,64.43479289225549,64.85822576783112,65.7377638544075,64.80645607931932,66.66621010826388,69.63217314601889,68.45620471871419,70.02532443971504,70.32588483253704,73.33087888119157,72.21491800191828,75.33559765595815,75.88340510270591,75.3656066978893,76.70791686445651,77.17741931325519	linear	0.12	908961,,
908962	0.0,1.0,2.0,3.0,4.0,5.0,6.0,7.0,8.0,9.0,10.0,11.0,12.0,13.0,14.0,15.0,16.0,17.0,18.0,19.0	-33.25449557194224,-24.315577756490292,-21.291512244276806,-5.485617147007758,-0.8282764519391534,0.6693266438119494,10.67241506150286,15.840351457034767,17.11201154037812,28.92887212197948,32.791693459455466,41.681741810613715,43.460197891178154,49.8924595402066,52.221966946482794,64.70147124845813,71.2037424341829,73.19636585423439,78.10924862790861,86.4785734636804	linear	0.12	908962,,
908963	0.0,1.0,2.0,3.0,4.0,5.0,6.0,7.0,8.0,9.0,10.0,11.0,12.0,13.0,14.0,15.0,16.0,17.0,18.0,19.0	-66.30758441549798,-66.5991194591906,-63.705311038920875,-64.79736367160918,-66.96067542401683,-66.29631878742741,-68.71958959408079,-74.1068623326117,-79.55325566120908,-87.085690718865,-90.85128153831357,-93.09109138509852,-95.95317146088269,-105.72653493872349,-107.83480489091295,-116.16513107998362,-116.6529478737156,-122.83330973944487,-131.88121650352812,-131.36422210267594	linear	0.12	908963,,
908964	0.0,1.0,2.0,3.0,4.0,5.0,6.0,7.0,8.0,9.0,10.0,11.0,12.0,13.0,14.0,15.0,16.0,17.0,18.0,19.0	6.900975074861222,25.96978522959028,24.638161146344572,46.57980488035791,44.774806274582645,52.37426469738523,65.87946325256496,73.66224954215674,87.81935824609502,101.00304324843431,100.09029163327,106.29502330733209,125.56009578981698,129.05215094217905,144.4391050321356,144.92834357533485,159.55059638011116,163.18147669530492,178.00262533726664,176.68630366653747	linear	0.12	908964,,
908965	0.0,1.0,2.0,3.0,4.0,5.0,6.0,7.0,8.0,9.0,10.0,11.0,12.0,13.0,14.0,15.0,16.0,17.0,18.0,19.0	36.2117655521944,34.524067994865135,33.664709385069685,35.582201373545516,35.18589510300184,40.27902373664833,39.331966925612164,48.58611176096657,47.07861429984318,50.79629930384854,56.60707738944543,63.0174894792518,66.84543990116418,71.85461614261898,72.51724231152586,80.86133663516824,82.30370113572158,84.7652745875414,89.95634373453517,93.97177307076363	linear	0.12	908965,,
908966	0.0,1.0,2.0,3.0,4.0,5.0,6.0,7.0,8.0,9.0,10.0,11.0,12.0,13.0,14.0,15.0,16.0,17.0,18.0,19.0	61.72953566722474,50.613590028137835,44.13340474780084,39.39460414029462,27.06109356848721,28.39380045394794,13.227423836962672,13.87239541126089,6.562348581471724,-2.0925077738257514,-6.434493421752812,-19.36226111541463,-18.990914661560467,-25.364890353074564,-41.3587144970417,-41.4232997102381,-47.80158766385858,-62.40830859327047,-67.41356257508255,-71.26679077310803	linear	0.12	908966,,
908967	0.0,1.0,2.0,3.0,4.0,5.0,6.0,7.0,8.0,9.0,10.0,11.0,12.0,13.0,14.0,15.0,16.0,17.0,18.0,19.0	-99.15433593722874,-97.78030860359218,-95.55973926847264,-94.29081064296454,-93.89106879591507,-92.63649909224806,-88.01295750026412,-86.4766623357778,-84.0746890231041,-81.54558009453807,-82.17928930533046,-78.23208419763424,-78.03805390793599,-76.33953827034273,-74.69543008745114,-72.28265476877668,-68.49942082946987,-67.57318589038276,-65.68890837715655,-63.93765305192112	linear	0.12	908967,,
908968	0.0,1.0,2.0,3.0,4.0,5.0,6.0,7.0,8.0,9.0,10.0,11.0,12.0,13.0,14.0,15.0,16.0,17.0,18.0,19.0	109.36143216505921,110.6895516528975,113.30652604475276,107.94863476092638,102.26245176448992,101.18351841856688,90.96726362425127,91.3926720346824,85.28984297725908,78.33300388247255,70.74596024393037,68.43809406594781,68.78296514050803,60.687828658971824,52.916948630093295,46.21958830256541,42.25194403421247,36.13575796532506,34.57313375874006,32.419791975495016	linear	0.12	908968,,
908969	0.0,1.0,2.0,3.0,4.0,5.0,6.0,7.0,8.0,9.0,10.0,11.0,12.0,13.0,14.0,15.0,16.0,17.0,18.0,19.0	-5.031036336577616,-5.364755456995098,-4.488056060084446,-5.6007833554906234,-6.6559515289401805,-9.968089660532428,-10.00746678402238,-11.77500561304881,-11.378016281369836,-11.795020625126174,-15.371287012624707,-15.28992332315529,-16.45246178596353,-16.066444123134538,-18.75503870285366,-19.62810297188553,-19.280795076093273,-21.259596457720036,-22.27555700961447,-24.241067150015702	linear	0.12	908969,,
908970	0.0,1.0,2.0,3.0,4.0,5.0,6.0,7.0,8.0,9.0,10.0,11.0,12.0,13.0,14.0,15.0,16.0,17.0,18.0,19.0	-102.36306658707034,-100.97986424686214,-101.57214100641495,-103.63472231331521,-103.67547457724257,-102.79720615463478,-95.12393891327574,-91.10996431272493,-87.32224078098298,-83.95767679450616,-84.1122842379758,-76.6933713828934,-72.08765500437858,-72.7286684762299,-63.15166795771116,-62.65355164176208,-59.3717156807604,-55.1350953612026,-49.74873161068667,-48.24074469402207	linear	0.12	908970,,
908971	0.0,1.0,2.0,3.0,4.0,5.0,6.0,7.0,8.0,9.0,10.0,11.0,12.0,13.0,14.0,15.0,16.0,17.0,18.0,19.0	-7.301109081088171,-6.120847683156683,-5.266835261104006,-6.381875937198213,-6.274950766322618,-6.120419759105836,-12.993691787298925,-17.813469045876246,-22.030036173905263,-29.68227601554627,-36.99118076589323,-38.71524605391005,-49.22253510997074,-50.0167006366868,-62.346157925734595,-68.33114783472838,-69.65840689530096,-79.36571886376936,-80.44932490637649,-85.37787681988232	linear	0.12	908971,,
908972	0.0,1.0,2.0,3.0,4.0,5.0,6.0,7.0,8.0,9.0,10.0,11.0,12.0,13.0,14.0,15.0,16.0,17.0,18.0,19.0	96.32943825714258,89.56723973681274,93.2562372130885,95.65842207709177,101.36723705938832,114.4348041575069,122.60937480023568,126.48449932884333,134.32791404720976,140.46314595966402,153.77524002733134,151.8257169545302,161.9166488946189,171.4898851424577,171.4981813797935,179.1628488670105,187.6302720731713,196.68607942584737,209.7758242869422,217.3503536130037	linear	0.12	908972,,
908973	0.0,1.0,2.0,3.0,4.0,5.0,6.0,7.0,8.0,9.0,10.0,11.0,12.0,13.0,14.0,15.0,16.0,17.0,18.0,19.0	179.54161476529887,192.382676339975,191.94518049143886,203.762384189968,218.1917003364781,224.4437581551413,224.39423419083673,233.7996608698798,250.0946031384804,261.7382971577831,261.9524538734462,273.1494614793896,287.1142171607627,293.82502582308194,310.26000730892076,319.16238758220646,315.0691856086319,331.6397304269275,334.3226127356119,355.66036076303953	linear	0.12	908973,,
908974	0.0,1.0,2.0,3.0,4.0,5.0,6.0,7.0,8.0,9.0,10.0,11.0,12.0,13.0,14.0,15.0,16.0,17.0,18.0,19.0	126.50523608051954,124.30257448505252,125.33133702061264,118.45124414826554,116.62961368541646,107.78723901287907,106.6932726239163,98.40881372607157,92.66687415451753,85.73991762914025,81.34897383006644,80.73207631126984,73.55512357943233,72.25537910888265,66.99104773767533,56.214025712298366,56.469309411161305,49.27377588954391,39.421199944706146,34.33482188517888	linear	0.12	908974,,
908975	0.0,1.0,2.0,3.0,4.0,5.0,6.0,7.0,8.0,9.0,10.0,11.0,12.0,13.0,14.0,15.0,16.0,17.0,18.0,19.0	-109.19539202167147,-104.00422434443146,-100.02401179218435,-81.07999551196534,-75.78411467393437,-73.73938687807234,-67.42949779180083,-48.11152536304667,-45.50859475516066,-34.39860408244414,-29.165811285172794,-9.871668174689745,-10.755719815926312,6.815324584867426,10.242253807828462,15.949162955378199,23.18686182649023,29.82923619093708,45.06678424593747,61.98646732496505	linear	0.12	908975,,
908976	0.0,1.0,2.0,3.0,4.0,5.0,6.0,7.0,8.0,9.0,10.0,11.0,12.0,13.0,14.0,15.0,16.0,17.0,18.0,19.0	-29.976171942025722,-23.518740467437798,-23.543863319065323,-27.127772615394733,-15.52639544850685,-8.098256955536812,-9.874109898726527,-1.017338060927802,6.699474928379935,24.581985475574445,27.761677369629865,33.86242716845626,48.17012598813707,54.18679131776111,54.1693291408814,74.98022970377076,74.23971357060105,89.25056520630879,90.0226683376502,94.18654109921856	linear	0.12	908976,,
908977	0.0,1.0,2.0,3.0,4.0,5.0,6.0,7.0,8.0,9.0,10.0,11.0,12.0,13.0,14.0,15.0,16.0,17.0,18.0,19.0	-66.729515631581,-67.13543434070277,-70.01804788690448,-66.83024150212269,-68.473581750314,-65.41378491954531,-61.20436788992828,-57.100409512370106,-54.49731154341315,-44.256579995320465,-39.819669845329535,-40.592935376105444,-29.8671705558029,-27.283591290043034,-21.861732293485694,-15.924960692059713,-14.070810932391176,-6.016137655054173,-5.658322724263826,-1.1410914728111123	linear	0.12	908977,,
908978	0.0,1.0,2.0,3.0,4.0,5.0,6.0,7.0,8.0,9.0,10.0,11.0,12.0,13.0,14.0,15.0,16.0,17.0,18.0,19.0	-81.57568615087254,-71.08523483800519,-69.90449893531542,-56.189770357027186,-42.63159531962957,-38.61855907271311,-21.128639365068082,-15.659363035645214,-7.724660915294862,5.6676988423691625,7.182421790025813,14.458802213051541,28.985752170601245,32.74533295538893,39.27792171350481,49.925880202762755,58.64420180764961,73.88328119430349,85.62483081952996,94.19985748851478	linear	0.12	908978,,
908979	0.0,1.0,2.0,3.0,4.0,5.0,6.0,7.0,8.0,9.0,10.0,11.0,12.0,13.0,14.0,15.0,16.0,17.0,18.0,19.0	8.220553024919695,10.393585134428498,12.956718765916587,16.94813691923148,21.186978881054248,25.85301656985292,29.55177193328474,29.662503787056167,35.8355128854493,36.30869581134409,37.282763231921294,40.840013973614184,46.602178964083436,46.72521546362738,50.5031163255677,52.91273969189933,55.72776367899877,61.220370721353866,62.82470761895763,66.41921023050114	linear	0.12	908979,,
908980	0.0,1.0,2.0,3.0,4.0,5.0,6.0,7.0,8.0,9.0,10.0,11.0,12.0,13.0,14.0,15.0,16.0,17.0,18.0,19.0	235.09232197600133,235.61268860230547,250.70745686297005,267.77725443602174,271.7175890220589,276.74819275637697,301.64489415104924,296.124763894138,322.0130458862667,332.5674959276846,341.00574700218135,339.8503114035713,358.66254684536125,357.879580691526,382.5219227585328,384.81292909255166,396.12520077885625,411.615094247681,416.8108460262952,432.28526806718367	linear	0.12	908980,,
908981	0.0,1.0,2.0,3.0,4.0,5.0,6.0,7.0,8.0,9.0,10.0,11.0,12.0,13.0,14.0,15.0,16.0,17.0,18.0,19.0	-63.60761732687584,-69.6344950771404,-80.30542985071183,-81.31306988286032,-87.11898224024449,-96.32549342484778,-101.12953772653223,-104.74135021251395,-104.6908484195357,-112.1103731728934,-121.07837453055461,-124.92147982499657,-131.81397884653967,-133.56609134696254,-139.85457976331872,-143.208047652998,-145.8195368417919,-152.51582767646943,-160.34684748606574,-165.83151908671726	linear	0.12	908981,,
908982	0.0,1.0,2.0,3.0,4.0,5.0,6.0,7.0,8.0,9.0,10.0,11.0,12.0,13.0,14.0,15.0,16.0,17.0,18.0,19.0	-24.73150601739289,-23.894116517852623,-20.82396989484869,-23.299237049578647,-19.552584007258304,-21.32912440331213,-16.953831384727536,-15.721075014648047,-6.953797030528094,-8.48884052317175,-0.9090420726381083,1.6516809372063364,6.07831791946856,12.455496488972017,11.695394027027916,20.52801405283659,20.801842529774753,28.013676707316474,31.815087805290982,33.00548251527569	linear	0.12	908982,,
908983	0.0,1.0,2.0,3.0,4.0,5.0,6.0,7.0,8.0,9.0,10.0,11.0,12.0,13.0,14.0,15.0,16.0,17.0,18.0,19.0	67.46454888620764,60.51094991405088,60.89717936073198,56.727370445793454,76.15451931172258,82.27220625551638,87.41783857093014,108.70043294670094,116.5605551720271,123.00402735082932,134.65882362985747,145.9400711185951,160.84108927318402,166.6768029229133,172.333750994368,174.9296964997434,196.12884706889315,194.56186244938328,211.9277926077745,228.1915562447673	linear	0.12	908983,,
908984	0.0,1.0,2.0,3.0,4.0,5.0,6.0,7.0,8.0,9.0,10.0,11.0,12.0,13.0,14.0,15.0,16.0,17.0,18.0,19.0	64.72492299953984,71.83987414016279,70.25776737984893,69.98812836191561,67.67642751863208,70.79311291428297,76.48858654973215,87.07523592229957,87.95252894014807,94.32079335636504,96.87146343735428,100.0949725342191,107.92698354555223,114.39005412640672,117.4459759703386,122.17482535867629,125.9139958446417,130.86458302322197,137.4152946628797,142.48968602035805	linear	0.12	908984,,
908985	0.0,1.0,2.0,3.0,4.0,5.0,6.0,7.0,8.0,9.0,10.0,11.0,12.0,13.0,14.0,15.0,16.0,17.0,18.0,19.0	-15.49152700814794,-9.539950032343157,-7.637027317667247,3.9189712299840522,10.066594682647334,16.94958890435474,15.078299861786633,25.733468965990426,29.665241539845965,45.27460757198294,51.50681595287338,57.692289426071824,56.76375471507487,64.55671871960651,71.00077258413911,77.75152166556231,89.59117796188659,101.80750204063126,110.6039157545199,108.38301201641924	linear	0.12	908985,,
908986	0.0,1.0,2.0,3.0,4.0,5.0,6.0,7.0,8.0,9.0,10.0,11.0,12.0,13.0,14.0,15.0,16.0,17.0,18.0,19.0	88.30608031086823,90.62940784138415,91.18832732832604,90.40819012873763,88.92595186123441,84.63413550713895,81.19971534742473,76.90812036983095,73.73516500096305,69.22978921269043,67.41659508949301,64.55010793233251,61.8670569351162,60.84276397521438,57.539239038259936,55.96483310831151,49.13468272880711,45.41237328554595,46.81906441730139,41.588277267982846	linear	0.12	908986,,
908987	0.0,1.0,2.0,3.0,4.0,5.0,6.0,7.0,8.0,9.0,10.0,11.0,12.0,13.0,14.0,15.0,16.0,17.0,18.0,19.0	7.656209539803945,8.03147580183009,5.356395217499615,-1.4678354174706767,-3.475521480582004,-10.257862873143477,-18.194466681613775,-15.879808830363903,-23.391620912737977,-31.873135128118893,-34.75145321880189,-36.888284716256834,-45.40436991318288,-46.311244888119816,-56.6211102647233,-62.451852747606125,-67.987089266056,-68.93438940526283,-75.07019064438612,-77.9432914794338	linear	0.12	908987,,
908988	0.0,1.0,2.0,3.0,4.0,5.0,6.0,7.0,8.0,9.0,10.0,11.0,12.0,13.0,14.0,15.0,16.0,17.0,18.0,19.0	45.78559650246358,44.55898231628066,43.44453404350313,47.158681147639264,50.35798898300521,50.215410704215486,52.6686134474944,55.66614790188133,57.871101971509006,58.55315532516334,60.44000129759013,63.78396730112697,65.3071516435818,67.19614987242403,70.2340102486275,69.75074621851815,72.75606395875418,75.9073666279003,76.29390415941455,78.94732982195322	linear	0.12	908988,,
908989	0.0,1.0,2.0,3.0,4.0,5.0,6.0,7.0,8.0,9.0,10.0,11.0,12.0,13.0,14.0,15.0,16.0,17.0,18.0,19.0	6.1080030443088305,6.011720620848562,4.352993485424355,3.4934257801322577,1.2222187101512052,1.454688671408074,-1.389029848762394,-1.8411912918260263,-2.519821580196232,-1.8944282622474895,-4.469392875342022,-4.941762604710517,-5.68476369136202,-8.107413859471803,-8.956259169345286,-8.972308938925524,-8.97647150665668,-12.075444105146266,-12.146190634136921,-13.504568655810044	linear	0.12	908989,,
908990	0.0,1.0,2.0,3.0,4.0,5.0,6.0,7.0,8.0,9.0,10.0,11.0,12.0,13.0,14.0,15.0,16.0,17.0,18.0,19.0	27.040671788791002,33.767651601257576,32.14946867709985,43.714868404668564,49.35326518828495,64.89902952675715,71.48964789733328,74.77055167378703,87.89524527200491,93.78719024555137,111.77928409340575,119.28628834083656,127.29633459321946,134.96511372003084,150.46802426333235,155.8686671176352,167.28918132941197,171.08364441914773,186.1387348582987,187.5209251045219	linear	0.12	908990,,
908991	0.0,1.0,2.0,3.0,4.0,5.0,6.0,7.0,8.0,9.0,10.0,11.0,12.0,13.0,14.0,15.0,16.0,17.0,18.0,19.0	-27.617247211355544,-29.97050251419696,-26.596441513595938,-23.845788135997754,-20.41933103691774,-14.317784477922922,-11.322016206655798,-12.901923170507642,-3.1690810465076114,-3.7034115691038467,4.307641473509894,4.439661449636612,11.031077560903789,17.35685053700687,17.16890407737964,19.608909385717716,23.40663083894217,27.5132931391618,34.983777746956115,40.01106446146612	linear	0.12	908991,,
908992	0.0,1.0,2.0,3.0,4.0,5.0,6.0,7.0,8.0,9.0,10.0,11.0,12.0,13.0,14.0,15.0,16.0,17.0,18.0,19.0	100.66116329429653,100.30405056826527,98.2699080021346,101.04240304985277,101.19882660425564,97.2559708994248,103.5101464277713,110.29936532728061,116.88416220984492,118.10173879003503,126.14158726306846,131.93353158478368,137.29347015366142,142.81748671515206,144.10974761422375,147.24878404659154,151.00198536220782,162.11014104287958,161.33746449452266,169.4150103129424	linear	0.12	908992,,
908993	0.0,1.0,2.0,3.0,4.0,5.0,6.0,7.0,8.0,9.0,10.0,11.0,12.0,13.0,14.0,15.0,16.0,17.0,18.0,19.0	109.319858531498,117.97096717321323,126.54714949277134,126.59853513454719,133.50468523895572,146.96601207229187,144.90623571194868,155.37474203492047,162.2531750296322,171.02838994742825,177.48027514631121,175.91414677951238,187.602839623159,192.07068833361666,200.6015073279039,206.8020213308643,205.0028485369155,212.6220061371883,217.6027177096668,229.3905943589288	linear	0.12	908993,,
908994	0.0,1.0,2.0,3.0,4.0,5.0,6.0,7.0,8.0,9.0,10.0,11.0,12.0,13.0,14.0,15.0,16.0,17.0,18.0,19.0	-95.47873847793872,-100.75087670853542,-92.78084467894061,-98.66128683206284,-102.10843441144908,-108.21301663563216,-105.96840328971695,-114.28945157787098,-132.92162097783444,-141.88944642553798,-146.86874829209418,-155.5449113283401,-160.27314836914226,-164.55498609967648,-178.3926261565506,-189.26795951815677,-196.84539559040425,-197.5146230992331,-207.58536227056354,-212.38998819924694	linear	0.12	908994,,
908995	0.0,1.0,2.0,3.0,4.0,5.0,6.0,7.0,8.0,9.0,10.0,11.0,12.0,13.0,14.0,15.0,16.0,17.0,18.0,19.0	-145.44029181947968,-150.81487662251877,-153.81266789349877,-145.73510304678314,-150.8777539489794,-148.89397183861323,-147.35471903491856,-135.05477819428327,-132.16684386285414,-129.2718314943262,-122.44422701151466,-112.9591379761918,-104.841043252893,-102.7339236743688,-91.92786228219381,-89.53973742474936,-85.86827003926717,-75.90098939695096,-74.77327557349334,-62.79327729739564	linear	0.12	908995,,
908996	0.0,1.0,2.0,3.0,4.0,5.0,6.0,7.0,8.0,9.0,10.0,11.0,12.0,13.0,14.0,15.0,16.0,17.0,18.0,19.0	-46.736945897998176,-47.15411207092134,-47.28937257181707,-47.95890492404704,-48.26715980469706,-49.947957101291834,-52.56861999989334,-53.11649348659683,-53.26586707323829,-54.140670627709824,-55.88789007865482,-55.909057803769215,-57.23694012807309,-59.0951001229675,-59.4641768401595,-60.488884835748955,-61.06365381062731,-61.6050122871747,-63.64155135134655,-65.84717173230682	linear	0.12	908996,,
908997	0.0,1.0,2.0,3.0,4.0,5.0,6.0,7.0,8.0,9.0,10.0,11.0,12.0,13.0,14.0,15.0,16.0,17.0,18.0,19.0	-187.29133841983452,-194.7900293336752,-185.8932497272908,-191.6029116301749,-178.1599044778671,-165.6465529492433,-169.02920681071583,-146.88047502031043,-139.1505244602669,-135.57000712687872,-117.04539213764933,-118.7249737634315,-104.78333990327398,-93.70588416365356,-90.38960022192263,-70.70850211746954,-69.91925809407643,-56.243586626678095,-37.85352980546023,-25.911491204893196	linear	0.12	908997,,
908998	0.0,1.0,2.0,3.0,4.0,5.0,6.0,7.0,8.0,9.0,10.0,11.0,12.0,13.0,14.0,15.0,16.0,17.0,18.0,19.0	67.15244881184879,68.09078381561315,68.67323280592369,68.43738184859114,55.878683308962465,49.92230337388167,36.64729096950181,30.53882835944556,27.580568218693912,10.155542865347805,8.72912659149057,-0.6894990057886758,-14.054813429891276,-21.303567250055096,-26.57862634033662,-37.601031873265725,-40.796134587519994,-45.25268756692622,-59.621222799475305,-67.40858200055891	linear	0.12	908998,,
908999	0.0,1.0,2.0,3.0,4.0,5.0,6.0,7.0,8.0,9.0,10.0,11.0,12.0,13.0,14.0,15.0,16.0,17.0,18.0,19.0	2.4626135632823924,1.7889041671373072,-6.1817391651704625,-7.189760605144684,-8.400011536022205,-12.919188437501987,-18.41769681798501,-23.572223645789762,-27.15960854253033,-28.34490383344056,-37.80750198936077,-42.03360290619939,-43.1440443101115,-48.45063986750269,-52.36712387928192,-55.97152323972459,-61.735257580259834,-65.84811245002034,-71.14443670066986,-70.96747708904536	linear	0.12	908999,,
909000	0.0,1.0,2.0,3.0,4.0,5.0,6.0,7.0,8.0,9.0,10.0,11.0,12.0,13.0,14.0,15.0,16.0,17.0,18.0,19.0	2.8722469384494107,4.657245063907979,4.0868260644323255,2.7039454636195104,2.646140430903243,2.1768396030404737,4.489357608174575,4.110135573374732,4.190504619322809,2.3341484434896707,2.457844863038874,3.2579451892230566,2.933003199069348,1.5083593961858828,2.67232685246214,-0.10361513379211984,-0.3367637302243134,0.5267569815236648,1.3773987361149094,-1.4408494168891	poly	0.12	909000,,
909001	0.0,1.0,2.0,3.0,4.0,5.0,6.0,7.0,8.0,9.0,10.0,11.0,12.0,13.0,14.0,15.0,16.0,17.0,18.0,19.0	6.647675966430203,3.897886549141537,6.50536618361378,6.731696565463929,7.033121007018665,6.592738965690707,8.090351432868673,11.291113810291495,15.770988449651586,18.059498617790908,21.121467246996147,21.064269096275915,23.778092209014915,28.94520107044775,30.872295901039102,36.311862703241154,38.16470154188707,40.56898624517402,41.68153474386548,44.694018388908674	poly	0.12	909001,,
909002	0.0,1.0,2.0,3.0,4.0,5.0,6.0,7.0,8.0,9.0,10.0,11.0,12.0,13.0,14.0,15.0,16.0,17.0,18.0,19.0	31.035540178569256,32.96106071266144,26.173033413246092,25.31169848051933,23.666732698680285,20.786182078957097,18.45688557735241,13.071046098563912,11.477266645622109,8.707861960036588,5.954612249637464,3.838915802761214,0.20638417022097855,-3.0389689966072524,-7.624203780114005,-10.958422693585199,-12.509483081471224,-13.33847329931963,-19.42620872660347,-20.287340831116047	poly	0.12	909002,,
909003	0.0,1.0,2.0,3.0,4.0,5.0,6.0,7.0,8.0,9.0,10.0,11.0,12.0,13.0,14.0,15.0,16.0,17.0,18.0,19.0	-20.546500766996225,-20.856945164109277,-18.726542553102895,-20.5669377572369,-18.95787728431378,-18.87860255620683,-19.32004015991395,-16.90768455552945,-15.194741421420025,-14.185177134748633,-11.733698186656644,-9.855516960019026,-9.316137929849274,-8.207336354997269,-6.178468519215146,-3.6877975177875815,-3.8000125493363353,-1.0240684303716545,1.215924431559463,-0.22647815541385796	poly	0.12	909003,,
909004	0.0,1.0,2.0,3.0,4.0,5.0,6.0,7.0,8.0,9.0,10.0,11.0,12.0,13.0,14.0,15.0,16.0,17.0,18.0,19.0	-2.9519332653721158,-5.091868539825677,-3.953319035623465,-5.921378045066698,-6.105707913264121,-5.600539836781732,-6.610587965205251,-7.050145373898913,-6.163703459718512,-8.143121887514036,-7.019310614092074,-9.048098608818528,-7.2864153481471075,-8.650515201015175,-10.40205562112909,-10.505365340075535,-10.237829535576806,-11.247743472251909,-11.554139516388906,-10.007933102292974	poly	0.12	909004,,
909005	0.0,1.0,2.0,3.0,4.0,5.0,6.0,7.0,8.0,9.0,10.0,11.0,12.0,13.0,14.0,15.0,16.0,17.0,18.0,19.0	-12.850813267870233,-13.421585820251357,-12.282875185241949,-11.768061121673956,-9.674523100966097,-9.01217154266611,-7.365295434702976,-9.106449143655373,-5.790215496310309,-6.120144831193655,-4.674049592198869,-5.023640714738858,-2.854474856593037,-4.087321177849288,-1.921215344037936,-1.4616177399734926,-1.4102791232951493,-0.41410048363417395,1.0032521494996303,2.9631679334183794	poly	0.12	909005,,
909006	0.0,1.0,2.0,3.0,4.0,5.0,6.0,7.0,8.0,9.0,10.0,11.0,12.0,13.0,14.0,15.0,16.0,17.0,18.0,19.0	-14.786030937843975,-12.701200544794066,-15.85425918473046,-11.509133258753533,-10.950339914002015,-5.03405047334702,-6.472770948978659,-2.965976517336177,0.27832924617903565,4.148133189399534,4.034379586165796,6.305717411285535,8.133474934438606,12.840765284475435,12.63664233971655,18.31794943250322,20.38703584626733,23.35583544923354,24.935813517166043,25.2875951869643	poly	0.12	909006,,
909007	0.0,1.0,2.0,3.0,4.0,5.0,6.0,7.0,8.0,9.0,10.0,11.0,12.0,13.0,14.0,15.0,16.0,17.0,18.0,19.0	-2.85887675194423,-4.89692144275991,-5.356869805268758,-2.4071073927679576,-1.169685519259068,-1.8529732099325598,0.23773685120368526,1.3801027085839914,1.3466626683168075,3.537588272818864,4.037105074637491,3.480376562971599,5.018341396756439,5.480567863736333,9.038768111028169,10.127674093680655,10.921437913440222,9.753007366550882,10.482072896050251,13.547434684082528	poly	0.12	909007,,
909008	0.0,1.0,2.0,3.0,4.0,5.0,6.0,7.0,8.0,9.0,10.0,11.0,12.0,13.0,14.0,15.0,16.0,17.0,18.0,19.0	-10.666095693515777,-10.6784912956811,-8.781837426975503,-8.90888125728278,-11.075059038909677,-10.285131968859686,-9.193444065659328,-9.894921447522652,-8.235142021496438,-10.339116069138205,-9.113707286947138,-8.520822928790135,-8.41119302599806,-8.868822809316697,-9.274863337290002,-9.2183491098688,-9.047506224335638,-7.576118208285971,-6.650844232969472,-7.446691888856997	poly	0.12	909008,,
909009	0.0,1.0,2.0,3.0,4.0,5.0,6.0,7.0,8.0,9.0,10.0,11.0,12.0,13.0,14.0,15.0,16.0,17.0,18.0,19.0	13.04228881470927,12.842233303682413,13.725380733784114,13.993009713844003,15.182647530572385,13.782268177005163,15.226488652373032,15.718072575564728,17.694074397354893,16.51659573929983,18.732432089801577,20.011120167886272,18.040573804231478,21.551489932998987,20.77001137535803,20.48534348534688,22.01559521365894,23.85597396764089,22.83501898396215,23.222559613261694	poly	0.12	909009,,
909010	0.0,1.0,2.0,3.0,4.0,5.0,6.0,7.0,8.0,9.0,10.0,11.0,12.0,13.0,14.0,15.0,16.0,17.0,18.0,19.0	-6.276454359686567,-2.699002799445341,-5.0287182101456445,-9.56408385143275,-10.468983105119065,-13.252927179957169,-14.777884779788954,-16.57547887977603,-22.099872002018074,-22.728021083924144,-25.825149802613492,-26.580769947841617,-28.930822275646367,-32.7035732716467,-32.522617837190424,-35.35702241251226,-39.50263146681997,-40.672614330800336,-43.33605372706364,-46.85082715831972	poly	0.12	909010,,
909011	0.0,1.0,2.0,3.0,4.0,5.0,6.0,7.0,8.0,9.0,10.0,11.0,12.0,13.0,14.0,15.0,16.0,17.0,18.0,19.0	38.610828656948414,38.58013071203333,37.178663252896946,36.84891505467985,36.46570698742905,38.325615809873796,40.21007854833677,40.760614640370406,43.544295348438354,47.958764189878266,51.75834433293024,53.95789557505917,56.96663276137941,60.62087942148479,61.00324567224922,63.990535283223565,66.34575663836019,70.69116582422741,70.70934569911716,75.50304579696129	poly	0.12	909011,,
909012	0.0,1.0,2.0,3.0,4.0,5.0,6.0,7.0,8.0,9.0,10.0,11.0,12.0,13.0,14.0,15.0,16.0,17.0,18.0,19.0	-39.46780744262455,-38.08546673184661,-37.31936017768765,-39.167870920386875,-40.521987401393176,-44.714973001617764,-47.599029974505456,-48.43140310803479,-52.71043879085686,-51.52894608749861,-57.222708648278896,-57.84530026635163,-58.78632112940319,-61.68440119480578,-66.21551375982504,-65.27353141398075,-70.65744812830536,-70.5861564272146,-71.91202498037057,-75.68704655839328	poly	0.12	909012,,
909013	0.0,1.0,2.0,3.0,4.0,5.0,6.0,7.0,8.0,9.0,10.0,11.0,12.0,13.0,14.0,15.0,16.0,17.0,18.0,19.0	-4.433591818159968,-3.399007275309634,-3.983517085422465,-2.9531949862375644,-3.722059544126871,-5.38101408261877,-8.692895374228831,-8.436520588944404,-10.35047072615867,-12.222857437887816,-13.985000623024167,-17.059999000212258,-16.37941815011252,-19.150021579510536,-20.55116048220883,-22.50743357514837,-24.77585175285789,-24.57253870799068,-26.532713914891314,-29.020604583022823	poly	0.12	909013,,
909014	0.0,1.0,2.0,3.0,4.0,5.0,6.0,7.0,8.0,9.0,10.0,11.0,12.0,13.0,14.0,15.0,16.0,17.0,18.0,19.0	3.5796697926564764,4.116844084654599,4.142164577045392,5.238774877031908,5.288787277275858,4.292234138751323,3.4978321095524922,4.973199369433571,2.5608951175934367,2.5506449089375254,2.974780724878955,1.7229549579024823,3.5629380449503243,0.9491253321133799,2.4045069144343776,2.858598959097618,-0.2043789343805571,-0.1898883428065723,1.675797221200697,1.4903269149062073	poly	0.12	909014,,
909015	0.0,1.0,2.0,3.0,4.0,5.0,6.0,7.0,8.0,9.0,10.0,11.0,12.0,13.0,14.0,15.0,16.0,17.0,18.0,19.0	0.8714706147928206,2.1066971752227612,1.2835756383468797,0.1982755380614074,0.4352331610407796,1.189737543607272,0.3560154748641797,-3.50887013287466,-5.745866715028204,-8.111299875384782,-7.929289989831232,-10.414665656842734,-14.633822545879848,-15.606721425769377,-16.490217872451982,-18.651264730065712,-23.375414241129942,-25.0808989118926,-25.825123854064117,-27.808328585454387	poly	0.12	909015,,
909016	0.0,1.0,2.0,3.0,4.0,5.0,6.0,7.0,8.0,9.0,10.0,11.0,12.0,13.0,14.0,15.0,16.0,17.0,18.0,19.0	15.039719849986039,13.899565685011519,16.193926367733297,19.430530753909956,20.092866202660346,25.90583497224486,28.496246012378307,31.1983343965904,32.93524277973955,34.56047307350354,36.674270878335705,40.122283564867814,42.77345884919836,47.110277033667856,50.30506546415799,48.774560012913675,55.597412796834796,56.97146201711979,58.02757527072675,62.27165799568558	poly	0.12	909016,,
909017	0.0,1.0,2.0,3.0,4.0,5.0,6.0,7.0,8.0,9.0,10.0,11.0,12.0,13.0,14.0,15.0,16.0,17.0,18.0,19.0	-3.121694620646102,-3.2487512247279815,-2.4041143741728552,-2.8636460784507594,-5.290088933997014,-4.215427160888922,-2.987203791972,-4.527690807964838,-5.754383193937688,-4.972555574422019,-3.8710960263262204,-5.1064586090722255,-4.723477862761579,-4.721405116814088,-5.504704326233787,-5.2913300346889764,-6.236315328622904,-4.537746521106447,-5.48799868505879,-6.965192530698012	poly	0.12	909017,,
909018	0.0,1.0,2.0,3.0,4.0,5.0,6.0,7.0,8.0,9.0,10.0,11.0,12.0,13.0,14.0,15.0,16.0,17.0,18.0,19.0	4.180845748280666,4.847221849997037,5.014615411631372,5.029772312398851,3.2569056040577773,2.5807426332353605,3.996758888857166,4.6697534837408305,5.286384304984196,5.022400265986414,4.482122412173776,5.379920060424489,4.223957747289438,5.504957848074195,4.378564124044357,5.789218119447254,4.573557824821332,4.448794561109063,6.535426445377704,7.148906626725548	poly	0.12	909018,,
909019	0.0,1.0,2.0,3.0,4.0,5.0,6.0,7.0,8.0,9.0,10.0,11.0,12.0,13.0,14.0,15.0,16.0,17.0,18.0,19.0	4.594067055875707,5.483354590146794,6.150433481771386,5.001590540700361,3.77558499330963,3.534577448097889,5.404143900913766,3.502761957521205,1.8256263692006331,1.7102101668824894,2.7113769981114055,0.7534881468167371,2.458354057749308,1.835761696533293,0.06861159221168966,0.12468046642097308,-0.46542823409138534,1.229125280081722,0.529497538256976,-1.3213529565271542	poly	0.12	909019,,
909020	0.0,1.0,2.0,3.0,4.0,5.0,6.0,7.0,8.0,9.0,10.0,11.0,12.0,13.0,14.0,15.0,16.0,17.0,18.0,19.0	-23.103757564475753,-21.23335860761991,-22.86752119852789,-22.13929193898726,-23.99865032245002,-28.464490655703493,-30.581999506361264,-30.51026988292688,-31.965419544097482,-37.73166168507343,-36.980350595413924,-38.99054634789604,-42.52423659528132,-44.97849152589039,-49.00991258261874,-50.16290319926779,-50.7487953982518,-56.32385579244988,-57.43612569363667,-60.47097057636337	poly	0.12	909020,,
909021	0.0,1.0,2.0,3.0,4.0,5.0,6.0,7.0,8.0,9.0,10.0,11.0,12.0,13.0,14.0,15.0,16.0,17.0,18.0,19.0	5.681938345049959,7.439569963385486,10.379303474695096,10.201227998253104,9.590451913321873,12.750902540628697,13.694011437911582,15.348660259417272,16.047471079047845,15.294351501506721,18.640211906165266,18.007915618597764,18.47311348658633,19.650732489046653,22.80038624381188,21.595458197698818,23.736978883054626,25.44229125085394,24.46407325892098,28.051901183737357	poly	0.12	909021,,
909022	0.0,1.0,2.0,3.0,4.0,5.0,6.0,7.0,8.0,9.0,10.0,11.0,12.0,13.0,14.0,15.0,16.0,17.0,18.0,19.0	-21.24791980973024,-19.401415337422833,-21.630274278746974,-19.699648630647495,-20.33460992696844,-21.16592802433822,-23.19844690539593,-26.184832953041255,-29.23994031793489,-31.017795331623894,-31.685364848409407,-33.302896998383865,-35.60293959740364,-38.4006858070137,-38.71027081031685,-41.76405798531509,-43.252354078433754,-44.33388327705083,-45.573347022438114,-49.803280423817455	poly	0.12	909022,,
909023	0.0,1.0,2.0,3.0,4.0,5.0,6.0,7.0,8.0,9.0,10.0,11.0,12.0,13.0,14.0,15.0,16.0,17.0,18.0,19.0	-12.958361641127395,-11.176176603186033,-12.69844696557765,-12.099291849331514,-14.226384529140418,-14.750388097201604,-16.195917555583137,-14.767144707420204,-17.71314189463012,-17.27716913893757,-18.40445126292827,-16.61970595841923,-19.268810213446336,-19.032964003264972,-18.71433639888007,-21.099746651609138,-21.3256312919048,-22.026352502298074,-21.292186666743376,-24.310620109222796	poly	0.12	909023,,
909024	0.0,1.0,2.0,3.0,4.0,5.0,6.0,7.0,8.0,9.0,10.0,11.0,12.0,13.0,14.0,15.0,16.0,17.0,18.0,19.0	0.8313169635366391,-0.17719125611215736,1.9475591519094286,1.8484477994526718,2.5226689358508376,2.889853199644746,2.9685127338506425,2.5847876699096264,2.1651489017338035,1.6321188900346852,3.4996085671226074,3.5531280498981572,2.541622828799167,1.6310476825716003,1.7470680874205793,1.9028134918687214,2.9985484574358754,3.788890582301287,2.343928354893439,4.26417483969899	poly	0.12	909024,,
909025	0.0,1.0,2.0,3.0,4.0,5.0,6.0,7.0,8.0,9.0,10.0,11.0,12.0,13.0,14.0,15.0,16.0,17.0,18.0,19.0	-7.201661066898368,-7.08387977296123,-7.456026661457893,-6.689802975026354,-6.787642870418799,-9.23378604032317,-10.691822794897114,-12.160720122577501,-13.410251967487937,-14.437955349694693,-16.46733881065191,-17.588620218013226,-20.4298940014569,-21.43421513868062,-24.50471333888826,-23.69940532670799,-26.83304476893573,-27.08289601339278,-29.74427387344482,-30.788879029753502	poly	0.12	909025,,
909026	0.0,1.0,2.0,3.0,4.0,5.0,6.0,7.0,8.0,9.0,10.0,11.0,12.0,13.0,14.0,15.0,16.0,17.0,18.0,19.0	-10.538290911303772,-10.790290229862102,-11.136055134091027,-12.088975123411696,-14.109182743526219,-14.116142415810149,-14.673642653366253,-17.70377524087546,-17.19798297851597,-19.080100366788784,-21.278667770218867,-21.42340327758361,-24.394477833852655,-25.39169718433932,-28.138012425882266,-29.28878986052959,-29.336393316169556,-31.556416003689947,-32.45846144244461,-34.52798226018148	poly	0.12	909026,,
909027	0.0,1.0,2.0,3.0,4.0,5.0,6.0,7.0,8.0,9.0,10.0,11.0,12.0,13.0,14.0,15.0,16.0,17.0,18.0,19.0	11.03401937847834,9.991637208790776,10.408551943266355,10.106735119103135,8.866800659969499,10.914458007536279,9.300822075502515,8.762587241289314,7.116660156351898,6.255701406202405,3.3807828914324034,4.680064506722715,1.5501891129868657,1.1492114037292431,1.5166871034470049,-0.7022532786485058,-1.4934280217823943,-1.3336776491017481,-1.8177053825074925,-4.167549161231538	poly	0.12	909027,,
909028	0.0,1.0,2.0,3.0,4.0,5.0,6.0,7.0,8.0,9.0,10.0,11.0,12.0,13.0,14.0,15.0,16.0,17.0,18.0,19.0	-51.8195598373983,-51.0862785552983,-48.84133967807364,-47.23110916407343,-43.0085333492875,-39.53631229632454,-36.06545150379441,-33.7800334728445,-34.09313885669163,-29.322391177101437,-24.28701187719619,-22.21812437823487,-23.081189476549138,-20.075319763382435,-16.05092796531042,-9.31346583729318,-7.201555383274169,-6.364031555390831,-2.242712348057644,-0.6228465444959426	poly	0.12	909028,,
909029	0.0,1.0,2.0,3.0,4.0,5.0,6.0,7.0,8.0,9.0,10.0,11.0,12.0,13.0,14.0,15.0,16.0,17.0,18.0,19.0	-8.895029165146921,-8.384713641143499,-8.679460619322363,-8.193943869685892,-6.3017974740425,-6.650463863106825,-4.447666328674391,-2.6211181123765357,0.40136407546035713,3.7972845177278582,6.502974382315459,9.283101072955747,8.730444676527755,10.818294178265056,13.926245485374997,15.905915208531145,20.500651520767416,21.37088477967234,22.338780512946364,24.60185990253042	poly	0.12	909029,,
909030	0.0,1.0,2.0,3.0,4.0,5.0,6.0,7.0,8.0,9.0,10.0,11.0,12.0,13.0,14.0,15.0,16.0,17.0,18.0,19.0	-5.531011299965588,-4.375919048083561,-5.475169818394991,-2.767138427881614,-5.119525092351427,-4.402921025332348,-2.3364775059719363,-3.631126197625263,-2.8896508690830336,-0.6881814407436257,0.8576302444119306,-0.5784056212245181,3.233372870479409,3.827257671974951,4.499462549177345,4.995393961078996,6.457154399558309,7.190280154007704,6.754655445245882,7.015655579495934	poly	0.12	909030,,
909031	0.0,1.0,2.0,3.0,4.0,5.0,6.0,7.0,8.0,9.0,10.0,11.0,12.0,13.0,14.0,15.0,16.0,17.0,18.0,19.0	-12.4735355704532,-11.26865895561268,-10.688652068810828,-9.694325935380125,-10.748517612133014,-8.344466818230604,-8.613068573000747,-4.651978388175935,-3.434716487170915,-4.7839474063412215,-2.180586410898748,-1.837220303019528,-0.3338859803065315,2.176344004524312,3.169238798570337,5.009658017671802,4.730700895917138,7.2424819496932855,6.457551149539778,8.6901587373945	poly	0.12	909031,,
909032	0.0,1.0,2.0,3.0,4.0,5.0,6.0,7.0,8.0,9.0,10.0,11.0,12.0,13.0,14.0,15.0,16.0,17.0,18.0,19.0	37.35068044366341,40.246769821942195,37.71733023640858,41.256879881550006,43.495836416073026,48.14424623024887,50.01425171007532,52.0627693507504,58.59163653801896,59.99741037035256,63.31017495491314,66.68744221613325,67.70513291168263,73.69680601474704,74.37011593745532,77.42711521106932,79.51951215604834,81.81505778842484,85.33344088067825,87.05728381618675	poly	0.12	909032,,
909033	0.0,1.0,2.0,3.0,4.0,5.0,6.0,7.0,8.0,9.0,10.0,11.0,12.0,13.0,14.0,15.0,16.0,17.0,18.0,19.0	33.709589497641716,30.27161933533916,29.527020208117296,25.10445020632617,25.07638205433718,19.01453702026319,20.54116624598595,18.033284579995943,15.19944975848546,11.687745864801954,7.487193193206448,4.3850375538463595,4.921633737963504,0.5928216012822887,-0.36003429700296863,-5.367271728297819,-9.557815744128032,-12.330255687891839,-11.433012386889132,-13.610164791732245	poly	0.12	909033,,
909034	0.0,1.0,2.0,3.0,4.0,5.0,6.0,7.0,8.0,9.0,10.0,11.0,12.0,13.0,14.0,15.0,16.0,17.0,18.0,19.0	18.616240800792582,20.31710806136278,18.686528695727358,14.095667048888266,11.939123121229562,9.608111612026974,7.622250365853153,5.007755622394347,5.725874215879713,0.30861656409541993,1.5248916543370648,-1.0720355319412924,-5.570804094709203,-6.601887757753293,-9.796659308729907,-10.705055854040364,-15.057191165545564,-17.203186770977915,-16.50325039021349,-21.06157060275523	poly	0.12	909034,,
909035	0.0,1.0,2.0,3.0,4.0,5.0,6.0,7.0,8.0,9.0,10.0,11.0,12.0,13.0,14.0,15.0,16.0,17.0,18.0,19.0	-22.757695035941317,-24.171393630504753,-24.360491008675307,-23.418232921937953,-22.609729522033973,-24.707443518989116,-21.81606471995376,-20.650223494471863,-19.529325104383,-17.105738846804883,-14.634011058260757,-13.323932250521676,-13.269739234352091,-9.409722576681336,-9.719168700994803,-7.710710512455076,-6.741646833652283,-3.528710735029346,-2.5444238676987716,-1.719060202991617	poly	0.12	909035,,
909036	0.0,1.0,2.0,3.0,4.0,5.0,6.0,7.0,8.0,9.0,10.0,11.0,12.0,13.0,14.0,15.0,16.0,17.0,18.0,19.0	-3.858961940247576,-3.3383715714449247,-4.140374525824731,-5.002797477253972,-2.9116185331919935,-4.093252987098209,-0.8837171073176204,0.47131301515207813,3.2305799541543347,7.854522988186798,8.370194819373374,9.888707409433476,13.158296196500157,15.260438428219828,16.477224534814432,18.614145949326286,23.425750691834303,24.020358946255723,24.7553319434327,30.04666494510096	poly	0.12	909036,,
909037	0.0,1.0,2.0,3.0,4.0,5.0,6.0,7.0,8.0,9.0,10.0,11.0,12.0,13.0,14.0,15.0,16.0,17.0,18.0,19.0	-28.14716595185047,-28.07585068437123,-31.986039755455636,-34.98258653030183,-34.946490388070615,-39.95050834147075,-42.391191691873225,-44.25039017433953,-46.68743406068906,-47.974733612313685,-48.849038430197815,-50.40076257667338,-52.92837590099708,-58.537963199457366,-57.52279887132971,-61.63623369392738,-61.87926740547028,-67.10285382681853,-67.37371631771337,-70.31128498660227	poly	0.12	909037,,
909038	0.0,1.0,2.0,3.0,4.0,5.0,6.0,7.0,8.0,9.0,10.0,11.0,12.0,13.0,14.0,15.0,16.0,17.0,18.0,19.0	12.848488241383532,13.0210617585469,7.81173811316847,7.7022123230238035,3.6237405283247286,2.471692292407793,-1.040580442159854,-5.855630072517261,-6.818365852658758,-11.685825045859001,-11.03260570547292,-14.488762575226797,-16.567414638466342,-22.859861857119704,-25.80193138290415,-27.78446357443655,-30.78198253924031,-32.401299183812036,-34.081757803612064,-38.583913295900985	poly	0.12	909038,,
909039	0.0,1.0,2.0,3.0,4.0,5.0,6.0,7.0,8.0,9.0,10.0,11.0,12.0,13.0,14.0,15.0,16.0,17.0,18.0,19.0	13.639603664790295,14.59548327803245,13.750609313011754,14.287842072185304,15.667276834035821,18.28742895451384,20.113777735681815,20.53764958058315,20.691666486527332,23.029321348525972,23.434691955661357,24.71803574707213,25.659930980119398,29.13963495526571,28.345404874126707,30.758418069773604,31.366891899398837,32.16279978843124,33.00367942926802,33.98512873689228	poly	0.12	909039,,
909040	0.0,1.0,2.0,3.0,4.0,5.0,6.0,7.0,8.0,9.0,10.0,11.0,12.0,13.0,14.0,15.0,16.0,17.0,18.0,19.0	-7.737954285212958,-8.836077224864692,-8.127908093621752,-8.384115497775483,-7.20992867508689,-8.560214877212374,-9.600511427584784,-8.93681442887155,-8.969403519434172,-10.624831036517332,-11.225179620348635,-11.13809953494939,-12.985962165034607,-13.613346300313292,-13.666252426042263,-13.647689540703729,-16.357047164298386,-15.275266301306566,-15.215287799702548,-16.139246238679974	poly	0.12	909040,,
909041	0.0,1.0,2.0,3.0,4.0,5.0,6.0,7.0,8.0,9.0,10.0,11.0,12.0,13.0,14.0,15.0,16.0,17.0,18.0,19.0	-3.1261651450449275,-2.6309592167781455,-1.4228596195626615,-2.4536332139025423,0.12825936421233353,0.7068457735966347,-0.18054997116266147,1.8225195567117454,1.1069121673650368,2.5209207850384265,2.0424020934522984,2.415304131057284,2.774185769326876,3.8436366158449653,5.739939670712607,5.03988329407954,4.89565788876453,5.587350215167355,5.289859944472408,8.121696351259367	poly	0.12	909041,,
909042	0.0,1.0,2.0,3.0,4.0,5.0,6.0,7.0,8.0,9.0,10.0,11.0,12.0,13.0,14.0,15.0,16.0,17.0,18.0,19.0	-41.716385699699906,-39.627483151170786,-40.06177453082209,-42.26825941490611,-42.43988520188034,-43.24029410328497,-45.643846411237085,-51.15494537997266,-53.43762509176409,-54.022402148396466,-56.53590006485128,-61.34377921332449,-65.18451534215563,-65.51981979018139,-70.72707344760083,-74.34250544336945,-74.6779264480285,-80.77810000579873,-83.02488208176436,-82.95064108197019	poly	0.12	909042,,
909043	0.0,1.0,2.0,3.0,4.0,5.0,6.0,7.0,8.0,9.0,10.0,11.0,12.0,13.0,14.0,15.0,16.0,17.0,18.0,19.0	0.5075356076950339,2.661117154482668,0.6618363590913476,1.5897199569980114,1.7236140393266712,2.0866130070430318,4.310696020882497,4.962916061348512,5.182454238095608,3.265415555549642,5.9630383130056765,5.495820341766965,4.872634549552357,5.593309688747415,7.51647822235251,5.671010000036315,7.686931967855255,6.130327061039953,8.32839381360309,7.382029947154501	poly	0.12	909043,,
909044	0.0,1.0,2.0,3.0,4.0,5.0,6.0,7.0,8.0,9.0,10.0,11.0,12.0,13.0,14.0,15.0,16.0,17.0,18.0,19.0	-17.141494331629673,-18.78393353269694,-18.45893152628927,-17.47652768235106,-15.519156439480788,-15.181411510357623,-13.42042424323865,-13.320056360652803,-11.360908967000984,-10.09126414975659,-9.90149408397258,-6.549413615930106,-6.638068810237474,-4.585468212865475,-4.383138318087347,-2.004359927191798,-2.4883863556672203,-0.6619699919944786,-0.5181261943605904,1.5428073157312134	poly	0.12	909044,,
909045	0.0,1.0,2.0,3.0,4.0,5.0,6.0,7.0,8.0,9.0,10.0,11.0,12.0,13.0,14.0,15.0,16.0,17.0,18.0,19.0	-8.980616033240793,-11.240502473067547,-11.235472236355507,-7.722196451107167,-8.02360151830795,-6.66524095608039,-6.60554099874134,-4.644308886245654,-3.792286685085564,-2.405281994839531,-3.764026513258795,-3.1156240901919503,-2.1758197141021363,0.22410946978739688,-0.03469597864996743,2.9307126670373016,2.8578844106305947,3.179892451900221,4.695044174730619,6.3076274542427075	poly	0.12	909045,,
909046	0.0,1.0,2.0,3.0,4.0,5.0,6.0,7.0,8.0,9.0,10.0,11.0,12.0,13.0,14.0,15.0,16.0,17.0,18.0,19.0	-3.082232788874309,-5.140143050409013,-2.7889609651390015,-5.509743060647201,-3.5138595675279274,-5.433306925942097,-3.443900669963175,-2.670653476178441,-0.47455542086247693,-0.6248946376754152,0.7984744142993461,1.075035912139617,2.3638034873151947,0.9523511504638558,3.9216194025883984,4.3216603630422314,2.901151641075601,5.05967179909323,5.519208499319374,6.120155346358125	poly	0.12	909046,,
909047	0.0,1.0,2.0,3.0,4.0,5.0,6.0,7.0,8.0,9.0,10.0,11.0,12.0,13.0,14.0,15.0,16.0,17.0,18.0,19.0	-16.837171578526597,-13.89482511012963,-14.444029669987987,-12.068330783546276,-12.27568203408249,-7.848204745427773,-8.325489259764066,-4.687308003885603,-3.3987953600233336,-1.885354411207489,1.0179236299733407,3.9447016731058593,7.062897302516047,7.886304874351538,9.46825549887107,12.290426590593993,14.091747277881302,17.276691101826778,18.894224344595834,20.28061250162325	poly	0.12	909047,,
909048	0.0,1.0,2.0,3.0,4.0,5.0,6.0,7.0,8.0,9.0,10.0,11.0,12.0,13.0,14.0,15.0,16.0,17.0,18.0,19.0	-10.698519272209662,-12.83420692399402,-10.441910260055046,-9.993172986973224,-9.29546470210244,-8.593539943431463,-6.9883223580447895,-4.717377332712556,-5.757674558310103,-3.081565873698753,-2.991019223101488,-0.69088891368704,-1.9088200194021265,-0.3107270158480233,0.13157109635807984,3.9496173147053124,2.2127339813045914,4.777647647285615,5.985430393962169,8.419582115807852	poly	0.12	909048,,
909049	0.0,1.0,2.0,3.0,4.0,5.0,6.0,7.0,8.0,9.0,10.0,11.0,12.0,13.0,14.0,15.0,16.0,17.0,18.0,19.0	1.8187848328626908,0.21998610137219643,2.0951254250785354,1.3053336816602488,0.9795368607413535,1.6993778952749468,2.672989243885545,1.2312353738802928,2.324713940089025,3.2541382003856074,2.299911854913223,4.8729678847999995,3.6455772204940926,5.23035314220701,6.687313886462284,6.961706089919321,7.74038696378067,5.66604921205782,8.934738417865248,6.582416090680399	poly	0.12	909049,,
909050	0.0,1.0,2.0,3.0,4.0,5.0,6.0,7.0,8.0,9.0,10.0,11.0,12.0,13.0,14.0,15.0,16.0,17.0,18.0,19.0	-23.57798814745538,-29.25900802295118,-30.227240224616924,-33.785317759991706,-34.239160637551635,-39.4605696408189,-43.219477267342704,-47.24611311707896,-46.69236650699774,-49.77272168317834,-53.09995093008986,-56.28818922707377,-59.12756760783553,-62.349559941309565,-66.33580321683695,-69.06943252914257,-69.55141082040981,-75.11868283718233,-77.88833224593823,-78.77532391579537	poly	0.12	909050,,
909051	0.0,1.0,2.0,3.0,4.0,5.0,6.0,7.0,8.0,9.0,10.0,11.0,12.0,13.0,14.0,15.0,16.0,17.0,18.0,19.0	8.375873477634574,7.85980816561668,8.736019661238672,7.780350946054083,8.931866042053095,5.915713839312918,3.40201738049892,1.3092161846738994,0.3300219824153814,-1.322205649912334,-4.512820790443754,-5.535140145480813,-7.764043610497922,-12.708833298424253,-15.446009072799495,-16.325574549512066,-17.873797897273242,-19.278012102545535,-23.772867914753512,-23.68583626643587	poly	0.12	909051,,
909052	0.0,1.0,2.0,3.0,4.0,5.0,6.0,7.0,8.0,9.0,10.0,11.0,12.0,13.0,14.0,15.0,16.0,17.0,18.0,19.0	13.181183676362926,12.663249225906082,15.480574669147742,16.63554049982177,15.450615360994075,17.612167872820265,17.957752529059785,18.799793517743236,19.192521579927455,19.429088379302527,19.907395976954184,21.255526893901877,23.642751990606392,24.161294973296805,22.970154783073195,26.315223612142855,24.887728785082402,26.9999753731405,26.183719161963843,27.828966844798952	poly	0.12	909052,,
909053	0.0,1.0,2.0,3.0,4.0,5.0,6.0,7.0,8.0,9.0,10.0,11.0,12.0,13.0,14.0,15.0,16.0,17.0,18.0,19.0	-17.036200973882604,-18.85634927978333,-19.041754856988263,-16.66899225241731,-17.979414754464734,-16.44879815604431,-20.848202098093928,-23.846027529778635,-24.342601397930373,-25.16883734156506,-29.964088384919854,-31.700754426026503,-34.161736999593586,-34.72641728090187,-37.37909658257249,-40.11997422639283,-43.74690257295819,-45.49195563808609,-49.48911351635151,-49.65919303307645	poly	0.12	909053,,
909054	0.0,1.0,2.0,3.0,4.0,5.0,6.0,7.0,8.0,9.0,10.0,11.0,12.0,13.0,14.0,15.0,16.0,17.0,18.0,19.0	-0.2432017935555888,-1.186125771420826,-0.8454131883342502,-1.2331965494672428,-1.9191543040415948,-1.3995398769220693,-0.3592477403191139,-2.2522953284913547,-1.8351984694182337,-2.7033046179352387,-3.0300950553173336,-6.246912390418686,-4.975856654115934,-5.923436553931773,-6.296073073033412,-8.606670095807868,-7.911865837288462,-8.716946968373705,-10.001093105952808,-9.659862484700799	poly	0.12	909054,,
909055	0.0,1.0,2.0,3.0,4.0,5.0,6.0,7.0,8.0,9.0,10.0,11.0,12.0,13.0,14.0,15.0,16.0,17.0,18.0,19.0	-6.948765106896681,-8.35589640969575,-5.844732097383084,-6.222311711076946,-7.674868875225424,-8.117143388635263,-9.878737310045437,-9.86250565549516,-10.66699285191357,-13.722385428090721,-14.008583554177083,-14.174147076352087,-18.350814724055237,-18.689954041888672,-19.00735550856772,-21.290622113097207,-21.829405155969727,-22.92664257199242,-24.057720654680146,-27.104832815794126	poly	0.12	909055,,
909056	0.0,1.0,2.0,3.0,4.0,5.0,6.0,7.0,8.0,9.0,10.0,11.0,12.0,13.0,14.0,15.0,16.0,17.0,18.0,19.0	-1.741020756755617,-2.936421766160308,-3.7781134543682144,-5.112830315398142,-9.27707698206581,-12.582330187967159,-13.607950573972667,-15.364356465096908,-20.063991038841618,-22.70879185372212,-23.779712160970337,-27.476571483251522,-27.07110439854939,-32.29833048860996,-32.50061287777688,-36.87671879826704,-37.67180589546202,-39.501486763548655,-43.50612383673407,-46.69161058166052	poly	0.12	909056,,
909057	0.0,1.0,2.0,3.0,4.0,5.0,6.0,7.0,8.0,9.0,10.0,11.0,12.0,13.0,14.0,15.0,16.0,17.0,18.0,19.0	13.492805046124147,12.537698458352333,13.69550128665786,13.523015351950411,15.741829018288495,15.893853607733698,18.71088597591304,18.856496455390158,20.2189250233497,20.23235788159065,21.561829993188436,21.82950444083389,24.71374242462423,25.113171243461693,24.355893042395408,25.258937166706694,25.69597367465839,27.99355558884332,29.157546128960405,29.381559551556087	poly	0.12	909057,,
909058	0.0,1.0,2.0,3.0,4.0,5.0,6.0,7.0,8.0,9.0,10.0,11.0,12.0,13.0,14.0,15.0,16.0,17.0,18.0,19.0	20.7024963474338,18.363483766128756,25.542809339448823,28.475960391271002,26.70890460427288,33.97642111650175,32.89861433549511,35.68493240487833,38.980804949300484,42.141684912152314,45.04537884981083,48.3419659654695,50.288709731250506,54.25765335867876,58.38354310655753,61.249864963849504,61.922978654412134,67.02469292288026,68.25648864960934,73.66480161882208	poly	0.12	909058,,
909059	0.0,1.0,2.0,3.0,4.0,5.0,6.0,7.0,8.0,9.0,10.0,11.0,12.0,13.0,14.0,15.0,16.0,17.0,18.0,19.0	-31.743842968278322,-31.343088904819147,-29.972358173479357,-32.49621262578032,-37.05687842243374,-39.189744298054094,-43.366409879110066,-41.75665989792386,-48.663635418506274,-49.87061910881884,-51.66268532315918,-55.19132292433335,-57.76457007142511,-60.081692723433406,-60.429456015106155,-63.25323084378581,-66.57540958109561,-68.92921098048484,-71.09610572560891,-75.17105178810158	poly	0.12	909059,,
909060	0.0,1.0,2.0,3.0,4.0,5.0,6.0,7.0,8.0,9.0,10.0,11.0,12.0,13.0,14.0,15.0,16.0,17.0,18.0,19.0	4.821751552046944,6.06691453162691,3.5769870972999165,-0.7994763195097105,-0.5947370037100903,-2.7478973377090448,-7.446008030149849,-8.82128072896054,-14.829403712363357,-15.56415757629067,-17.54288455893218,-19.67077098640253,-24.331332562277986,-28.05257976956998,-31.745791725634874,-33.70807995503372,-35.26272082543615,-36.116770338012266,-39.380196912077736,-43.33700813487091	poly	0.12	909060,,
909061	0.0,1.0,2.0,3.0,4.0,5.0,6.0,7.0,8.0,9.0,10.0,11.0,12.0,13.0,14.0,15.0,16.0,17.0,18.0,19.0	-15.08263000914414,-14.714646796854844,-17.408129101362427,-16.597146918015707,-13.35124732613779,-13.049504695100662,-8.608699166944733,-8.158962182394664,-2.913896233218912,-2.2191508220193796,1.8664284616914593,0.7378800047443299,4.064338910201791,5.386267664050681,8.247486242500035,12.634226601533175,12.586092397702107,16.628594317174688,18.673923738884575,20.694068353497517	poly	0.12	909061,,
909062	0.0,1.0,2.0,3.0,4.0,5.0,6.0,7.0,8.0,9.0,10.0,11.0,12.0,13.0,14.0,15.0,16.0,17.0,18.0,19.0	-2.8894608389020147,-4.042353642210497,-4.974613927617261,-3.4229184776989854,-3.9161885813476545,-4.709587798569811,-4.960099781821308,-4.2893822763559175,-6.326041869682783,-8.566099524118687,-9.820936792740675,-8.964724175609156,-9.820823401262718,-11.928033159718225,-12.947936645405822,-15.127188927943598,-15.416898396344779,-14.993338491084934,-16.31302446006974,-17.693816049479462	poly	0.12	909062,,
909063	0.0,1.0,2.0,3.0,4.0,5.0,6.0,7.0,8.0,9.0,10.0,11.0,12.0,13.0,14.0,15.0,16.0,17.0,18.0,19.0	-9.63565791204686,-9.566054924301213,-9.171301840319828,-11.574755264852325,-9.01722764851208,-9.851282615243747,-7.943583058674519,-8.442444579939693,-9.850102227204914,-8.977261794026468,-6.689242062264309,-7.068282012764826,-5.328726271969949,-7.495004464904286,-6.234635742253036,-4.580197370188405,-4.897861000093427,-3.1753070143612145,-2.332224341725408,-2.77355558671326	poly	0.12	909063,,
909064	0.0,1.0,2.0,3.0,4.0,5.0,6.0,7.0,8.0,9.0,10.0,11.0,12.0,13.0,14.0,15.0,16.0,17.0,18.0,19.0	41.47406956365711,40.00113871855724,41.03571448951528,38.27051697818737,39.935513442028544,38.042900851276826,34.58350685912305,29.47856795539522,29.807976126950635,25.10749045360874,21.636533540536323,19.10800061740875,14.802331408584678,14.285138373054387,11.787318444353762,4.810144478218547,2.236210064302796,1.8406629144337927,-2.179180499256887,-6.542092422513875	poly	0.12	909064,,
909065	0.0,1.0,2.0,3.0,4.0,5.0,6.0,7.0,8.0,9.0,10.0,11.0,12.0,13.0,14.0,15.0,16.0,17.0,18.0,19.0	-20.250534492051166,-20.29347195730439,-19.265354436791448,-20.673220243524625,-21.723977050334394,-21.409190396945114,-23.511650394045688,-24.024478971619335,-25.584992148232615,-28.392638409466237,-28.556009104624557,-30.494930555478156,-30.84334751760003,-34.800217486410524,-33.92620597054413,-35.19953698612608,-37.74690039219456,-38.72127599321661,-41.468058393573564,-42.87980437560903	poly	0.12	909065,,
909066	0.0,1.0,2.0,3.0,4.0,5.0,6.0,7.0,8.0,9.0,10.0,11.0,12.0,13.0,14.0,15.0,16.0,17.0,18.0,19.0	40.122008981307026,41.910921628754366,35.71255991549697,35.45223392161782,30.81577114663861,30.509365076592044,24.412466577119663,21.166830228694437,19.53082558277229,17.325333965471913,13.425975387513137,11.864773475554841,10.632336791775025,5.6066318102072685,6.154126136067319,1.1298002695998193,-1.0176077939194457,-4.866826469708286,-8.192212561413122,-8.058373369262135	poly	0.12	909066,,
909067	0.0,1.0,2.0,3.0,4.0,5.0,6.0,7.0,8.0,9.0,10.0,11.0,12.0,13.0,14.0,15.0,16.0,17.0,18.0,19.0	-10.522339438111775,-9.749594282651962,-9.642246411962724,-11.154045405880687,-9.707120843332575,-9.579215946249466,-12.533966637979841,-12.296843691532612,-11.603775943208191,-12.616156127701235,-14.19587847430185,-15.350329447737575,-17.170931022575587,-16.4033689464987,-17.860171514768616,-18.47802320524721,-19.985441236672365,-19.541890055758657,-22.980736250817564,-24.03495944378678	poly	0.12	909067,,
909068	0.0,1.0,2.0,3.0,4.0,5.0,6.0,7.0,8.0,9.0,10.0,11.0,12.0,13.0,14.0,15.0,16.0,17.0,18.0,19.0	2.392145972933113,2.3058154070434123,2.1439290971699583,2.032803849791434,1.8490660066008735,2.1521325708614096,3.3638853663190442,1.6932036490374998,1.1623298643463738,2.579230328788751,3.7640993447914726,1.391766347094436,1.9521075268296544,1.0215007475237687,2.0190278184148767,2.0234423237773154,1.8420518775466137,2.050640537225611,3.3426679544096425,0.40434614338976615	poly	0.12	909068,,
909069	0.0,1.0,2.0,3.0,4.0,5.0,6.0,7.0,8.0,9.0,10.0,11.0,12.0,13.0,14.0,15.0,16.0,17.0,18.0,19.0	-7.761257435782606,-8.7362465023385,-9.167348211926575,-11.32789395102325,-15.218817625795175,-15.96043671239505,-16.69318183116811,-19.295962174560756,-21.927979647924634,-21.81466503476186,-25.526529754539048,-26.25299957613042,-29.28756736746449,-31.658374781891244,-31.890783060697288,-33.954286158466715,-36.35791679020149,-36.33642663056339,-40.10872787437202,-41.34054233021588	poly	0.12	909069,,
909070	0.0,1.0,2.0,3.0,4.0,5.0,6.0,7.0,8.0,9.0,10.0,11.0,12.0,13.0,14.0,15.0,16.0,17.0,18.0,19.0	-34.200622671567274,-33.765523562331545,-33.85782902772838,-34.08378448224966,-35.90597739586969,-35.81234303511693,-35.58513049542269,-41.53189451215147,-42.582617375311216,-43.81651301930762,-46.14217128145084,-49.3201021059042,-52.21292888785945,-55.524758286389215,-57.179464511116024,-62.897534569233514,-64.26492159756499,-66.4171123812032,-68.0014964101218,-72.26807569811261	poly	0.12	909070,,
909071	0.0,1.0,2.0,3.0,4.0,5.0,6.0,7.0,8.0,9.0,10.0,11.0,12.0,13.0,14.0,15.0,16.0,17.0,18.0,19.0	-12.205963282778097,-11.746557975231227,-11.050819353310152,-10.952395679858226,-11.429375598599451,-8.771775536282776,-7.305090455476128,-6.511167175999457,-5.505736853200787,-4.900456070023688,-3.1806340847122883,-1.312888178576511,-0.04062082379715548,3.3039451330104814,4.285177373283833,3.3003990379501644,7.1465027695984435,7.400775677691902,7.96697418372864,8.913163012650273	poly	0.12	909071,,
909072	0.0,1.0,2.0,3.0,4.0,5.0,6.0,7.0,8.0,9.0,10.0,11.0,12.0,13.0,14.0,15.0,16.0,17.0,18.0,19.0	10.497653978254892,11.65259259444763,9.889267864181662,11.183662689893456,9.046455384636111,9.544776564635871,6.734915097614595,8.506199670150338,6.152333810622108,5.480336581998385,5.704992473745911,4.669326872225122,2.9933562111559127,2.864154504070976,1.9643648967763045,1.3596509476390803,-0.7250063455262801,-0.7251052238407176,-1.8386081846063576,-1.9809628910549897	poly	0.12	909072,,
909073	0.0,1.0,2.0,3.0,4.0,5.0,6.0,7.0,8.0,9.0,10.0,11.0,12.0,13.0,14.0,15.0,16.0,17.0,18.0,19.0	-4.408495133632438,-6.196059886814401,-5.408477895825719,-4.676405430093732,-3.3457859722320924,-3.514741681736436,-2.8831576698371606,1.4983452833032267,1.5330980648664942,2.282825609587955,4.554685058840892,5.30567758911995,8.444519512105408,9.483142946064845,10.030404744175769,12.87576058534936,13.520777864266975,13.974754426511737,15.429317937533657,16.926070166135464	poly	0.12	909073,,
909074	0.0,1.0,2.0,3.0,4.0,5.0,6.0,7.0,8.0,9.0,10.0,11.0,12.0,13.0,14.0,15.0,16.0,17.0,18.0,19.0	1.835288113945335,0.8902263052284385,2.06780277844548,1.5849587498608135,2.2523823576782718,3.741377678460469,5.257918350734053,5.721779602090219,5.078532966013661,4.538721294887036,5.088146185994983,6.020217202050782,8.502141248819939,7.430677894573437,8.477591251726183,8.515111314560787,10.46927200097792,10.527232248400837,10.412412270937317,10.228408907251021	poly	0.12	909074,,
909075	0.0,1.0,2.0,3.0,4.0,5.0,6.0,7.0,8.0,9.0,10.0,11.0,12.0,13.0,14.0,15.0,16.0,17.0,18.0,19.0	-5.7589380850216365,-4.517946840938339,-5.411351325450312,-2.7659106366205872,-4.827904396728614,-4.856601923984453,-6.135276370070548,-10.467746764526707,-10.762995428283027,-14.669174984482117,-19.515783841602115,-21.34677176283691,-23.818105078323796,-27.391217540591033,-29.429614921477793,-30.896178580589716,-34.634109620790966,-40.39588302322438,-43.713697994890204,-46.13523635804525	poly	0.12	909075,,
909076	0.0,1.0,2.0,3.0,4.0,5.0,6.0,7.0,8.0,9.0,10.0,11.0,12.0,13.0,14.0,15.0,16.0,17.0,18.0,19.0	-0.22850312989905963,0.5234688436480255,1.6048514057402237,1.3080133736992345,-0.8434723301329321,1.1189710517919695,-0.1466456041792119,0.5017664819850829,0.01668938388170149,-1.8952207966824164,-2.675759479717568,-4.044132015992387,-2.7990603219366763,-2.085309226243582,-4.007455604080908,-3.4905648775002933,-5.291036804791868,-5.568254803851299,-5.348814258009817,-6.219611173185894	poly	0.12	909076,,
909077	0.0,1.0,2.0,3.0,4.0,5.0,6.0,7.0,8.0,9.0,10.0,11.0,12.0,13.0,14.0,15.0,16.0,17.0,18.0,19.0	7.352239194587554,6.773486292062926,8.999597712457494,6.7692856567671384,6.871112131579476,6.985457404718411,8.930926617255276,8.061505948917606,7.878222101521979,8.176465845613187,9.089943505441886,10.273340922792597,10.228307941854169,10.897809169441624,9.78590994310493,9.595904638204921,10.084104402306652,11.738220083724952,10.946166821219688,9.50450247369913	poly	0.12	909077,,
909078	0.0,1.0,2.0,3.0,4.0,5.0,6.0,7.0,8.0,9.0,10.0,11.0,12.0,13.0,14.0,15.0,16.0,17.0,18.0,19.0	-10.106681502688048,-12.368275232636602,-12.056384214763685,-10.842845739574209,-10.061974149397532,-12.061289110364157,-13.366654768798313,-15.877023239610073,-17.47937923568345,-20.121049663330638,-21.329291617836063,-25.80155154960261,-25.978114077521568,-31.573767663227216,-33.30699284528111,-33.54192926749167,-36.27823571412703,-38.914072915172156,-42.999156743603706,-45.417108965735366	poly	0.12	909078,,
909079	0.0,1.0,2.0,3.0,4.0,5.0,6.0,7.0,8.0,9.0,10.0,11.0,12.0,13.0,14.0,15.0,16.0,17.0,18.0,19.0	-6.492447667575612,-5.688497046417948,-5.709092370368784,-4.604789811415542,-4.527649860291039,-6.018169073531691,-6.12484433009388,-3.9411073363037565,-2.1685693163383135,-3.022817110115079,-2.1245164344129037,-2.442134177688205,-2.031766505949826,0.7156591100702476,-0.5860440638284379,2.1947240581481187,1.5768642985402135,2.200188107205965,2.839920727887244,2.0090791554891174	poly	0.12	909079,,
909080	0.0,1.0,2.0,3.0,4.0,5.0,6.0,7.0,8.0,9.0,10.0,11.0,12.0,13.0,14.0,15.0,16.0,17.0,18.0,19.0	26.39144636987876,28.01516993373831,26.262745522042763,27.137226862672982,27.626046713336397,27.662692947467534,30.05687141748203,32.036380487922095,33.49465485405075,34.254902461355925,38.5060636550331,40.39857594696215,41.54506539871993,44.51462281497703,45.42906585007518,48.84920915941045,51.71667221107943,53.161203267700266,57.055956115661786,58.844566057828324	poly	0.12	909080,,
909081	0.0,1.0,2.0,3.0,4.0,5.0,6.0,7.0,8.0,9.0,10.0,11.0,12.0,13.0,14.0,15.0,16.0,17.0,18.0,19.0	-34.995397552454044,-34.22320030863208,-34.97407848481961,-35.651748913138334,-37.5432904337881,-38.0929005732925,-40.863327925485684,-44.27707995795526,-47.02752879284827,-51.03556351512826,-53.27145648748852,-56.23338625600267,-56.36173915212626,-59.92506799794475,-64.08406857237361,-65.39977506838564,-66.88442913196849,-70.56264366115082,-75.43341716304188,-75.6401839691649	poly	0.12	909081,,
909082	0.0,1.0,2.0,3.0,4.0,5.0,6.0,7.0,8.0,9.0,10.0,11.0,12.0,13.0,14.0,15.0,16.0,17.0,18.0,19.0	-0.9476065004978538,0.8738512635239251,0.1085930061695013,-0.5374718155080522,-1.761686260859607,0.3930214835098562,0.470927795168389,-1.8051269663470078,-1.728283047960268,0.3759578080080206,-0.45673075592795565,-2.7183796469462704,0.1127074968668893,-1.119249558756446,-1.7376396942605945,-1.9218073515225957,-3.1026104115105797,-2.014353707684406,-0.558151279802829,-2.9337586173149894	poly	0.12	909082,,
909083	0.0,1.0,2.0,3.0,4.0,5.0,6.0,7.0,8.0,9.0,10.0,11.0,12.0,13.0,14.0,15.0,16.0,17.0,18.0,19.0	-30.252183728886767,-31.271283220609,-36.7840675910459,-37.179116497452284,-39.66221881098882,-42.61411406305951,-43.30723817412971,-45.09887549134338,-48.43965213932675,-49.33354700433468,-53.47031050466167,-56.895909900936346,-59.496635481051555,-61.65631265901322,-61.927944816970914,-65.68726004332025,-66.46903601734931,-69.72567647700365,-72.75360293048308,-73.26900635451801	poly	0.12	909083,,
909084	0.0,1.0,2.0,3.0,4.0,5.0,6.0,7.0,8.0,9.0,10.0,11.0,12.0,13.0,14.0,15.0,16.0,17.0,18.0,19.0	0.3824142893650798,0.5070444865370137,1.5348778858248209,2.2308099944482973,0.32533368386229,2.0961637256986316,1.4632999510472402,0.24062892003129188,-1.2294461700086126,0.8386430854489597,0.1595862987219987,-0.4049077396815526,-1.1138712259303865,-1.2913218100414783,-1.5110413833112388,-1.1938856046971176,-3.1409192924742184,-1.9060646697703936,-4.95532530959228,-3.2760964592339032	poly	0.12	909084,,
909085	0.0,1.0,2.0,3.0,4.0,5.0,6.0,7.0,8.0,9.0,10.0,11.0,12.0,13.0,14.0,15.0,16.0,17.0,18.0,19.0	0.5019387707920773,-0.10135737340816142,-0.1888124506373483,0.3931385131676861,-0.42159899961587977,-1.4313296281120422,-2.4847816338959756,-1.842365362279807,-1.761149549679157,-1.3094080223306217,-1.9130708292252083,-1.250616517764466,-3.1154519119108706,-2.1945390357894623,-3.23784860028783,-2.4425242576684174,-1.127860225443973,-2.9303079681909727,-4.18553378737164,-2.1344327977334827	poly	0.12	909085,,
909086	0.0,1.0,2.0,3.0,4.0,5.0,6.0,7.0,8.0,9.0,10.0,11.0,12.0,13.0,14.0,15.0,16.0,17.0,18.0,19.0	5.78219737505676,6.139234926074585,4.2950400313945725,4.570509690398976,3.418907383406121,3.5107109650358925,1.663760655524741,-1.3228188882028133,-1.1031714041124294,-2.3144042033753847,-5.563492059307765,-5.992305697220274,-6.961058592947081,-8.445389715204378,-12.240807921291074,-12.858578922036365,-14.596134403932291,-14.381539515861657,-15.712598744959902,-17.358201691161653	poly	0.12	909086,,
909087	0.0,1.0,2.0,3.0,4.0,5.0,6.0,7.0,8.0,9.0,10.0,11.0,12.0,13.0,14.0,15.0,16.0,17.0,18.0,19.0	-5.330219731169224,-5.358759009323342,-5.280372146866926,-5.687879863104818,-5.511073656191867,-5.342540974301343,-7.857431089024854,-6.524598086656088,-6.82368630644138,-7.764396182735253,-7.648882878817493,-6.632088218083165,-8.129405897655552,-8.462006969716692,-7.022636314589535,-8.337787538167532,-8.883219833672943,-9.510678369745452,-10.770426386417027,-10.539550569708563	poly	0.12	909087,,
909088	0.0,1.0,2.0,3.0,4.0,5.0,6.0,7.0,8.0,9.0,10.0,11.0,12.0,13.0,14.0,15.0,16.0,17.0,18.0,19.0	-3.3699113019558986,-4.355189942457727,-5.8810369143168195,-6.170769962944808,-2.9502878527872616,-1.1091301897875656,4.58029906789159,7.677969215398862,8.58639132010245,8.776297462726223,12.609504644762392,15.392140726991698,16.817739084727805,22.698033577622596,23.685030752803936,24.88606864915924,29.903184874253427,31.82667391731315,32.617415350701954,36.66047854406056	poly	0.12	909088,,
909089	0.0,1.0,2.0,3.0,4.0,5.0,6.0,7.0,8.0,9.0,10.0,11.0,12.0,13.0,14.0,15.0,16.0,17.0,18.0,19.0	10.620840697119895,12.086780206663207,10.434621681505696,10.65171140216729,11.900880426803269,11.278986425755654,8.840760275469698,8.400898717739533,9.583634865715133,9.418563437362891,6.762373865048439,7.495080166958904,5.268689799910271,6.275428949256132,5.834246427615834,5.407148413995595,3.769662294763095,3.3772571879105664,2.5942164990400345,1.7933884033039922	poly	0.12	909089,,
909090	0.0,1.0,2.0,3.0,4.0,5.0,6.0,7.0,8.0,9.0,10.0,11.0,12.0,13.0,14.0,15.0,16.0,17.0,18.0,19.0	15.939646605246235,14.663795440094978,14.471622439684348,13.904506460741782,12.419708886386598,12.445526218829468,10.123534768400564,7.19644719177669,6.183866449035124,5.96142495185196,6.167369343429737,4.686503258726159,1.6847227311553699,0.48626992299483085,0.9008187260848963,-1.0100192448313479,-2.701534450112815,-4.5301077377972465,-5.648021348795604,-7.242867025343958	poly	0.12	909090,,
909091	0.0,1.0,2.0,3.0,4.0,5.0,6.0,7.0,8.0,9.0,10.0,11.0,12.0,13.0,14.0,15.0,16.0,17.0,18.0,19.0	27.035595902150888,26.901508269658954,25.0548216597493,19.900378950676142,18.63766075422975,16.048387055034745,15.045805683070492,12.936807576971873,12.21669083200758,10.188705387329573,9.248666454241505,6.631007958759767,2.712085009063472,2.1338551018019025,0.5360576573126536,-2.241043359276066,-4.291334374080499,-8.124838807637214,-6.7353632836787085,-9.630152717561472	poly	0.12	909091,,
909092	0.0,1.0,2.0,3.0,4.0,5.0,6.0,7.0,8.0,9.0,10.0,11.0,12.0,13.0,14.0,15.0,16.0,17.0,18.0,19.0	15.047604818026318,12.557282667535205,11.160022323466219,10.878165443229067,10.563011956953002,9.716790319082005,6.609547439305196,8.038074156856696,5.862402664555496,3.4557901145182157,4.807422756044993,3.3614929547948282,-0.12163227330581883,0.5104175887433371,-2.0127737466928224,-1.806896265055851,-3.0472232687075937,-4.429865445904763,-5.138133088475655,-5.485959112454729	poly	0.12	909092,,
909093	0.0,1.0,2.0,3.0,4.0,5.0,6.0,7.0,8.0,9.0,10.0,11.0,12.0,13.0,14.0,15.0,16.0,17.0,18.0,19.0	-3.0561489556502175,-1.0819659702253746,-2.9873653598672405,-0.987432770636469,-0.9366143284918891,1.7536315138352347,1.755556076972691,5.525085740869841,5.639011182552318,8.655046911762465,9.344485411778159,11.71430901261511,12.559468018361065,14.732327330104171,15.955470565383445,20.194838503766988,20.524975523921185,21.726276379537076,25.670364200293196,25.998310729567347	poly	0.12	909093,,
909094	0.0,1.0,2.0,3.0,4.0,5.0,6.0,7.0,8.0,9.0,10.0,11.0,12.0,13.0,14.0,15.0,16.0,17.0,18.0,19.0	13.522427681902908,14.167836623973844,14.008759767171709,12.265606250645755,11.010168449054456,9.055578471702734,9.598428683430962,8.41252887361069,7.34509215269852,4.7150200078167686,3.4443636189397555,1.729290751885694,2.173715476346029,2.258470898753311,0.9140398014819979,-2.362387052114183,-2.8071272979430617,-2.9117768212892017,-5.787697229155354,-4.244382966721602	poly	0.12	909094,,
909095	0.0,1.0,2.0,3.0,4.0,5.0,6.0,7.0,8.0,9.0,10.0,11.0,12.0,13.0,14.0,15.0,16.0,17.0,18.0,19.0	17.030274660537543,15.929809423572918,16.376858867981657,15.114141631215752,13.456239723469578,12.30211415621958,11.89750119078553,8.669423837225063,9.4605315719031,8.845516854144531,4.984260367509192,5.446617149276555,4.0220060637881065,1.3793242510426538,-0.11178158075220423,-0.8931319866143923,-0.4340938930112692,-2.7056876463207047,-3.4759590493800587,-6.307110183480997	poly	0.12	909095,,
909096	0.0,1.0,2.0,3.0,4.0,5.0,6.0,7.0,8.0,9.0,10.0,11.0,12.0,13.0,14.0,15.0,16.0,17.0,18.0,19.0	-10.276790393746193,-10.338283941237222,-9.701029641121021,-8.748808073063607,-9.32854074883969,-7.960805928555347,-8.83687749886833,-2.650743740433363,-2.190863803368024,1.4990462169713812,5.083665557300774,6.31313943120602,8.707052851589854,9.841484242006237,12.192111813039126,16.50686437324046,21.15934357560959,23.45846621131555,22.741139236344267,26.170728105080958	poly	0.12	909096,,
909097	0.0,1.0,2.0,3.0,4.0,5.0,6.0,7.0,8.0,9.0,10.0,11.0,12.0,13.0,14.0,15.0,16.0,17.0,18.0,19.0	-18.799739436676532,-16.221338039074638,-16.5809494113333,-15.982016219365159,-16.07487274428894,-14.019737247137789,-12.112160795696427,-11.443476721241906,-9.10400639968911,-5.897147159202548,-4.481046508108266,-3.461543546897298,-2.431580828211601,-1.722473819450368,1.01741614250043,2.734067457870033,2.3160215728848854,4.14191703205168,5.9483499323402,8.629918817607884	poly	0.12	909097,,
909098	0.0,1.0,2.0,3.0,4.0,5.0,6.0,7.0,8.0,9.0,10.0,11.0,12.0,13.0,14.0,15.0,16.0,17.0,18.0,19.0	0.9949560521469158,3.6872813247238163,2.2779640523495677,2.8350253577511424,1.6605374495419538,2.1933127855899635,3.854074282725477,1.8295222178919206,3.271307796627369,4.010501852529185,2.0643173018683036,1.6143092524300247,4.448168371188981,2.625813684836971,2.091534236384978,4.25088209454323,2.369093647376223,5.014433097043519,4.0919770556525785,3.8085237946509243	poly	0.12	909098,,
909099	0.0,1.0,2.0,3.0,4.0,5.0,6.0,7.0,8.0,9.0,10.0,11.0,12.0,13.0,14.0,15.0,16.0,17.0,18.0,19.0	7.895155484183168,9.900640544331814,8.940538158720033,10.302975237202224,10.427943908551258,9.753555185520494,10.831136585295669,10.533037872036045,8.689289678473784,9.093980320345372,11.311637272345322,12.006677705395873,11.541319735152516,12.814186191386703,12.182410016556625,12.46273070097164,12.313467686751212,12.924198572341155,12.52489652921433,13.592144486534258	poly	0.12	909099,,
909100	0.0,1.0,2.0,3.0,4.0,5.0,6.0,7.0,8.0,9.0,10.0,11.0,12.0,13.0,14.0,15.0,16.0,17.0,18.0,19.0	-5.386050691139008,-5.32238717934051,-8.060916353279481,-5.315238502448682,-1.262802781910457,-0.9417162772803636,1.7160162835198882,5.311416054089085,6.992590772024269,8.45680836554005,11.30830452627012,12.701979085230708,12.472105217694345,17.941508013358437,18.419830201421295,19.650867669600842,22.373434636734103,24.53676000533499,25.164486448611807,26.82275663528939	poly	0.12	909100,,
909101	0.0,1.0,2.0,3.0,4.0,5.0,6.0,7.0,8.0,9.0,10.0,11.0,12.0,13.0,14.0,15.0,16.0,17.0,18.0,19.0	-8.34018403561441,-9.269003097567097,-9.745300676910496,-13.513577126857523,-15.724234602595132,-16.687446482371985,-17.410207504927904,-18.398424224635345,-22.663239900185687,-22.371877973396632,-25.69196200070755,-27.408213615758676,-28.076479518342524,-30.048804597443745,-31.390712967051122,-35.04749385865625,-35.042413418192496,-37.830503238955075,-38.06488285607378,-41.25806298405249	poly	0.12	909101,,
909102	0.0,1.0,2.0,3.0,4.0,5.0,6.0,7.0,8.0,9.0,10.0,11.0,12.0,13.0,14.0,15.0,16.0,17.0,18.0,19.0	5.461669529082197,6.581174972554555,5.087118293547238,7.370189608004473,8.760708287864343,10.964669664826785,13.386594730075057,12.63176753993765,16.13664365151162,16.448450661017638,16.531357901055244,19.095323464034564,21.06952250067067,21.56939094870845,22.47301244885187,24.613597895341613,27.01664543118912,27.222456558194448,29.2661216117089,28.894163759293253	poly	0.12	909102,,
909103	0.0,1.0,2.0,3.0,4.0,5.0,6.0,7.0,8.0,9.0,10.0,11.0,12.0,13.0,14.0,15.0,16.0,17.0,18.0,19.0	-5.545481862560853,-3.4672981554224815,-5.702797492656692,-5.083971052820833,-3.4407046253176654,-3.0115542747545283,-5.4939114379743685,-2.1901018112363517,-2.85941266265376,-1.5896012460953797,-1.8891846894741349,-3.217463844468112,-0.9059372255019582,-1.4411242368596362,0.2677485867885636,-0.4753882582952933,-0.8904538371022666,1.2583870949182634,2.1566580600257277,2.37714975039231	poly	0.12	909103,,
909104	0.0,1.0,2.0,3.0,4.0,5.0,6.0,7.0,8.0,9.0,10.0,11.0,12.0,13.0,14.0,15.0,16.0,17.0,18.0,19.0	29.127483914209957,29.829324576335907,30.453100713636495,31.55724882083686,33.782126682110345,36.02867557078728,37.09341355080519,37.15720441457205,39.224967793735686,41.00962943246466,42.79216863680255,45.241606253185374,46.784744441079454,47.0457358140468,49.485379611768,49.84437675239142,53.423726576670056,54.94966821811376,55.520212526707105,55.825768492530074	poly	0.12	909104,,
909105	0.0,1.0,2.0,3.0,4.0,5.0,6.0,7.0,8.0,9.0,10.0,11.0,12.0,13.0,14.0,15.0,16.0,17.0,18.0,19.0	30.728366367934388,27.184943975584325,25.286049587902827,22.92647303889206,23.234344481201834,19.321316441401642,19.268541409562246,16.030828410385098,13.81320903154763,13.42668576080948,8.973891621399869,6.8568599431207105,6.807211549035664,5.922443144761363,3.5800974098697615,1.0686278262356375,-1.8158426481755647,-2.7692508247937972,-6.241195431149098,-5.475192850201449	poly	0.12	909105,,
909106	0.0,1.0,2.0,3.0,4.0,5.0,6.0,7.0,8.0,9.0,10.0,11.0,12.0,13.0,14.0,15.0,16.0,17.0,18.0,19.0	-3.474917336297411,-3.853170183935873,-0.9501170118529605,-2.1561477784731133,0.48443307654014345,2.1840765162967557,0.05239253792691212,2.629600182125993,1.9096696875288188,5.383009827549445,3.637174153195151,4.868152778442635,5.21705258117014,8.130516127400803,7.414637068378872,9.406891613197992,10.85590900796211,9.696253246056344,11.380553417877355,11.16359822678178	poly	0.12	909106,,
909107	0.0,1.0,2.0,3.0,4.0,5.0,6.0,7.0,8.0,9.0,10.0,11.0,12.0,13.0,14.0,15.0,16.0,17.0,18.0,19.0	-20.38664000942928,-19.563223594665683,-20.860454814525905,-17.950463572034614,-19.653600825013296,-15.634199768336671,-13.330195513792825,-12.433835801999024,-10.279737247561608,-6.175096951563383,-6.516300291138391,-1.4241284303692172,-2.1742600786402093,0.27407911862405143,2.396510564646661,7.183865725854822,9.847737208081007,11.322108170791054,14.134315396705606,16.698830223745148	poly	0.12	909107,,
909108	0.0,1.0,2.0,3.0,4.0,5.0,6.0,7.0,8.0,9.0,10.0,11.0,12.0,13.0,14.0,15.0,16.0,17.0,18.0,19.0	16.339272098879476,16.18141390525557,15.21067368075547,15.183971807056821,15.146311599642367,16.994820829673316,17.37063288589117,20.81741362886307,20.680067947252894,23.695537806590647,22.705201972169082,24.995206918910746,27.562786076275156,28.72963792730284,28.886197430104318,31.685989085992077,31.87944994360432,35.08145602572703,36.05839315617813,37.03666905520443	poly	0.12	909108,,
909109	0.0,1.0,2.0,3.0,4.0,5.0,6.0,7.0,8.0,9.0,10.0,11.0,12.0,13.0,14.0,15.0,16.0,17.0,18.0,19.0	5.329425990186819,5.637279363980623,3.6456264884139786,1.969287885699587,3.3709946358277785,1.072102167809268,2.259175990928834,0.897411725543309,-0.048891973037513026,0.6962872651915575,-1.9380402515566129,-2.6180776206134784,-2.7649290712656622,-2.0908672842634832,-4.794917784727634,-3.837058354262802,-4.73401818372874,-4.212002517820165,-5.663596046722604,-7.773514604595141	poly	0.12	909109,,
909110	0.0,1.0,2.0,3.0,4.0,5.0,6.0,7.0,8.0,9.0,10.0,11.0,12.0,13.0,14.0,15.0,16.0,17.0,18.0,19.0	7.014828381950979,6.4686544589426,6.102999943978608,6.175794205580333,4.50939397527919,5.8970063016817065,3.577386346696494,2.582325908813925,4.716123328689161,4.203125009276366,3.389906065068283,1.7313417843356556,-0.6510209437926617,0.31693399695718405,-0.6501199820756316,-0.603099451933363,-1.7447771702507016,-2.5700604328837127,-3.6267807284626574,-4.457700944234272	poly	0.12	909110,,
909111	0.0,1.0,2.0,3.0,4.0,5.0,6.0,7.0,8.0,9.0,10.0,11.0,12.0,13.0,14.0,15.0,16.0,17.0,18.0,19.0	2.1580180701802463,5.080039873893232,5.284439041688551,-0.8034809151124875,-0.5454505880092348,-5.260329488562057,-6.900060385366024,-8.630340455687456,-11.255567792197112,-14.574394493984439,-17.12451463376305,-21.093398118462684,-23.74909504453654,-28.467985797026703,-29.194654542743407,-35.62754112504743,-35.22348463466681,-37.52555605397023,-43.17532074198242,-44.342156927354345	poly	0.12	909111,,
909112	0.0,1.0,2.0,3.0,4.0,5.0,6.0,7.0,8.0,9.0,10.0,11.0,12.0,13.0,14.0,15.0,16.0,17.0,18.0,19.0	-21.99031949553298,-21.924137064048224,-19.538876037800947,-16.970552913594986,-14.651621349628844,-12.880218859229348,-10.461600906690538,-10.978303940129791,-8.514060151956478,-6.848295850177216,-2.8254594799275665,-1.1918732282090545,-0.6021790082663756,0.046088809358746374,4.070263826445451,5.95088161241096,8.445053152253536,8.93003848785078,10.09868505467334,14.03948026642367	poly	0.12	909112,,
909113	0.0,1.0,2.0,3.0,4.0,5.0,6.0,7.0,8.0,9.0,10.0,11.0,12.0,13.0,14.0,15.0,16.0,17.0,18.0,19.0	-7.220691571249025,-6.9548242634743165,-8.1371620230406,-7.0342173199000335,-9.27904674029089,-8.793178200951955,-7.786260295733117,-10.459318311629593,-10.080728181186855,-9.41936596415228,-10.020317886204314,-10.769090357798367,-11.154329671128238,-11.27403857450381,-11.35969261493464,-12.487019420301333,-13.941693209272486,-12.28034553555607,-14.308783647128351,-13.628452020086344	poly	0.12	909113,,
909114	0.0,1.0,2.0,3.0,4.0,5.0,6.0,7.0,8.0,9.0,10.0,11.0,12.0,13.0,14.0,15.0,16.0,17.0,18.0,19.0	34.173153951315186,32.05397585835227,33.4257202733602,31.906493180023446,31.93011606870712,30.189801898156873,28.206872722974374,26.923185328130888,23.95783178680394,18.629225007898764,18.734472253404054,15.899462180059512,13.497758598274654,7.198200480759862,6.0693534417224875,1.8572422209103578,2.522593488323338,-4.404439526964332,-4.567490050148528,-8.91813860596902	poly	0.12	909114,,
909115	0.0,1.0,2.0,3.0,4.0,5.0,6.0,7.0,8.0,9.0,10.0,11.0,12.0,13.0,14.0,15.0,16.0,17.0,18.0,19.0	-22.844657278766203,-21.441459335568915,-21.73950186122628,-21.089108181310653,-21.49484651050484,-18.01648723142928,-18.601080888574963,-15.367050306191729,-15.191241937698106,-14.195929360268082,-11.437822062532401,-11.34733281244921,-7.411462255535202,-8.58559692537036,-4.794049636205589,-5.421992473372768,-3.8648077249952664,-0.44956714495879524,1.618911699751493,0.5191075607595828	poly	0.12	909115,,
909116	0.0,1.0,2.0,3.0,4.0,5.0,6.0,7.0,8.0,9.0,10.0,11.0,12.0,13.0,14.0,15.0,16.0,17.0,18.0,19.0	3.092139692433512,5.754624640079788,4.911847836884843,3.639003172165463,5.348789196913686,3.907672312783041,4.867342352711526,9.622084891554874,10.07469713238469,13.154244053613711,14.972039551247184,20.531818740685466,20.677122582791746,23.803290831006244,26.36288576189033,29.570140138710883,32.396710395158074,33.49606835210281,36.246839374733696,37.18666506923667	poly	0.12	909116,,
909117	0.0,1.0,2.0,3.0,4.0,5.0,6.0,7.0,8.0,9.0,10.0,11.0,12.0,13.0,14.0,15.0,16.0,17.0,18.0,19.0	-19.90776670508038,-19.188412190613935,-18.58559467556917,-21.8938916833622,-28.080897611032984,-28.254505128442275,-34.35646282135205,-36.6858454156007,-39.418667605806334,-41.92851787461139,-41.709156249702986,-43.85265964075048,-51.248553615660285,-53.376232023943814,-55.62504478540187,-57.073416793846775,-58.7231948877025,-65.36329756866573,-67.23798984767832,-71.25082571078286	poly	0.12	909117,,
909118	0.0,1.0,2.0,3.0,4.0,5.0,6.0,7.0,8.0,9.0,10.0,11.0,12.0,13.0,14.0,15.0,16.0,17.0,18.0,19.0	-11.17511203884824,-11.72998288981265,-12.471249498636837,-11.927208149294003,-15.783241590615617,-18.27533674386578,-21.52993340335134,-20.730557343520736,-27.062191114409917,-29.08728981424053,-30.266214938107158,-31.75827846808944,-34.15679810417208,-37.009225158913964,-41.18515590879688,-44.28433317213387,-47.35312073093873,-49.01342860346232,-52.900787653479355,-53.765971927636066	poly	0.12	909118,,
909119	0.0,1.0,2.0,3.0,4.0,5.0,6.0,7.0,8.0,9.0,10.0,11.0,12.0,13.0,14.0,15.0,16.0,17.0,18.0,19.0	3.2229348640231352,1.8383780195642392,4.588011421578917,2.140057755965848,3.6916538809761645,4.652908903660963,5.584180998339889,4.411002315636132,7.129286328946646,5.270212134750785,6.818545964192231,6.599285119609833,7.46311074583993,10.043175860110363,10.557448510313442,11.164357077832445,11.207669161134579,13.239482857746614,14.358523039611683,13.351404965063484	poly	0.12	909119,,
909120	0.0,1.0,2.0,3.0,4.0,5.0,6.0,7.0,8.0,9.0,10.0,11.0,12.0,13.0,14.0,15.0,16.0,17.0,18.0,19.0	-30.31077334035782,-28.23015192716968,-26.174139724152422,-24.513701664035196,-20.69279747322193,-19.35266029916332,-13.315426714012474,-13.342986191306764,-11.0165669086471,-8.124078274259915,-3.1314989121450125,-0.7276094849077168,1.7237935257008985,2.9227841484393977,5.802438923283823,8.375238029589518,12.856632043250976,13.022642967913022,16.127923102695497,21.355949723117714	poly	0.12	909120,,
909121	0.0,1.0,2.0,3.0,4.0,5.0,6.0,7.0,8.0,9.0,10.0,11.0,12.0,13.0,14.0,15.0,16.0,17.0,18.0,19.0	-22.49566926023706,-21.89889806298752,-18.28258272542525,-16.531189496991345,-16.150710840360034,-13.745465603786217,-10.677738428660042,-9.7268323478117,-4.468505327207371,-1.557927309175529,-2.959776580828869,0.5979783575354034,2.6267325269990707,3.9568990792187577,9.2928513500154,11.109252995475515,12.664250017683845,14.204403745851423,15.76034304380994,21.296804518127317	poly	0.12	909121,,
909122	0.0,1.0,2.0,3.0,4.0,5.0,6.0,7.0,8.0,9.0,10.0,11.0,12.0,13.0,14.0,15.0,16.0,17.0,18.0,19.0	4.668071075577647,1.4234400867741304,4.119100768772331,1.2796507617402613,3.852522132951183,2.2993763822845326,3.858858073456368,8.104387904037637,8.786660836483339,10.860611459084112,13.031961747252927,16.431450386932923,20.610810837646152,20.565495186624254,24.88944668561316,24.630325459654802,27.560861488629346,31.332810800168385,31.91754411147549,37.183280328143496	poly	0.12	909122,,
909123	0.0,1.0,2.0,3.0,4.0,5.0,6.0,7.0,8.0,9.0,10.0,11.0,12.0,13.0,14.0,15.0,16.0,17.0,18.0,19.0	-46.02062617909286,-47.66708111636903,-41.09862227039294,-39.20257226816582,-34.72032046965096,-33.64362081524968,-31.288961563717436,-26.73840788045169,-27.25342574178905,-21.857627352699346,-17.618932979045212,-17.280207555082683,-12.253990959351313,-11.172146923935586,-9.715750015964502,-3.2342305054442306,-0.18572953678312842,2.194008275110953,4.212175281413792,8.476228009453493	poly	0.12	909123,,
909124	0.0,1.0,2.0,3.0,4.0,5.0,6.0,7.0,8.0,9.0,10.0,11.0,12.0,13.0,14.0,15.0,16.0,17.0,18.0,19.0	21.227678022960433,19.6603169798948,22.26012105298711,19.923397606143425,21.668912429559654,22.80077574293287,25.239556416807595,27.082748630641653,28.990684414769163,29.387134792819182,30.533325797667914,32.89432727823705,33.6790798607595,35.513644783512426,38.767117725673735,39.82527947813924,40.867483496792396,43.62928044595637,45.49347742785787,48.097784291362714	poly	0.12	909124,,
909125	0.0,1.0,2.0,3.0,4.0,5.0,6.0,7.0,8.0,9.0,10.0,11.0,12.0,13.0,14.0,15.0,16.0,17.0,18.0,19.0	-7.047608439958481,-5.359790170438808,-5.0421694851008745,-4.835847874877256,-3.7962902477121054,-4.930000396247237,-3.486709830024284,-3.2958148051077023,-2.762443016676536,-1.4761217722501918,-1.667154065070961,-1.0636100066287266,-0.9397938005030531,-2.071546528825765,-0.08874175724195688,0.31120304917349806,1.2737592996046896,1.3688817643332438,2.755113344812669,2.6046578868219674	poly	0.12	909125,,
909126	0.0,1.0,2.0,3.0,4.0,5.0,6.0,7.0,8.0,9.0,10.0,11.0,12.0,13.0,14.0,15.0,16.0,17.0,18.0,19.0	-0.6198667036918399,-0.2750643571727789,1.4066920546350286,-0.3698674497694201,-0.037391296820127984,1.0810679553073652,1.7371094841999413,1.9697752165903388,2.126362071285503,2.387493982139252,3.1064301111870782,3.9039299328594708,1.6587776086096504,2.1731343028406123,3.613850957244851,3.8667674197670783,5.88324681265372,4.907320937211439,3.966326852297225,6.368943148515694	poly	0.12	909126,,
909127	0.0,1.0,2.0,3.0,4.0,5.0,6.0,7.0,8.0,9.0,10.0,11.0,12.0,13.0,14.0,15.0,16.0,17.0,18.0,19.0	-21.178632418926924,-21.573562623440772,-21.167994956580614,-19.245102657466763,-17.68662752584742,-13.509131937819308,-14.207523241176565,-11.119115844294662,-7.514925424757871,-5.917968563442308,-6.7595943386254795,-4.883252525061408,-0.27302286133316755,0.7918204719150026,3.1115236578608076,3.180566446058851,7.171912143363539,7.7068848604952365,11.783202439351545,11.62697409182898	poly	0.12	909127,,
909128	0.0,1.0,2.0,3.0,4.0,5.0,6.0,7.0,8.0,9.0,10.0,11.0,12.0,13.0,14.0,15.0,16.0,17.0,18.0,19.0	-0.8315898052789233,0.9652126987402596,2.1817202563046703,4.5462093204442215,7.665820014072015,8.142703526932777,9.523622550447286,13.652096018616447,15.675624883708835,17.65788320592584,16.512317240360886,21.342730457437366,23.427215234528738,23.166310601024808,25.053092367954434,27.35234222843845,30.893606963251784,32.2572449917312,34.49650266455917,35.06912302705546	poly	0.12	909128,,
909129	0.0,1.0,2.0,3.0,4.0,5.0,6.0,7.0,8.0,9.0,10.0,11.0,12.0,13.0,14.0,15.0,16.0,17.0,18.0,19.0	5.51513801000717,6.734492582605708,6.188511040672596,7.1253722978130245,8.666840376320165,7.9682747305246755,7.688014598374107,7.715554191605287,9.310841147267856,10.115678836595185,12.007851721471585,9.91995778234082,10.644206178367265,13.173645842677164,11.763768024000658,13.460058519501574,12.367899350773396,14.554280684207741,14.595686863566513,15.373014134200963	poly	0.12	909129,,
909130	0.0,1.0,2.0,3.0,4.0,5.0,6.0,7.0,8.0,9.0,10.0,11.0,12.0,13.0,14.0,15.0,16.0,17.0,18.0,19.0	29.326603532591168,29.963961138520354,27.003572679481866,26.41961135467518,31.800492425373694,31.988228266320213,36.684226853715735,41.120786133305906,42.894859195298096,45.919950686073975,46.364022085562105,50.94717271228161,52.36373215609966,56.30794139079363,62.41264411550519,64.02637048101282,68.71188041486198,69.13857121258332,73.33110838650786,76.71330128127607	poly	0.12	909130,,
909131	0.0,1.0,2.0,3.0,4.0,5.0,6.0,7.0,8.0,9.0,10.0,11.0,12.0,13.0,14.0,15.0,16.0,17.0,18.0,19.0	14.751200073264851,13.261492839416825,14.677707610985408,13.323627055651382,13.001566931645176,12.401832556472959,14.806326422185256,16.421733862078867,16.58273612891962,16.20568403154374,17.965354750370377,18.366830595454054,20.52149172797679,19.938271456622374,21.609468563888413,21.58262921925005,22.770119363528323,25.34257078340523,24.7683054066745,26.335327336477672	poly	0.12	909131,,
909132	0.0,1.0,2.0,3.0,4.0,5.0,6.0,7.0,8.0,9.0,10.0,11.0,12.0,13.0,14.0,15.0,16.0,17.0,18.0,19.0	-10.694458629958476,-11.599235798380823,-9.794908409139348,-10.629537571477398,-9.219415176913714,-7.3840983715664095,-7.206772770392792,-6.485720825674927,-5.969908389952173,-5.576966496024139,-5.587476899547202,-3.3094525469781937,-1.7818087908899285,-1.5686827094929123,-1.186893159237787,0.027474501946882057,-0.22083128363327553,-0.13512071388023195,-0.3868640479585643,2.499505747522221	poly	0.12	909132,,
909133	0.0,1.0,2.0,3.0,4.0,5.0,6.0,7.0,8.0,9.0,10.0,11.0,12.0,13.0,14.0,15.0,16.0,17.0,18.0,19.0	-11.457424858157239,-11.259306755517445,-10.071693092088843,-7.5834074122716455,-4.652152932366308,-2.366208751580455,-0.8248200764556284,0.5351786013830697,6.24669956109588,8.58017146299553,11.355429724518853,11.213262956048842,15.590882140196063,17.102323812241288,17.16759341766376,21.65663374815806,23.455740401953022,25.445212636855572,28.16487758930677,31.391967789722887	poly	0.12	909133,,
909134	0.0,1.0,2.0,3.0,4.0,5.0,6.0,7.0,8.0,9.0,10.0,11.0,12.0,13.0,14.0,15.0,16.0,17.0,18.0,19.0	-25.717577380069557,-23.94099751234456,-24.686430572929716,-25.83947087952608,-28.772920001725275,-28.39889607418548,-31.133120367493692,-33.012537875660826,-35.21196401041606,-37.89610765505223,-37.25754525525191,-40.88841270397382,-40.85645902945724,-42.749578750124826,-45.49329758827642,-46.26990897179616,-47.77970450248023,-50.08139945349863,-52.9186147500655,-53.49617912519301	poly	0.12	909134,,
909135	0.0,1.0,2.0,3.0,4.0,5.0,6.0,7.0,8.0,9.0,10.0,11.0,12.0,13.0,14.0,15.0,16.0,17.0,18.0,19.0	-11.461762794691094,-10.005606843914293,-9.53419065248924,-10.744800006692111,-11.128246673773116,-10.414269775207462,-10.824229076589532,-12.591360710277451,-12.106812123289664,-11.436110177345748,-12.906741406158094,-13.044713406601655,-13.883381507526973,-14.322808372213025,-12.538490667808357,-13.10292123080178,-15.038517698799836,-14.375875603737217,-15.279088920454837,-14.965680379301169	poly	0.12	909135,,
909136	0.0,1.0,2.0,3.0,4.0,5.0,6.0,7.0,8.0,9.0,10.0,11.0,12.0,13.0,14.0,15.0,16.0,17.0,18.0,19.0	2.498370735534112,3.6048242525427985,3.7333094564963214,2.3720423389395258,1.861209746226813,0.5909870988465111,-0.33129283060600434,-2.8540061367740086,-5.869989820840191,-7.983725918249037,-7.886442074750727,-9.421817121971845,-12.813851076305758,-16.04178352674913,-17.51602037610912,-19.439474402402606,-19.877236520595893,-21.54086383386989,-24.920602857862754,-24.715456514462304	poly	0.12	909136,,
909137	0.0,1.0,2.0,3.0,4.0,5.0,6.0,7.0,8.0,9.0,10.0,11.0,12.0,13.0,14.0,15.0,16.0,17.0,18.0,19.0	47.663035166675186,48.55781310221218,51.19871695963135,51.686075043885836,57.60207261070504,56.44763194653406,60.334170619809925,65.25144161392294,65.97722216278231,69.97713881193332,70.97476218875566,74.31912936303519,78.81089167662599,82.4481602128257,85.14557218279128,86.68076052636029,90.75051511130286,90.05223312575478,94.98563078889217,99.23031282850752	poly	0.12	909137,,
909138	0.0,1.0,2.0,3.0,4.0,5.0,6.0,7.0,8.0,9.0,10.0,11.0,12.0,13.0,14.0,15.0,16.0,17.0,18.0,19.0	-3.0080709014709806,-4.236361440383427,-3.8520413593971217,-2.8256039135851765,-1.7170980334175132,-6.155431727193477,-5.937595884716474,-8.32887317513752,-11.685055942471175,-14.159777896438491,-15.158804274222563,-17.103780956604247,-19.986024737439756,-22.74664072501941,-23.755862011968237,-27.334315632759605,-29.45194737211788,-29.08147185762062,-33.603292268705076,-33.92075463680389	poly	0.12	909138,,
909139	0.0,1.0,2.0,3.0,4.0,5.0,6.0,7.0,8.0,9.0,10.0,11.0,12.0,13.0,14.0,15.0,16.0,17.0,18.0,19.0	-16.64263214664803,-17.589174748883387,-16.259231104423396,-17.675917666072586,-20.362338311250372,-24.174696469259025,-23.828567360564325,-27.489733549151516,-32.740242609038056,-33.05205417736263,-37.91224265517272,-37.70788526267174,-41.8297725427598,-43.73766733354169,-46.223422553896505,-50.48990107822749,-52.0142907349001,-55.309474583823935,-57.3694783688513,-62.570229149045936	poly	0.12	909139,,
909140	0.0,1.0,2.0,3.0,4.0,5.0,6.0,7.0,8.0,9.0,10.0,11.0,12.0,13.0,14.0,15.0,16.0,17.0,18.0,19.0	-10.477298309601014,-9.987680943257264,-11.853379337437161,-10.247800517114857,-8.392683992995135,-4.452757127508713,-4.678508899467422,-1.7348534828090258,2.103082264387387,2.6179925727538595,6.297149824420778,5.538814125025183,9.101709464965754,11.15154115775972,13.899483114047966,13.190034935497973,16.558801658891813,17.331279933796882,20.28333360166859,21.31531128665727	poly	0.12	909140,,
909141	0.0,1.0,2.0,3.0,4.0,5.0,6.0,7.0,8.0,9.0,10.0,11.0,12.0,13.0,14.0,15.0,16.0,17.0,18.0,19.0	9.2702512733347,9.296940573070987,8.983773299166044,8.483617099152255,8.901156738853961,8.017571836125668,7.3570422638089,8.991594216373986,8.190520682804456,6.964401297395907,7.91565563248492,7.009728303378832,7.3789602103462375,7.370688382951063,6.5410024453694255,6.74172870655585,8.356919958918192,5.27056379089142,7.959666708612542,7.313977309754631	poly	0.12	909141,,
909142	0.0,1.0,2.0,3.0,4.0,5.0,6.0,7.0,8.0,9.0,10.0,11.0,12.0,13.0,14.0,15.0,16.0,17.0,18.0,19.0	-1.4687108942137845,-3.2108979905659307,-1.3300799268537462,-3.2068140198336907,0.27427009893094745,1.837218640919652,2.370798351319735,5.273152703192181,10.751447355082151,11.29195889892037,15.36621359803624,17.231228676358707,21.653075074911854,21.896691851536865,26.62089506560094,26.679370564863103,31.527775370630145,33.624670213459694,35.20207862616704,38.86901737600709	poly	0.12	909142,,
909143	0.0,1.0,2.0,3.0,4.0,5.0,6.0,7.0,8.0,9.0,10.0,11.0,12.0,13.0,14.0,15.0,16.0,17.0,18.0,19.0	3.3326473322095445,8.027924342116098,7.946120941503395,2.3881345686199267,-1.2202553699408218,-2.6697958777271227,-4.573225305724856,-6.7107545650363,-13.034098934458841,-14.440849260787967,-16.983322632623782,-21.713303157555444,-22.670515097372572,-24.74422237951,-29.60704181402066,-30.08611976761165,-33.05297163492395,-36.64916022197705,-39.7079034977553,-40.41804309913658	poly	0.12	909143,,
909144	0.0,1.0,2.0,3.0,4.0,5.0,6.0,7.0,8.0,9.0,10.0,11.0,12.0,13.0,14.0,15.0,16.0,17.0,18.0,19.0	5.289462334478589,6.787240278665511,8.120324734309273,6.165638151870882,7.29219112566417,3.8586633564075443,2.834570990450989,3.2382492065191144,1.3217018532593965,1.0389843380313124,-2.342330312334319,-2.5345586359086294,-3.6378633391499804,-4.88804190518019,-8.426645987479823,-9.242507562680382,-10.391578767851145,-11.81765773987442,-12.29360118156193,-13.77948419777369	poly	0.12	909144,,
909145	0.0,1.0,2.0,3.0,4.0,5.0,6.0,7.0,8.0,9.0,10.0,11.0,12.0,13.0,14.0,15.0,16.0,17.0,18.0,19.0	-28.27668991035937,-27.780848802375925,-27.60039812734385,-25.355199192982155,-26.536101986439423,-24.932184974989998,-20.961142770843722,-18.72708985396161,-19.52897151596874,-16.58871459895276,-11.948503673354384,-10.438980525130855,-8.04239268841323,-5.523067638590835,-2.6072423076817692,-1.868137567043803,1.873509288856134,3.748824445184777,4.08042950720483,8.427578197289773	poly	0.12	909145,,
909146	0.0,1.0,2.0,3.0,4.0,5.0,6.0,7.0,8.0,9.0,10.0,11.0,12.0,13.0,14.0,15.0,16.0,17.0,18.0,19.0	1.4630501351548446,-0.32957404023763925,-1.1816692609240307,-0.6413341825015384,1.0698932045888623,1.5467295919953328,4.790803543575321,2.849048463801547,6.517175214253339,7.300082586749267,8.070308817533105,8.623126249599732,9.119111818137089,10.102012692597938,9.103856416120799,12.679992954003257,11.594768761091888,12.178816477293049,15.062636091538728,14.992615040216954	poly	0.12	909146,,
909147	0.0,1.0,2.0,3.0,4.0,5.0,6.0,7.0,8.0,9.0,10.0,11.0,12.0,13.0,14.0,15.0,16.0,17.0,18.0,19.0	29.83444021801929,29.33124069525079,28.962059232273283,28.980189492537477,28.78235739423544,28.18254308486805,31.782211927959672,32.27234178466042,36.571615516040524,36.73511014536693,39.32278895435027,41.925203347165834,43.791898569773615,47.0269004015363,50.06518645812502,52.28905532911122,53.35563748430596,55.8108244679629,57.978183248286406,58.768778972943416	poly	0.12	909147,,
909148	0.0,1.0,2.0,3.0,4.0,5.0,6.0,7.0,8.0,9.0,10.0,11.0,12.0,13.0,14.0,15.0,16.0,17.0,18.0,19.0	15.115646732116854,14.032328864777185,12.949336732603289,12.490114645800102,14.77690312962887,9.34799673770944,10.204317529653217,5.0418819981108545,3.043404290967242,2.9580791538078746,-0.8498520512138938,-3.913646754704617,-4.8782515947222524,-7.385401518675314,-9.786828265953655,-12.850621424271926,-16.115560033540373,-18.317612609801643,-21.055651911628466,-23.735927875929136	poly	0.12	909148,,
909149	0.0,1.0,2.0,3.0,4.0,5.0,6.0,7.0,8.0,9.0,10.0,11.0,12.0,13.0,14.0,15.0,16.0,17.0,18.0,19.0	-9.26259065688819,-5.632148334896986,-5.795118257762004,-9.298448290338907,-8.804666722121798,-4.990724520686465,-1.3750659723543368,0.8586962793579236,1.7506009806824743,6.269645107177452,10.864581388844478,10.682434170710962,17.47060058771998,19.164532790923552,19.652488186884828,25.530382050419224,25.943874945035517,29.154467705586043,32.481727003321836,36.51801290797509	poly	0.12	909149,,
909150	0.0,1.0,2.0,3.0,4.0,5.0,6.0,7.0,8.0,9.0,10.0,11.0,12.0,13.0,14.0,15.0,16.0,17.0,18.0,19.0	-7.2470064129243585,-7.908219939749847,-6.675585021504412,-5.5276605781573025,-5.168158376857803,-6.21202907728536,-5.2327627123941465,-5.118852985104138,-3.8687740703140623,-3.7617584841381326,-3.98336149170994,-1.5257858823154287,-0.3756104348333311,-0.34125653830226454,0.7688365534654551,-0.10635752706185642,-0.6672490750676436,0.4007197599748711,2.622844526969172,3.1720149220693283	poly	0.12	909150,,
909151	0.0,1.0,2.0,3.0,4.0,5.0,6.0,7.0,8.0,9.0,10.0,11.0,12.0,13.0,14.0,15.0,16.0,17.0,18.0,19.0	-23.553800908217703,-23.51742932856266,-24.743675664036736,-23.103261488261396,-22.365275489850816,-25.019350052731337,-26.060158509267687,-28.129115748255323,-31.189537649236,-30.833230440965686,-35.3881278896788,-37.87149058105791,-39.88619847845223,-39.73277648992317,-42.15220334890277,-45.41609156711182,-46.771226116064575,-49.4329580743282,-51.69324253367388,-54.238257983595716	poly	0.12	909151,,
909152	0.0,1.0,2.0,3.0,4.0,5.0,6.0,7.0,8.0,9.0,10.0,11.0,12.0,13.0,14.0,15.0,16.0,17.0,18.0,19.0	10.012366685488715,9.346683574853536,9.535954555036962,10.582091551662106,11.877202235260878,12.25989743260822,14.102667079448949,16.320462278319834,15.494770174978292,18.140688298493597,20.464370844438942,19.59144319392263,20.864987075155938,23.328404474826314,24.329188405189356,23.60465531662864,25.295559790904463,28.635530969317525,28.291198192631345,30.29460623670697	poly	0.12	909152,,
909153	0.0,1.0,2.0,3.0,4.0,5.0,6.0,7.0,8.0,9.0,10.0,11.0,12.0,13.0,14.0,15.0,16.0,17.0,18.0,19.0	-13.120814801929003,-12.51394408002206,-12.344784219017424,-11.433587673002435,-9.681151310629927,-9.115715018591224,-10.499840583061838,-9.228885485362893,-8.704704953288362,-7.969319612990983,-6.124641213488188,-5.365133860984034,-3.946695576060627,-3.7652899888194487,-2.191251773179312,-0.2658586127319378,-1.9491679555347723,1.0521017718615493,1.5966211713579987,1.8963134383617035	poly	0.12	909153,,
909154	0.0,1.0,2.0,3.0,4.0,5.0,6.0,7.0,8.0,9.0,10.0,11.0,12.0,13.0,14.0,15.0,16.0,17.0,18.0,19.0	16.59381118696612,17.238679121641933,17.358730681099857,15.447254303581163,12.18968862655306,11.116131589430093,9.611037230276077,5.974062675054994,6.101538176281238,3.617359927927419,1.594744181173553,-2.257708027764494,-1.7199948567017618,-3.921365198321322,-6.91789553742794,-8.507757282176339,-11.62376731113042,-10.677494468858345,-13.561338373580368,-16.146607556793036	poly	0.12	909154,,
909155	0.0,1.0,2.0,3.0,4.0,5.0,6.0,7.0,8.0,9.0,10.0,11.0,12.0,13.0,14.0,15.0,16.0,17.0,18.0,19.0	-18.561739061812165,-18.020518179968146,-18.667478129253237,-18.29850869627879,-18.11065465268762,-16.886964061044534,-15.38069408196393,-14.66422551402086,-11.075710422123304,-10.28695107759679,-6.699363256230761,-6.48685147757358,-4.033951419934116,-2.7034146437597784,0.5143471265772668,2.55093845133651,5.525678205749077,5.645044174996297,9.037014275637794,10.049077125772484	poly	0.12	909155,,
909156	0.0,1.0,2.0,3.0,4.0,5.0,6.0,7.0,8.0,9.0,10.0,11.0,12.0,13.0,14.0,15.0,16.0,17.0,18.0,19.0	-12.356740948152527,-13.12625399492647,-14.339783766001553,-14.305514375166702,-14.647956413630677,-16.82786850323031,-20.076856122328078,-21.246078632592173,-24.367105127887463,-26.476592613207643,-29.30859583851178,-31.30598854209913,-33.40145385250197,-33.3879076652083,-37.26917002154531,-40.27797286240654,-40.2442510079667,-43.90527750754643,-46.709778461716255,-47.32838807844316	poly	0.12	909156,,
909157	0.0,1.0,2.0,3.0,4.0,5.0,6.0,7.0,8.0,9.0,10.0,11.0,12.0,13.0,14.0,15.0,16.0,17.0,18.0,19.0	38.947012590725386,40.988129946254155,43.915148589991475,46.73904380192674,45.89998281401994,48.48638388935126,51.954374725534834,55.0600799390258,57.99643491320519,57.91417799854247,61.952899752941065,62.08560006151875,64.39913980665584,70.2060075468486,71.26643231699148,72.70244021524208,77.62007548561257,76.23954493648854,81.35461735981696,82.01996681488745	poly	0.12	909157,,
909158	0.0,1.0,2.0,3.0,4.0,5.0,6.0,7.0,8.0,9.0,10.0,11.0,12.0,13.0,14.0,15.0,16.0,17.0,18.0,19.0	2.1234983973052315,3.3146278424753,2.0774023281578033,3.184648035780026,3.1200873387907673,1.2709201627402231,-0.8118473649001563,-2.0866261650865567,-1.6853881704207176,-3.1175562607284037,-6.520840870146575,-6.999222232642607,-7.426149653142705,-10.518662455372322,-11.733870939401386,-12.361836308514249,-12.077407627352596,-15.498929686094755,-16.025815904892102,-16.949303906503786	poly	0.12	909158,,
909159	0.0,1.0,2.0,3.0,4.0,5.0,6.0,7.0,8.0,9.0,10.0,11.0,12.0,13.0,14.0,15.0,16.0,17.0,18.0,19.0	13.431067552376659,13.331109658783616,14.715411510926094,13.893696791240933,12.64896652527793,14.323559747904627,14.802551721938904,15.44950414316766,17.773971848702537,17.69645700210173,19.38597205151012,22.019782214119996,23.917342324145213,23.5030010019949,24.00538592800903,25.38412670817155,27.165234932517876,27.579305845645173,31.37913209068217,29.976918186061894	poly	0.12	909159,,
909160	0.0,1.0,2.0,3.0,4.0,5.0,6.0,7.0,8.0,9.0,10.0,11.0,12.0,13.0,14.0,15.0,16.0,17.0,18.0,19.0	9.02630714426994,7.214350570089186,7.390639544706508,7.183823828455308,7.568861669621873,8.380702874768346,8.252922510587144,10.761945477750439,9.143417037052949,10.831241980586304,9.970256158723405,10.542991918070442,11.160306541948,9.589684527361069,12.284798302433742,10.409127418893684,12.021908879486888,10.44987702622943,12.727536653991631,11.590841846080195	poly	0.12	909160,,
909161	0.0,1.0,2.0,3.0,4.0,5.0,6.0,7.0,8.0,9.0,10.0,11.0,12.0,13.0,14.0,15.0,16.0,17.0,18.0,19.0	25.817711522285563,24.17239515964708,26.165846180331762,24.260248363407122,26.285065141227165,24.195046923136466,26.11294801677077,29.149785873724564,30.672395470941517,31.756877039786204,33.80402333694917,33.93976332760286,35.49459510104795,37.5110929324419,40.56545940212261,40.750350898039166,44.0751278183623,45.38516422048137,47.83777038978167,48.8729283523366	poly	0.12	909161,,
909162	0.0,1.0,2.0,3.0,4.0,5.0,6.0,7.0,8.0,9.0,10.0,11.0,12.0,13.0,14.0,15.0,16.0,17.0,18.0,19.0	-1.3635408249929575,-0.3850153345698626,0.7964040787879325,0.44262217543507587,0.4217056108808106,1.0253378309102001,-0.6377552357184522,-0.8869872935350944,0.759170550495647,1.0656778802984204,-0.8215056244673744,-1.1819174831472914,1.4502489309731206,-0.5735451203553326,-1.1141062886688307,0.43125420306424367,-1.0639401137740139,1.1051266944089502,-0.4862353314643588,-0.9428104141437714	poly	0.12	909162,,
909163	0.0,1.0,2.0,3.0,4.0,5.0,6.0,7.0,8.0,9.0,10.0,11.0,12.0,13.0,14.0,15.0,16.0,17.0,18.0,19.0	-6.751414531143936,-7.711348028260856,-7.883036297152957,-8.60496901835534,-9.11442169710904,-9.891152452246939,-8.685669103682727,-8.782907452283675,-9.119141582432533,-12.120447608550315,-11.160625311485706,-12.011617941704007,-11.799101625799189,-12.255998296717177,-13.499654769122182,-15.594436179161843,-14.590642108227676,-14.881768978916508,-15.518606460576278,-17.70420549502787	poly	0.12	909163,,
909164	0.0,1.0,2.0,3.0,4.0,5.0,6.0,7.0,8.0,9.0,10.0,11.0,12.0,13.0,14.0,15.0,16.0,17.0,18.0,19.0	12.550355625482158,13.532057062786032,12.716709696028394,14.61722598796027,15.136663809624967,13.693980693816709,17.80534953686298,18.301700120997914,19.289822328321044,19.92440822113553,22.79919333356799,24.638850392319604,23.88187973875221,26.45511403494257,27.05413641706711,28.675132610452025,30.55608265079138,31.240106098975446,34.62908667491064,33.77180699734174	poly	0.12	909164,,
909165	0.0,1.0,2.0,3.0,4.0,5.0,6.0,7.0,8.0,9.0,10.0,11.0,12.0,13.0,14.0,15.0,16.0,17.0,18.0,19.0	-25.85073716246902,-26.33144094950658,-26.02192494616899,-26.895191186514786,-27.755957394648664,-28.332590171966977,-29.699446739311277,-31.155855836900137,-35.07213679629473,-36.372778638636944,-35.508972759565125,-38.72730004330089,-38.49752151385799,-40.71197777433701,-44.305133886385605,-43.18964697283821,-45.533061235426025,-48.420603425576445,-48.45443931719611,-49.37528693972511	poly	0.12	909165,,
909166	0.0,1.0,2.0,3.0,4.0,5.0,6.0,7.0,8.0,9.0,10.0,11.0,12.0,13.0,14.0,15.0,16.0,17.0,18.0,19.0	-9.724226851832311,-9.66307504562915,-11.955529689359555,-9.85718595106802,-10.31447682746035,-10.047754262121911,-9.569685207266351,-11.50946714160858,-9.707401816458102,-12.380050728649996,-10.766325189522837,-10.76920086144002,-12.864456596240649,-10.535680042145946,-10.460309990629527,-12.192589656405644,-11.926411059011981,-12.546201899273418,-11.525915966593654,-12.073320190127443	poly	0.12	909166,,
909167	0.0,1.0,2.0,3.0,4.0,5.0,6.0,7.0,8.0,9.0,10.0,11.0,12.0,13.0,14.0,15.0,16.0,17.0,18.0,19.0	15.583023017820715,17.602715551206188,18.704155041044743,20.141062235542012,20.372444061505618,21.39404073415561,23.87427411014916,26.268740980645156,27.18433936541269,27.36457116338851,30.76381026356498,31.386392754052018,33.39484849583212,33.25061180231975,36.30356897461313,37.33312221643173,37.826894761374234,39.8140097016013,39.098868173472155,40.45334407443872	poly	0.12	909167,,
909168	0.0,1.0,2.0,3.0,4.0,5.0,6.0,7.0,8.0,9.0,10.0,11.0,12.0,13.0,14.0,15.0,16.0,17.0,18.0,19.0	-12.28863632618602,-9.893161879885788,-12.288682272564186,-16.249059290249235,-18.011418430249833,-18.88982755893829,-19.217370057712216,-23.702507212618364,-25.565016613473894,-26.427177084580237,-28.419720149055937,-30.582778274247378,-30.285277271207946,-34.25525226082322,-34.858588060700455,-35.702250554796706,-38.44343020421417,-42.24312235305335,-44.338129788473154,-43.922971631198514	poly	0.12	909168,,
909169	0.0,1.0,2.0,3.0,4.0,5.0,6.0,7.0,8.0,9.0,10.0,11.0,12.0,13.0,14.0,15.0,16.0,17.0,18.0,19.0	-16.38124194207881,-16.545621548692385,-15.541993688364458,-18.69202687695276,-18.837801889382966,-16.007261682436983,-19.334123610432012,-21.671810436915973,-26.379009349863516,-26.43846622059435,-30.07582045289609,-31.317447040628892,-33.11046813641367,-36.8740849111999,-41.36135288593121,-41.08494240304958,-45.99244292299518,-48.04992955484736,-51.295434555408804,-53.84537076869673	poly	0.12	909169,,
909170	0.0,1.0,2.0,3.0,4.0,5.0,6.0,7.0,8.0,9.0,10.0,11.0,12.0,13.0,14.0,15.0,16.0,17.0,18.0,19.0	1.7329722137638435,3.697838958926536,1.8254068154335248,3.9778803520559087,2.073151157852137,2.190188791676931,2.7695677418875917,2.604945563550186,1.8908024159307395,3.4666834197445207,2.20614529620478,2.904124430194291,2.9585500192584213,4.242615541915264,5.269312504291457,4.567794707683301,4.948169667054129,6.071648083315972,4.437127364003994,5.770919228951913	poly	0.12	909170,,
909171	0.0,1.0,2.0,3.0,4.0,5.0,6.0,7.0,8.0,9.0,10.0,11.0,12.0,13.0,14.0,15.0,16.0,17.0,18.0,19.0	-25.321719784067586,-26.903504724600545,-27.25088240716009,-24.955881366474465,-25.440353194689497,-25.22433958405792,-22.54811353489948,-16.051812183114734,-16.187242430288574,-11.399817658018165,-8.612436277331618,-4.30483419948812,-2.202130057553262,-1.961362770616148,4.328944481472345,5.309975641943989,7.570374626226645,9.347620655565855,12.11174415526865,16.40402534617173	poly	0.12	909171,,
909172	0.0,1.0,2.0,3.0,4.0,5.0,6.0,7.0,8.0,9.0,10.0,11.0,12.0,13.0,14.0,15.0,16.0,17.0,18.0,19.0	-12.642100519406991,-13.537941276518016,-9.963699914739284,-6.292520769054076,-5.557136649883673,-3.6761300248195194,-1.9815615651805665,1.5658871966185757,3.4476525988556936,4.724889792737274,9.709999241639462,12.4638120701714,12.960818113218302,14.650241487092915,19.738560096563027,20.316189856093,23.111496536013117,26.541428199916147,29.283897516831097,29.526945441522976	poly	0.12	909172,,
909173	0.0,1.0,2.0,3.0,4.0,5.0,6.0,7.0,8.0,9.0,10.0,11.0,12.0,13.0,14.0,15.0,16.0,17.0,18.0,19.0	-16.977949573597943,-18.640698370765367,-17.60937227399219,-17.760417050425712,-15.246037041531286,-15.566506564032853,-14.10520826501497,-11.523508764550899,-11.419336513469327,-8.450258044281671,-8.129644021703253,-7.832965440241484,-7.843537339547426,-4.459428600798843,-5.5281465452114595,-4.09586814477619,-1.5935883086277123,-1.6999236450615314,1.5184374945112538,0.18881110891122077	poly	0.12	909173,,
909174	0.0,1.0,2.0,3.0,4.0,5.0,6.0,7.0,8.0,9.0,10.0,11.0,12.0,13.0,14.0,15.0,16.0,17.0,18.0,19.0	1.4490406514652714,1.4991886284314415,2.688539806498751,3.409568532971809,6.906813350619988,8.169113862661408,10.465051883699859,11.683716927758857,11.63401314565682,15.781991409276834,15.455148984264463,16.48311630707314,21.190862962573306,21.388159847608307,21.785867678297475,25.683392927458076,26.918194791085426,29.19951169173671,31.46567256542798,32.66652307758944	poly	0.12	909174,,
909175	0.0,1.0,2.0,3.0,4.0,5.0,6.0,7.0,8.0,9.0,10.0,11.0,12.0,13.0,14.0,15.0,16.0,17.0,18.0,19.0	13.220194745977116,14.07547095345038,13.223406716408157,11.875395196040476,11.071333878820898,9.62229014034105,6.235516034516452,7.544288623774097,4.474768580324961,5.798850827257317,3.225519347032918,0.7629890788357763,-0.00904381105912222,-0.6138204467289423,-2.3218436802201285,-3.0971760251252594,-5.073231496698886,-3.9872493136256164,-6.953678109271456,-6.268775681019752	poly	0.12	909175,,
909176	0.0,1.0,2.0,3.0,4.0,5.0,6.0,7.0,8.0,9.0,10.0,11.0,12.0,13.0,14.0,15.0,16.0,17.0,18.0,19.0	-1.0301550960862067,-1.1380916172047288,-0.04648446617098956,-0.9110913429480456,-0.9068678759294342,-1.9182355135566918,-0.765551789083371,-0.38488391559190527,-0.5446815966430791,-1.383137986697939,-0.9625314220737224,-2.977854958258744,-3.2373127378054374,-3.7426546234157883,-2.0328270234178363,-2.4617739277171973,-3.664826227716041,-4.129230001804452,-2.5540076220344785,-4.636406058671047	poly	0.12	909176,,
909177	0.0,1.0,2.0,3.0,4.0,5.0,6.0,7.0,8.0,9.0,10.0,11.0,12.0,13.0,14.0,15.0,16.0,17.0,18.0,19.0	-3.649849093170346,-3.158066569585788,-4.388160369120271,-4.309822538893786,-5.345667159206652,-6.30075392851058,-7.521023982161539,-9.373306420780837,-11.066756994967529,-13.912393819636911,-12.447333435658118,-16.41714847852286,-17.67443464593005,-17.879063419684602,-19.05527054114178,-22.149437872981338,-23.333592682544037,-22.423623940888195,-24.4657332464389,-25.467756178607225	poly	0.12	909177,,
909178	0.0,1.0,2.0,3.0,4.0,5.0,6.0,7.0,8.0,9.0,10.0,11.0,12.0,13.0,14.0,15.0,16.0,17.0,18.0,19.0	-4.04394598275736,-5.697807159970109,-6.518624039614151,-3.749463428097422,-4.7940942846815995,-4.981286570626693,-3.207772046114542,-2.931604851810718,-1.6425661803636773,-2.403949983141911,-2.6989159036533987,0.0649973413989322,-1.068880028088988,-1.2826411164095504,-0.8258331484929435,0.44540927640192773,0.15568340361416322,0.5701308301111867,0.7980075852673023,3.3410101404634	poly	0.12	909178,,
909179	0.0,1.0,2.0,3.0,4.0,5.0,6.0,7.0,8.0,9.0,10.0,11.0,12.0,13.0,14.0,15.0,16.0,17.0,18.0,19.0	-1.7835192635986155,-1.7161787624045055,-1.6992831144487743,0.8506392254245698,0.24653226233278325,0.6433349058035298,1.8645329499728203,2.5400313279621196,3.4154477711327416,2.395507484717314,3.6134291680736075,3.5734459988724354,6.1409270766422726,4.786852167245159,8.059925452277,7.5539476731595485,7.257871709762245,8.599676419247725,10.323884556941659,10.910994198195878	poly	0.12	909179,,
909180	0.0,1.0,2.0,3.0,4.0,5.0,6.0,7.0,8.0,9.0,10.0,11.0,12.0,13.0,14.0,15.0,16.0,17.0,18.0,19.0	6.01737782004473,6.064949055930654,5.294846213702603,6.0494108137511535,6.071299699958627,4.577760040740124,3.546067970192543,5.050760493893049,2.9908679905619984,3.918612053571043,3.11532567522379,4.1007951660770114,2.5243327475324824,3.7266011467930733,2.7294871486592704,2.0299482679749525,1.5514517720941408,2.1215604478621177,1.3035997625090028,-0.33199662061306334	poly	0.12	909180,,
909181	0.0,1.0,2.0,3.0,4.0,5.0,6.0,7.0,8.0,9.0,10.0,11.0,12.0,13.0,14.0,15.0,16.0,17.0,18.0,19.0	9.640455923947474,10.885140907636266,9.610354935976975,9.396830441032726,9.290800932629509,11.387304174625424,10.820944174163916,11.254001793613579,10.299605596747979,12.233164518255975,12.408614162975772,11.885363803154767,13.333370670557207,11.788002875289123,12.524342199201099,13.481563428604396,15.369926562819789,14.016563985694198,15.286438630485122,17.021330472036603	poly	0.12	909181,,
909182	0.0,1.0,2.0,3.0,4.0,5.0,6.0,7.0,8.0,9.0,10.0,11.0,12.0,13.0,14.0,15.0,16.0,17.0,18.0,19.0	-43.92416264931114,-39.87455877305558,-38.0746466164879,-35.48170891408364,-35.71937266443975,-31.517950935196716,-31.824610741172464,-27.86776806441654,-23.366079531209223,-21.405544480761506,-18.891020764935405,-15.679267710768343,-13.966234211727631,-12.350597813321102,-11.241172758057886,-6.64784269670016,-5.515732063587791,-1.3820336190337628,1.0451812982426674,1.6387034963668583	poly	0.12	909182,,
909183	0.0,1.0,2.0,3.0,4.0,5.0,6.0,7.0,8.0,9.0,10.0,11.0,12.0,13.0,14.0,15.0,16.0,17.0,18.0,19.0	19.23773320832198,18.25871060026154,18.48286610050388,17.97456533884368,19.1398865451835,22.147354802199423,22.09402730990621,25.676139969091796,26.047987474720273,25.805483436906954,29.350814297299472,29.82894389095098,29.892120862586317,31.082114246453756,33.9415834142839,34.31019312498854,36.9494656651745,38.121638552989545,38.52061997668204,39.65669117788714	poly	0.12	909183,,
909184	0.0,1.0,2.0,3.0,4.0,5.0,6.0,7.0,8.0,9.0,10.0,11.0,12.0,13.0,14.0,15.0,16.0,17.0,18.0,19.0	-6.598052926756353,-6.327737843452605,-8.606454554940541,-7.1029524765338135,-7.943861247170959,-7.646383023415719,-7.438261625267302,-7.299684532147438,-6.852142745813934,-7.650745844986879,-7.017966637312369,-7.501723406579934,-5.680379903928087,-7.617401017518013,-6.316146824962714,-7.58912789273257,-7.4576957152465795,-6.086138264866998,-6.500801289098084,-6.113696142956513	poly	0.12	909184,,
909185	0.0,1.0,2.0,3.0,4.0,5.0,6.0,7.0,8.0,9.0,10.0,11.0,12.0,13.0,14.0,15.0,16.0,17.0,18.0,19.0	4.681321459502536,6.888003887084474,4.196011074172894,5.215934605284124,4.13103687946125,5.246462611606431,4.016448732952146,1.691011649018907,0.4182243189370798,-2.2004365223340336,-2.2909224134636283,-4.8609860364505275,-7.180056961341889,-8.983742792816928,-10.593896133671766,-11.719995855796661,-13.097158108963951,-14.825759591232107,-16.34084582867653,-19.09829404380419	poly	0.12	909185,,
909186	0.0,1.0,2.0,3.0,4.0,5.0,6.0,7.0,8.0,9.0,10.0,11.0,12.0,13.0,14.0,15.0,16.0,17.0,18.0,19.0	3.8712040984094105,4.230681596480547,5.729391427429089,5.349663607454001,6.649728306367367,4.726509219969893,5.994263010662021,5.93520309519192,5.641349732769356,6.769994865386783,7.182072576766764,7.952443911611347,6.865109188455023,7.1806270305355735,6.436598731640565,9.297453719218016,9.084204611769504,10.260747855130045,9.244105155123274,9.838486747611235	poly	0.12	909186,,
909187	0.0,1.0,2.0,3.0,4.0,5.0,6.0,7.0,8.0,9.0,10.0,11.0,12.0,13.0,14.0,15.0,16.0,17.0,18.0,19.0	9.240800074893647,7.750626229482066,8.427117073796582,9.505456440804844,8.27549043330178,7.962804957176713,7.403150107264388,7.048867412629827,5.591804166879783,5.3071684243672195,4.239489230593161,2.4194614936480496,1.7366204991475254,2.9619921271439438,1.4657719468202774,2.071822727875878,0.27729499908685895,0.5903603541007474,-2.350926156769172,-0.923180382452049	poly	0.12	909187,,
909188	0.0,1.0,2.0,3.0,4.0,5.0,6.0,7.0,8.0,9.0,10.0,11.0,12.0,13.0,14.0,15.0,16.0,17.0,18.0,19.0	11.988127298918053,10.55085918252579,8.334501084308041,7.7316495903364455,4.200118768327922,4.883818725180545,1.5153850785203318,1.0235371240946733,-2.1968560984477516,-1.8310331608383805,-4.001172107056691,-6.230041703517575,-6.211281214445016,-7.898010655240698,-12.435319959861893,-12.37918648086261,-14.160944360561588,-14.995872240960946,-16.966209828552238,-19.134309787385465	poly	0.12	909188,,
909189	0.0,1.0,2.0,3.0,4.0,5.0,6.0,7.0,8.0,9.0,10.0,11.0,12.0,13.0,14.0,15.0,16.0,17.0,18.0,19.0	-0.05067472092040415,1.0139069283983497,0.4946406940538317,-0.5887187209636924,-0.5359871639343816,-1.0521520462494567,-0.6908708814165991,-2.861622140762284,-0.6137141654769178,-1.8475765448231174,-4.055094462228877,-4.773074017092839,-4.1574447174248945,-5.9182765601472465,-5.886552396880742,-4.067382951767446,-4.695516438871945,-5.8058982149865646,-5.7398011608008925,-7.129823913474438	poly	0.12	909189,,
909190	0.0,1.0,2.0,3.0,4.0,5.0,6.0,7.0,8.0,9.0,10.0,11.0,12.0,13.0,14.0,15.0,16.0,17.0,18.0,19.0	17.669686581898933,17.204172673557807,18.057644874271734,14.453090816885949,13.707810080975195,13.731011985670442,11.054396419666489,9.45004911828821,8.16191547282977,5.213535407338918,5.939434701549695,2.5683662277848605,1.2320706773462824,-1.2013557343695602,-1.4454993548511617,-3.607873601062458,-5.897450463984722,-7.039895814281131,-7.3605005691380825,-9.451184128296394	poly	0.12	909190,,
909191	0.0,1.0,2.0,3.0,4.0,5.0,6.0,7.0,8.0,9.0,10.0,11.0,12.0,13.0,14.0,15.0,16.0,17.0,18.0,19.0	3.6864700517881532,4.94800500916667,3.2483045026603152,4.2894329842250345,4.763267407861835,2.8245346120827204,1.8127256778092975,-0.6593817165119003,-3.7565485815408657,-6.365892499368131,-6.567068107778442,-10.399890398797377,-12.966122385119391,-15.505676701782079,-16.810805695069853,-21.503978767957697,-21.26930395405475,-23.964307224926156,-27.26697959852207,-32.41448613315888	poly	0.12	909191,,
909192	0.0,1.0,2.0,3.0,4.0,5.0,6.0,7.0,8.0,9.0,10.0,11.0,12.0,13.0,14.0,15.0,16.0,17.0,18.0,19.0	6.552640641926165,7.562250965546297,7.703941175204122,8.20118366268752,10.472097951850513,13.125073849091226,12.585546785686113,14.447968714219279,15.16401325535612,15.883536965777676,17.52846205006126,19.972439652289445,19.639852495819355,23.1231930341204,23.09741339783126,22.989846299431086,24.18800126285646,26.639903926668964,27.501463148172917,29.395658640408993	poly	0.12	909192,,
909193	0.0,1.0,2.0,3.0,4.0,5.0,6.0,7.0,8.0,9.0,10.0,11.0,12.0,13.0,14.0,15.0,16.0,17.0,18.0,19.0	1.6594501897876266,-0.4385670785529112,0.6566951350144374,0.7722672591336468,-0.31182137669757193,0.2981429309092829,1.2117964873945781,-1.3730036055436754,-0.9709309849816528,-0.6891174018641122,-1.3957101956043125,-0.21779226280894992,-2.60574982449493,-3.17131074902327,-3.2535235299185636,-3.956599517744803,-1.9210065007364596,-2.2297359441210753,-3.770204498559658,-2.3128457812708785	poly	0.12	909193,,
909194	0.0,1.0,2.0,3.0,4.0,5.0,6.0,7.0,8.0,9.0,10.0,11.0,12.0,13.0,14.0,15.0,16.0,17.0,18.0,19.0	-21.301473182648838,-21.876846856777718,-21.894981724246087,-20.80420606031689,-22.400254927597125,-21.839318109909723,-18.554619772565317,-18.72015999911133,-17.379876862409247,-16.216473602735608,-12.674064742296377,-11.523934635262824,-12.68315659852687,-11.002133873763063,-7.545142908077793,-7.338161467448627,-6.042458795888928,-4.230959683011216,-2.4913716135763515,-2.6576816838561257	poly	0.12	909194,,
909195	0.0,1.0,2.0,3.0,4.0,5.0,6.0,7.0,8.0,9.0,10.0,11.0,12.0,13.0,14.0,15.0,16.0,17.0,18.0,19.0	4.437995356063293,5.4954792621394155,4.143810777866587,1.3944638444342186,-1.0443285017077306,-6.388670268036076,-5.741446636832183,-10.917487547184727,-11.228662236979298,-15.49616027911879,-19.44342898521385,-18.515003160678134,-22.542267283764673,-26.75636775932618,-26.640088309955487,-32.81552843703115,-34.99097959260017,-36.4040561137709,-40.687459917238954,-39.68019996761917	poly	0.12	909195,,
909196	0.0,1.0,2.0,3.0,4.0,5.0,6.0,7.0,8.0,9.0,10.0,11.0,12.0,13.0,14.0,15.0,16.0,17.0,18.0,19.0	11.789570522516438,13.505412045904638,11.012898078141117,8.936011952814157,8.54363281810939,5.997582835151719,4.430651000729971,4.226093458012922,3.23710678389911,-0.748320272886124,-0.2999553542219129,-2.629399334260251,-2.894651618961216,-4.793723471759144,-6.633657184983294,-9.51699793321587,-10.552601763373017,-12.341137430877065,-12.366403073493093,-13.35365758047383	poly	0.12	909196,,
909197	0.0,1.0,2.0,3.0,4.0,5.0,6.0,7.0,8.0,9.0,10.0,11.0,12.0,13.0,14.0,15.0,16.0,17.0,18.0,19.0	-31.825909365033347,-31.932320232827472,-33.1443735446762,-36.03621516946782,-38.96058720525184,-42.048559356049424,-42.386423539830176,-43.0498574391374,-47.17087489862632,-48.53604453320821,-50.874727988819174,-52.23964827327481,-54.539531768308635,-56.70849577338675,-59.354868986613255,-61.25124389264833,-63.93281318265089,-62.873734196296695,-66.59566836454131,-67.68457574460786	poly	0.12	909197,,
909198	0.0,1.0,2.0,3.0,4.0,5.0,6.0,7.0,8.0,9.0,10.0,11.0,12.0,13.0,14.0,15.0,16.0,17.0,18.0,19.0	13.312678114542175,13.212788784622619,13.22144521965931,15.188888478688405,16.358206810010994,18.153996376981446,19.55446450709208,21.45900049393357,22.820230765646652,23.380954427934917,25.570720094910406,28.660142737694095,28.110415838467937,29.676698426176483,32.932293640523106,33.7855677559099,33.61904471548864,36.28009743778147,37.57868575178054,39.33711578990943	poly	0.12	909198,,
909199	0.0,1.0,2.0,3.0,4.0,5.0,6.0,7.0,8.0,9.0,10.0,11.0,12.0,13.0,14.0,15.0,16.0,17.0,18.0,19.0	-22.34167775390229,-22.437133960824543,-24.54810679604808,-27.53160560294028,-29.028333219035684,-31.050879760037358,-31.131432746204744,-33.77628347771457,-34.0189811575502,-36.87770159304797,-37.746085376638916,-39.48969345826988,-41.109479013477326,-43.444785021763145,-45.78721752701975,-46.86172153859511,-48.64701940018961,-49.05988415492055,-49.47411193115502,-51.072327413252815	poly	0.12	909199,,
909200	0.0,1.0,2.0,3.0,4.0,5.0,6.0,7.0,8.0,9.0,10.0,11.0,12.0,13.0,14.0,15.0,16.0,17.0,18.0,19.0	-31.441151484901646,-30.052222651784383,-26.354380995779962,-35.4066820289434,-26.804702831948305,-36.33406784556946,-28.454804255659244,-31.751423549724834,-34.38710069798773,-30.628818506323128,10.413127889829187,57.42664075629035,53.97031557887417,53.149882741889954,48.08563631431683,59.01329867257067,56.284974607624534,55.35585963027688,58.69564571278751,49.1474381990323	scurve	0.12	909200,,
909201	0.0,1.0,2.0,3.0,4.0,5.0,6.0,7.0,8.0,9.0,10.0,11.0,12.0,13.0,14.0,15.0,16.0,17.0,18.0,19.0	10.690042597141918,19.03300312616478,13.00232217268726,16.03115831302181,18.21387843285961,18.601753005989707,18.68294100225618,11.499720194041844,10.504000610731136,18.382164830519546,18.86778246451737,46.4954297650188,78.27274840594296,79.43509628448825,79.99208952975098,75.18911898884774,73.71108609079124,77.33151150449093,78.78876735758024,73.68039427476246	scurve	0.12	909201,,
909202	0.0,1.0,2.0,3.0,4.0,5.0,6.0,7.0,8.0,9.0,10.0,11.0,12.0,13.0,14.0,15.0,16.0,17.0,18.0,19.0	8.42818933061618,7.366631718417784,7.6967614812786564,8.016620430137534,9.957137169932176,7.333027469928787,8.720863428991265,8.530062807570784,8.08587192458637,9.547497372315561,7.114222963181545,0.47483437433991327,-6.279979631152965,-9.398295698682778,-8.124420458779916,-6.914169817351969,-9.054797009003229,-7.552469758494496,-7.068091151158608,-8.946480785065702	scurve	0.12	909202,,
909203	0.0,1.0,2.0,3.0,4.0,5.0,6.0,7.0,8.0,9.0,10.0,11.0,12.0,13.0,14.0,15.0,16.0,17.0,18.0,19.0	46.01879870853271,53.017221795518964,49.91086276313207,51.236838517731684,44.32911578457564,53.87174240041956,44.649226470683175,44.279029593385594,46.47789142171036,45.15338540742638,48.77435687737866,86.34213576923725,120.59554866759571,118.97499711603211,128.42429320686716,123.8415011237158,125.00179496693346,124.5048325712155,119.93934176757658,119.99731817557918	scurve	0.12	909203,,
909204	0.0,1.0,2.0,3.0,4.0,5.0,6.0,7.0,8.0,9.0,10.0,11.0,12.0,13.0,14.0,15.0,16.0,17.0,18.0,19.0	32.784315574638725,31.2115119847057,30.027748129625472,28.476270576342095,33.08362305720841,26.562102905616335,32.65905183076985,32.82015595303958,26.792116678613468,31.027697466108172,27.201955341505666,25.66145304131232,34.996537017643675,66.68508699486158,105.65590871389216,106.32251734273328,109.01596137153179,106.95212034595536,105.28013109051847,105.2133420942147	scurve	0.12	909204,,
909205	0.0,1.0,2.0,3.0,4.0,5.0,6.0,7.0,8.0,9.0,10.0,11.0,12.0,13.0,14.0,15.0,16.0,17.0,18.0,19.0	-17.663303913297028,-18.042340863847198,-18.580541541078528,-18.572557412483008,-17.600244373741774,-19.758456667510348,-17.728666108268108,-21.56841546359195,-22.637500541986206,-23.6054972952363,-27.223712744376154,-31.838923210069964,-34.338774789989486,-35.73414154126312,-36.91787704288515,-36.559112810577815,-37.2861607799053,-38.84101247802725,-38.437711073948456,-38.85283338502644	scurve	0.12	909205,,
909206	0.0,1.0,2.0,3.0,4.0,5.0,6.0,7.0,8.0,9.0,10.0,11.0,12.0,13.0,14.0,15.0,16.0,17.0,18.0,19.0	26.55794744052395,22.179595865575948,23.290849533535987,30.755765689701956,28.704243823034226,24.613760257525367,25.00318175226356,29.331996086670397,28.20951601248744,24.323962108397875,29.59109053529955,25.808749636037316,30.08505350177785,-4.40428817147308,-44.60940138535322,-39.555379453395545,-43.02768804681657,-44.786022306557605,-46.50602437932819,-47.40379971726594	scurve	0.12	909206,,
909207	0.0,1.0,2.0,3.0,4.0,5.0,6.0,7.0,8.0,9.0,10.0,11.0,12.0,13.0,14.0,15.0,16.0,17.0,18.0,19.0	3.124915138716828,1.8871182587651363,-1.2717402782674079,2.63166315705765,2.639010821365968,0.7819379639001951,-0.46310109826628026,2.058161974459575,-3.9049032220579307,-2.202969995520219,1.9905572597672332,2.9239324396095814,6.772736469088162,36.865571164192104,70.14906840917504,74.5295214466289,73.78977473824833,75.0371287608512,73.30883472858781,78.90757373804227	scurve	0.12	909207,,
909208	0.0,1.0,2.0,3.0,4.0,5.0,6.0,7.0,8.0,9.0,10.0,11.0,12.0,13.0,14.0,15.0,16.0,17.0,18.0,19.0	42.490199020893435,44.82268820984228,38.19613814557836,38.70297474016856,41.71188658023408,46.28919442802005,46.71657910345422,46.47816794217177,45.098974300884606,38.374968049524554,38.997534857809725,40.86526101313634,44.47884247578345,43.89689386909819,43.73766882612704,81.80134140751946,114.88732797052607,116.96437461543863,117.78457970104219,113.53664334547409	scurve	0.12	909208,,
909209	0.0,1.0,2.0,3.0,4.0,5.0,6.0,7.0,8.0,9.0,10.0,11.0,12.0,13.0,14.0,15.0,16.0,17.0,18.0,19.0	22.555316369495483,21.27842012536112,20.25413633752501,22.590817835852736,20.914114226437214,21.47431954284254,21.18293995540191,21.230216233611618,22.31130982717586,24.329422506634113,24.67920794677607,21.544571984774212,23.64986649822497,39.99030433842576,61.48235663876045,60.045481688362784,63.6442556755557,65.3735844857051,65.50752718753866,61.160647715978115	scurve	0.12	909209,,
909210	0.0,1.0,2.0,3.0,4.0,5.0,6.0,7.0,8.0,9.0,10.0,11.0,12.0,13.0,14.0,15.0,16.0,17.0,18.0,19.0	12.724272215603708,11.63462717923206,13.232194675762434,11.302390138363076,11.390783299602905,11.326659777079126,12.753085206862893,13.463138435000594,12.185470278586012,11.688484281112082,12.998034840901834,11.700260157979766,11.185824727097513,12.26988756851159,14.701046965953484,23.535345320048016,31.368442454131255,32.58515737545083,32.84621019344163,34.199518473634974	scurve	0.12	909210,,
909211	0.0,1.0,2.0,3.0,4.0,5.0,6.0,7.0,8.0,9.0,10.0,11.0,12.0,13.0,14.0,15.0,16.0,17.0,18.0,19.0	21.705709245943627,23.103256827017052,19.60282899934359,21.66280911355391,20.388794799354464,21.43812042706003,20.634762840837713,20.92814050870074,21.58216626454793,20.984763021537912,21.484192819340752,21.566635313185056,22.277231808010818,8.357495050108266,-3.654128349350902,-4.866929962829367,-5.1468546321281,-3.599520387880652,-3.365733321187818,-4.199328295695562	scurve	0.12	909211,,
909212	0.0,1.0,2.0,3.0,4.0,5.0,6.0,7.0,8.0,9.0,10.0,11.0,12.0,13.0,14.0,15.0,16.0,17.0,18.0,19.0	-67.40256122759087,-65.97853887277668,-68.14978057429084,-71.34069888914452,-69.1201672093857,-70.41777269874297,-67.82774574963261,-68.91268640438972,-67.45999593620236,-69.08180810703331,-61.15590323589223,-63.77509930396821,-64.61434298013563,-74.52075367228812,-104.5334613569629,-146.62276360670108,-150.46336205556275,-149.83261752364336,-156.66448358346227,-152.18551850138448	scurve	0.12	909212,,
909213	0.0,1.0,2.0,3.0,4.0,5.0,6.0,7.0,8.0,9.0,10.0,11.0,12.0,13.0,14.0,15.0,16.0,17.0,18.0,19.0	4.599330127364644,6.296621969915091,6.176584504908578,6.402197814394575,-0.09464198884600923,4.31696129738748,6.655130671121883,3.1282471883219714,5.001638233163419,3.3231932736576226,0.4715045269058961,7.876058742260561,30.045334895672426,60.83033697890795,57.463053931019225,62.68538491998766,56.94451643700584,57.56995171773732,59.67765047679508,59.397778217141905	scurve	0.12	909213,,
909214	0.0,1.0,2.0,3.0,4.0,5.0,6.0,7.0,8.0,9.0,10.0,11.0,12.0,13.0,14.0,15.0,16.0,17.0,18.0,19.0	5.886246799043728,7.072908935539011,6.816080022334447,6.728953839334563,7.521402692994786,7.100659562478904,6.039269627477679,4.634108278056036,5.543717148288383,4.694588227609581,7.3174928815463485,4.629596546854153,7.430549412831151,6.905588440387505,13.118376201837387,19.82253826550042,21.24478132445803,20.458467637211463,20.75604194971795,19.8766413151309	scurve	0.12	909214,,
909215	0.0,1.0,2.0,3.0,4.0,5.0,6.0,7.0,8.0,9.0,10.0,11.0,12.0,13.0,14.0,15.0,16.0,17.0,18.0,19.0	31.279221119150808,34.8077425098164,33.29812681242516,34.91784248003941,31.943005637858043,34.46237189019769,32.129521042218094,33.92736763736423,34.57712003109842,36.09695941693328,35.097705392380306,33.188501324952234,32.79789797466216,33.31464400371367,16.718705147707183,-2.979408707916967,-6.524943134250954,-7.175254055095511,-4.120964995848588,-6.77092830142189	scurve	0.12	909215,,
909216	0.0,1.0,2.0,3.0,4.0,5.0,6.0,7.0,8.0,9.0,10.0,11.0,12.0,13.0,14.0,15.0,16.0,17.0,18.0,19.0	0.9574725863562537,0.3731764752314819,2.2000372557482994,1.4240060285724425,2.0418592318499917,0.28756079642173915,1.5040013238436414,1.9628903575988612,0.9204878458941274,-0.37129700090658246,1.7712042393429903,1.6742980511595695,5.7001780881761634,8.065352088413631,7.5398758894336195,8.432590222268795,7.926088484212127,6.492231279749001,8.625648467480298,7.364721205174977	scurve	0.12	909216,,
909217	0.0,1.0,2.0,3.0,4.0,5.0,6.0,7.0,8.0,9.0,10.0,11.0,12.0,13.0,14.0,15.0,16.0,17.0,18.0,19.0	9.861036110331698,10.72847175699497,14.664295020016908,9.126091734842829,11.039702430545201,15.521184645740872,18.449271282091644,14.250589488682886,12.84961844249854,10.525502514432,18.30810109523172,17.020928628495447,21.441929122312168,63.494536603426766,110.06579339033522,108.31273960200099,114.64622118300427,119.86830354195126,107.81462473752129,113.15579338567791	scurve	0.12	909217,,
909218	0.0,1.0,2.0,3.0,4.0,5.0,6.0,7.0,8.0,9.0,10.0,11.0,12.0,13.0,14.0,15.0,16.0,17.0,18.0,19.0	42.069606635957726,39.91556452881238,44.16589351255594,39.48606656335556,43.64658632550572,41.43109557302441,46.57898856481617,44.57109609313667,41.58933819741198,43.986624229646125,46.1791406156214,39.47590834466088,39.80159406525331,43.77354467554223,40.2575068415275,11.889317272665785,-20.294972282577874,-17.772617602646335,-21.580307767684268,-19.299920432037908	scurve	0.12	909218,,
909219	0.0,1.0,2.0,3.0,4.0,5.0,6.0,7.0,8.0,9.0,10.0,11.0,12.0,13.0,14.0,15.0,16.0,17.0,18.0,19.0	-3.3601150760478995,-0.8473937579961723,-3.3190508953915625,-1.9635301409501802,-2.902239774851671,-1.4718053504402535,-3.427534314842635,-3.7562612006364597,-2.1939913147784122,-1.231816406262451,-2.90676958534218,-2.510304362124613,-5.1896165973792,-4.630469559344942,-3.9168660666291633,-4.100303042965491,-6.031379259805977,-6.398329875490087,-4.431203723209499,-6.572626909966072	scurve	0.12	909219,,
909220	0.0,1.0,2.0,3.0,4.0,5.0,6.0,7.0,8.0,9.0,10.0,11.0,12.0,13.0,14.0,15.0,16.0,17.0,18.0,19.0	24.242093873130433,22.577788019215213,24.152824634127885,23.504156011647485,18.552189717357177,17.313547107272292,23.77991194055467,17.806898590272493,18.132916302390605,19.25973808840495,23.98929896510389,22.020243934507942,22.22339167227752,23.581599411449215,-4.234403316092028,-30.790266954018094,-33.73225179543037,-33.44200990252028,-35.812558202306604,-33.5914158570653	scurve	0.12	909220,,
909221	0.0,1.0,2.0,3.0,4.0,5.0,6.0,7.0,8.0,9.0,10.0,11.0,12.0,13.0,14.0,15.0,16.0,17.0,18.0,19.0	-47.235693748992574,-48.73498116579464,-45.18703211505838,-49.397745595448654,-45.78758072042235,-49.70621871189655,-44.525970485963875,-49.589114692956784,-49.609932693494635,-46.218916417556684,-74.0868453948049,-95.02640189053744,-99.37138749657848,-100.19830806846886,-95.9876782171423,-96.77014754880909,-102.69001875093628,-99.24596170593547,-95.44629573489601,-101.33596972524597	scurve	0.12	909221,,
909222	0.0,1.0,2.0,3.0,4.0,5.0,6.0,7.0,8.0,9.0,10.0,11.0,12.0,13.0,14.0,15.0,16.0,17.0,18.0,19.0	66.08965987844371,68.17474913934309,58.825075466718914,67.1475396426765,65.98220142664795,67.92757039839789,61.21651893804107,59.90843143270878,55.59345961962445,63.99704142178352,58.91472850530764,64.65807373775701,111.62817141561858,144.85930255292942,147.49931655931238,146.23907043026503,157.63425804760192,154.2494309057783,157.61053911638407,150.23119137978364	scurve	0.12	909222,,
909223	0.0,1.0,2.0,3.0,4.0,5.0,6.0,7.0,8.0,9.0,10.0,11.0,12.0,13.0,14.0,15.0,16.0,17.0,18.0,19.0	27.470235899503983,31.127388770596557,29.216286241672282,31.216820325510053,29.100302610578204,29.706915418921316,31.136378266642023,30.141558610983097,29.568371493810567,27.910213520872865,28.04958806733521,27.76776406988606,27.221529106574838,29.309008059489184,28.908253451319446,12.428101838544102,-6.291160391184761,-8.043966089102412,-9.646699983336216,-7.1513097282381	scurve	0.12	909223,,
909224	0.0,1.0,2.0,3.0,4.0,5.0,6.0,7.0,8.0,9.0,10.0,11.0,12.0,13.0,14.0,15.0,16.0,17.0,18.0,19.0	-16.139757729146734,-14.480356999616273,-16.679594773614443,-16.56756129329587,-16.470365028117623,-11.727938232396534,-11.957074449694558,-11.815283618129481,-11.525030784716089,-11.658536382538687,4.271576713740711,23.859489573309734,24.750969371048583,26.70847169870659,23.630558932535493,26.4133107459151,23.64734382503474,23.40772674883051,26.783847101749398,26.732997488529396	scurve	0.12	909224,,
909225	0.0,1.0,2.0,3.0,4.0,5.0,6.0,7.0,8.0,9.0,10.0,11.0,12.0,13.0,14.0,15.0,16.0,17.0,18.0,19.0	-1.8080472758709873,-1.23898241312625,-1.3078749001374896,-3.7046529042275567,-1.4351671591276116,-2.4948500090195482,-1.1768345027608407,-1.5892219375047905,-3.371549413920043,-2.478458058702974,-3.052587941582563,-1.072976004305451,-1.8626708112872015,-3.8322918217161432,-2.1598337499161393,-0.041718580496414415,4.632696536102425,4.9804203879619635,3.3531233606101143,2.371487564915666	scurve	0.12	909225,,
909226	0.0,1.0,2.0,3.0,4.0,5.0,6.0,7.0,8.0,9.0,10.0,11.0,12.0,13.0,14.0,15.0,16.0,17.0,18.0,19.0	7.702397017174742,8.519180126591662,8.404625956751273,8.02578813275367,7.819693937462657,8.69583252853981,6.873383665108185,8.875610580948333,8.050697248281187,9.445045692557624,6.968977016279096,9.146514984312471,6.586112113894218,4.377834359897226,0.9971233281794145,0.8260535553095005,1.3203466913992106,2.4486852915827413,3.1828808767576833,1.4860119665234395	scurve	0.12	909226,,
909227	0.0,1.0,2.0,3.0,4.0,5.0,6.0,7.0,8.0,9.0,10.0,11.0,12.0,13.0,14.0,15.0,16.0,17.0,18.0,19.0	56.6456326460261,57.90082817880712,58.24885033969431,57.82052167937177,63.42301637545491,63.29192158193739,61.209660229201,63.19280955205208,64.99191443035158,58.24136823702892,55.970835485128816,29.764394652634827,-0.8666210525238469,-2.4167827095773475,3.590733843585312,-0.575324049467909,-2.2645758038046253,-2.8899321972201477,-3.267851668105756,-0.7717416228831127	scurve	0.12	909227,,
909228	0.0,1.0,2.0,3.0,4.0,5.0,6.0,7.0,8.0,9.0,10.0,11.0,12.0,13.0,14.0,15.0,16.0,17.0,18.0,19.0	34.595087648280476,34.56586889788822,32.17336758250378,27.384715522007696,30.711691174277533,35.38182875284548,33.32111934718284,30.56694333879992,29.336218009692224,31.369012817222067,59.46846991170463,89.71543272256349,93.01009899605482,92.7536644169673,94.41994739506457,87.96703784091467,86.97540376440466,89.85748064274559,87.66338727859352,89.86344701848793	scurve	0.12	909228,,
909229	0.0,1.0,2.0,3.0,4.0,5.0,6.0,7.0,8.0,9.0,10.0,11.0,12.0,13.0,14.0,15.0,16.0,17.0,18.0,19.0	7.437963369428722,7.0617588537871985,7.2707003928337315,7.637041812618205,7.771414474186852,7.556997435037405,8.800925090206423,7.162715925452322,7.82821980756213,7.001571914676402,7.115358681164471,7.781377618366826,14.974740889185258,20.504214718807987,22.19325974322873,23.013704737533523,21.581584960266532,22.88596413365921,22.226606683144638,20.832611677419763	scurve	0.12	909229,,
909230	0.0,1.0,2.0,3.0,4.0,5.0,6.0,7.0,8.0,9.0,10.0,11.0,12.0,13.0,14.0,15.0,16.0,17.0,18.0,19.0	-38.439014940488605,-35.521384393354346,-32.921453407880165,-33.084539149024,-30.017916277408368,-30.072207206153017,-33.22189538602331,-37.17661029550905,-29.41940888394427,-32.14518066352515,-32.19058499162656,-1.3225818652387389,26.217021039909035,35.72320002132162,33.8861175125848,30.649711569052904,30.453856367129724,30.66810611744112,32.88066895470349,31.027944650570895	scurve	0.12	909230,,
909231	0.0,1.0,2.0,3.0,4.0,5.0,6.0,7.0,8.0,9.0,10.0,11.0,12.0,13.0,14.0,15.0,16.0,17.0,18.0,19.0	-13.721647513963983,-15.216085352817071,-14.118901120263278,-13.654312588977332,-14.68854978701497,-14.229104142315007,-15.363039057422299,-12.732301314145165,-13.32224964427439,-15.611492021508607,-14.435101553588046,-13.494509199056813,-15.3668705506874,-15.2396384886812,-14.406009408768634,-2.8006983572844,5.205117794711379,6.202960159682796,6.952591686358172,6.727791317102852	scurve	0.12	909231,,
909232	0.0,1.0,2.0,3.0,4.0,5.0,6.0,7.0,8.0,9.0,10.0,11.0,12.0,13.0,14.0,15.0,16.0,17.0,18.0,19.0	4.510214985545474,3.328916037268935,4.03472559537164,4.946786366837487,4.434532810355161,3.3284722812902015,3.4482099833304685,6.139043980945122,5.343645257601361,4.885645923689882,4.841097774344476,5.2377845017925635,3.362864165922644,3.8453160898323357,-0.5831778576824189,0.4608069091355049,2.030399929192651,-0.5252067562207281,2.0902928075380878,1.7705673800424133	scurve	0.12	909232,,
909233	0.0,1.0,2.0,3.0,4.0,5.0,6.0,7.0,8.0,9.0,10.0,11.0,12.0,13.0,14.0,15.0,16.0,17.0,18.0,19.0	68.44789384583757,64.1760978267081,60.713188991463895,61.55753359298223,68.92828853168625,63.00801963649257,66.34282036548463,70.4271993654634,62.744560433055064,62.31646302367669,64.77537018208895,63.353343968535256,26.31334037715898,-18.482743649925084,-16.17141960909339,-21.80643419033622,-21.267974781797413,-14.82440194934972,-13.065723202686499,-19.490413681040422	scurve	0.12	909233,,
909234	0.0,1.0,2.0,3.0,4.0,5.0,6.0,7.0,8.0,9.0,10.0,11.0,12.0,13.0,14.0,15.0,16.0,17.0,18.0,19.0	5.597193853698282,8.471850099525605,6.474973671123242,7.69511101145392,6.276135210995983,8.176625867323294,7.205081096828353,5.52070656481605,7.278644929087653,7.258094536480293,5.613043069633998,3.243652111083356,0.2942487547717825,-1.5289227019038947,-1.0020349110756355,0.5383510641228249,-0.778387497891651,-1.2040613058242524,1.3859578776995054,-0.41416826295270504	scurve	0.12	909234,,
909235	0.0,1.0,2.0,3.0,4.0,5.0,6.0,7.0,8.0,9.0,10.0,11.0,12.0,13.0,14.0,15.0,16.0,17.0,18.0,19.0	42.99999640754566,35.48933577801359,35.343689133745634,41.697529173158756,37.813686075749644,40.97474599221918,43.89088487480839,35.01782354061592,39.93225893605099,38.11643381560007,42.94053316354224,77.31556158622269,109.67731563411851,117.36922768858469,110.89433857718235,117.99667808945631,115.18575247443414,121.69178660052876,117.6156724836212,113.92554058516825	scurve	0.12	909235,,
909236	0.0,1.0,2.0,3.0,4.0,5.0,6.0,7.0,8.0,9.0,10.0,11.0,12.0,13.0,14.0,15.0,16.0,17.0,18.0,19.0	-3.050710959097022,-2.992214095584165,-5.260952253216609,-4.344387412002785,-4.526807866138737,-2.0570044786683312,-2.705032779113396,-5.297430276932579,-2.082074986170688,-5.400876288598485,-1.0261924120734973,-0.8453132485684309,14.624156901473953,28.834208052723802,30.480071461299204,28.163568035153887,27.064790333953553,29.212718960210655,28.843153216041795,29.115436990058768	scurve	0.12	909236,,
909237	0.0,1.0,2.0,3.0,4.0,5.0,6.0,7.0,8.0,9.0,10.0,11.0,12.0,13.0,14.0,15.0,16.0,17.0,18.0,19.0	-41.09018129264531,-49.68964916295412,-43.59545059598509,-48.220517355179176,-41.487114991355355,-48.67311297678518,-51.35490692478428,-47.33471892482999,-47.70024952776197,-43.005184034409915,-47.128944499454974,-47.618948295731805,-49.02745380643351,-48.162483271794436,-46.15149794539799,2.1997675296095736,39.248085459809566,39.57073998903608,39.90841577877332,38.240030229188335	scurve	0.12	909237,,
909238	0.0,1.0,2.0,3.0,4.0,5.0,6.0,7.0,8.0,9.0,10.0,11.0,12.0,13.0,14.0,15.0,16.0,17.0,18.0,19.0	15.194536351656957,9.952598555929871,6.3020637705979246,15.761835633464173,12.534805029015075,6.26513156830176,6.5183358918471175,11.407911589240015,6.084230337301628,14.831080316182632,9.308897254349109,16.798058995373676,11.42148614992519,14.43391173225368,-28.741975972097688,-82.14467904403851,-80.45287144777909,-78.23517391535395,-79.96419619347739,-74.7442791828419	scurve	0.12	909238,,
909239	0.0,1.0,2.0,3.0,4.0,5.0,6.0,7.0,8.0,9.0,10.0,11.0,12.0,13.0,14.0,15.0,16.0,17.0,18.0,19.0	17.681497492763906,16.819280838763678,17.642624069068102,16.63975167503305,16.948738071888908,16.854310421181882,19.30911291091233,16.89317070543484,17.15948498441078,18.091079020527033,17.156645342690517,17.02124150881785,16.447425366075112,17.23719472773678,3.6675963355983328,-7.8054572059434335,-9.02451881877846,-10.25349712028493,-8.068560078162221,-9.831168561596815	scurve	0.12	909239,,
909240	0.0,1.0,2.0,3.0,4.0,5.0,6.0,7.0,8.0,9.0,10.0,11.0,12.0,13.0,14.0,15.0,16.0,17.0,18.0,19.0	-17.81991250328827,-17.089579236877405,-16.289606874290207,-18.278840865973272,-17.206429911063402,-15.717065620703474,-17.962991305372093,-17.32684688195287,-20.76984018669525,-21.79999941225675,-23.853623161206258,-30.56454786683596,-32.404815518109196,-37.470539618588376,-38.64298283436119,-41.50692787312157,-42.085825471292935,-40.26289605151068,-42.57502061816795,-42.31371814497538	scurve	0.12	909240,,
909241	0.0,1.0,2.0,3.0,4.0,5.0,6.0,7.0,8.0,9.0,10.0,11.0,12.0,13.0,14.0,15.0,16.0,17.0,18.0,19.0	-3.609220574515576,-6.504892557082545,-8.729303743465422,-5.650171373678852,-8.22135840562786,-8.980249040094925,-8.624457196671193,-9.473937822310544,-9.906079869116892,-6.4184214367643975,-7.996560464158769,-7.944835643532026,-31.68369383967398,-49.13180631452222,-50.53992829012649,-53.29036684919974,-51.503966154103516,-53.38303593691572,-51.16654778236457,-51.83023651891081	scurve	0.12	909241,,
909242	0.0,1.0,2.0,3.0,4.0,5.0,6.0,7.0,8.0,9.0,10.0,11.0,12.0,13.0,14.0,15.0,16.0,17.0,18.0,19.0	-82.45759398318357,-86.4195045837692,-81.92669289991143,-88.54618711067069,-82.17491109157193,-81.39700094834726,-86.18701417836118,-88.61873891507273,-87.20155295622985,-82.83271971752802,-82.71987450031413,-80.79722610075537,-85.48753608053913,-85.8300065639467,-81.0136489876567,-34.7325952498764,0.5181496757011814,5.322270015180678,4.027755937298181,10.193105112370361	scurve	0.12	909242,,
909243	0.0,1.0,2.0,3.0,4.0,5.0,6.0,7.0,8.0,9.0,10.0,11.0,12.0,13.0,14.0,15.0,16.0,17.0,18.0,19.0	37.17765497887274,31.489412812285956,34.78994391035132,31.5024813685125,36.34718283682672,36.066480159342156,32.755330844380644,34.081982516651195,33.59427588910296,30.728914972192566,30.687556879404323,35.47059286880639,32.08849755375784,31.454114708204347,32.3089993116685,1.1813983520810751,-22.267681481500368,-26.506945853367974,-26.710676261994337,-25.89627830463734	scurve	0.12	909243,,
909244	0.0,1.0,2.0,3.0,4.0,5.0,6.0,7.0,8.0,9.0,10.0,11.0,12.0,13.0,14.0,15.0,16.0,17.0,18.0,19.0	72.0830104581579,69.79406929652164,72.86775399545549,67.5159383535179,74.67870010627423,73.13012792746952,77.23832217398447,71.98471575347588,72.56263500076034,79.48323479372158,77.92638019507616,78.34740607913794,77.04136417408371,77.80587875429495,29.1490348972885,-27.633295233553753,-24.44547618480702,-28.46011303630253,-20.775068411792958,-21.174024022845714	scurve	0.12	909244,,
909245	0.0,1.0,2.0,3.0,4.0,5.0,6.0,7.0,8.0,9.0,10.0,11.0,12.0,13.0,14.0,15.0,16.0,17.0,18.0,19.0	18.121333419208568,17.64827785951411,13.872310240121582,16.601667318322924,16.310242214016167,16.677475869781926,20.31100450474222,20.32703168818786,13.858098935604396,16.463420184642832,19.801164219458258,21.58131639732579,12.371668654538587,-32.70425721379294,-79.36885302457293,-69.87031450226422,-69.06107921568092,-75.8760804739531,-73.45548788063994,-69.86831714462113	scurve	0.12	909245,,
909246	0.0,1.0,2.0,3.0,4.0,5.0,6.0,7.0,8.0,9.0,10.0,11.0,12.0,13.0,14.0,15.0,16.0,17.0,18.0,19.0	15.838804775390422,17.502976074006913,13.857215266810035,11.493103168145772,17.585617317767746,12.47245548242248,14.772765101498038,17.394385009904983,16.987358530413978,14.10340069534714,12.62197896351564,-6.683770216477276,-24.842610011786213,-30.306318261845437,-27.499142382028857,-25.500567256477677,-26.26420601024582,-27.000169566700542,-25.168550623413097,-24.82715666913222	scurve	0.12	909246,,
909247	0.0,1.0,2.0,3.0,4.0,5.0,6.0,7.0,8.0,9.0,10.0,11.0,12.0,13.0,14.0,15.0,16.0,17.0,18.0,19.0	-27.67297306205085,-24.74854052936294,-24.591502037037777,-21.635190526071376,-26.156026116625938,-20.34722392542816,-21.078341225463255,-25.107712324367217,-22.989183979614506,-21.408621310754018,-16.26281190008913,0.8511184251152812,28.404001116382567,27.46908489879119,26.572271788197572,28.5124821968929,33.05321341372992,32.48163488363457,27.931733974201926,33.336448635499195	scurve	0.12	909247,,
909248	0.0,1.0,2.0,3.0,4.0,5.0,6.0,7.0,8.0,9.0,10.0,11.0,12.0,13.0,14.0,15.0,16.0,17.0,18.0,19.0	2.576722209826715,2.3412130500987094,-0.5152450464067833,2.029808673073631,2.9915241213068424,-1.892639016819523,0.15236071354169373,3.0311502177841723,4.871232804807526,4.570519830296429,4.1974544593651135,1.9462543917083692,3.2948448349730284,5.7958788118449895,28.403358915534643,57.3445804582735,57.979684892902206,59.814229817871976,57.952943844628855,57.19962043876982	scurve	0.12	909248,,
909249	0.0,1.0,2.0,3.0,4.0,5.0,6.0,7.0,8.0,9.0,10.0,11.0,12.0,13.0,14.0,15.0,16.0,17.0,18.0,19.0	-10.60049675179103,-12.687830518598984,-11.761643310766365,-12.270070605883229,-11.637830308394049,-13.397829120685126,-11.36829347621727,-11.610404289012115,-12.436830576025438,-10.702381501322943,-5.665948438013491,1.7734511400025834,0.5954728120823862,2.84512374822412,1.4203246143139694,1.0457530109825797,3.5526640616795184,0.9113799868401653,1.3462432492443792,3.2629728247824445	scurve	0.12	909249,,
909250	0.0,1.0,2.0,3.0,4.0,5.0,6.0,7.0,8.0,9.0,10.0,11.0,12.0,13.0,14.0,15.0,16.0,17.0,18.0,19.0	-30.612962894607186,-28.678051310538518,-25.995557015889545,-29.190783853975724,-25.56121432499235,-32.000748512818944,-28.627864536818375,-26.55407072825892,-29.783791707965204,-34.16824277925485,-25.63032969663557,-64.89346893909396,-103.3114517737757,-100.16537901141533,-96.65458529862534,-101.95250591332507,-101.98987314214318,-99.37068383057832,-104.82961600057196,-101.38691708556723	scurve	0.12	909250,,
909251	0.0,1.0,2.0,3.0,4.0,5.0,6.0,7.0,8.0,9.0,10.0,11.0,12.0,13.0,14.0,15.0,16.0,17.0,18.0,19.0	-9.050440397050327,-8.020326993546675,-8.773485180578183,-10.010878208745416,-8.032025244471196,-11.319792582746288,-10.11439515133868,-11.085508433904877,-11.53104565396668,-11.091852297756445,-8.240817851240227,-11.006159216147456,-9.952949204011617,-11.695221689349191,-24.849474109240283,-39.961254612229965,-42.34664967450882,-42.70613948426663,-42.23084741353683,-42.58346926637702	scurve	0.12	909251,,
909252	0.0,1.0,2.0,3.0,4.0,5.0,6.0,7.0,8.0,9.0,10.0,11.0,12.0,13.0,14.0,15.0,16.0,17.0,18.0,19.0	55.27754851039392,60.248517624392235,53.925456911819836,59.481080845486055,56.191828837462815,59.68839809176543,55.08127451249947,55.53894385171257,53.89400419679111,53.52216377451725,60.75902577784448,86.08704975685552,117.62061843543458,119.1218514389675,116.19750949930096,116.57053139235649,118.13969770198437,114.02957770391887,111.92633501192643,118.20591873056492	scurve	0.12	909252,,
909253	0.0,1.0,2.0,3.0,4.0,5.0,6.0,7.0,8.0,9.0,10.0,11.0,12.0,13.0,14.0,15.0,16.0,17.0,18.0,19.0	60.724825266119126,61.1742244902664,64.02636322324855,64.12418517929218,65.53515255815927,65.24967869739146,65.84720761088177,62.57362798106567,65.79810782302953,65.44096268940693,63.094826782423304,23.61950686921503,-13.504377819782732,-9.532112486032958,-15.564874768878056,-12.514607150540968,-5.735573657917229,-10.83021666637886,-6.7975884842446845,-8.940464274776502	scurve	0.12	909253,,
909254	0.0,1.0,2.0,3.0,4.0,5.0,6.0,7.0,8.0,9.0,10.0,11.0,12.0,13.0,14.0,15.0,16.0,17.0,18.0,19.0	2.023149613089354,2.2459560257721622,4.100757582187564,3.548633758838777,2.149351797142118,3.7502796475290077,4.411514487368733,3.201394689236288,2.8199114659348745,2.694481059380796,3.7497722377696503,7.487370652681191,11.981368413671484,13.274113875578635,13.482232994265097,14.938497013232414,13.45182178348331,13.118436912110699,13.633519426258818,12.884842177644412	scurve	0.12	909254,,
909255	0.0,1.0,2.0,3.0,4.0,5.0,6.0,7.0,8.0,9.0,10.0,11.0,12.0,13.0,14.0,15.0,16.0,17.0,18.0,19.0	-13.08184744073797,-12.902689028725797,-13.143030913472629,-12.214218253893288,-11.597825501900525,-11.96173959799599,-13.3042388238277,-14.017046595480172,-13.00412119890831,-13.73615748675698,-12.521692617810139,-13.833218159761161,-13.342766485634574,-13.153476388452605,-21.04447243102627,-27.1896981244889,-25.709977585084868,-27.203450003176403,-26.04576315102421,-25.27435389953562	scurve	0.12	909255,,
909256	0.0,1.0,2.0,3.0,4.0,5.0,6.0,7.0,8.0,9.0,10.0,11.0,12.0,13.0,14.0,15.0,16.0,17.0,18.0,19.0	-15.881761691746174,-17.805009888672004,-15.449616193241317,-17.374417869156073,-16.196235589997407,-16.0106841268798,-15.14229311139305,-17.043984168709237,-16.41797371004363,-13.234409112437241,-11.553372195650926,-5.101704509737328,2.6499146137411778,8.98624270266553,8.669620929523326,9.24321300990264,11.467398227744347,9.21017799032606,8.107229144106864,9.134676910502247	scurve	0.12	909256,,
909257	0.0,1.0,2.0,3.0,4.0,5.0,6.0,7.0,8.0,9.0,10.0,11.0,12.0,13.0,14.0,15.0,16.0,17.0,18.0,19.0	63.05150690347016,63.16540411459516,58.84414146289962,65.07060730342309,58.08011777467738,64.78260041542073,58.78579721038768,61.11458618932901,58.906874567467575,62.90900247933631,56.98088980037067,56.61757070700516,64.7037761994104,57.19041102905147,97.70776778014371,134.86388945494343,129.06188808029918,131.33643095788187,135.17927928850017,131.51321591006828	scurve	0.12	909257,,
909258	0.0,1.0,2.0,3.0,4.0,5.0,6.0,7.0,8.0,9.0,10.0,11.0,12.0,13.0,14.0,15.0,16.0,17.0,18.0,19.0	-71.17295719811827,-61.13407215603374,-67.63403508964826,-64.9383262245375,-67.5806574514232,-62.81134563230348,-65.28568831635255,-63.21700812417827,-68.4024606119258,-65.75625030267996,-68.77017406399119,-66.19450395571027,-63.27420358789326,-30.30263549652493,11.53802041573175,11.441036301241056,12.710054986913363,9.827260792158867,19.076080589739483,9.419705555540844	scurve	0.12	909258,,
909259	0.0,1.0,2.0,3.0,4.0,5.0,6.0,7.0,8.0,9.0,10.0,11.0,12.0,13.0,14.0,15.0,16.0,17.0,18.0,19.0	1.6081271939881079,1.1902126284713561,2.190798392800694,3.695101584787944,1.445346081283479,-6.578204345493165,3.906941566496314,-5.416534799555253,-2.1684976214888487,0.9187976676905614,-39.747887306559036,-82.51483853765792,-80.30011277241964,-74.21374693120363,-74.8975974210903,-77.85176990251716,-78.17182777628844,-82.33390016974982,-81.12742704383578,-81.70653419624085	scurve	0.12	909259,,
909260	0.0,1.0,2.0,3.0,4.0,5.0,6.0,7.0,8.0,9.0,10.0,11.0,12.0,13.0,14.0,15.0,16.0,17.0,18.0,19.0	-9.617601313732685,-9.309103717564476,-9.707785420916757,-7.24042122934413,-7.271482334064887,-7.9544647733864675,-6.645202228635793,-7.415276058467227,-10.062710274928316,-9.075776461424326,-8.43490243155384,4.328164297172863,16.285461728530684,15.919029957556758,16.15560079474807,15.978555767680549,17.595818273880596,16.10673235067632,16.85598660243666,17.359858348422602	scurve	0.12	909260,,
909261	0.0,1.0,2.0,3.0,4.0,5.0,6.0,7.0,8.0,9.0,10.0,11.0,12.0,13.0,14.0,15.0,16.0,17.0,18.0,19.0	2.703533913963135,10.713907769507403,5.647632484530086,4.762388592529683,10.730739547249755,4.537350497781756,10.403571840701202,8.465912655275941,7.504819640202985,10.820863025700755,35.83217150533102,69.66352482490997,71.44551319015946,64.92131140013313,70.5799880790042,73.24014126105207,73.42134516766464,73.55467455353562,67.21607112632228,71.54865939897084	scurve	0.12	909261,,
909262	0.0,1.0,2.0,3.0,4.0,5.0,6.0,7.0,8.0,9.0,10.0,11.0,12.0,13.0,14.0,15.0,16.0,17.0,18.0,19.0	-11.084319110211235,-10.328779347200955,-13.810804312807896,-14.235691766942232,-15.795271162273087,-14.033130811062827,-14.19789984245824,-11.726140788776897,-14.585778251661061,-15.59688324118689,-12.88557839065428,-18.39276997350427,-10.749225739549502,-11.584739370264144,-19.13627383190049,-52.6295397874305,-79.36937247880698,-79.60164246591837,-86.81467034907968,-81.13561006773537	scurve	0.12	909262,,
909263	0.0,1.0,2.0,3.0,4.0,5.0,6.0,7.0,8.0,9.0,10.0,11.0,12.0,13.0,14.0,15.0,16.0,17.0,18.0,19.0	83.09461563544718,74.09335201364874,73.3631869322704,79.35540455512815,74.29743114632572,72.67512384575627,75.59856470155489,77.72953891900211,83.2016192672742,77.93304129841495,73.86851949057574,76.04060085772818,78.50870525427065,24.332129341684833,-21.432632229554997,-26.360330294273737,-21.077592616275084,-20.751761418508266,-23.032613060124277,-18.607174102600766	scurve	0.12	909263,,
909264	0.0,1.0,2.0,3.0,4.0,5.0,6.0,7.0,8.0,9.0,10.0,11.0,12.0,13.0,14.0,15.0,16.0,17.0,18.0,19.0	-35.34771329431224,-34.53866735407649,-33.02994729785296,-36.16780215338079,-30.162226073579046,-29.251685657808054,-36.451027092931454,-34.13639465879319,-37.16281049872617,-29.946228525834897,-36.98060329823644,-30.340547563930627,-34.58604022375696,6.199576152920006,33.85560398130729,41.35170222552918,43.14443594009467,38.654197427005,40.376430141028955,42.31989252598874	scurve	0.12	909264,,
909265	0.0,1.0,2.0,3.0,4.0,5.0,6.0,7.0,8.0,9.0,10.0,11.0,12.0,13.0,14.0,15.0,16.0,17.0,18.0,19.0	-27.024146355007275,-26.640506962132065,-33.18384497454753,-28.263171568214922,-30.90426407950856,-32.938299398095715,-29.95723326986338,-32.14344896950206,-30.243570634702493,-26.782587891985386,-2.7480668272821376,17.41835557629146,23.462034513920834,24.528816460049853,20.764321715991137,23.34649519416073,26.068607662069578,24.751351318939616,22.851272502058606,23.240422802798623	scurve	0.12	909265,,
909266	0.0,1.0,2.0,3.0,4.0,5.0,6.0,7.0,8.0,9.0,10.0,11.0,12.0,13.0,14.0,15.0,16.0,17.0,18.0,19.0	13.418861160675458,14.504291231397213,11.343923420272905,11.313003619352529,11.856034236170316,15.083164198776705,12.05483950200482,12.853707587267138,11.384985972545993,14.292856121620288,12.67102577926965,13.250191433891331,11.986896130671274,12.393262277508503,10.19824282380087,-7.471528896902258,-22.0344253174955,-26.13971583393114,-24.802705096132478,-22.14032448634667	scurve	0.12	909266,,
909267	0.0,1.0,2.0,3.0,4.0,5.0,6.0,7.0,8.0,9.0,10.0,11.0,12.0,13.0,14.0,15.0,16.0,17.0,18.0,19.0	77.22372920188593,77.18338677622101,77.80716939773788,72.67977008872585,75.91864745600944,67.23808209002387,75.93225241175364,73.60892731036058,76.1526896564437,68.35024104879186,75.87516776954155,73.01036626053383,78.29338097558914,21.137951397601626,-30.194219527271287,-20.027610779328214,-24.130908535452562,-22.39640400250005,-25.377041553487913,-27.70742254916769	scurve	0.12	909267,,
909268	0.0,1.0,2.0,3.0,4.0,5.0,6.0,7.0,8.0,9.0,10.0,11.0,12.0,13.0,14.0,15.0,16.0,17.0,18.0,19.0	-65.3290010708594,-67.80087473255628,-60.898941596509154,-64.60510214665508,-59.153054306174155,-60.480248225731586,-58.81899246142345,-60.26922888049839,-61.46544955159878,-64.20097740214536,-64.73465728394335,-59.99055651771003,-62.25483822232124,-63.59629395295405,-67.47301175931109,-100.26127937397865,-131.6036787650985,-136.82362160786175,-138.96568066657062,-140.4229930531643	scurve	0.12	909268,,
909269	0.0,1.0,2.0,3.0,4.0,5.0,6.0,7.0,8.0,9.0,10.0,11.0,12.0,13.0,14.0,15.0,16.0,17.0,18.0,19.0	-12.037705510405905,-13.35060513053964,-13.674367526640482,-12.142309263533312,-17.147568728975834,-12.155937023040446,-16.966027648872995,-12.68731848608235,-12.874157431475055,-18.897160474494026,-16.501636885403013,-18.577005421850025,-14.677466824370564,-17.11765206165181,-16.90139711411612,-55.217301420808326,-96.49139979383804,-98.23940938944075,-104.71829122781742,-101.78431175217855	scurve	0.12	909269,,
909270	0.0,1.0,2.0,3.0,4.0,5.0,6.0,7.0,8.0,9.0,10.0,11.0,12.0,13.0,14.0,15.0,16.0,17.0,18.0,19.0	39.100151738978795,35.70627943097483,41.00729786811438,37.34014271144388,38.26812536809174,36.019170602495315,38.29741846111018,42.375336892744805,42.38317568980378,35.83390147626693,41.28127663469817,33.925514583365874,38.8339427736342,-6.326119620151168,-36.84813552015257,-45.86162726277074,-44.74018642264335,-46.4693583755448,-40.179426613413625,-42.6187770554182	scurve	0.12	909270,,
909271	0.0,1.0,2.0,3.0,4.0,5.0,6.0,7.0,8.0,9.0,10.0,11.0,12.0,13.0,14.0,15.0,16.0,17.0,18.0,19.0	-19.398069598449403,-19.576523016202643,-20.402145239803588,-17.962984485571194,-20.51061147316093,-20.66317339383589,-19.71806099570983,-17.897937415702124,-17.54329198638391,-19.86025866382453,-19.008957559942413,-20.38746518390814,-17.916892009726112,-20.354803381512518,-31.733273043106887,-43.440133916374236,-43.59745493418161,-42.872000701211945,-43.79897821672767,-43.39216213885889	scurve	0.12	909271,,
909272	0.0,1.0,2.0,3.0,4.0,5.0,6.0,7.0,8.0,9.0,10.0,11.0,12.0,13.0,14.0,15.0,16.0,17.0,18.0,19.0	-8.153177590240828,-7.961410567022153,-6.502323762750974,-8.23518926472056,-8.28296417985471,-7.520326363528561,-8.411804443189984,-5.982247598693376,-7.554486211868752,-5.770361631625555,-8.279547047857184,-7.247497958608193,-7.240096040051469,-8.062524002727825,-15.56280418677063,-25.067160363040966,-25.26097582708085,-26.16950712847535,-24.23879710634378,-24.73226720541264	scurve	0.12	909272,,
909273	0.0,1.0,2.0,3.0,4.0,5.0,6.0,7.0,8.0,9.0,10.0,11.0,12.0,13.0,14.0,15.0,16.0,17.0,18.0,19.0	-76.43895774847965,-85.91150301989776,-75.9548243208628,-80.8068762436611,-84.54877994319104,-78.66025305819812,-79.65617052806827,-88.67834074344148,-83.44390846717157,-78.66042716837816,-85.50860232404834,-81.13959965671073,-80.18239126425797,-39.60632450243199,11.37091079077264,10.83547371656195,19.04026326509883,14.707017218868373,15.1175086493041,17.27241131061841	scurve	0.12	909273,,
909274	0.0,1.0,2.0,3.0,4.0,5.0,6.0,7.0,8.0,9.0,10.0,11.0,12.0,13.0,14.0,15.0,16.0,17.0,18.0,19.0	34.70210038156135,34.433423417002956,33.572301705506064,30.40603892132655,32.40442962684774,34.90754335018301,34.629666526573054,30.356060573111588,33.47667712555237,35.627695027919174,32.74058732915937,49.47981374910441,68.19448719011032,67.75095061923221,70.3657574689029,68.11529091950229,70.98974739796907,71.2188099876845,70.28563362117134,69.7457920298672	scurve	0.12	909274,,
909275	0.0,1.0,2.0,3.0,4.0,5.0,6.0,7.0,8.0,9.0,10.0,11.0,12.0,13.0,14.0,15.0,16.0,17.0,18.0,19.0	7.63149662554263,8.846358606373329,8.989524526114753,7.240076181428193,8.16593718379309,7.943623289602304,8.859543755213615,7.244005261210581,7.062167019005691,7.974581427870592,6.361852226362477,10.656259945184928,14.628199266177974,15.187638180705228,16.770324963185338,15.851305445336237,15.76026928289361,15.84601604782287,15.240440604134928,14.271744630984058	scurve	0.12	909275,,
909276	0.0,1.0,2.0,3.0,4.0,5.0,6.0,7.0,8.0,9.0,10.0,11.0,12.0,13.0,14.0,15.0,16.0,17.0,18.0,19.0	-10.225100260826176,-11.526509482878526,-7.762452411079745,-9.320827498088581,-7.983139735937788,-9.30038028344826,-8.049168009236855,-8.966186050466748,-10.33271080556892,-8.905263630876956,-10.94149752175595,-10.967315581733027,-9.443836600952524,6.149047808428589,18.33417511590637,19.802327442899195,17.513910677309873,18.88857786359673,19.69385689215345,20.11621119361599	scurve	0.12	909276,,
909277	0.0,1.0,2.0,3.0,4.0,5.0,6.0,7.0,8.0,9.0,10.0,11.0,12.0,13.0,14.0,15.0,16.0,17.0,18.0,19.0	-11.517850839435615,-11.623751379754589,-11.97158425072964,-13.566963378391288,-13.185522455259616,-12.423738273781385,-12.744407216514084,-12.40401291784367,-11.664222531511918,-13.120555405785284,-11.195063686517276,-12.257330297907755,-13.408325474835141,-18.195338358186184,-26.780377048891566,-25.219329509469173,-27.246419678522255,-27.852581337049195,-25.958926934427545,-25.688302395508526	scurve	0.12	909277,,
909278	0.0,1.0,2.0,3.0,4.0,5.0,6.0,7.0,8.0,9.0,10.0,11.0,12.0,13.0,14.0,15.0,16.0,17.0,18.0,19.0	-26.76613257473095,-28.830569161496086,-25.84541722820252,-26.198405961258658,-26.67149416591661,-29.39703853445518,-28.323359255958707,-25.445848406439865,-25.290409067488095,-27.028584813416415,-27.337780935916633,-27.476558299938386,-25.916624500065367,-43.60737290666822,-59.47514320548199,-58.367216849122286,-62.31399149677565,-58.57883169867296,-58.96827146784855,-60.169841756775476	scurve	0.12	909278,,
909279	0.0,1.0,2.0,3.0,4.0,5.0,6.0,7.0,8.0,9.0,10.0,11.0,12.0,13.0,14.0,15.0,16.0,17.0,18.0,19.0	-29.782677443591528,-33.51692450582605,-32.40317517917669,-35.480341037591415,-32.11155335056211,-36.134221037780385,-34.7764940659457,-36.880172607231806,-27.595990857491202,-34.04730047981381,-27.14938289858986,-31.68861741153811,-76.61803166095659,-112.52937194674237,-113.78425122910687,-115.62265886437896,-114.14555572068184,-115.05891526291148,-114.58466686824255,-110.20646147656066	scurve	0.12	909279,,
909280	0.0,1.0,2.0,3.0,4.0,5.0,6.0,7.0,8.0,9.0,10.0,11.0,12.0,13.0,14.0,15.0,16.0,17.0,18.0,19.0	3.120064566543828,0.8835047201810053,4.845679613557661,6.234597811333518,-1.6934993704579453,3.8017885638621265,4.436051445349673,1.523115182868731,4.678036873182487,5.854287473779079,2.4173334523733785,-0.21312592414199294,7.421124560924334,40.254877826328396,73.02036218793704,72.59063125194074,67.90320229234838,66.49840553706866,72.15072552016078,67.38963245749173	scurve	0.12	909280,,
909281	0.0,1.0,2.0,3.0,4.0,5.0,6.0,7.0,8.0,9.0,10.0,11.0,12.0,13.0,14.0,15.0,16.0,17.0,18.0,19.0	-19.231898514261797,-18.156272160762608,-16.03690030797022,-14.46966552111183,-13.7822619741236,-14.678128639814872,-17.48743551160629,-17.09162515988594,-14.4538258408954,-14.975137397872484,-19.400014668439354,-20.324186207561613,-11.938275912535389,8.0928350262344,33.28748319963812,37.75453278624087,33.26921990429913,33.29804115621144,37.29420955470138,33.97418598013648	scurve	0.12	909281,,
909282	0.0,1.0,2.0,3.0,4.0,5.0,6.0,7.0,8.0,9.0,10.0,11.0,12.0,13.0,14.0,15.0,16.0,17.0,18.0,19.0	-24.67929111698883,-26.988560982118354,-23.28257228432903,-25.189673758912456,-18.968081488790528,-25.47066190848369,-21.012564028372577,-20.682320278221184,-20.60395120637776,-24.992659720948858,-24.995415450030332,-25.456616952009398,-28.699337399994576,-56.36901494187003,-84.64263696112496,-85.44542468907032,-85.7186621864003,-92.12809161873827,-91.64221788637508,-91.36263543339422	scurve	0.12	909282,,
909283	0.0,1.0,2.0,3.0,4.0,5.0,6.0,7.0,8.0,9.0,10.0,11.0,12.0,13.0,14.0,15.0,16.0,17.0,18.0,19.0	3.2670597065239244,3.2492657083091077,0.4732035319751063,3.626934180609523,2.0481176445469105,3.243662095178829,2.151285197479519,1.3295711279233464,3.509110510803321,3.0194456042816142,-3.7147284928095394,-0.49854122004624063,-3.5684646151474806,3.427581146486846,2.297488329454154,33.77940217491183,58.10111018367365,64.81917277624663,66.3345750785863,65.37184406333736	scurve	0.12	909283,,
909284	0.0,1.0,2.0,3.0,4.0,5.0,6.0,7.0,8.0,9.0,10.0,11.0,12.0,13.0,14.0,15.0,16.0,17.0,18.0,19.0	46.46549863052265,42.26340624895358,41.52737818508465,39.540100290584505,40.3212578765519,46.72621550507227,40.57032253036959,42.842179123796846,43.16536503824328,41.18821957693236,41.732212918474175,48.333485418835046,75.53871811290726,103.08605798540864,111.91729954033075,112.0448806095219,111.43908152751007,111.57729126290023,109.71268468832328,110.93177080692384	scurve	0.12	909284,,
909285	0.0,1.0,2.0,3.0,4.0,5.0,6.0,7.0,8.0,9.0,10.0,11.0,12.0,13.0,14.0,15.0,16.0,17.0,18.0,19.0	53.12436023692059,57.855944596758754,47.15272093629453,57.84822097160146,46.54944701828711,58.48730887375718,49.79343805693647,58.18890970692954,58.82876803796335,58.46950684810198,73.02922028221053,97.35648668959959,134.59704054238105,153.84358295164958,154.2674013727236,151.58295411391808,146.83304521311595,144.69254240956215,149.5296222279794,148.78974975546348	scurve	0.12	909285,,
909286	0.0,1.0,2.0,3.0,4.0,5.0,6.0,7.0,8.0,9.0,10.0,11.0,12.0,13.0,14.0,15.0,16.0,17.0,18.0,19.0	2.717222531783487,5.05694565998553,5.773495944904716,6.972267903411042,7.869748981348923,3.240801633266908,8.674694807187013,2.5611191104081876,6.204595762855748,3.95058657930889,9.48217999943574,6.757081994062956,7.338945710778017,-29.986038419518174,-64.79022862390607,-59.05193449437725,-64.29249907459399,-67.10648240004849,-61.39157092348681,-65.60867361156674	scurve	0.12	909286,,
909287	0.0,1.0,2.0,3.0,4.0,5.0,6.0,7.0,8.0,9.0,10.0,11.0,12.0,13.0,14.0,15.0,16.0,17.0,18.0,19.0	7.364384988918195,6.959206301797713,5.082271459171401,5.6364481744369765,7.596252949944,6.80035081732271,7.1311472693668225,6.280176635367793,4.646682077843795,5.151316522639004,6.078340725046192,4.969392566532894,6.415863350467652,6.636323342672355,15.464851994315248,21.760054157252718,22.297157837448907,24.033044541308765,23.79349428673007,22.514378129103513	scurve	0.12	909287,,
909288	0.0,1.0,2.0,3.0,4.0,5.0,6.0,7.0,8.0,9.0,10.0,11.0,12.0,13.0,14.0,15.0,16.0,17.0,18.0,19.0	70.94798622560319,70.02973527637415,79.17323131733654,78.00793035956517,75.05877187295314,77.68466388501228,78.35995307550117,69.08438369248677,65.71814369464519,75.20773143850947,114.62589277193253,160.84411157983052,164.44051153314862,168.44553440921948,158.62405839162108,162.12995164738425,167.9520269876242,161.74478449769063,166.30395555802295,166.1598852081499	scurve	0.12	909288,,
909289	0.0,1.0,2.0,3.0,4.0,5.0,6.0,7.0,8.0,9.0,10.0,11.0,12.0,13.0,14.0,15.0,16.0,17.0,18.0,19.0	-2.6570685341453166,-2.1014175745750694,-1.5887286992805003,-2.2369060013534647,-2.930147016711392,-4.179506922544132,-2.3820253690133444,-3.7485745278921074,-2.4181900021372615,-2.8216621561504223,-8.465543954832246,-15.763675726675036,-14.785303702708301,-17.03021124780819,-16.777832585593963,-16.41106707950891,-15.249220185014497,-17.262805873557586,-14.523623167412351,-17.011463405584713	scurve	0.12	909289,,
909290	0.0,1.0,2.0,3.0,4.0,5.0,6.0,7.0,8.0,9.0,10.0,11.0,12.0,13.0,14.0,15.0,16.0,17.0,18.0,19.0	-21.827782823651447,-23.520135453199323,-21.344256233412402,-21.99297435481006,-21.085378068322438,-21.641202427474884,-22.237555332062318,-22.980330282875954,-23.496998122114874,-24.617477377090474,-21.800742683244934,-21.65313973634341,-22.93587543606472,-8.669284796705842,3.962511749676473,2.0955189746480727,1.4591138230878222,4.382630307636354,4.35112413079295,2.3728184111751176	scurve	0.12	909290,,
909291	0.0,1.0,2.0,3.0,4.0,5.0,6.0,7.0,8.0,9.0,10.0,11.0,12.0,13.0,14.0,15.0,16.0,17.0,18.0,19.0	-53.5166855472556,-52.07027193081363,-58.085398142597555,-57.353322519526664,-55.14533261563495,-57.798034219944185,-56.66348188781063,-57.180774101848264,-50.84247170647806,-52.777739431000484,-52.64645393966187,-58.3960916460259,-89.77935085586708,-113.81294052339004,-119.83340674037947,-120.32068237635512,-116.78470258305924,-119.2374040488581,-119.89333413381232,-122.27268271082173	scurve	0.12	909291,,
909292	0.0,1.0,2.0,3.0,4.0,5.0,6.0,7.0,8.0,9.0,10.0,11.0,12.0,13.0,14.0,15.0,16.0,17.0,18.0,19.0	22.53074704524625,23.21248573545179,22.584558716019078,22.360235665349876,20.147316978857543,21.697367403410187,22.42262051834362,20.953435047550872,22.83480287527472,23.07995125422855,21.087152233183385,19.98103800076278,21.33384912946887,21.823540241373003,35.99338716693114,51.30001886609075,53.153729572213834,53.31197713827625,52.16111188228781,50.51843790184772	scurve	0.12	909292,,
909293	0.0,1.0,2.0,3.0,4.0,5.0,6.0,7.0,8.0,9.0,10.0,11.0,12.0,13.0,14.0,15.0,16.0,17.0,18.0,19.0	-2.355898339536771,0.4359032545549447,-0.6184628104086817,0.18936796277256582,0.5829817677818627,-2.072286311461296,-1.1198187307263816,0.4403849761066906,0.5429668332123605,-0.3149510880748482,-0.08424034436064406,-2.0583704085101644,-1.0580490818770083,4.117519857911702,4.540836999492483,6.593591951037174,6.817993054334888,4.809127876544402,5.312919354425762,7.558334788322875	scurve	0.12	909293,,
909294	0.0,1.0,2.0,3.0,4.0,5.0,6.0,7.0,8.0,9.0,10.0,11.0,12.0,13.0,14.0,15.0,16.0,17.0,18.0,19.0	25.64189667167276,21.280062162763574,27.271836154302612,22.442856132490256,20.893319325565436,27.33576338770353,25.144978710783295,20.75099567573174,23.868129264490417,21.38409974043468,23.14393922530015,21.331104665912164,22.373630941428964,-1.0166361335883316,-29.821467111191478,-32.79990033564668,-31.267767285679803,-30.196487240207972,-34.92563115161391,-35.530135763377864	scurve	0.12	909294,,
909295	0.0,1.0,2.0,3.0,4.0,5.0,6.0,7.0,8.0,9.0,10.0,11.0,12.0,13.0,14.0,15.0,16.0,17.0,18.0,19.0	2.476678185262977,0.6151958195452802,0.8961907964760123,0.09709034958191996,0.30368084926613576,2.6419214687558537,0.6156898482475355,2.721916277770989,2.2795511518943377,1.2056118664344904,1.772920229550945,-7.887602621065797,-15.15367205534643,-15.400016415897921,-17.508717321974043,-16.06938689481895,-15.07689769493868,-17.29604189830761,-16.102216037465023,-15.432719073093061	scurve	0.12	909295,,
909296	0.0,1.0,2.0,3.0,4.0,5.0,6.0,7.0,8.0,9.0,10.0,11.0,12.0,13.0,14.0,15.0,16.0,17.0,18.0,19.0	-76.09618642369023,-73.18809090720939,-74.02582175302408,-74.73834524265294,-72.31214475649446,-69.79493017873203,-66.99617645827581,-77.074931386336,-65.57752589793975,-73.09835614081041,-68.03054746832058,-67.17511138592442,-113.02095080053857,-159.80423127005753,-167.33416400142096,-169.57889188705116,-162.97044647979962,-165.11362449182297,-164.61055633378572,-161.81667363346673	scurve	0.12	909296,,
909297	0.0,1.0,2.0,3.0,4.0,5.0,6.0,7.0,8.0,9.0,10.0,11.0,12.0,13.0,14.0,15.0,16.0,17.0,18.0,19.0	-4.718754362715838,-3.9477988904081807,-4.754734817805118,-3.7285840936317878,-4.858737064662477,-3.8457972031126206,-2.2652238949147794,-2.6856433602606278,-2.619241827008747,-2.019250646433863,-3.8417128683669,-4.741394919738407,-5.07086366674443,-4.204620827342571,-3.846451908676259,-3.969957513898385,-5.353202116970748,-3.973611579907664,-4.308690783195432,-5.152312378370756	scurve	0.12	909297,,
909298	0.0,1.0,2.0,3.0,4.0,5.0,6.0,7.0,8.0,9.0,10.0,11.0,12.0,13.0,14.0,15.0,16.0,17.0,18.0,19.0	22.84818625399757,14.826859530332888,15.628736374634425,15.961652012505846,25.023756355983327,24.45217051424245,24.32344042915842,19.450600288609635,20.000708008670575,18.562607145817772,24.647307040620884,16.478662749448482,23.363270013945208,11.826464150479106,-25.30205601124088,-60.26432361911536,-63.38422021217664,-62.75848827631319,-68.91226889919575,-69.16351312627245	scurve	0.12	909298,,
909299	0.0,1.0,2.0,3.0,4.0,5.0,6.0,7.0,8.0,9.0,10.0,11.0,12.0,13.0,14.0,15.0,16.0,17.0,18.0,19.0	-7.385875281219207,-6.445221283151891,-8.128412209825301,-8.295511574210078,-7.2720648661137135,-6.023295219480132,-8.379909228346918,-7.937243190409267,-8.112813771969579,-8.423721533655954,-6.392458684758483,-6.077634846408703,-8.166912104809683,-9.81591734367281,-10.165201058667773,-10.465174128853898,-8.112906189063809,-10.121483799988585,-10.727110224828488,-8.81294120835969	scurve	0.12	909299,,
909300	0.0,1.0,2.0,3.0,4.0,5.0,6.0,7.0,8.0,9.0,10.0,11.0,12.0,13.0,14.0,15.0,16.0,17.0,18.0,19.0	-66.80189917188284,-68.53162123127291,-66.91156918632548,-62.83660350043262,-70.00217378061554,-70.86200065399316,-65.2054841410161,-63.45313365739253,-72.24600065413071,-65.26140544990741,-72.0032211057053,-63.529933543288564,-58.50552157983006,-27.130944773607027,5.729423287968402,11.513224244739348,12.176463020426866,10.02533397699797,14.143677577770063,13.323942031649139	scurve	0.12	909300,,
909301	0.0,1.0,2.0,3.0,4.0,5.0,6.0,7.0,8.0,9.0,10.0,11.0,12.0,13.0,14.0,15.0,16.0,17.0,18.0,19.0	-25.407399586623566,-29.799879162546613,-27.147864826722575,-26.619076144753755,-27.02780595408064,-25.227737141382857,-28.827863258672906,-28.484096836982836,-29.132654893820966,-28.49917132148939,-30.427972589282366,-28.625639314690993,-27.02323709003164,-30.039556175053672,-31.450447441010272,-57.495544156756715,-81.01986824029521,-88.5753061897796,-87.97312267823403,-82.84138979684846	scurve	0.12	909301,,
909302	0.0,1.0,2.0,3.0,4.0,5.0,6.0,7.0,8.0,9.0,10.0,11.0,12.0,13.0,14.0,15.0,16.0,17.0,18.0,19.0	8.100860632953506,4.743312658805669,5.471610806982137,6.992030111833707,8.030550517123379,9.359665265022562,3.880401363752407,9.002714047461964,8.943527380333116,5.61221483306125,-14.245318757982051,-38.64340937379442,-36.0429084749869,-37.55665960807577,-39.31775434435703,-36.6416897284377,-34.91795120370156,-39.920204968601986,-37.75322572857303,-36.00419519602507	scurve	0.12	909302,,
909303	0.0,1.0,2.0,3.0,4.0,5.0,6.0,7.0,8.0,9.0,10.0,11.0,12.0,13.0,14.0,15.0,16.0,17.0,18.0,19.0	7.865812070507945,4.590444257941736,11.902582827628208,6.778448055355687,8.864573982298701,13.509888093553371,3.6893936631998994,4.941135726296114,12.37713865974056,5.730635783677096,5.100177108393677,51.70133465470637,90.57197945219546,91.35197754092806,82.82410966319631,89.39376754193971,89.63633523677926,82.84977247116356,89.19605604136865,84.20659521377229	scurve	0.12	909303,,
909304	0.0,1.0,2.0,3.0,4.0,5.0,6.0,7.0,8.0,9.0,10.0,11.0,12.0,13.0,14.0,15.0,16.0,17.0,18.0,19.0	-34.1270139735565,-37.297475953337766,-34.79050483725497,-34.611805007855494,-37.98082541377183,-36.437188917372616,-34.585963904155,-35.74194501269043,-33.83775681812204,-33.38293582962956,-36.09618012640303,-16.432046550787476,4.065602093617336,3.822963056766852,0.7893084205870196,1.0372587089967453,0.6055921113759197,1.7523969039940255,1.0228598943810567,4.174605844461183	scurve	0.12	909304,,
909305	0.0,1.0,2.0,3.0,4.0,5.0,6.0,7.0,8.0,9.0,10.0,11.0,12.0,13.0,14.0,15.0,16.0,17.0,18.0,19.0	5.038169327620623,7.025343438039972,7.253650696760502,6.6378095992857515,6.446349938835483,6.473604710375759,6.623610062016894,7.177358432909316,6.604075182078133,7.449518389450859,7.069191641513941,7.775486101978758,3.931649717686083,3.624421054251232,4.2633574235565685,5.718364767030536,5.647258416465459,5.188131692610801,4.1919631244941105,5.19239613595008	scurve	0.12	909305,,
909306	0.0,1.0,2.0,3.0,4.0,5.0,6.0,7.0,8.0,9.0,10.0,11.0,12.0,13.0,14.0,15.0,16.0,17.0,18.0,19.0	48.4774870475094,50.2801566640531,53.40527434568783,55.04000090441939,53.35649543831595,53.311272227228926,49.60770689455695,54.13464186328745,50.04883015026514,46.278152532100535,56.700410876884675,54.00622828998019,56.607265829983085,50.36882414122439,14.063737894912514,-31.849617201702614,-38.85016621336594,-36.780346043877955,-32.86898950489975,-35.94309356182804	scurve	0.12	909306,,
909307	0.0,1.0,2.0,3.0,4.0,5.0,6.0,7.0,8.0,9.0,10.0,11.0,12.0,13.0,14.0,15.0,16.0,17.0,18.0,19.0	28.275842854205184,25.457091440237896,28.729864062858166,26.8073408093002,26.15647444582748,25.5050338163862,25.83906560901716,19.4203523917368,17.866271966624442,15.276541897219627,9.323557229285637,-3.5390997910347153,-11.16199589745661,-19.93515562720328,-21.713788816249547,-23.23996326764171,-25.8294072328016,-28.448851222903798,-26.1480699338755,-30.910245989025363	scurve	0.12	909307,,
909308	0.0,1.0,2.0,3.0,4.0,5.0,6.0,7.0,8.0,9.0,10.0,11.0,12.0,13.0,14.0,15.0,16.0,17.0,18.0,19.0	-2.067522453690499,2.4215613835490233,-3.019560006243416,4.051842630097497,-2.8806092682447053,-2.5929258938950985,-5.9342102258228175,0.3288931883682968,4.625834969811724,-6.47394355334208,1.2138835187031063,42.033856607229836,79.02403507399674,86.01387194814826,78.7010106149993,79.83270353630603,87.062760040944,77.71658382946576,78.1205574707737,79.3951608178678	scurve	0.12	909308,,
909309	0.0,1.0,2.0,3.0,4.0,5.0,6.0,7.0,8.0,9.0,10.0,11.0,12.0,13.0,14.0,15.0,16.0,17.0,18.0,19.0	-43.82301719946348,-37.17218442648914,-34.06332508171078,-40.296887222747856,-33.73905836693286,-37.16851323313245,-35.7758337240614,-34.52833176859991,-40.434279972346786,-41.09992390414448,-39.16857820081866,-39.765416191617824,0.1284617785261588,37.31812691836477,32.13416142164074,33.33766960745608,36.80518530109454,39.753514720906594,35.664626790223195,30.245091961947686	scurve	0.12	909309,,
909310	0.0,1.0,2.0,3.0,4.0,5.0,6.0,7.0,8.0,9.0,10.0,11.0,12.0,13.0,14.0,15.0,16.0,17.0,18.0,19.0	-22.747271963554603,-18.421340724069925,-24.652761303803178,-24.824088366438342,-21.117690591109298,-25.49256556811926,-17.51781506104905,-25.59923664147064,-22.61273085590096,-19.562389416314904,-18.39759505571077,9.740420709007438,53.62714171009816,52.25906152282473,46.29897432216242,48.43904923899477,55.75343819330797,49.557736876196145,52.79112570025495,50.458872730055745	scurve	0.12	909310,,
909311	0.0,1.0,2.0,3.0,4.0,5.0,6.0,7.0,8.0,9.0,10.0,11.0,12.0,13.0,14.0,15.0,16.0,17.0,18.0,19.0	1.9169776125756433,0.2673531265921847,1.801769030649204,2.2399272607687233,1.34973354437514,2.1008183527454434,0.9147423863119027,0.8062592784506241,0.8442385900200975,0.8398973049487696,2.0942950465614327,0.5133102837493987,1.6763555244018562,2.6459451734719472,-7.17811320178636,-18.338807982523832,-18.300856630423457,-18.622703464905012,-17.203934826687156,-18.790464726675246	scurve	0.12	909311,,
909312	0.0,1.0,2.0,3.0,4.0,5.0,6.0,7.0,8.0,9.0,10.0,11.0,12.0,13.0,14.0,15.0,16.0,17.0,18.0,19.0	-17.285180551067153,-15.64403001037671,-18.29541769276236,-21.9931834158994,-25.162847333659826,-19.326712976412658,-22.808500560388943,-13.790489951193479,-25.43333749945564,-22.549706273760727,-24.327190572720276,-21.126290530844255,-20.091020389299132,-64.39933009155999,-116.15628304337325,-117.2641948777283,-108.73764453584643,-110.11585541794972,-112.9340520949266,-113.12819640706059	scurve	0.12	909312,,
909313	0.0,1.0,2.0,3.0,4.0,5.0,6.0,7.0,8.0,9.0,10.0,11.0,12.0,13.0,14.0,15.0,16.0,17.0,18.0,19.0	53.4801021420903,59.80326483429178,58.87637680228078,57.31227452940763,56.532605775856666,62.34414602459733,56.55187200788181,60.79013824988179,62.964763112070806,61.87313974506696,57.26995514783348,56.85176184036248,62.688502028063574,66.44125656078488,98.98763715720379,131.66268698964348,134.02998382235245,133.59544234844972,142.6746415137216,136.66526043081848	scurve	0.12	909313,,
909314	0.0,1.0,2.0,3.0,4.0,5.0,6.0,7.0,8.0,9.0,10.0,11.0,12.0,13.0,14.0,15.0,16.0,17.0,18.0,19.0	-3.85884425585658,-3.35861331277864,-4.238701276913517,-4.731473989361949,-2.5680175208990903,-4.261216736364498,-1.9469790492302794,-3.720069842328108,-2.9278237890502536,-3.8966484395235663,-4.1094511828598925,-3.031262613711172,-4.552346779921371,-1.9235557698097066,-1.019243672920874,1.793194289497455,1.2483718058890405,1.7704018847371152,2.0453682660648367,1.0015194267594425	scurve	0.12	909314,,
909315	0.0,1.0,2.0,3.0,4.0,5.0,6.0,7.0,8.0,9.0,10.0,11.0,12.0,13.0,14.0,15.0,16.0,17.0,18.0,19.0	-57.01165787817128,-52.356050212817955,-57.32499321690146,-52.63970437138624,-50.73695340482087,-51.71227194043927,-57.08808842347837,-53.59426560950674,-56.327464040544015,-52.88116406583435,-60.33014050826705,-69.06647037845993,-82.6022048503649,-99.9241363209063,-110.17938805591982,-111.31515803221592,-109.59329202726954,-110.16542129844922,-107.21418164772624,-110.5423496695078	scurve	0.12	909315,,
909316	0.0,1.0,2.0,3.0,4.0,5.0,6.0,7.0,8.0,9.0,10.0,11.0,12.0,13.0,14.0,15.0,16.0,17.0,18.0,19.0	-28.615091678380857,-28.532202035831546,-31.537308963338358,-32.77082594831668,-31.07527384330136,-30.442529221150576,-33.389352509082705,-30.27650386392424,-33.32950253612448,-32.50552535436529,-50.71624544586192,-74.13372002480178,-73.64817576902598,-74.68854162509311,-75.78971715695187,-71.28366189212782,-75.12252640244635,-74.15060751903927,-74.07450007053566,-73.73917165215005	scurve	0.12	909316,,
909317	0.0,1.0,2.0,3.0,4.0,5.0,6.0,7.0,8.0,9.0,10.0,11.0,12.0,13.0,14.0,15.0,16.0,17.0,18.0,19.0	54.258116843877836,63.08025586791111,54.31689318469582,62.7112702652975,59.76147907138637,56.22797188984533,60.88910716374572,60.70237642603386,58.223162540608946,57.13674705467375,95.73702006771353,125.0558647984675,128.1802404912136,120.364565991716,124.2277231965745,122.33086387326497,129.16623888142095,123.24976252205941,120.56670165517257,124.27246478633731	scurve	0.12	909317,,
909318	0.0,1.0,2.0,3.0,4.0,5.0,6.0,7.0,8.0,9.0,10.0,11.0,12.0,13.0,14.0,15.0,16.0,17.0,18.0,19.0	-1.2698480785884156,-1.5684322383181313,-0.09257416857803254,0.3255500631685336,-2.459172654974777,-0.6747240095387452,-1.3845178158803668,-0.02752246853531217,-0.7289138183485918,-0.6085721897594494,-1.6829134324962518,-1.8304017441618685,-2.5102031959775326,-2.477345891530523,-1.9326806634307447,5.430725482569817,12.976749602459961,12.989722060744121,12.064217820038907,10.99849326740716	scurve	0.12	909318,,
909319	0.0,1.0,2.0,3.0,4.0,5.0,6.0,7.0,8.0,9.0,10.0,11.0,12.0,13.0,14.0,15.0,16.0,17.0,18.0,19.0	-2.0205371748767265,-1.9563992579846146,-0.38445824223476494,-1.6857911646327661,-0.6250278458325793,-0.1221625968210304,-0.07392903558738163,-1.9940287380158876,-1.6039211399048914,-0.6442571832372388,-0.3455488207330931,-0.38707131765579056,-3.3734930155054395,-10.128511071144354,-13.860308240261592,-17.63257094775659,-15.805905064599035,-17.865020049200908,-16.292607441734962,-16.22241461498629	scurve	0.12	909319,,
909320	0.0,1.0,2.0,3.0,4.0,5.0,6.0,7.0,8.0,9.0,10.0,11.0,12.0,13.0,14.0,15.0,16.0,17.0,18.0,19.0	57.08132124417154,53.10649262372931,57.513390722788984,51.936517782103465,56.5392539661362,51.50894068270904,50.364377042066614,53.89215369182211,53.696957049668065,50.859455288082636,56.26719719896424,53.052042984602416,53.43445210355378,19.48082809988098,-7.6324844446919755,-5.5792816312821,-5.888012828994299,-9.417151121352447,-5.824819689121412,-3.572423210498819	scurve	0.12	909320,,
909321	0.0,1.0,2.0,3.0,4.0,5.0,6.0,7.0,8.0,9.0,10.0,11.0,12.0,13.0,14.0,15.0,16.0,17.0,18.0,19.0	8.18268351910161,7.747720499028991,10.46482755105192,8.980472482770212,10.284316317000172,12.528142814815416,6.350644411903482,6.704696485369067,7.3981315160044145,4.156748427904199,9.823109811167086,5.179498716113829,4.289659877943851,6.3537533568367115,-30.89055390822444,-57.579249016209175,-62.2559823741758,-58.90502139321015,-67.85917242241047,-65.8260116640212	scurve	0.12	909321,,
909322	0.0,1.0,2.0,3.0,4.0,5.0,6.0,7.0,8.0,9.0,10.0,11.0,12.0,13.0,14.0,15.0,16.0,17.0,18.0,19.0	32.731719351226175,34.559865203906654,31.839241126408773,35.88536132504261,31.503173054549563,33.12315787558479,33.70471525572842,36.34990438625308,32.06217861289211,35.63946026714898,31.35943606773236,33.9523014660839,30.79194578944155,11.843243311495279,-9.47102780300036,-9.899867652896916,-12.218698436574847,-12.062027089452606,-13.170150946811582,-13.789894919739162	scurve	0.12	909322,,
909323	0.0,1.0,2.0,3.0,4.0,5.0,6.0,7.0,8.0,9.0,10.0,11.0,12.0,13.0,14.0,15.0,16.0,17.0,18.0,19.0	-1.041580372135386,-2.845864351720801,-1.2870399978242897,-2.8425416966077113,-1.8187437787569178,-0.9125507653297156,-2.385877844825139,-1.445763746321413,-3.644379311509521,-1.2424160147288015,-2.6430132917751874,-1.3208353708623761,-0.961046817311985,-0.7091903751508883,-1.2411080803049201,-1.6999233809063445,-1.351839713281655,-1.3747665660276709,-1.5620901382778767,-1.558163481551714	scurve	0.12	909323,,
909324	0.0,1.0,2.0,3.0,4.0,5.0,6.0,7.0,8.0,9.0,10.0,11.0,12.0,13.0,14.0,15.0,16.0,17.0,18.0,19.0	-19.04061610577979,-21.266595830630923,-19.312873890726387,-22.307110843957453,-25.033027298940254,-22.74869368284348,-19.822669949210695,-24.192073204231285,-19.465143071619423,-20.65514038064162,-20.214701239866162,-18.758260961002193,4.214913130576516,33.42361841538779,28.48207313066212,33.37536699421815,30.512850087836142,28.658623704782315,28.70475011229417,27.79011222763124	scurve	0.12	909324,,
909325	0.0,1.0,2.0,3.0,4.0,5.0,6.0,7.0,8.0,9.0,10.0,11.0,12.0,13.0,14.0,15.0,16.0,17.0,18.0,19.0	22.113264505933063,25.246440388669683,25.350161618718076,23.119887390852096,24.03929608929138,23.60870029211924,23.925779256961366,20.130385517431442,22.753398780204083,19.998590205052874,20.727592008253026,23.82586820955627,2.7877956741279597,-15.582626715748372,-15.178776943147863,-18.054300988011132,-17.26889455473546,-16.199304117409074,-18.419178180943014,-19.44063173658835	scurve	0.12	909325,,
909326	0.0,1.0,2.0,3.0,4.0,5.0,6.0,7.0,8.0,9.0,10.0,11.0,12.0,13.0,14.0,15.0,16.0,17.0,18.0,19.0	-30.345983963199124,-32.30020710231563,-35.62732373336863,-32.70301184100296,-33.828223594687515,-34.043764949394756,-29.79310110509431,-32.754784930107526,-35.018499835159496,-33.146163505369714,-30.046819922137384,-28.865958980017783,-30.39251306670863,-35.506454561521224,-33.31628211712283,-60.69774551878242,-87.55941233149517,-90.24761763530311,-90.20103927053745,-87.75826182632983	scurve	0.12	909326,,
909327	0.0,1.0,2.0,3.0,4.0,5.0,6.0,7.0,8.0,9.0,10.0,11.0,12.0,13.0,14.0,15.0,16.0,17.0,18.0,19.0	9.774591133454651,9.031649956388652,9.68272607124553,9.071158295456904,8.374569136117097,10.334448251794011,8.958346063789588,10.685095299282725,9.639891853254968,8.300582732033918,2.4539419882505378,-4.194501164601,-2.4627599433070184,-4.062765345692293,-3.468370618729315,-2.833135757767005,-4.669965505348092,-4.1578253691835165,-4.188921660036568,-2.55476579191712	scurve	0.12	909327,,
909328	0.0,1.0,2.0,3.0,4.0,5.0,6.0,7.0,8.0,9.0,10.0,11.0,12.0,13.0,14.0,15.0,16.0,17.0,18.0,19.0	-23.38219289745623,-29.01704841442771,-28.637905199173993,-22.378013725561402,-27.01293822026059,-24.441216314149838,-29.41166470341359,-25.393669807311834,-21.955288159591063,-23.228740808851747,-25.14562848478786,-28.31598251941856,-29.036418781882848,-24.825758528586867,7.999523032582623,32.267983810192405,33.64368086652833,32.87061097539983,39.834334650254576,38.12269450114641	scurve	0.12	909328,,
909329	0.0,1.0,2.0,3.0,4.0,5.0,6.0,7.0,8.0,9.0,10.0,11.0,12.0,13.0,14.0,15.0,16.0,17.0,18.0,19.0	56.14595092159506,54.14543027372937,57.96136865445357,54.46716650022604,52.53035473094767,57.993433104237326,54.445063708773496,53.01243028568887,56.03984086229749,55.673273844300155,52.49876654510723,56.462415310460436,52.22547111540684,55.691048675006584,79.28789463170061,108.08341837366069,108.9957494210411,106.14396895860123,106.55548611058771,110.06913398070688	scurve	0.12	909329,,
909330	0.0,1.0,2.0,3.0,4.0,5.0,6.0,7.0,8.0,9.0,10.0,11.0,12.0,13.0,14.0,15.0,16.0,17.0,18.0,19.0	8.442259651544736,9.68221105627933,7.388369958329937,11.485993779413647,8.364009075237064,11.113199027609667,10.050265268887774,7.032258401570993,11.37567254262972,7.0125177268839,9.29023889115699,11.093696766793423,9.862068890967157,11.832202417741819,29.044471549720647,42.92265010710054,41.90775294177285,42.11937366707486,43.59466305896581,43.055246353752686	scurve	0.12	909330,,
909331	0.0,1.0,2.0,3.0,4.0,5.0,6.0,7.0,8.0,9.0,10.0,11.0,12.0,13.0,14.0,15.0,16.0,17.0,18.0,19.0	-11.392248787035685,-10.156727077041854,-13.163009064446266,-12.528190904226404,-10.005800058806813,-15.844095656938581,-12.57280489890969,-13.790220425020099,-18.649377148925165,-10.093495984707069,-17.86634358237823,-18.303112298637274,-16.45939110192566,-42.39335410762115,-81.96176389057791,-82.4389076432831,-74.25436164822138,-81.75602600264106,-82.14042626179852,-79.59141576387611	scurve	0.12	909331,,
909332	0.0,1.0,2.0,3.0,4.0,5.0,6.0,7.0,8.0,9.0,10.0,11.0,12.0,13.0,14.0,15.0,16.0,17.0,18.0,19.0	18.871610244548233,16.2184251861262,20.49822859438688,17.297889412949687,19.81351241980369,19.421007293808376,18.687068936127975,16.901113951333524,14.941093470903793,15.739611451783196,16.399001931272856,14.327289531822627,15.402929922700682,-6.6984932262548895,-24.128051798707887,-26.177764177254073,-28.908520519957598,-25.762073763266784,-26.463988579331804,-30.263489459010813	scurve	0.12	909332,,
909333	0.0,1.0,2.0,3.0,4.0,5.0,6.0,7.0,8.0,9.0,10.0,11.0,12.0,13.0,14.0,15.0,16.0,17.0,18.0,19.0	9.213375440707289,9.760152984637017,4.83461208047739,9.71164985014721,8.032740265048519,5.052840904371748,4.974580086549071,8.082346073065477,5.983413475361841,6.060707878937632,6.206155249180149,8.897049819372507,8.9562515226545,11.124975212996532,30.073282444252794,51.6164821757049,52.349764718322334,49.54431172026568,53.25981645216093,50.49439563561913	scurve	0.12	909333,,
909334	0.0,1.0,2.0,3.0,4.0,5.0,6.0,7.0,8.0,9.0,10.0,11.0,12.0,13.0,14.0,15.0,16.0,17.0,18.0,19.0	4.3977482100380305,4.639278875881661,5.147177995483172,6.666632677873848,5.582276887371839,6.156783549936968,4.650326864290631,4.48079608337936,5.876744973081102,4.1309675744731305,4.9167345486221,6.313942281773655,4.714603558825249,4.464312175178037,4.37150695636555,4.642817180552645,0.050559649820014485,0.6189651830034935,2.1167938543387086,1.3970694447225283	scurve	0.12	909334,,
909335	0.0,1.0,2.0,3.0,4.0,5.0,6.0,7.0,8.0,9.0,10.0,11.0,12.0,13.0,14.0,15.0,16.0,17.0,18.0,19.0	8.29659177260024,9.653517373725608,8.311933581677136,9.813400655483957,7.056289955850404,6.927595029353344,10.239960184183762,9.246637308534767,6.825476104508329,14.093051659394428,8.364586665043399,7.907043586409896,11.859868315981869,12.963406279155585,22.714644106554196,49.07890177930659,68.29522575446677,77.16956182898886,85.04518327391017,83.33849287890774	scurve	0.12	909335,,
909336	0.0,1.0,2.0,3.0,4.0,5.0,6.0,7.0,8.0,9.0,10.0,11.0,12.0,13.0,14.0,15.0,16.0,17.0,18.0,19.0	21.430661475171714,20.65100437221963,19.073268842930897,18.955870622123506,18.824888096706278,20.324223723480163,20.45794665871787,17.26092362169486,16.250630119372193,13.399981695264302,8.03681176092367,5.277532068326927,1.4535654458853635,-0.05246579455867462,-3.3687706272522924,-3.320749338541944,-2.513227645214833,-2.720923210970973,-2.8354923007404835,-1.8886561417483492	scurve	0.12	909336,,
909337	0.0,1.0,2.0,3.0,4.0,5.0,6.0,7.0,8.0,9.0,10.0,11.0,12.0,13.0,14.0,15.0,16.0,17.0,18.0,19.0	-5.822229281262163,-7.532968084767444,-6.6785930908366105,-6.155539782667408,-5.182876255420172,-6.857036252217122,-7.03376690461844,-7.853669122238858,-5.444807537600859,-6.1163155244619025,-5.662385484459406,-7.215390958651202,-7.114827659127176,-5.158750190144931,1.0570149140417744,8.717437094082584,7.1659852427269835,9.794655394574658,7.617302166182061,8.665977913132942	scurve	0.12	909337,,
909338	0.0,1.0,2.0,3.0,4.0,5.0,6.0,7.0,8.0,9.0,10.0,11.0,12.0,13.0,14.0,15.0,16.0,17.0,18.0,19.0	-1.9074251041229449,-4.716540659426732,-2.4143722094056033,-2.6364647594925814,-1.9382486464239204,-3.1225757799320935,-2.749810706561972,-4.297887933258753,-2.03839257991191,-1.8067822921517784,4.97312163474813,13.551016750808856,16.0354826272644,15.395753711594296,16.10851157799325,15.343054151787484,15.03250453966961,16.64945550018684,15.384458814907049,15.221509118862429	scurve	0.12	909338,,
909339	0.0,1.0,2.0,3.0,4.0,5.0,6.0,7.0,8.0,9.0,10.0,11.0,12.0,13.0,14.0,15.0,16.0,17.0,18.0,19.0	4.16376075466055,1.9290779789386847,1.5488032460352452,0.7886799075993924,2.8478167370540093,3.166397413538199,1.3791015056194356,1.44901016643633,3.411348456579447,0.37725100338340045,-13.971428254757992,-32.577749899134794,-33.1707677488786,-33.10593600047792,-34.65376536815357,-36.06102894231582,-33.21424042290195,-33.9191183424416,-35.89117581403187,-31.804544461447342	scurve	0.12	909339,,
909340	0.0,1.0,2.0,3.0,4.0,5.0,6.0,7.0,8.0,9.0,10.0,11.0,12.0,13.0,14.0,15.0,16.0,17.0,18.0,19.0	-7.256085393722137,-14.336148480634629,-15.438111819443092,-13.696913666947538,-8.289380666184146,-12.17473924358303,-6.065855282494534,-7.110931492979053,-10.084564022290987,-10.439888538979996,-50.990965370045885,-87.04886371164181,-84.64533757277661,-85.5767777512523,-87.50728153336891,-86.73456896057102,-90.0678179007737,-90.8673851751618,-88.50251358335183,-83.87676200578825	scurve	0.12	909340,,
909341	0.0,1.0,2.0,3.0,4.0,5.0,6.0,7.0,8.0,9.0,10.0,11.0,12.0,13.0,14.0,15.0,16.0,17.0,18.0,19.0	12.955176038453757,16.466892385875607,13.662094636312194,15.674043395376826,16.529751416140126,16.205320332132995,13.281274535181602,14.630421813478936,14.236512875481493,13.896926698347421,16.169450339370066,15.2609637107591,14.570841287809584,15.132017386007814,0.5731431406992016,-14.071157642441182,-14.514177921454898,-16.329124688910593,-16.816464248805186,-17.13195378328071	scurve	0.12	909341,,
909342	0.0,1.0,2.0,3.0,4.0,5.0,6.0,7.0,8.0,9.0,10.0,11.0,12.0,13.0,14.0,15.0,16.0,17.0,18.0,19.0	-5.922660702593804,-5.1644131182188024,-3.7066939774409273,-9.04787813838074,-3.192485574063388,0.1684159280170686,-4.000302616444478,-4.110805296683531,0.012245080906967446,-5.94102514908464,-7.528512479401546,-4.563389136105693,-5.00213755894671,29.760424264567387,67.05601598445043,73.07672568682668,75.19006915495795,70.4461646775468,74.89110010574518,72.86509973171958	scurve	0.12	909342,,
909343	0.0,1.0,2.0,3.0,4.0,5.0,6.0,7.0,8.0,9.0,10.0,11.0,12.0,13.0,14.0,15.0,16.0,17.0,18.0,19.0	-16.97994283688589,-17.212174991044336,-17.76753539280931,-16.947676528826467,-15.753072014072993,-17.518457968326384,-16.52864433522075,-16.844128425608186,-15.986063947253681,-17.403037644185144,-18.60334520393498,-15.870723933248359,-16.175674409410924,-16.778445725560278,-15.84738831326314,-4.958469505427908,3.2639164266872456,6.094046292303103,4.374122038352077,4.0759828007801	scurve	0.12	909343,,
909344	0.0,1.0,2.0,3.0,4.0,5.0,6.0,7.0,8.0,9.0,10.0,11.0,12.0,13.0,14.0,15.0,16.0,17.0,18.0,19.0	-63.18986806081723,-59.98899456855064,-58.88018756786807,-60.95110168734,-52.750839745603855,-56.94456232311456,-53.488493805830856,-55.68083690011922,-60.02477413885129,-64.8206406423648,-58.69807141471753,-8.597568731004095,27.51736705687418,31.810367362428202,30.36031216304839,23.039342687753916,28.044756089270273,22.87855801062105,28.228916906795774,34.74708602176034	scurve	0.12	909344,,
909345	0.0,1.0,2.0,3.0,4.0,5.0,6.0,7.0,8.0,9.0,10.0,11.0,12.0,13.0,14.0,15.0,16.0,17.0,18.0,19.0	34.78777840697119,36.85108246852267,33.50386466378524,36.42084588425288,31.935962402905478,36.659155001785535,35.73663462571844,31.827899144215355,35.860556654552205,34.29115859458413,35.69691291956659,54.77097604070181,72.6041765195865,70.80069265263697,72.91964005935529,74.80729099600799,73.40040474077554,73.42795505433753,74.25286991532033,75.92510416878048	scurve	0.12	909345,,
909346	0.0,1.0,2.0,3.0,4.0,5.0,6.0,7.0,8.0,9.0,10.0,11.0,12.0,13.0,14.0,15.0,16.0,17.0,18.0,19.0	-57.32813951557464,-64.10622043251183,-62.420631316838254,-52.81718250885679,-60.31882452582442,-61.22380369668547,-55.891673507606214,-61.60907622017582,-53.85406279240303,-57.29164667527343,-13.84540725357008,18.757552332672695,17.53311119177195,18.056021059007847,21.02088397543772,18.550581401136633,20.036329075660433,26.931385145413103,27.535458988510847,23.500041578970624	scurve	0.12	909346,,
909347	0.0,1.0,2.0,3.0,4.0,5.0,6.0,7.0,8.0,9.0,10.0,11.0,12.0,13.0,14.0,15.0,16.0,17.0,18.0,19.0	-3.36063088322928,-3.48221639254834,-6.086251054222878,-3.5299630881593833,-1.869574264680666,-6.397077014463542,-3.557302096477787,-5.498085785177181,-4.08623804340875,-2.219397733635845,-7.034990969809927,-5.003805724588574,-3.028786325543586,-0.7329302440453015,21.328875864398814,37.272724034478514,38.41029703846632,37.911968431405484,38.367495187022385,42.899482891101286	scurve	0.12	909347,,
909348	0.0,1.0,2.0,3.0,4.0,5.0,6.0,7.0,8.0,9.0,10.0,11.0,12.0,13.0,14.0,15.0,16.0,17.0,18.0,19.0	52.899053300007125,53.525989257277374,53.24206275072988,49.035049068883396,54.239954021915125,53.46410334296128,52.30379583677816,47.33304924938287,53.462503464083035,51.2071241934436,55.014864357418794,50.012296802842954,49.200094906205486,50.54089479050559,80.99096518611137,107.78569113292515,113.96540343466376,114.3264657203469,114.93970352114465,112.91159381622987	scurve	0.12	909348,,
909349	0.0,1.0,2.0,3.0,4.0,5.0,6.0,7.0,8.0,9.0,10.0,11.0,12.0,13.0,14.0,15.0,16.0,17.0,18.0,19.0	-3.362010173023994,-4.416799995090425,-10.390755071535201,-5.679736436004525,-9.40608686698936,-10.031910435532893,-3.5928376640631186,-4.248543032658969,-6.995179473921829,-4.716623694345884,-31.6423074367301,-65.24621163387849,-63.20236110490096,-66.74382567354911,-61.65673469365822,-65.24736097657107,-65.22205216781504,-60.99224208802934,-62.30130005617621,-59.95994586434794	scurve	0.12	909349,,
909350	0.0,1.0,2.0,3.0,4.0,5.0,6.0,7.0,8.0,9.0,10.0,11.0,12.0,13.0,14.0,15.0,16.0,17.0,18.0,19.0	7.642593263676135,7.498811539997571,7.528551843316662,7.019265554771403,7.886243101710858,8.684175326340242,8.163799687780795,7.239457013390209,8.47163621527021,6.8967154309286425,8.74308767407644,2.328842138682032,-1.3070117168026734,-0.5820067435439782,1.0706143408976718,-1.1258292111007204,-0.9516845279578394,-1.2200036218832784,0.9261648829462743,-1.4814231771811572	scurve	0.12	909350,,
909351	0.0,1.0,2.0,3.0,4.0,5.0,6.0,7.0,8.0,9.0,10.0,11.0,12.0,13.0,14.0,15.0,16.0,17.0,18.0,19.0	49.38239560014618,50.29107934633242,52.6870780386022,50.35511669184354,44.988993434895036,53.331996273450024,47.31253770170083,47.940552167565336,51.348806786123546,49.0427344738572,47.59163696694759,46.50829726746981,93.36660715878972,132.89442806620525,126.7019296179842,125.64311567497995,127.2566070835912,131.8122535944862,135.21376364489186,135.4531560742807	scurve	0.12	909351,,
909352	0.0,1.0,2.0,3.0,4.0,5.0,6.0,7.0,8.0,9.0,10.0,11.0,12.0,13.0,14.0,15.0,16.0,17.0,18.0,19.0	-41.63821024473823,-34.99011180073718,-41.38618949544985,-38.81564041265196,-38.57339739017208,-36.76631888138685,-41.620234919670736,-39.994916724493045,-41.010240420274194,-35.97165780268594,-42.48339204874637,-62.92883815532316,-86.53253331269613,-87.00431130908387,-85.44550791688033,-86.78628041316797,-82.24746933947864,-85.8337005234207,-80.99257111470591,-83.68322609621235	scurve	0.12	909352,,
909353	0.0,1.0,2.0,3.0,4.0,5.0,6.0,7.0,8.0,9.0,10.0,11.0,12.0,13.0,14.0,15.0,16.0,17.0,18.0,19.0	-35.86149361533904,-33.32351473469683,-35.568151831901254,-41.61171929475603,-34.54162843909533,-41.10783708050877,-37.27906235659911,-37.90946144670189,-33.771267788462254,-35.37946715002175,-35.62827564822925,-35.275553819065784,-40.00755322617713,-39.45377153218317,-34.891883035140054,-75.42989687196439,-109.79833679081969,-106.35445814043717,-108.996414313547,-111.66845600735228	scurve	0.12	909353,,
909354	0.0,1.0,2.0,3.0,4.0,5.0,6.0,7.0,8.0,9.0,10.0,11.0,12.0,13.0,14.0,15.0,16.0,17.0,18.0,19.0	47.43986214999293,43.23936031291828,48.24553672522517,43.95577679470773,44.26835183081028,43.65162714782187,43.439355133247375,42.17610892000306,48.408695475316165,48.645764591610124,47.64524928781722,40.22035400859458,19.870856300952262,-3.7294225614816057,-10.68190114003631,-8.218598291875374,-10.89024253148726,-11.772426215583806,-8.047761178671358,-10.966676895898786	scurve	0.12	909354,,
909355	0.0,1.0,2.0,3.0,4.0,5.0,6.0,7.0,8.0,9.0,10.0,11.0,12.0,13.0,14.0,15.0,16.0,17.0,18.0,19.0	3.918231094499503,4.744933342988012,6.125528675444473,2.467996402450325,10.286288777987682,2.716740323773935,1.3328879820037016,4.226996747936837,1.3012759657668358,5.107093781178475,6.297812942075402,7.354407200827498,-33.11501407364573,-57.96625953473351,-58.44565262839814,-62.68813132126089,-65.12869424991833,-60.33826900128609,-60.15215036268839,-62.05010439250745	scurve	0.12	909355,,
909356	0.0,1.0,2.0,3.0,4.0,5.0,6.0,7.0,8.0,9.0,10.0,11.0,12.0,13.0,14.0,15.0,16.0,17.0,18.0,19.0	-4.284607152078625,-6.02051937200307,-6.532827926077166,-6.095809773594095,-5.297396805081848,-5.1939375056572015,-4.782511870859577,-7.019644388602402,-6.355655579609778,-5.06457998785329,-6.9289185016738415,-7.460865635888027,-5.171617624382274,-6.559739155851435,-5.939791469674578,16.403033491241015,35.64832794220017,36.43372753178636,36.47970863716522,37.614626492189075	scurve	0.12	909356,,
909357	0.0,1.0,2.0,3.0,4.0,5.0,6.0,7.0,8.0,9.0,10.0,11.0,12.0,13.0,14.0,15.0,16.0,17.0,18.0,19.0	6.454390133395531,5.714236051107489,7.427955768690885,6.9285685360790605,5.380493519478662,4.683456380617253,5.329674067954885,7.301737262706333,7.161672556614069,6.815516733554162,4.21442773510591,-2.0452323290702363,-5.95092094906148,-8.477731029631922,-8.819964200104003,-7.748418448972058,-8.339186850596125,-7.086150976155739,-7.999000119862613,-6.473943051925215	scurve	0.12	909357,,
909358	0.0,1.0,2.0,3.0,4.0,5.0,6.0,7.0,8.0,9.0,10.0,11.0,12.0,13.0,14.0,15.0,16.0,17.0,18.0,19.0	-35.66649883216609,-32.91866464238235,-38.43180117077987,-37.033333095411635,-33.99982612787126,-37.75057391361995,-32.96747296806862,-33.74601835187186,-33.71859306555023,-36.66654466057583,-44.11657072231096,-63.719938769667024,-86.77991790562442,-94.34782563771363,-90.20151968692304,-91.97806709917472,-93.84861048653048,-94.90011532282197,-96.21289744771613,-93.4224019499743	scurve	0.12	909358,,
909359	0.0,1.0,2.0,3.0,4.0,5.0,6.0,7.0,8.0,9.0,10.0,11.0,12.0,13.0,14.0,15.0,16.0,17.0,18.0,19.0	28.09190836285657,25.049654425180137,19.55716633408442,18.786147938211485,20.03336867520383,19.296165372453448,27.99674102889328,23.11049162490361,19.891859125594074,26.703197082753114,-11.634380554556383,-39.733005505217,-42.83333595821452,-43.5088766680298,-36.397324306653196,-37.64102357085799,-41.532973659213745,-41.76519279064816,-43.82583416484802,-39.29046057149925	scurve	0.12	909359,,
909360	0.0,1.0,2.0,3.0,4.0,5.0,6.0,7.0,8.0,9.0,10.0,11.0,12.0,13.0,14.0,15.0,16.0,17.0,18.0,19.0	19.902799738197988,17.76343428707032,19.68769638747584,19.415778974745052,20.00530012259368,19.18215954741233,21.352269917800317,19.191945604471766,21.523017367741907,20.746755279359782,20.624448661976054,19.912170029982665,21.93511544309556,32.7533640645994,49.428395929464926,49.31809744275628,48.82364034752626,50.11499377629015,51.14199752944833,47.58894408380445	scurve	0.12	909360,,
909361	0.0,1.0,2.0,3.0,4.0,5.0,6.0,7.0,8.0,9.0,10.0,11.0,12.0,13.0,14.0,15.0,16.0,17.0,18.0,19.0	0.8680059857276086,3.9886351727902,4.284373806442451,3.207026951165496,3.010318050410002,4.3663981900738715,3.749936013557026,4.155158581317716,1.3691289690210697,2.3572847182512975,0.7818190479939857,-13.185827810347515,-26.09459628768224,-28.22012782881137,-27.612387607891144,-26.466065303846985,-27.639172198159848,-24.475828801877938,-26.941608660925514,-26.11047523439644	scurve	0.12	909361,,
909362	0.0,1.0,2.0,3.0,4.0,5.0,6.0,7.0,8.0,9.0,10.0,11.0,12.0,13.0,14.0,15.0,16.0,17.0,18.0,19.0	28.233571957479235,27.053468811498323,26.27335641395401,24.743790627490892,16.884298035585996,27.31101890252689,16.80358592822494,26.918512503092614,17.595321120644456,18.71671843125595,17.16862837983744,18.670704489860658,15.383931462429016,-22.179092552868212,-65.01258818781702,-73.33804038476828,-75.16368754965006,-65.8348726727682,-75.01690345791172,-75.87671770407238	scurve	0.12	909362,,
909363	0.0,1.0,2.0,3.0,4.0,5.0,6.0,7.0,8.0,9.0,10.0,11.0,12.0,13.0,14.0,15.0,16.0,17.0,18.0,19.0	33.2362591819311,30.31085678486208,28.902601733004865,31.155844799174094,29.108958782163228,30.386356951755147,29.594401901463556,31.00395251740305,29.08643425317281,29.152343857191767,11.5578177740184,-3.7072599420678074,-5.976999703868959,-4.034568290520813,-5.004880080098484,-2.4210845608462535,-3.929453013627871,-4.699375046270859,-7.530046171825884,-3.964833319040018	scurve	0.12	909363,,
909364	0.0,1.0,2.0,3.0,4.0,5.0,6.0,7.0,8.0,9.0,10.0,11.0,12.0,13.0,14.0,15.0,16.0,17.0,18.0,19.0	9.255519567714183,7.420241966654179,6.579575958260123,7.568550740472709,7.338005577880605,8.307197094459125,9.104963426719479,6.826194528297346,6.7907932944261695,9.026500687793144,7.566911201396884,7.831100420317359,6.662920391270241,7.978683783338201,6.207398072152815,-0.5815961034238155,-8.854427276723872,-7.694882596947087,-7.777148383133854,-9.227145606750408	scurve	0.12	909364,,
909365	0.0,1.0,2.0,3.0,4.0,5.0,6.0,7.0,8.0,9.0,10.0,11.0,12.0,13.0,14.0,15.0,16.0,17.0,18.0,19.0	-42.038817033307524,-44.29019685638238,-33.3995995878922,-40.934730867993544,-42.79085531369839,-31.723709219050374,-37.71085167347748,-38.07436831673879,-37.926439169746885,-34.73168127062164,-37.820881992676284,-32.41357173931598,-91.5138204705176,-134.85187221548568,-134.717870517952,-134.86501913775743,-132.59343380613353,-128.25095426140098,-136.59768485517546,-137.2329667439241	scurve	0.12	909365,,
909366	0.0,1.0,2.0,3.0,4.0,5.0,6.0,7.0,8.0,9.0,10.0,11.0,12.0,13.0,14.0,15.0,16.0,17.0,18.0,19.0	69.43757006701452,61.87840771758782,65.98156026700998,66.1351281979499,71.24694693706833,68.62953771445211,59.52966745357149,60.142951975372746,68.99491166069075,66.7664761221984,24.165319081525283,-25.046518313270163,-17.276456189890766,-23.887273085245376,-15.538479932586512,-17.76688905210058,-26.272424512766698,-25.611975167659246,-22.69648574190417,-23.85050383320108	scurve	0.12	909366,,
909367	0.0,1.0,2.0,3.0,4.0,5.0,6.0,7.0,8.0,9.0,10.0,11.0,12.0,13.0,14.0,15.0,16.0,17.0,18.0,19.0	3.7872705846876302,4.613010308221055,4.551546698054027,4.469398062448319,4.875716775356122,4.371204470504031,5.20922336998412,5.209714237039702,6.232856986013145,4.415131557602951,5.631041931796154,6.29925322442675,5.340312182851559,3.249508778129508,-1.2431419297894628,-0.43703761062432633,-0.9358568921569121,-1.4986299201689475,-2.6115905187410213,0.3586980467033687	scurve	0.12	909367,,
909368	0.0,1.0,2.0,3.0,4.0,5.0,6.0,7.0,8.0,9.0,10.0,11.0,12.0,13.0,14.0,15.0,16.0,17.0,18.0,19.0	40.89344064785549,43.60455763598735,39.549322308070415,47.01594020979055,39.64061501965199,43.31491571417757,43.20066516844449,47.500421957818205,40.41984464987853,47.339292873545766,43.369041909727706,74.4872868610508,96.85488021937167,101.78227353505059,96.20722675779479,99.80930506862754,102.41699331732232,96.26361242101073,97.48392775841268,104.24051644288541	scurve	0.12	909368,,
909369	0.0,1.0,2.0,3.0,4.0,5.0,6.0,7.0,8.0,9.0,10.0,11.0,12.0,13.0,14.0,15.0,16.0,17.0,18.0,19.0	-69.56588252083644,-67.68368228080419,-70.34594898381589,-69.51013189307942,-71.56873316960699,-69.7637378563944,-75.12629413942733,-71.78376801984584,-68.67748018146416,-80.3877504627669,-110.54935914723005,-145.03336486731803,-144.9649042806853,-151.11844817041805,-152.9398239657019,-144.31114584946135,-145.63095034058452,-152.1848411127847,-151.5147716503086,-153.15222565427595	scurve	0.12	909369,,
909370	0.0,1.0,2.0,3.0,4.0,5.0,6.0,7.0,8.0,9.0,10.0,11.0,12.0,13.0,14.0,15.0,16.0,17.0,18.0,19.0	-5.740721422277362,-6.912777533254134,-7.807694078624291,-8.145147432085235,-6.951918690868448,-6.062939297742891,-6.696816073850829,-7.181632218474618,-6.0211662743777525,-5.786120340535017,-8.38961004294917,-6.155646883291797,-7.437155096628007,-1.3707912473267179,3.5427714279723936,3.69784779206498,2.2883327195882597,3.2663118950850567,2.92451333300043,4.282982459065577	scurve	0.12	909370,,
909371	0.0,1.0,2.0,3.0,4.0,5.0,6.0,7.0,8.0,9.0,10.0,11.0,12.0,13.0,14.0,15.0,16.0,17.0,18.0,19.0	5.589046794184672,5.253029526823692,4.265718224922448,7.054417463318308,5.7703323154749455,4.389368133915392,4.090344677678133,6.298724403879917,5.1814992286900425,4.724571882667749,6.655156663605414,4.866487447302711,4.8736655303450895,4.779028754383772,4.403908726308378,9.456281605625,11.571173838630559,10.843885729484365,10.671651043421448,9.488620968756617	scurve	0.12	909371,,
909372	0.0,1.0,2.0,3.0,4.0,5.0,6.0,7.0,8.0,9.0,10.0,11.0,12.0,13.0,14.0,15.0,16.0,17.0,18.0,19.0	32.16872497257271,32.693931095204185,30.450016392919547,33.73596269787892,29.06130410153084,30.949456253973256,34.01734083763747,34.30700872864812,32.824637809815485,31.39847991771436,30.262745200349006,27.02532788820489,11.177393456221296,-4.088919422084071,-5.964311766745986,-8.870163806230725,-9.821508962569062,-7.151188560275827,-8.432214669577785,-7.879642931501699	scurve	0.12	909372,,
909373	0.0,1.0,2.0,3.0,4.0,5.0,6.0,7.0,8.0,9.0,10.0,11.0,12.0,13.0,14.0,15.0,16.0,17.0,18.0,19.0	-66.06893219803916,-63.69160762378497,-61.644459408170526,-68.97187845052113,-64.52853012838841,-63.69630733866227,-63.54761639023654,-67.58161085940961,-66.1404292725794,-65.90883318616324,-63.78417916058864,-63.459155690393175,-66.39459141961339,-63.30751652784769,-103.08917003345971,-138.53698997153916,-134.77028393113116,-135.8371640540837,-134.5407563253402,-135.67908909080094	scurve	0.12	909373,,
909374	0.0,1.0,2.0,3.0,4.0,5.0,6.0,7.0,8.0,9.0,10.0,11.0,12.0,13.0,14.0,15.0,16.0,17.0,18.0,19.0	-16.575020831100378,-13.96582301514953,-13.882235291978617,-15.65696908123628,-16.16496157054243,-14.939310375210942,-13.652282680862909,-14.098421358241437,-15.881335609157091,-16.492817159615438,-16.389454425900823,-16.354622159815513,-28.74439197459975,-39.95321837720172,-38.540381457698,-40.246899257654725,-38.96365717488986,-40.83094802963086,-39.626949276144124,-38.09481286796049	scurve	0.12	909374,,
909375	0.0,1.0,2.0,3.0,4.0,5.0,6.0,7.0,8.0,9.0,10.0,11.0,12.0,13.0,14.0,15.0,16.0,17.0,18.0,19.0	-0.886291692407479,0.6737160311928702,0.45096705207377663,-3.7514880896056706,-0.6301163301790268,-3.877571183349899,1.6756678063438109,-0.6639592286069841,-1.7823361368458768,-0.19974070483776837,0.6363330947859149,0.6843442201455455,-3.4484063245819225,-20.61321325428665,-45.06041772686905,-41.5663750209986,-46.053892871749994,-44.975001322818414,-44.86681490136424,-44.81383354288516	scurve	0.12	909375,,
909376	0.0,1.0,2.0,3.0,4.0,5.0,6.0,7.0,8.0,9.0,10.0,11.0,12.0,13.0,14.0,15.0,16.0,17.0,18.0,19.0	23.757230134359983,30.23262847598932,28.668046373260008,26.021908322169455,28.9560680369294,22.331109575748435,25.593927378617913,28.05332969261511,25.545340294501454,25.21519122630671,25.56465764976997,28.415528647308847,21.811275360211457,25.75723364654069,21.585573017480776,-15.814607965726488,-54.33464189632439,-53.82721359764691,-47.9820638489782,-50.99087019952297	scurve	0.12	909376,,
909377	0.0,1.0,2.0,3.0,4.0,5.0,6.0,7.0,8.0,9.0,10.0,11.0,12.0,13.0,14.0,15.0,16.0,17.0,18.0,19.0	-14.167170997577646,-15.306482401288086,-16.433225644758206,-17.52709716090235,-16.883565717862822,-18.06872196842698,-15.26359848810318,-15.584958405648177,-17.997642575719823,-14.91581973756219,-13.217337163620742,-14.927769798552502,-37.377755763788734,-56.63951059202827,-58.68866027154954,-56.69689262670353,-57.88635972629478,-55.22364224839562,-59.582848939587834,-59.81488216231271	scurve	0.12	909377,,
909378	0.0,1.0,2.0,3.0,4.0,5.0,6.0,7.0,8.0,9.0,10.0,11.0,12.0,13.0,14.0,15.0,16.0,17.0,18.0,19.0	44.580636300991124,38.12772308426174,40.650011963544465,40.073677558332435,41.289101396295536,40.71196243999142,43.153523508081214,37.71487152461236,47.7284779136108,42.2863255195725,48.722143018854226,40.13167638445466,55.69143235012445,92.05259545480976,123.97225830901115,126.41503102197214,123.69577618439106,125.68148539112106,132.09724729995364,135.20432509373342	scurve	0.12	909378,,
909379	0.0,1.0,2.0,3.0,4.0,5.0,6.0,7.0,8.0,9.0,10.0,11.0,12.0,13.0,14.0,15.0,16.0,17.0,18.0,19.0	37.467028831726246,40.034784060280934,36.81407450223264,36.329563073931354,36.51632998674824,36.248529195225565,41.97549218433181,39.40784539727432,37.8632677674078,42.57267258769071,40.140196008959904,40.09030997176964,43.0055330811917,42.65835294452403,35.54990605986999,6.70349454307965,-19.68707995101338,-19.28734668745684,-22.437106139420095,-23.47479059770295	scurve	0.12	909379,,
909380	0.0,1.0,2.0,3.0,4.0,5.0,6.0,7.0,8.0,9.0,10.0,11.0,12.0,13.0,14.0,15.0,16.0,17.0,18.0,19.0	5.4694496478990935,4.233691093857725,5.484928520648838,4.478293111721687,4.773868030028339,6.47551133442784,6.384325821358148,6.019104567868188,6.985185232241905,6.66767408894827,4.318752240886724,6.1722322183832965,5.515719240351604,4.457208358559371,4.839393975722155,6.983130583295897,6.9319683464459505,6.097860289301839,5.541657653260982,5.602924701515259	scurve	0.12	909380,,
909381	0.0,1.0,2.0,3.0,4.0,5.0,6.0,7.0,8.0,9.0,10.0,11.0,12.0,13.0,14.0,15.0,16.0,17.0,18.0,19.0	-62.56450267241507,-61.47404470282537,-64.78897465054165,-65.5711032708883,-68.12319653693021,-70.3743882063439,-63.37960033049452,-65.79068350211462,-65.83740378523972,-71.26496966185991,-69.05043802409809,-70.91675847063445,-67.57032675462591,-26.70304293593651,9.028877622565957,18.543662413411212,10.146592366341295,17.284189691026853,12.737023361417613,20.671774832441038	scurve	0.12	909381,,
909382	0.0,1.0,2.0,3.0,4.0,5.0,6.0,7.0,8.0,9.0,10.0,11.0,12.0,13.0,14.0,15.0,16.0,17.0,18.0,19.0	-76.42344028066206,-76.36197453935027,-74.43009453135178,-71.5983560533859,-72.29943118524804,-67.38322328790656,-73.05521890285478,-71.09301372252845,-72.19296705169386,-66.85482818795971,-68.83865754738858,-76.16257380002072,-65.51237810461662,-24.8527383431083,11.571794924033568,8.223707027060783,13.418898292855161,11.320317650405372,18.626663208603944,12.040038532573462	scurve	0.12	909382,,
909383	0.0,1.0,2.0,3.0,4.0,5.0,6.0,7.0,8.0,9.0,10.0,11.0,12.0,13.0,14.0,15.0,16.0,17.0,18.0,19.0	1.3775237824180286,1.091242300496294,0.8700549934246582,0.4767918236402615,2.595176880302319,1.5380311720711681,-1.2872927079690024,-0.11846219691392444,1.8854891766504966,-1.248829871911028,-0.7338388988742678,-1.4413789074479118,1.6018650834460142,0.23448254857397333,-16.726341703684326,-31.957761420053497,-30.622337652595302,-31.76794894373736,-32.3987837556776,-33.11507730669414	scurve	0.12	909383,,
909384	0.0,1.0,2.0,3.0,4.0,5.0,6.0,7.0,8.0,9.0,10.0,11.0,12.0,13.0,14.0,15.0,16.0,17.0,18.0,19.0	39.86891662916447,43.34100813255149,41.01250478356363,38.075093314636,45.25399513898802,41.67387814167176,40.61584494648746,39.18889760574095,40.94396590597615,38.15611704523689,39.082050426157686,7.001014787901262,-20.433374618869074,-25.662904583778037,-22.50423223905881,-21.74440725386237,-24.250742183346894,-19.929915679683624,-27.28851216902212,-24.540905234633165	scurve	0.12	909384,,
909385	0.0,1.0,2.0,3.0,4.0,5.0,6.0,7.0,8.0,9.0,10.0,11.0,12.0,13.0,14.0,15.0,16.0,17.0,18.0,19.0	0.8003763640240595,1.405969170873363,3.1103516086008796,1.5648474700483723,2.7731544533031305,1.4047622643246531,3.5654175293927977,3.217527278775347,1.3480361589298813,3.4368369815364392,2.920593773413139,3.2285070024838682,2.894778637772824,9.382215008766234,16.922786040567175,18.468391676284593,18.826862091098924,17.58712331994791,19.043054717044576,18.775782976069273	scurve	0.12	909385,,
909386	0.0,1.0,2.0,3.0,4.0,5.0,6.0,7.0,8.0,9.0,10.0,11.0,12.0,13.0,14.0,15.0,16.0,17.0,18.0,19.0	-0.6733111869913103,-0.36928593263588316,1.0997586978824814,-0.20812008435678755,0.4524503434163506,0.3986714846694622,-0.21948780682048444,1.082801336004833,0.15494631476418844,-0.7428201256989415,-0.43942727762752887,0.9304876164070935,-0.67156647342649,0.16189595446165422,-4.495132304544251,-10.179642098325818,-9.592732709963157,-10.906861813673373,-9.323450452445915,-11.050759859919967	scurve	0.12	909386,,
909387	0.0,1.0,2.0,3.0,4.0,5.0,6.0,7.0,8.0,9.0,10.0,11.0,12.0,13.0,14.0,15.0,16.0,17.0,18.0,19.0	28.554554768203992,33.52744908516405,30.2156009765805,34.19143485897068,29.177659801137256,29.418554854743697,29.089782444482317,28.9189712904047,28.29387831412679,29.40788260195821,29.88699599763196,32.79083966539039,32.660237405858076,58.97084830908208,86.49031767953984,81.51779103819607,87.71626750446511,83.955187674611,81.57494177501982,81.80397961928914	scurve	0.12	909387,,
909388	0.0,1.0,2.0,3.0,4.0,5.0,6.0,7.0,8.0,9.0,10.0,11.0,12.0,13.0,14.0,15.0,16.0,17.0,18.0,19.0	46.13623228334396,50.041015817785095,53.22413552114889,47.08248394268977,52.599991582187705,47.710257121922844,51.42119886601601,47.218692886703224,49.97713339916135,57.15311188611202,56.29572953293337,46.632995650653115,55.36470054548702,97.85515785575285,128.04122236606545,132.20786633582287,139.962191480978,137.43334216685366,139.1406413617943,137.64239763290576	scurve	0.12	909388,,
909389	0.0,1.0,2.0,3.0,4.0,5.0,6.0,7.0,8.0,9.0,10.0,11.0,12.0,13.0,14.0,15.0,16.0,17.0,18.0,19.0	18.8222919011117,19.248300260983257,19.27247282035801,20.97839831510029,20.442305466769103,18.998275599559776,19.685461997358743,18.819704260858146,18.88058465275208,21.328203897317604,19.461586252572715,19.103864377545005,19.24880794592386,31.385311376586248,43.85480732124928,44.61016109454272,45.35933710381205,44.17061173691192,47.39317928884611,47.13722587838615	scurve	0.12	909389,,
909390	0.0,1.0,2.0,3.0,4.0,5.0,6.0,7.0,8.0,9.0,10.0,11.0,12.0,13.0,14.0,15.0,16.0,17.0,18.0,19.0	42.18863490760189,42.58926985121112,45.3540808685267,43.82533152937308,39.561238500442634,43.86678698229022,43.77652284845163,39.452678059082665,45.54197530924976,44.139511502208364,44.05569670212045,38.35065338257726,38.526356081114976,42.06524141863532,9.732792764388961,-11.030477287138282,-19.249703722499646,-19.997748274964508,-19.172603218455286,-17.69035532437462	scurve	0.12	909390,,
909391	0.0,1.0,2.0,3.0,4.0,5.0,6.0,7.0,8.0,9.0,10.0,11.0,12.0,13.0,14.0,15.0,16.0,17.0,18.0,19.0	-34.267071926782094,-35.068867859004726,-34.250851123576986,-32.80441221882391,-35.41671740710934,-36.98118293596795,-35.45499854484307,-32.545246644157935,-33.330226047030656,-36.6536137846902,-33.869898384366046,-36.483405080670714,-31.747089488187033,-17.739921931011907,1.366763827193104,3.090061442571198,-1.0964266151122786,0.9688341152444906,1.7771283888188805,2.325993621750797	scurve	0.12	909391,,
909392	0.0,1.0,2.0,3.0,4.0,5.0,6.0,7.0,8.0,9.0,10.0,11.0,12.0,13.0,14.0,15.0,16.0,17.0,18.0,19.0	19.96783002032018,19.444169461957802,18.97194005449867,20.667458828732855,20.31684961864996,17.360393669170396,18.497234173952517,19.409341625090587,20.444401167876094,17.484517197062985,18.488894032637727,31.88798795170903,44.92618304553003,45.476591057589914,42.437304846010306,43.94783989959021,44.71004243082969,43.64890001412735,43.9710523658668,42.241367036041446	scurve	0.12	909392,,
909393	0.0,1.0,2.0,3.0,4.0,5.0,6.0,7.0,8.0,9.0,10.0,11.0,12.0,13.0,14.0,15.0,16.0,17.0,18.0,19.0	-4.0969401150687315,-4.781243173044603,-11.420991083011714,-4.291396934775445,-10.421051588027428,-10.803061859558293,-7.7726169339933815,-5.772475039369618,-11.292871498589527,-5.79062148481711,-10.528893894289816,-13.345351863890622,-6.058485002045513,33.72027602828657,63.742839790978906,71.0679670166226,73.58921112445788,66.91236146307199,70.88103650627276,67.8814535917603	scurve	0.12	909393,,
909394	0.0,1.0,2.0,3.0,4.0,5.0,6.0,7.0,8.0,9.0,10.0,11.0,12.0,13.0,14.0,15.0,16.0,17.0,18.0,19.0	-22.46512316865138,-27.636600647940345,-24.247563971889306,-28.561377734214066,-25.77054980785761,-30.979693727459633,-33.08335778353403,-31.673172220780078,-30.15366980468352,-33.37554561901026,-27.682131823890217,-29.788639487328705,-22.560172542892666,-24.22897729423276,-27.02554018953061,-74.72155927189343,-131.10561095449094,-131.46528095029808,-122.31835523818577,-130.9807361477135	scurve	0.12	909394,,
909395	0.0,1.0,2.0,3.0,4.0,5.0,6.0,7.0,8.0,9.0,10.0,11.0,12.0,13.0,14.0,15.0,16.0,17.0,18.0,19.0	2.2182943321696698,2.953935692997252,2.3881575695579107,2.147014720021001,3.724882747849327,4.230888799715631,1.9956148416031116,3.9763050182765487,2.6477560212152507,2.0984140132354283,2.9906574885266353,2.1019465725855335,0.19860899987386427,0.05918541577631631,-1.6051284051556252,-0.15938900536760725,0.187138626411528,-0.32895308207080554,-0.7040812482694303,0.07685023559243653	scurve	0.12	909395,,
909396	0.0,1.0,2.0,3.0,4.0,5.0,6.0,7.0,8.0,9.0,10.0,11.0,12.0,13.0,14.0,15.0,16.0,17.0,18.0,19.0	-7.979590154308417,-8.273189823661241,-8.528128834474925,-7.851169000608259,-7.694984066210946,-9.017570611390454,-8.877334024309732,-7.472480956843009,-8.907352908351697,-9.418116534599486,-7.969718068599495,-9.29939393054013,-7.821225699145885,-7.854698172687349,-6.209495638284164,-2.3711813360431204,-2.8841117323244942,-2.4121968189003278,-4.760907241872647,-2.3578817605817717	scurve	0.12	909396,,
909397	0.0,1.0,2.0,3.0,4.0,5.0,6.0,7.0,8.0,9.0,10.0,11.0,12.0,13.0,14.0,15.0,16.0,17.0,18.0,19.0	-52.50759821873843,-55.1334005763246,-57.91236249287846,-57.00075211050044,-53.57582620428783,-57.98595835858115,-54.641830717837294,-54.389188182497385,-59.061614637609615,-52.54074614935219,-58.41292375455169,-59.177218726517,-83.50416740175822,-116.94747284849731,-120.97928239953139,-122.18363310983233,-115.94109897458772,-115.87709202337086,-115.56260382423714,-120.8427044662759	scurve	0.12	909397,,
909398	0.0,1.0,2.0,3.0,4.0,5.0,6.0,7.0,8.0,9.0,10.0,11.0,12.0,13.0,14.0,15.0,16.0,17.0,18.0,19.0	-21.32194161380208,-17.131496574064485,-11.36964399842258,-12.009288701840607,-16.557364653511083,-16.445718558206725,-16.132374372136134,-18.26433767324562,-16.125553886636453,-16.966036534801002,-11.336103278132821,-19.753166094665627,-13.880401222184947,20.76858401135256,59.29376165872576,62.150310378520075,62.39483184444238,58.24465514102962,66.97984391522444,67.58417680268803	scurve	0.12	909398,,
909399	0.0,1.0,2.0,3.0,4.0,5.0,6.0,7.0,8.0,9.0,10.0,11.0,12.0,13.0,14.0,15.0,16.0,17.0,18.0,19.0	-19.308514900163726,-22.076670714202827,-19.612320955310413,-20.364306814553085,-20.707284701131766,-21.018035050447825,-21.445831344597185,-20.233034726598948,-19.934031243304226,-19.97423723663765,-21.32349116595527,-19.752624642105037,-22.28023107799117,-31.89734105036341,-45.87254070008843,-44.24981401799249,-43.22090902106145,-44.81406354259157,-44.99449446305063,-46.110492466111	scurve	0.12	909399,,
909400	-3.141592653589793,-2.8108986900540254,-2.4802047265182576,-2.14951076298249,-1.8188167994467224,-1.4881228359109546,-1.157428872375187,-0.8267349088394194,-0.4960409453036516,-0.16534698176788387,0.16534698176788387,0.4960409453036516,0.8267349088394189,1.1574288723751867,1.4881228359109544,1.8188167994467221,2.14951076298249,2.4802047265182576,2.8108986900540254,3.141592653589793	1.0972486022549326,0.09149667471630885,-0.4809029112834917,1.8215555568848085,1.19741823490825,0.057883866122836025,-0.047909517104439914,-1.565850507125619,-0.643058084155264,1.9527315641200582,2.5870694625249744,1.0180464910720168,-1.6153063599768167,-0.5252567536833368,0.5317129987771789,-0.4918791487512486,0.07750618342146787,1.2861034969108118,-0.9664885088973012,-0.9400713010322637	sin	0.12	909400,,
909401	-3.141592653589793,-2.8108986900540254,-2.4802047265182576,-2.14951076298249,-1.8188167994467224,-1.4881228359109546,-1.157428872375187,-0.8267349088394194,-0.4960409453036516,-0.16534698176788387,0.16534698176788387,0.4960409453036516,0.8267349088394189,1.1574288723751867,1.4881228359109544,1.8188167994467221,2.14951076298249,2.4802047265182576,2.8108986900540254,3.141592653589793	-0.3050758200316446,-2.809110006174982,4.452401348700985,-1.484516463373612,1.1584072801544396,3.7318373858578093,-1.8682352194289447,2.724610970022807,1.342708989212236,-2.3699386622954544,4.343068569716214,-0.10508656266957761,-1.50421611879045,3.275788313607006,-3.3337267664859596,1.8879013746035556,3.3758439941588527,-2.6508344801172106,4.325709446022107,1.6157087740172766	sin	0.12	909401,,
909402	-3.141592653589793,-2.8108986900540254,-2.4802047265182576,-2.14951076298249,-1.8188167994467224,-1.4881228359109546,-1.157428872375187,-0.8267349088394194,-0.4960409453036516,-0.16534698176788387,0.16534698176788387,0.4960409453036516,0.8267349088394189,1.1574288723751867,1.4881228359109544,1.8188167994467221,2.14951076298249,2.4802047265182576,2.8108986900540254,3.141592653589793	12.504775784637275,13.526117078974472,14.20681066814536,12.668034105263901,12.944674324429755,12.140951104895983,15.655989457132783,10.971919235039294,14.773101774042907,12.21724056975479,16.61763532064083,10.490044482365034,15.901730891006668,11.84662474575843,15.520159657782706,10.607867970809835,13.857401315754737,11.217878863702246,14.41095751776431,11.207476424792514	sin	0.12	909402,,
909403	-3.141592653589793,-2.8108986900540254,-2.4802047265182576,-2.14951076298249,-1.8188167994467224,-1.4881228359109546,-1.157428872375187,-0.8267349088394194,-0.4960409453036516,-0.16534698176788387,0.16534698176788387,0.4960409453036516,0.8267349088394189,1.1574288723751867,1.4881228359109544,1.8188167994467221,2.14951076298249,2.4802047265182576,2.8108986900540254,3.141592653589793	13.722248180140229,15.244215305399937,13.409859548220744,14.998501589205649,14.582947049430206,13.71972886359848,13.881888960967345,14.341288282815025,13.82056297246762,13.489155804815752,13.69777108467251,15.025099676574712,13.11526084274406,12.637916329582545,12.917226901910563,14.00388007597101,14.832611765797749,15.123437101676924,14.476731267584903,14.720100204012528	sin	0.12	909403,,
909404	-3.141592653589793,-2.8108986900540254,-2.4802047265182576,-2.14951076298249,-1.8188167994467224,-1.4881228359109546,-1.157428872375187,-0.8267349088394194,-0.4960409453036516,-0.16534698176788387,0.16534698176788387,0.4960409453036516,0.8267349088394189,1.1574288723751867,1.4881228359109544,1.8188167994467221,2.14951076298249,2.4802047265182576,2.8108986900540254,3.141592653589793	9.190798014022867,14.847371529046736,5.01717703618768,8.919679416349707,17.64146269023454,5.416564478021796,5.8514744434254435,17.525275226569303,7.478837653373041,2.9725175083123903,16.700531999744314,11.30499837719271,3.3771103185463565,13.529188795970807,13.506433281139383,2.058475671657058,12.994370764266634,14.414247206883605,1.8685504143048726,10.60812556160515	sin	0.12	909404,,
909405	-3.141592653589793,-2.8108986900540254,-2.4802047265182576,-2.14951076298249,-1.8188167994467224,-1.4881228359109546,-1.157428872375187,-0.8267349088394194,-0.4960409453036516,-0.16534698176788387,0.16534698176788387,0.4960409453036516,0.8267349088394189,1.1574288723751867,1.4881228359109544,1.8188167994467221,2.14951076298249,2.4802047265182576,2.8108986900540254,3.141592653589793	7.647030227836735,7.416333492733738,5.555298314179188,5.970845445179455,10.245187743755752,3.9833360304792724,5.182534669779006,10.91966325018734,5.158858803988782,3.0269019542759814,9.716813789198262,6.544333561223675,2.081684978070575,11.663626417359838,7.726823454355211,2.9386243527987013,10.136808970336736,8.08863734366342,3.9224280310882063,7.014015680925897	sin	0.12	909405,,
909406	-3.141592653589793,-2.8108986900540254,-2.4802047265182576,-2.14951076298249,-1.8188167994467224,-1.4881228359109546,-1.157428872375187,-0.8267349088394194,-0.4960409453036516,-0.16534698176788387,0.16534698176788387,0.4960409453036516,0.8267349088394189,1.1574288723751867,1.4881228359109544,1.8188167994467221,2.14951076298249,2.4802047265182576,2.8108986900540254,3.141592653589793	-8.260208967522559,-9.852471916485168,-0.714762164371809,-15.249060643330338,-10.79087473286148,0.06937415947140835,-14.090979268972141,-12.964772287093087,0.5996519147184891,-8.951879614765986,-16.006789624390912,-0.025886065132855407,-5.710208473240439,-16.943781686633606,-2.2644157284307553,-3.73250424948327,-16.90180894373966,-3.969964265502661,-2.544096976077242,-17.580535828222825	sin	0.12	909406,,
909407	-3.141592653589793,-2.8108986900540254,-2.4802047265182576,-2.14951076298249,-1.8188167994467224,-1.4881228359109546,-1.157428872375187,-0.8267349088394194,-0.4960409453036516,-0.16534698176788387,0.16534698176788387,0.4960409453036516,0.8267349088394189,1.1574288723751867,1.4881228359109544,1.8188167994467221,2.14951076298249,2.4802047265182576,2.8108986900540254,3.141592653589793	21.464444515566193,19.516172235765353,13.197377563983181,29.839258297137434,15.468103500662593,17.940002679226033,29.427355688853353,10.095851578890986,25.490425639552065,25.522018165226818,12.135362597637258,31.300875147189206,17.88680267576168,14.929717132566726,31.90320579447614,12.259309956896763,21.051516863426894,26.09832758285244,10.9182218113678,28.911252575789987	sin	0.12	909407,,
909408	-3.141592653589793,-2.8108986900540254,-2.4802047265182576,-2.14951076298249,-1.8188167994467224,-1.4881228359109546,-1.157428872375187,-0.8267349088394194,-0.4960409453036516,-0.16534698176788387,0.16534698176788387,0.4960409453036516,0.8267349088394189,1.1574288723751867,1.4881228359109544,1.8188167994467221,2.14951076298249,2.4802047265182576,2.8108986900540254,3.141592653589793	17.91832746807168,16.442827922226062,18.15737047559032,16.81738766473712,18.302589958594012,23.87789156948351,11.628781082704336,13.680786222385098,26.626387070906418,12.197049311800914,9.84129149053052,26.44720160862907,15.031530718704827,8.22405724111192,23.15257996385482,17.98165545990077,7.795072640126778,21.57749029180159,21.075297482739067,6.922572054303867	sin	0.12	909408,,
909409	-3.141592653589793,-2.8108986900540254,-2.4802047265182576,-2.14951076298249,-1.8188167994467224,-1.4881228359109546,-1.157428872375187,-0.8267349088394194,-0.4960409453036516,-0.16534698176788387,0.16534698176788387,0.4960409453036516,0.8267349088394189,1.1574288723751867,1.4881228359109544,1.8188167994467221,2.14951076298249,2.4802047265182576,2.8108986900540254,3.141592653589793	21.006980704325873,19.13865333038258,21.092272733122442,21.316336807147525,25.360453347541643,13.330509805068587,30.823249732676285,11.435014948091027,25.495056882503427,19.2066279863006,17.817654869403608,28.39245683540566,10.618206395047942,29.841865436530725,14.225469969972,24.531323178500834,22.879605219819766,14.339544585000219,30.365800768678586,11.872813409867128	sin	0.12	909409,,
909410	-3.141592653589793,-2.8108986900540254,-2.4802047265182576,-2.14951076298249,-1.8188167994467224,-1.4881228359109546,-1.157428872375187,-0.8267349088394194,-0.4960409453036516,-0.16534698176788387,0.16534698176788387,0.4960409453036516,0.8267349088394189,1.1574288723751867,1.4881228359109544,1.8188167994467221,2.14951076298249,2.4802047265182576,2.8108986900540254,3.141592653589793	6.952613626768083,6.639123896618504,6.024158443633924,10.587522772231639,12.285873917255191,10.470077329898656,10.042689855622424,5.390182727715008,5.546921211490648,1.8953753099834416,2.7695155043113684,5.496181934350174,8.314078509500249,10.012948226597576,10.280323833624735,11.301220004245286,7.036402232240858,5.436847898973646,2.613648968396963,3.168178621892578	sin	0.12	909410,,
909411	-3.141592653589793,-2.8108986900540254,-2.4802047265182576,-2.14951076298249,-1.8188167994467224,-1.4881228359109546,-1.157428872375187,-0.8267349088394194,-0.4960409453036516,-0.16534698176788387,0.16534698176788387,0.4960409453036516,0.8267349088394189,1.1574288723751867,1.4881228359109544,1.8188167994467221,2.14951076298249,2.4802047265182576,2.8108986900540254,3.141592653589793	-0.006015344022915592,0.5437955513949202,-8.673396326892007,0.9319038001285209,8.0652205722068,-1.5813169088508627,-7.0938214509464625,4.444217337568164,7.910363058586235,-4.915158369101972,-7.042742936962409,6.080720577968922,7.724907131782345,-6.877425628025456,-4.772555515777816,8.677361977026868,3.2814340687200705,-9.121065364050613,-2.253113494582178,10.1360664998247	sin	0.12	909411,,
909412	-3.141592653589793,-2.8108986900540254,-2.4802047265182576,-2.14951076298249,-1.8188167994467224,-1.4881228359109546,-1.157428872375187,-0.8267349088394194,-0.4960409453036516,-0.16534698176788387,0.16534698176788387,0.4960409453036516,0.8267349088394189,1.1574288723751867,1.4881228359109544,1.8188167994467221,2.14951076298249,2.4802047265182576,2.8108986900540254,3.141592653589793	-8.370641147162234,-6.699972178711173,-8.57204779995476,-8.758027876421766,-5.985551748204947,-7.557060757909144,-10.078597603446878,-12.58003211355448,-12.774444143435229,-14.016136612902738,-15.00236649695279,-15.892834121258971,-14.854451100021734,-11.326660558657249,-8.540470652523112,-7.298743180954997,-4.466047889671077,-1.7224234334614712,0.7412890744562457,1.1672718436531353	sin	0.12	909412,,
909413	-3.141592653589793,-2.8108986900540254,-2.4802047265182576,-2.14951076298249,-1.8188167994467224,-1.4881228359109546,-1.157428872375187,-0.8267349088394194,-0.4960409453036516,-0.16534698176788387,0.16534698176788387,0.4960409453036516,0.8267349088394189,1.1574288723751867,1.4881228359109544,1.8188167994467221,2.14951076298249,2.4802047265182576,2.8108986900540254,3.141592653589793	-4.859757763259459,-4.4233792531200065,-4.187623374742729,-6.125627975617047,-5.132310187941631,-6.061539314021776,-5.94456690737618,-7.419543534931101,-3.240768461948517,-8.33640170657569,-2.8180035835111497,-7.651446991099585,-3.3500383307470503,-7.861097886944729,-5.138830727488824,-7.089196026533928,-3.060206990026674,-7.134027907827402,-3.90637915193348,-4.9725873902491395	sin	0.12	909413,,
909414	-3.141592653589793,-2.8108986900540254,-2.4802047265182576,-2.14951076298249,-1.8188167994467224,-1.4881228359109546,-1.157428872375187,-0.8267349088394194,-0.4960409453036516,-0.16534698176788387,0.16534698176788387,0.4960409453036516,0.8267349088394189,1.1574288723751867,1.4881228359109544,1.8188167994467221,2.14951076298249,2.4802047265182576,2.8108986900540254,3.141592653589793	10.54591120685034,11.157737790075183,11.652779246443883,11.219047007456695,12.397270840649323,16.583851669806876,14.59560900931177,13.997938171784668,10.854866443233698,7.913924880759231,5.0824686352414385,7.482672883280026,7.584649676756877,12.964496849432447,15.54230399029483,16.14826339036422,13.886414689879077,10.459385657509392,7.6328707601214285,5.33809980112178	sin	0.12	909414,,
909415	-3.141592653589793,-2.8108986900540254,-2.4802047265182576,-2.14951076298249,-1.8188167994467224,-1.4881228359109546,-1.157428872375187,-0.8267349088394194,-0.4960409453036516,-0.16534698176788387,0.16534698176788387,0.4960409453036516,0.8267349088394189,1.1574288723751867,1.4881228359109544,1.8188167994467221,2.14951076298249,2.4802047265182576,2.8108986900540254,3.141592653589793	-4.8940022093524895,-7.3290807945195935,-7.768841037757248,-9.890633634203006,-11.051286244892967,-10.539379124258378,-9.67245964870608,-9.708493890911635,-6.0771018708982005,-4.448316934279788,-3.7563917544921637,-0.5690270288905701,2.7894938731644103,2.7804016755770142,2.6072245505506544,1.8543585076101223,0.8193047371011932,-0.5436875536921555,-2.571628446834424,-4.817105869261706	sin	0.12	909415,,
909416	-3.141592653589793,-2.8108986900540254,-2.4802047265182576,-2.14951076298249,-1.8188167994467224,-1.4881228359109546,-1.157428872375187,-0.8267349088394194,-0.4960409453036516,-0.16534698176788387,0.16534698176788387,0.4960409453036516,0.8267349088394189,1.1574288723751867,1.4881228359109544,1.8188167994467221,2.14951076298249,2.4802047265182576,2.8108986900540254,3.141592653589793	2.2199261446159047,2.8255932107537736,1.9316469916415322,1.0804108874418579,2.541252773849107,2.8236252510553443,3.0440673116619004,0.04152112481969228,2.7459700232611723,0.26325607888838176,3.2471838922009697,-0.7511457771143806,4.34176875175668,-0.2892315189141592,4.873448302009971,-0.303083740035738,3.6397622077626774,-1.0270997424283839,2.771552868909598,0.03604239515850338	sin	0.12	909416,,
909417	-3.141592653589793,-2.8108986900540254,-2.4802047265182576,-2.14951076298249,-1.8188167994467224,-1.4881228359109546,-1.157428872375187,-0.8267349088394194,-0.4960409453036516,-0.16534698176788387,0.16534698176788387,0.4960409453036516,0.8267349088394189,1.1574288723751867,1.4881228359109544,1.8188167994467221,2.14951076298249,2.4802047265182576,2.8108986900540254,3.141592653589793	-7.315186836643695,-5.417184769557286,-8.112571600589165,-5.542102599655163,-7.359566393661616,-6.274528924463636,-12.414265679456012,-6.20744051327635,-1.5326332801883833,-8.665008041239348,-11.42810995324794,-4.127854595405186,-2.0992181486468766,-9.763441722988677,-12.56938864233934,-1.7970820512498875,-4.453087740848152,-12.562944714245639,-10.519577644105604,-0.7578822676253782	sin	0.12	909417,,
909418	-3.141592653589793,-2.8108986900540254,-2.4802047265182576,-2.14951076298249,-1.8188167994467224,-1.4881228359109546,-1.157428872375187,-0.8267349088394194,-0.4960409453036516,-0.16534698176788387,0.16534698176788387,0.4960409453036516,0.8267349088394189,1.1574288723751867,1.4881228359109544,1.8188167994467221,2.14951076298249,2.4802047265182576,2.8108986900540254,3.141592653589793	18.587206860998656,10.703368357913421,27.389338826287613,12.478776959338829,16.395751201467807,25.598607279489222,9.80221180591542,21.584116381361746,20.562209032283896,10.223834336693516,25.15520292550753,15.244737582131489,13.98085557228542,26.197565618196805,10.373991817244669,18.328381917967985,23.14957630634325,9.923261536298115,25.152896474240375,18.296158685889893	sin	0.12	909418,,
909419	-3.141592653589793,-2.8108986900540254,-2.4802047265182576,-2.14951076298249,-1.8188167994467224,-1.4881228359109546,-1.157428872375187,-0.8267349088394194,-0.4960409453036516,-0.16534698176788387,0.16534698176788387,0.4960409453036516,0.8267349088394189,1.1574288723751867,1.4881228359109544,1.8188167994467221,2.14951076298249,2.4802047265182576,2.8108986900540254,3.141592653589793	12.66605661405993,10.383460091082648,11.071480849701274,9.78691595997893,11.777989870562841,7.927224726419041,8.18777186649617,10.145930331323608,15.38967426680432,15.035741384348123,11.930567166671139,8.078658849643396,6.266372413389049,8.27496429966141,13.898067219093964,14.56884240155515,12.42381162171587,10.006845921153527,8.775498001441086,8.110208237736408	sin	0.12	909419,,
909420	-3.141592653589793,-2.8108986900540254,-2.4802047265182576,-2.14951076298249,-1.8188167994467224,-1.4881228359109546,-1.157428872375187,-0.8267349088394194,-0.4960409453036516,-0.16534698176788387,0.16534698176788387,0.4960409453036516,0.8267349088394189,1.1574288723751867,1.4881228359109544,1.8188167994467221,2.14951076298249,2.4802047265182576,2.8108986900540254,3.141592653589793	4.144551052009135,5.049860105545934,3.5746621355887367,2.3863957400398146,1.1808545847928729,4.68772847458494,5.697541579428901,5.293076960558466,4.018224420097555,2.234875875678836,3.0056622534617787,3.846689239409171,4.235913685094875,5.675690088433857,4.0608522820284,2.356860627812506,2.6514058118006814,1.50070886976616,2.851617204628212,5.149091159209032	sin	0.12	909420,,
909421	-3.141592653589793,-2.8108986900540254,-2.4802047265182576,-2.14951076298249,-1.8188167994467224,-1.4881228359109546,-1.157428872375187,-0.8267349088394194,-0.4960409453036516,-0.16534698176788387,0.16534698176788387,0.4960409453036516,0.8267349088394189,1.1574288723751867,1.4881228359109544,1.8188167994467221,2.14951076298249,2.4802047265182576,2.8108986900540254,3.141592653589793	0.7164326734175996,3.5909903765017375,3.525975623405617,1.3866472495889846,2.9608568516592717,3.199657929319745,-2.486924268423571,-2.7054706601483476,0.7943468658793988,6.949569807191499,7.608575746441163,4.732516391707399,-0.7700409146304059,-2.625590323954978,-0.7694711805166274,3.462379118061917,8.513672837094798,7.047649417276147,0.002808811400384803,-2.8207376697361966	sin	0.12	909421,,
909422	-3.141592653589793,-2.8108986900540254,-2.4802047265182576,-2.14951076298249,-1.8188167994467224,-1.4881228359109546,-1.157428872375187,-0.8267349088394194,-0.4960409453036516,-0.16534698176788387,0.16534698176788387,0.4960409453036516,0.8267349088394189,1.1574288723751867,1.4881228359109544,1.8188167994467221,2.14951076298249,2.4802047265182576,2.8108986900540254,3.141592653589793	-2.036791586508138,-0.8476206601503451,-3.198558746054357,-2.6725812427283655,-2.1843964780398304,-0.7841406287789594,0.888314290194625,-0.4609843621387988,-4.971294511930107,-4.641626125132128,-2.4385621986379498,-0.7729797442385475,-2.4489075464233414,-3.6150823662669493,-2.192519092403746,-1.3939785115244154,-0.3779156076379504,-1.978878230491901,-3.786089259835488,-1.8403529608047036	sin	0.12	909422,,
909423	-3.141592653589793,-2.8108986900540254,-2.4802047265182576,-2.14951076298249,-1.8188167994467224,-1.4881228359109546,-1.157428872375187,-0.8267349088394194,-0.4960409453036516,-0.16534698176788387,0.16534698176788387,0.4960409453036516,0.8267349088394189,1.1574288723751867,1.4881228359109544,1.8188167994467221,2.14951076298249,2.4802047265182576,2.8108986900540254,3.141592653589793	-0.351442894990444,1.9418617279789108,2.7753415191720503,0.5861248944107906,0.9108033522525698,-0.8126092164591476,1.7431253087929917,2.0526698634834517,1.7232832615262756,-1.5409677137390219,-0.8598132756040782,0.47435892106949495,0.6224888398332631,-0.5568972789055859,0.3409262233461372,0.5521689461041221,2.791266493605137,0.9536828626362768,-0.8305873489225419,0.9899002780644381	sin	0.12	909423,,
909424	-3.141592653589793,-2.8108986900540254,-2.4802047265182576,-2.14951076298249,-1.8188167994467224,-1.4881228359109546,-1.157428872375187,-0.8267349088394194,-0.4960409453036516,-0.16534698176788387,0.16534698176788387,0.4960409453036516,0.8267349088394189,1.1574288723751867,1.4881228359109544,1.8188167994467221,2.14951076298249,2.4802047265182576,2.8108986900540254,3.141592653589793	-1.1696713590961654,-1.063847293200359,-2.284382472701287,-0.08937613170214931,-1.4888739940844937,-1.8219910686125065,-0.8859286132356834,-4.144028189119316,1.1207308508746188,-1.7641781023279197,1.3238078734761611,-2.512727962021666,-1.793851625826914,0.037356979884681785,-3.4631131909697777,-0.059824094065719535,-1.3317805799060136,-0.4824496005401784,-1.0123278730839704,-3.445788177847054	sin	0.12	909424,,
909425	-3.141592653589793,-2.8108986900540254,-2.4802047265182576,-2.14951076298249,-1.8188167994467224,-1.4881228359109546,-1.157428872375187,-0.8267349088394194,-0.4960409453036516,-0.16534698176788387,0.16534698176788387,0.4960409453036516,0.8267349088394189,1.1574288723751867,1.4881228359109544,1.8188167994467221,2.14951076298249,2.4802047265182576,2.8108986900540254,3.141592653589793	4.8373611986810126,6.712767246264545,8.105097189472259,6.507059448638248,4.832200996867522,2.9140886514314954,0.48914034286061536,1.0115330588079745,-0.7732177583077042,1.3024819332279713,4.922074507293914,6.794553329563589,7.339028364658169,5.758042668500623,3.285803711379307,0.35776095187471135,0.04860259762474883,-0.752076403510128,1.1631830452263074,4.378027204744001	sin	0.12	909425,,
909426	-3.141592653589793,-2.8108986900540254,-2.4802047265182576,-2.14951076298249,-1.8188167994467224,-1.4881228359109546,-1.157428872375187,-0.8267349088394194,-0.4960409453036516,-0.16534698176788387,0.16534698176788387,0.4960409453036516,0.8267349088394189,1.1574288723751867,1.4881228359109544,1.8188167994467221,2.14951076298249,2.4802047265182576,2.8108986900540254,3.141592653589793	10.043712405899695,8.760653923143726,9.151610732321288,9.502181612348577,1.3906039570067685,19.98213910854546,3.0611564889976455,7.873950245446976,16.270744514769103,-0.5355805015507897,12.975473831285706,11.872217880527739,0.7706351883675921,19.162060401882563,4.934760659473301,5.2500429779984366,17.01784716655256,-0.6519468030564477,10.325073829793432,16.046110868629864	sin	0.12	909426,,
909427	-3.141592653589793,-2.8108986900540254,-2.4802047265182576,-2.14951076298249,-1.8188167994467224,-1.4881228359109546,-1.157428872375187,-0.8267349088394194,-0.4960409453036516,-0.16534698176788387,0.16534698176788387,0.4960409453036516,0.8267349088394189,1.1574288723751867,1.4881228359109544,1.8188167994467221,2.14951076298249,2.4802047265182576,2.8108986900540254,3.141592653589793	15.518992750433206,15.47908881735443,15.917747672041926,15.506227329562941,17.978820875992042,16.03085887617901,15.280862550238481,18.29818328722016,12.419663756305244,22.919175792439738,11.904433270850687,21.91324273400157,9.57891548350548,25.950437866257666,9.838567451046899,25.887668953799846,9.10327708714088,22.63478612782955,10.12354903840333,21.25659286743891	sin	0.12	909427,,
909428	-3.141592653589793,-2.8108986900540254,-2.4802047265182576,-2.14951076298249,-1.8188167994467224,-1.4881228359109546,-1.157428872375187,-0.8267349088394194,-0.4960409453036516,-0.16534698176788387,0.16534698176788387,0.4960409453036516,0.8267349088394189,1.1574288723751867,1.4881228359109544,1.8188167994467221,2.14951076298249,2.4802047265182576,2.8108986900540254,3.141592653589793	9.82850972193983,11.19065248178545,11.777304207449996,4.747463179911579,3.1877981314513737,8.162851397374993,18.320456943402434,19.648528658579075,14.84841192346958,6.0350409341303095,1.850721169375537,6.6372126112995256,15.475397753862891,19.106176438540878,15.34446795266623,8.534973030900336,3.5423058257225315,4.319920729894508,12.711395704732517,19.233160676556672	sin	0.12	909428,,
909429	-3.141592653589793,-2.8108986900540254,-2.4802047265182576,-2.14951076298249,-1.8188167994467224,-1.4881228359109546,-1.157428872375187,-0.8267349088394194,-0.4960409453036516,-0.16534698176788387,0.16534698176788387,0.4960409453036516,0.8267349088394189,1.1574288723751867,1.4881228359109544,1.8188167994467221,2.14951076298249,2.4802047265182576,2.8108986900540254,3.141592653589793	3.024351232724486,2.8876860931201076,1.251325612192681,-2.8986090004719234,-1.7847845408042184,0.013710638709989453,5.428365538517098,8.537352514861059,4.122469178190486,-1.2460074862045953,-2.1315175043591292,0.5488412843845305,3.9514575146658792,8.804130514523166,5.588301328997722,0.6000456488725696,-2.261279166891896,-1.3212191400325386,3.8262806721579476,8.826064905310432	sin	0.12	909429,,
909430	-3.141592653589793,-2.8108986900540254,-2.4802047265182576,-2.14951076298249,-1.8188167994467224,-1.4881228359109546,-1.157428872375187,-0.8267349088394194,-0.4960409453036516,-0.16534698176788387,0.16534698176788387,0.4960409453036516,0.8267349088394189,1.1574288723751867,1.4881228359109544,1.8188167994467221,2.14951076298249,2.4802047265182576,2.8108986900540254,3.141592653589793	-13.680618409404413,-22.19517084486266,-22.580769433326953,-16.20917548119924,-6.4419846175452165,-5.631951371569402,-12.720401310139215,-20.78782065120417,-25.86230340076782,-20.30359074442587,-10.620885970533827,-4.183907740746765,-10.07646561704937,-17.18240683658958,-26.032017015385048,-21.337121532501506,-13.165093973894267,-6.6940819002451555,-5.689044139409836,-14.238903542448806	sin	0.12	909430,,
909431	-3.141592653589793,-2.8108986900540254,-2.4802047265182576,-2.14951076298249,-1.8188167994467224,-1.4881228359109546,-1.157428872375187,-0.8267349088394194,-0.4960409453036516,-0.16534698176788387,0.16534698176788387,0.4960409453036516,0.8267349088394189,1.1574288723751867,1.4881228359109544,1.8188167994467221,2.14951076298249,2.4802047265182576,2.8108986900540254,3.141592653589793	-16.01766056470589,-15.571783845234078,-16.989519336908298,-18.153607551504933,-19.99371763258938,-14.984127246538458,-21.9845310709578,-12.242049509421914,-24.892129360532273,-7.548287559410564,-25.9351158485445,-6.686447709773326,-27.573354699191004,-6.965254591015324,-25.80279457847387,-8.897712928755189,-25.911195266840238,-8.783000264171193,-23.024247501158413,-11.442382842340624	sin	0.12	909431,,
909432	-3.141592653589793,-2.8108986900540254,-2.4802047265182576,-2.14951076298249,-1.8188167994467224,-1.4881228359109546,-1.157428872375187,-0.8267349088394194,-0.4960409453036516,-0.16534698176788387,0.16534698176788387,0.4960409453036516,0.8267349088394189,1.1574288723751867,1.4881228359109544,1.8188167994467221,2.14951076298249,2.4802047265182576,2.8108986900540254,3.141592653589793	10.534957830093052,10.299105357628317,11.783844216662155,9.013661660465987,9.10212278591645,8.451645007697866,8.645481380094319,11.341752947297149,14.724553087314543,11.624201554881072,7.532024103650562,7.424088968629721,8.746298409016195,12.341249100464674,12.330561035881379,11.273006799395912,9.971913898603498,6.025816664785552,9.206378079448138,11.489620175813165	sin	0.12	909432,,
909433	-3.141592653589793,-2.8108986900540254,-2.4802047265182576,-2.14951076298249,-1.8188167994467224,-1.4881228359109546,-1.157428872375187,-0.8267349088394194,-0.4960409453036516,-0.16534698176788387,0.16534698176788387,0.4960409453036516,0.8267349088394189,1.1574288723751867,1.4881228359109544,1.8188167994467221,2.14951076298249,2.4802047265182576,2.8108986900540254,3.141592653589793	-2.7008533275080433,-1.4367099653611781,-1.968972288910444,-2.749674722301486,3.8101714245163203,-9.860561856590682,7.4113348078721,-11.802122623804895,5.767731951438835,-2.864504161040017,-4.307221910593149,5.296083269076915,-11.196144010347663,8.0767581397395,-9.155246541977235,2.944532718359625,-0.3148371786664761,-8.316987092728585,7.023729776739204,-12.757194012915898	sin	0.12	909433,,
909434	-3.141592653589793,-2.8108986900540254,-2.4802047265182576,-2.14951076298249,-1.8188167994467224,-1.4881228359109546,-1.157428872375187,-0.8267349088394194,-0.4960409453036516,-0.16534698176788387,0.16534698176788387,0.4960409453036516,0.8267349088394189,1.1574288723751867,1.4881228359109544,1.8188167994467221,2.14951076298249,2.4802047265182576,2.8108986900540254,3.141592653589793	-1.7600632173976951,-1.6120935543270143,-3.5455070378629614,-2.897405964699405,-1.6316473377221552,2.60913826634812,3.16360539011367,3.6930808139787477,-0.39643099928270953,-4.7126377312005765,-7.9101652246632135,-7.900071044706887,-8.417099857286388,-4.412836467706026,-1.7734412888879127,1.3021927272288583,1.9743147977871658,2.098125383495735,-1.2252627051631828,-5.9909283929970325	sin	0.12	909434,,
909435	-3.141592653589793,-2.8108986900540254,-2.4802047265182576,-2.14951076298249,-1.8188167994467224,-1.4881228359109546,-1.157428872375187,-0.8267349088394194,-0.4960409453036516,-0.16534698176788387,0.16534698176788387,0.4960409453036516,0.8267349088394189,1.1574288723751867,1.4881228359109544,1.8188167994467221,2.14951076298249,2.4802047265182576,2.8108986900540254,3.141592653589793	14.40972320200648,13.522216613505481,13.471041622193024,18.928741549690532,10.13242055694869,21.027184383508487,10.263795495178698,22.68913233047344,7.076858000731983,22.905820074170705,6.306199185773729,23.67615024367579,6.699375265457729,23.351949014641278,8.48711731172025,20.296679005988643,9.294621612375781,18.159250040064098,11.077787203740122,16.340909686410786	sin	0.12	909435,,
909436	-3.141592653589793,-2.8108986900540254,-2.4802047265182576,-2.14951076298249,-1.8188167994467224,-1.4881228359109546,-1.157428872375187,-0.8267349088394194,-0.4960409453036516,-0.16534698176788387,0.16534698176788387,0.4960409453036516,0.8267349088394189,1.1574288723751867,1.4881228359109544,1.8188167994467221,2.14951076298249,2.4802047265182576,2.8108986900540254,3.141592653589793	-4.218663462908266,-5.593466274671188,-5.265253741854061,-4.287685659831171,-4.442614830618901,-5.97300119203472,-7.25504531165108,-6.077222619145282,-3.3074383967709964,-4.619549921991086,-8.809294049720902,-6.688758398914896,-4.903451904450816,-3.6113464687917176,-6.319734698786948,-6.947354074158188,-6.000577592417207,-3.2409985535807078,-4.710789495606673,-5.364565655549141	sin	0.12	909436,,
909437	-3.141592653589793,-2.8108986900540254,-2.4802047265182576,-2.14951076298249,-1.8188167994467224,-1.4881228359109546,-1.157428872375187,-0.8267349088394194,-0.4960409453036516,-0.16534698176788387,0.16534698176788387,0.4960409453036516,0.8267349088394189,1.1574288723751867,1.4881228359109544,1.8188167994467221,2.14951076298249,2.4802047265182576,2.8108986900540254,3.141592653589793	-2.080793601615401,-1.4329848270481396,-0.1808037884294933,-1.112463074801303,-0.742116187607289,-0.22217182751815212,-0.9165257035525016,-1.069761670595688,-2.1265995429199007,-2.2426132843883435,-1.121728418555838,-1.2272238902599062,-1.6052442426013522,0.1300075671000105,-1.2253727812841255,0.5960476954742315,0.2241080588888984,-0.23151781627965828,0.03620721342687805,0.9369236509026271	sin	0.12	909437,,
909438	-3.141592653589793,-2.8108986900540254,-2.4802047265182576,-2.14951076298249,-1.8188167994467224,-1.4881228359109546,-1.157428872375187,-0.8267349088394194,-0.4960409453036516,-0.16534698176788387,0.16534698176788387,0.4960409453036516,0.8267349088394189,1.1574288723751867,1.4881228359109544,1.8188167994467221,2.14951076298249,2.4802047265182576,2.8108986900540254,3.141592653589793	3.1559269037758844,2.079941745684817,2.0350169115064825,2.2180822817508403,0.8485866087571221,2.7979413844341856,1.2729077532253932,4.598192781690286,-0.34755151466378287,3.0178484286438696,-1.4692338154581872,3.569621511632606,1.399079786950331,5.313855895482689,-0.65007737269719,3.9851008265440306,1.0263891135547132,2.8791369159186164,2.442891148668613,2.7444362504456796	sin	0.12	909438,,
909439	-3.141592653589793,-2.8108986900540254,-2.4802047265182576,-2.14951076298249,-1.8188167994467224,-1.4881228359109546,-1.157428872375187,-0.8267349088394194,-0.4960409453036516,-0.16534698176788387,0.16534698176788387,0.4960409453036516,0.8267349088394189,1.1574288723751867,1.4881228359109544,1.8188167994467221,2.14951076298249,2.4802047265182576,2.8108986900540254,3.141592653589793	1.0944016387116111,1.3491045904878156,2.898600595543673,2.682384094184445,0.9540443093723816,1.3375072412077476,0.935383327713943,4.358354332589405,0.3325734976316621,4.44932702843445,-0.8464552149179454,4.873534322145625,0.2553568453355268,5.208793023037728,-0.2883240397207407,5.882047014237077,0.6548289239794025,4.443636767322982,-0.5732518417999817,3.5904434937967515	sin	0.12	909439,,
909440	-3.141592653589793,-2.8108986900540254,-2.4802047265182576,-2.14951076298249,-1.8188167994467224,-1.4881228359109546,-1.157428872375187,-0.8267349088394194,-0.4960409453036516,-0.16534698176788387,0.16534698176788387,0.4960409453036516,0.8267349088394189,1.1574288723751867,1.4881228359109544,1.8188167994467221,2.14951076298249,2.4802047265182576,2.8108986900540254,3.141592653589793	15.325900035152749,13.492184417000981,15.783331184715035,13.15249638399347,12.458947556649228,14.950512403815907,12.409489932115108,13.457272357803099,12.213604306962665,12.196349868415853,14.711254430994192,14.202225850277367,15.318261408859486,14.762306077310411,15.26452276789041,14.572068378836828,15.346002934404705,15.981865278111542,15.346168112937434,14.693705443065944	sin	0.12	909440,,
909441	-3.141592653589793,-2.8108986900540254,-2.4802047265182576,-2.14951076298249,-1.8188167994467224,-1.4881228359109546,-1.157428872375187,-0.8267349088394194,-0.4960409453036516,-0.16534698176788387,0.16534698176788387,0.4960409453036516,0.8267349088394189,1.1574288723751867,1.4881228359109544,1.8188167994467221,2.14951076298249,2.4802047265182576,2.8108986900540254,3.141592653589793	0.9765050483268425,0.03757556196144485,1.3904227121849186,-0.1377682430263718,3.568586749925413,0.19443096848269148,2.628778676673017,-1.8814507814469912,5.802566720344286,-1.2911528339484697,5.3836729412158135,-4.011798602666389,4.8839374605664645,-3.219074724772154,5.632275617746508,-2.976143165087036,4.726879740279092,-1.7374487736707471,3.7075990617685264,-1.4257020249613697	sin	0.12	909441,,
909442	-3.141592653589793,-2.8108986900540254,-2.4802047265182576,-2.14951076298249,-1.8188167994467224,-1.4881228359109546,-1.157428872375187,-0.8267349088394194,-0.4960409453036516,-0.16534698176788387,0.16534698176788387,0.4960409453036516,0.8267349088394189,1.1574288723751867,1.4881228359109544,1.8188167994467221,2.14951076298249,2.4802047265182576,2.8108986900540254,3.141592653589793	9.096552458999906,11.134937145284486,9.6990439441439,9.765862487631633,10.2610306467033,8.916945969947202,7.911076027838083,13.13224041630273,7.496079014596848,12.799721803480544,5.147804838724095,14.870777180827943,3.994664332257802,16.98057068165118,3.3383520953662007,16.553144410888173,4.5408283764477435,16.185886369350523,6.046642640188493,15.395325782783406	sin	0.12	909442,,
909443	-3.141592653589793,-2.8108986900540254,-2.4802047265182576,-2.14951076298249,-1.8188167994467224,-1.4881228359109546,-1.157428872375187,-0.8267349088394194,-0.4960409453036516,-0.16534698176788387,0.16534698176788387,0.4960409453036516,0.8267349088394189,1.1574288723751867,1.4881228359109544,1.8188167994467221,2.14951076298249,2.4802047265182576,2.8108986900540254,3.141592653589793	-1.9389732439869398,-0.435955833807963,-2.94787383466777,-2.745309140225172,1.5423216837145715,-1.7193852296729202,-2.741550913557453,0.7799489895596929,-2.6204019269875527,-1.779846579752618,-1.4387401899678114,-4.826572275568044,1.5397572637391246,-3.1677700479228728,-1.883679716701487,-0.8116813756125456,-2.4759892694394114,-0.8379129738392961,-1.2218236190113503,-4.353743315585856	sin	0.12	909443,,
909444	-3.141592653589793,-2.8108986900540254,-2.4802047265182576,-2.14951076298249,-1.8188167994467224,-1.4881228359109546,-1.157428872375187,-0.8267349088394194,-0.4960409453036516,-0.16534698176788387,0.16534698176788387,0.4960409453036516,0.8267349088394189,1.1574288723751867,1.4881228359109544,1.8188167994467221,2.14951076298249,2.4802047265182576,2.8108986900540254,3.141592653589793	11.265573580930365,10.912864256593865,11.601190726372469,9.623853115549256,11.995452587751648,10.171583664964139,9.825212155763131,10.192463519029344,10.286628598466077,10.404466080625019,9.737490732639749,11.063976103434674,11.468229951912061,12.12228234180694,10.474867606061212,9.683220324825172,9.814151553908584,11.180834525490976,11.213129721252775,11.5655927700012	sin	0.12	909444,,
909445	-3.141592653589793,-2.8108986900540254,-2.4802047265182576,-2.14951076298249,-1.8188167994467224,-1.4881228359109546,-1.157428872375187,-0.8267349088394194,-0.4960409453036516,-0.16534698176788387,0.16534698176788387,0.4960409453036516,0.8267349088394189,1.1574288723751867,1.4881228359109544,1.8188167994467221,2.14951076298249,2.4802047265182576,2.8108986900540254,3.141592653589793	9.803022174797226,10.939799476623225,10.127787571327072,9.853546126093683,2.1382522114240032,12.963026964196164,20.666237171205818,6.691211694304487,0.9541416198979515,14.753773972805497,18.379409820253166,4.892579940281222,4.93410278404083,18.634838850641728,16.873893886256095,2.0916855198492668,7.22607949715103,19.374606321074204,14.520836227817814,1.5183414843924155	sin	0.12	909445,,
909446	-3.141592653589793,-2.8108986900540254,-2.4802047265182576,-2.14951076298249,-1.8188167994467224,-1.4881228359109546,-1.157428872375187,-0.8267349088394194,-0.4960409453036516,-0.16534698176788387,0.16534698176788387,0.4960409453036516,0.8267349088394189,1.1574288723751867,1.4881228359109544,1.8188167994467221,2.14951076298249,2.4802047265182576,2.8108986900540254,3.141592653589793	10.735379336131034,12.073107925955904,13.111222475600279,11.313010089438816,11.345181095308355,10.535488336444809,10.31605908959306,12.447959977343189,10.170188701021802,12.355728941736697,11.468350292871326,12.414048481669626,10.243375706510752,11.391440983150408,11.804221662912479,11.42035821668408,10.186570249471362,10.737497978932844,11.535673304171619,12.88878076302071	sin	0.12	909446,,
909447	-3.141592653589793,-2.8108986900540254,-2.4802047265182576,-2.14951076298249,-1.8188167994467224,-1.4881228359109546,-1.157428872375187,-0.8267349088394194,-0.4960409453036516,-0.16534698176788387,0.16534698176788387,0.4960409453036516,0.8267349088394189,1.1574288723751867,1.4881228359109544,1.8188167994467221,2.14951076298249,2.4802047265182576,2.8108986900540254,3.141592653589793	5.9740712646014575,6.799460848822564,5.627592979226836,8.38773986943438,4.689797745750583,1.8417861474710322,-1.2511107603284022,-1.376176603098747,-3.1323579237567816,-2.556662772690532,0.7074998703602569,2.006743251448892,5.053018455017882,8.846822175991802,12.612183605922175,14.440937084546901,15.767711309273404,15.208701938909513,16.730025403688927,14.693772347017376	sin	0.12	909447,,
909448	-3.141592653589793,-2.8108986900540254,-2.4802047265182576,-2.14951076298249,-1.8188167994467224,-1.4881228359109546,-1.157428872375187,-0.8267349088394194,-0.4960409453036516,-0.16534698176788387,0.16534698176788387,0.4960409453036516,0.8267349088394189,1.1574288723751867,1.4881228359109544,1.8188167994467221,2.14951076298249,2.4802047265182576,2.8108986900540254,3.141592653589793	-5.288836233356662,-10.513924304103288,2.324913901947234,-11.017680150078473,-7.238162322454134,2.1645304921814112,-13.647647281300268,-1.8863360735793648,-2.912255193205132,-13.125414348481982,4.345106459255012,-8.312210160471352,-10.869305918510214,2.64756835474482,-14.25479152691819,-2.5551557201619435,-0.7470845608926862,-14.500322382549511,2.5926710182797024,-4.1365025395444075	sin	0.12	909448,,
909449	-3.141592653589793,-2.8108986900540254,-2.4802047265182576,-2.14951076298249,-1.8188167994467224,-1.4881228359109546,-1.157428872375187,-0.8267349088394194,-0.4960409453036516,-0.16534698176788387,0.16534698176788387,0.4960409453036516,0.8267349088394189,1.1574288723751867,1.4881228359109544,1.8188167994467221,2.14951076298249,2.4802047265182576,2.8108986900540254,3.141592653589793	15.493144697424555,14.105290740702106,13.968702792519528,14.381509624605682,14.01461165517837,14.772200633580216,13.295932440980351,15.777506018980276,15.48278737805513,15.354117419104918,15.125578531469014,15.241850257657951,14.169824042083981,16.1403916524622,16.195564923272205,13.974340366286803,14.440946073038534,15.634780337134405,14.118572114464431,15.397883469050416	sin	0.12	909449,,
909450	-3.141592653589793,-2.8108986900540254,-2.4802047265182576,-2.14951076298249,-1.8188167994467224,-1.4881228359109546,-1.157428872375187,-0.8267349088394194,-0.4960409453036516,-0.16534698176788387,0.16534698176788387,0.4960409453036516,0.8267349088394189,1.1574288723751867,1.4881228359109544,1.8188167994467221,2.14951076298249,2.4802047265182576,2.8108986900540254,3.141592653589793	5.202097690771915,5.196080237021921,6.951002848903444,6.06551499450407,13.04336637920199,-1.6251716956453914,2.6294947481017488,14.34826184526104,1.4968881530743872,-0.5651178493377138,14.17740158974866,5.585347744613635,-0.606024470227605,12.954010340826237,8.047891958769208,-1.108271786834734,9.342816152076383,9.331085790273079,-3.786805085427607,7.385596436456664	sin	0.12	909450,,
909451	-3.141592653589793,-2.8108986900540254,-2.4802047265182576,-2.14951076298249,-1.8188167994467224,-1.4881228359109546,-1.157428872375187,-0.8267349088394194,-0.4960409453036516,-0.16534698176788387,0.16534698176788387,0.4960409453036516,0.8267349088394189,1.1574288723751867,1.4881228359109544,1.8188167994467221,2.14951076298249,2.4802047265182576,2.8108986900540254,3.141592653589793	2.1848865514342926,1.1129373427354334,1.271614794344492,3.4112866020643438,2.837352977751225,0.817765882390896,3.715183130919897,4.604258511921695,2.8109942218642203,3.346629974655662,3.485392460487944,0.8012082121184321,3.1523260722883375,3.3797966368313785,3.2539174847745462,3.0420202330875874,3.7894904852910543,0.7298459801822936,3.046535103129955,2.6135266499012415	sin	0.12	909451,,
909452	-3.141592653589793,-2.8108986900540254,-2.4802047265182576,-2.14951076298249,-1.8188167994467224,-1.4881228359109546,-1.157428872375187,-0.8267349088394194,-0.4960409453036516,-0.16534698176788387,0.16534698176788387,0.4960409453036516,0.8267349088394189,1.1574288723751867,1.4881228359109544,1.8188167994467221,2.14951076298249,2.4802047265182576,2.8108986900540254,3.141592653589793	4.053079426119839,4.426661106090469,4.441758570645177,4.919177540075369,4.697008833619691,2.3854550209464183,5.10776034319738,4.57993770455257,4.217667528756804,4.749298639538144,2.6281935439290773,2.1347193412447254,4.990787096015728,3.5011432273023964,4.182576264285843,5.545056747701974,4.463098115428768,3.0391538998482908,3.6336520962049015,5.618779908892637	sin	0.12	909452,,
909453	-3.141592653589793,-2.8108986900540254,-2.4802047265182576,-2.14951076298249,-1.8188167994467224,-1.4881228359109546,-1.157428872375187,-0.8267349088394194,-0.4960409453036516,-0.16534698176788387,0.16534698176788387,0.4960409453036516,0.8267349088394189,1.1574288723751867,1.4881228359109544,1.8188167994467221,2.14951076298249,2.4802047265182576,2.8108986900540254,3.141592653589793	11.314138435626937,11.027930378775753,12.648609606256388,11.148119443350518,13.502005859055345,7.663075975126043,17.826017952059864,5.364367577080796,16.194874008262218,10.568879836653004,9.778768132893113,15.066309626009357,5.675705408767965,17.917039679981762,6.536926970976866,12.94939833919345,12.742680568654636,6.994514523839459,16.09082162451527,5.843726351654685	sin	0.12	909453,,
909454	-3.141592653589793,-2.8108986900540254,-2.4802047265182576,-2.14951076298249,-1.8188167994467224,-1.4881228359109546,-1.157428872375187,-0.8267349088394194,-0.4960409453036516,-0.16534698176788387,0.16534698176788387,0.4960409453036516,0.8267349088394189,1.1574288723751867,1.4881228359109544,1.8188167994467221,2.14951076298249,2.4802047265182576,2.8108986900540254,3.141592653589793	0.09169207567278725,-0.6078302413227519,-1.8156740274093774,-2.3144302885393486,-0.5926559828807001,-1.0381118848596191,2.4402288547671924,-3.058299287677584,-2.5842747422378167,0.6313796065538799,-3.1518014477252336,-1.144312979843412,-0.01700109181188658,-2.687672246407468,2.0173426707228597,-0.6123845544030431,-2.1723180263843247,1.5220271510219412,-1.0305637833967891,0.10202505432613318	sin	0.12	909454,,
909455	-3.141592653589793,-2.8108986900540254,-2.4802047265182576,-2.14951076298249,-1.8188167994467224,-1.4881228359109546,-1.157428872375187,-0.8267349088394194,-0.4960409453036516,-0.16534698176788387,0.16534698176788387,0.4960409453036516,0.8267349088394189,1.1574288723751867,1.4881228359109544,1.8188167994467221,2.14951076298249,2.4802047265182576,2.8108986900540254,3.141592653589793	6.1901771601631745,5.50330093045776,6.6873534881031755,6.237106610524249,4.752031394100495,5.651859447820133,4.702335935742562,5.211418440355885,4.793554158981472,5.524072078181182,6.436576154683249,5.98490369775648,6.041079656067918,5.382986300049898,7.14656363252084,5.916046551084949,5.915769256470876,6.951127667638777,5.247025034052093,5.32409268476502	sin	0.12	909455,,
909456	-3.141592653589793,-2.8108986900540254,-2.4802047265182576,-2.14951076298249,-1.8188167994467224,-1.4881228359109546,-1.157428872375187,-0.8267349088394194,-0.4960409453036516,-0.16534698176788387,0.16534698176788387,0.4960409453036516,0.8267349088394189,1.1574288723751867,1.4881228359109544,1.8188167994467221,2.14951076298249,2.4802047265182576,2.8108986900540254,3.141592653589793	8.487173377018639,8.03571471852587,8.398145799700254,7.257374865964778,9.050419311594329,9.697021548564894,13.471668953748178,16.534755704754545,13.534999116423904,11.41100471435946,7.776192830270263,2.4031828504125974,0.363351106803673,3.794017323839614,7.278164623815973,10.273015536135002,14.308655527336306,16.280167750139487,15.16158240735713,8.531105516341858	sin	0.12	909456,,
909457	-3.141592653589793,-2.8108986900540254,-2.4802047265182576,-2.14951076298249,-1.8188167994467224,-1.4881228359109546,-1.157428872375187,-0.8267349088394194,-0.4960409453036516,-0.16534698176788387,0.16534698176788387,0.4960409453036516,0.8267349088394189,1.1574288723751867,1.4881228359109544,1.8188167994467221,2.14951076298249,2.4802047265182576,2.8108986900540254,3.141592653589793	-5.956061778062784,-7.3148930099549485,-7.216783859470752,-7.212857108657628,-7.052168619685023,-7.4343846203600705,-12.09741343495492,-5.469114457725715,-1.376031930448093,-8.939435480927273,-11.084408456301768,-3.1920596812195168,-1.0159078464210545,-10.347619152594774,-11.988725489829557,-2.4143882155255394,-1.5020853321693783,-12.773445201225824,-9.971844842289576,-2.4091877704587414	sin	0.12	909457,,
909458	-3.141592653589793,-2.8108986900540254,-2.4802047265182576,-2.14951076298249,-1.8188167994467224,-1.4881228359109546,-1.157428872375187,-0.8267349088394194,-0.4960409453036516,-0.16534698176788387,0.16534698176788387,0.4960409453036516,0.8267349088394189,1.1574288723751867,1.4881228359109544,1.8188167994467221,2.14951076298249,2.4802047265182576,2.8108986900540254,3.141592653589793	-7.806278078621118,-8.152714356098983,-8.212128232508888,-7.780317276020982,-8.024916861221843,-10.645021531890269,-9.617248447940653,-8.353076604943897,-6.782960374513012,-9.890380235705784,-9.135786103590826,-9.446554154094217,-8.643678808835894,-5.974634066099341,-8.829248269556313,-9.89009602485051,-9.567231003840927,-7.985452536229747,-7.701341231578447,-9.634396449233178	sin	0.12	909458,,
909459	-3.141592653589793,-2.8108986900540254,-2.4802047265182576,-2.14951076298249,-1.8188167994467224,-1.4881228359109546,-1.157428872375187,-0.8267349088394194,-0.4960409453036516,-0.16534698176788387,0.16534698176788387,0.4960409453036516,0.8267349088394189,1.1574288723751867,1.4881228359109544,1.8188167994467221,2.14951076298249,2.4802047265182576,2.8108986900540254,3.141592653589793	8.032459482323965,7.694854311898358,8.478331233177087,9.637137897603361,8.17413579934452,9.473509424691196,8.602784491220476,9.194954391304247,9.200212019937482,7.7032054803917145,7.479180879493947,7.750830556712835,7.647748044963757,7.790243595529241,9.777701895626333,8.372867285940153,8.33289631170322,8.884660561403985,7.461659760002053,7.314568199536816	sin	0.12	909459,,
909460	-3.141592653589793,-2.8108986900540254,-2.4802047265182576,-2.14951076298249,-1.8188167994467224,-1.4881228359109546,-1.157428872375187,-0.8267349088394194,-0.4960409453036516,-0.16534698176788387,0.16534698176788387,0.4960409453036516,0.8267349088394189,1.1574288723751867,1.4881228359109544,1.8188167994467221,2.14951076298249,2.4802047265182576,2.8108986900540254,3.141592653589793	-8.449416929869136,-7.809465029428039,-10.900242339276422,-9.812294210334429,-6.673536589549576,-8.606203839755814,-11.193237278908962,-9.303913574928119,-7.157290706869981,-8.704119525863174,-10.963086387909147,-8.780614460654993,-8.28102863581206,-9.087826233188695,-11.096199006928087,-8.545108400283372,-8.583602224914085,-9.542943501264794,-10.37053296057057,-6.848623403351443	sin	0.12	909460,,
909461	-3.141592653589793,-2.8108986900540254,-2.4802047265182576,-2.14951076298249,-1.8188167994467224,-1.4881228359109546,-1.157428872375187,-0.8267349088394194,-0.4960409453036516,-0.16534698176788387,0.16534698176788387,0.4960409453036516,0.8267349088394189,1.1574288723751867,1.4881228359109544,1.8188167994467221,2.14951076298249,2.4802047265182576,2.8108986900540254,3.141592653589793	4.930935474592234,4.009484447604283,4.908703125306871,4.840036229481789,6.797782022681066,6.576040769047151,3.4873498155269864,5.0307831796141755,5.239574318264764,5.470907852486872,3.303930583600228,6.232179258029192,6.408721485035506,3.603082993949985,5.025101105573642,6.5187571458961795,7.124025400581521,3.2262197060261544,4.005369816885675,5.44994400025343	sin	0.12	909461,,
909462	-3.141592653589793,-2.8108986900540254,-2.4802047265182576,-2.14951076298249,-1.8188167994467224,-1.4881228359109546,-1.157428872375187,-0.8267349088394194,-0.4960409453036516,-0.16534698176788387,0.16534698176788387,0.4960409453036516,0.8267349088394189,1.1574288723751867,1.4881228359109544,1.8188167994467221,2.14951076298249,2.4802047265182576,2.8108986900540254,3.141592653589793	-0.863678308848363,-0.7173372716145208,-1.0464000640604132,-1.4404746339703012,-2.2620435223201314,-0.668772112241907,0.8160393830012396,-0.013981589184737686,1.2677992357035954,1.226451642785844,-3.0833629501127104,-2.5421305445138644,-5.654637975279927,-5.343554630077472,-3.2065555704156896,-0.7104932958003971,0.07362804246575294,2.051102552448694,0.02484335199047827,-1.3744170762421675	sin	0.12	909462,,
909463	-3.141592653589793,-2.8108986900540254,-2.4802047265182576,-2.14951076298249,-1.8188167994467224,-1.4881228359109546,-1.157428872375187,-0.8267349088394194,-0.4960409453036516,-0.16534698176788387,0.16534698176788387,0.4960409453036516,0.8267349088394189,1.1574288723751867,1.4881228359109544,1.8188167994467221,2.14951076298249,2.4802047265182576,2.8108986900540254,3.141592653589793	2.6675181915139303,0.8345802795693942,-5.156132962041233,4.859044794860971,8.352405103578846,0.1748824902954329,-5.848187192344147,6.748047226193371,9.219616073582097,-3.683280302521079,-3.1583939814934334,7.988607510405895,5.618676467218311,-3.6135303771639364,-0.2664740061176758,8.960860633254185,5.177988465520466,-6.85940662393701,0.1651328584645011,9.62410270209153	sin	0.12	909463,,
909464	-3.141592653589793,-2.8108986900540254,-2.4802047265182576,-2.14951076298249,-1.8188167994467224,-1.4881228359109546,-1.157428872375187,-0.8267349088394194,-0.4960409453036516,-0.16534698176788387,0.16534698176788387,0.4960409453036516,0.8267349088394189,1.1574288723751867,1.4881228359109544,1.8188167994467221,2.14951076298249,2.4802047265182576,2.8108986900540254,3.141592653589793	7.185295921525503,6.04599613959186,5.139603858930178,12.276451948426246,8.91174676979646,2.3435034951704834,3.3594257874225053,8.524021817941628,12.191810647889497,6.66096550871432,1.1001242537848204,4.2469092996461875,8.154735175503463,12.152767408393157,5.91789042105305,1.0164268286148008,5.966929509886796,11.348494959636845,10.473679823147169,4.843193805460787	sin	0.12	909464,,
909465	-3.141592653589793,-2.8108986900540254,-2.4802047265182576,-2.14951076298249,-1.8188167994467224,-1.4881228359109546,-1.157428872375187,-0.8267349088394194,-0.4960409453036516,-0.16534698176788387,0.16534698176788387,0.4960409453036516,0.8267349088394189,1.1574288723751867,1.4881228359109544,1.8188167994467221,2.14951076298249,2.4802047265182576,2.8108986900540254,3.141592653589793	11.574459152627517,11.430231666416926,13.25167946890508,13.051648346807436,13.030120458317809,11.619091806155463,13.318032124467063,15.157699356866992,12.685911999738815,14.66302094393451,13.734914908653597,11.687456193435153,13.387586777875867,12.216549847294075,13.308320272511635,13.099509572275382,11.826118972083645,13.866599185808573,12.410400384612167,12.455335225942619	sin	0.12	909465,,
909466	-3.141592653589793,-2.8108986900540254,-2.4802047265182576,-2.14951076298249,-1.8188167994467224,-1.4881228359109546,-1.157428872375187,-0.8267349088394194,-0.4960409453036516,-0.16534698176788387,0.16534698176788387,0.4960409453036516,0.8267349088394189,1.1574288723751867,1.4881228359109544,1.8188167994467221,2.14951076298249,2.4802047265182576,2.8108986900540254,3.141592653589793	2.213375426851754,3.846513181532781,-3.3270357385998865,3.580796168977254,7.939411938561751,1.570164443028903,-3.7175685776358263,7.219971958980899,7.816947015627422,-0.7112376456578247,-1.8307776587484124,8.132052560098314,6.547079220963033,-2.430841824676868,0.8977338231529055,8.131363309532237,3.5956161336129244,-2.0380429603556105,2.6071849713312547,9.029363981664801	sin	0.12	909466,,
909467	-3.141592653589793,-2.8108986900540254,-2.4802047265182576,-2.14951076298249,-1.8188167994467224,-1.4881228359109546,-1.157428872375187,-0.8267349088394194,-0.4960409453036516,-0.16534698176788387,0.16534698176788387,0.4960409453036516,0.8267349088394189,1.1574288723751867,1.4881228359109544,1.8188167994467221,2.14951076298249,2.4802047265182576,2.8108986900540254,3.141592653589793	-4.1153893670624795,-4.345516793654139,-10.198034613609124,1.7844751584553116,-10.664009145095438,-6.056935422246862,1.5492938727183585,-13.460781967456903,-2.086219566587502,-3.7419997009866215,-12.87173224717307,0.3467701867216899,-9.055621168975659,-10.246669916682498,0.39316534765817757,-11.9497040830985,-5.278273794209422,-0.17452675585102817,-14.054288196950312,0.3635304374351076	sin	0.12	909467,,
909468	-3.141592653589793,-2.8108986900540254,-2.4802047265182576,-2.14951076298249,-1.8188167994467224,-1.4881228359109546,-1.157428872375187,-0.8267349088394194,-0.4960409453036516,-0.16534698176788387,0.16534698176788387,0.4960409453036516,0.8267349088394189,1.1574288723751867,1.4881228359109544,1.8188167994467221,2.14951076298249,2.4802047265182576,2.8108986900540254,3.141592653589793	16.51221303662519,12.597559220546998,18.491768935092438,21.809586082194176,16.49413059942789,14.582168469610675,18.369939264725453,20.719143753316004,15.599097693302753,13.792472078707938,20.555874175287364,21.07992293170407,14.392278458395285,15.97831270929525,21.979857673463556,18.398221703311172,14.86702005089132,17.705780922864854,22.49554155614613,17.87412464542139	sin	0.12	909468,,
909469	-3.141592653589793,-2.8108986900540254,-2.4802047265182576,-2.14951076298249,-1.8188167994467224,-1.4881228359109546,-1.157428872375187,-0.8267349088394194,-0.4960409453036516,-0.16534698176788387,0.16534698176788387,0.4960409453036516,0.8267349088394189,1.1574288723751867,1.4881228359109544,1.8188167994467221,2.14951076298249,2.4802047265182576,2.8108986900540254,3.141592653589793	21.121934999931145,13.317592273917908,12.344211943392466,18.119650204981276,27.75710275610317,30.502515136065924,24.11710699559324,13.115092054956246,11.49603746986207,16.385873244066538,25.732045546225113,30.07337902949216,27.350090922547807,16.130795315077496,11.901598769797836,13.249292936533738,23.277714464703983,29.694494575584123,28.238764453132035,20.118425066258162	sin	0.12	909469,,
909470	-3.141592653589793,-2.8108986900540254,-2.4802047265182576,-2.14951076298249,-1.8188167994467224,-1.4881228359109546,-1.157428872375187,-0.8267349088394194,-0.4960409453036516,-0.16534698176788387,0.16534698176788387,0.4960409453036516,0.8267349088394189,1.1574288723751867,1.4881228359109544,1.8188167994467221,2.14951076298249,2.4802047265182576,2.8108986900540254,3.141592653589793	18.967870794104506,17.228177040954552,19.87970629086581,17.75873111844225,17.9859410194981,18.007192228645707,14.897773736061279,15.793453804033257,13.764645662216811,13.531191967278062,16.315732016117476,14.633697275441193,17.17894483925287,16.899910005452707,18.19743946528373,19.764554353470228,21.22837106090567,22.590156325729254,21.284148521903347,23.07960328231727	sin	0.12	909470,,
909471	-3.141592653589793,-2.8108986900540254,-2.4802047265182576,-2.14951076298249,-1.8188167994467224,-1.4881228359109546,-1.157428872375187,-0.8267349088394194,-0.4960409453036516,-0.16534698176788387,0.16534698176788387,0.4960409453036516,0.8267349088394189,1.1574288723751867,1.4881228359109544,1.8188167994467221,2.14951076298249,2.4802047265182576,2.8108986900540254,3.141592653589793	18.576612881646188,17.761177872102525,19.74698948148348,18.557307460359933,18.356643150701007,18.39915095202171,18.838328056647683,22.57206645504136,15.299151995498704,23.706481594527922,12.073937574138895,26.713470571756474,11.529544141226525,27.39866575546008,11.635891204219964,26.824913842692716,11.062365882629638,26.357134407754756,12.334594305043847,25.637600012333394	sin	0.12	909471,,
909472	-3.141592653589793,-2.8108986900540254,-2.4802047265182576,-2.14951076298249,-1.8188167994467224,-1.4881228359109546,-1.157428872375187,-0.8267349088394194,-0.4960409453036516,-0.16534698176788387,0.16534698176788387,0.4960409453036516,0.8267349088394189,1.1574288723751867,1.4881228359109544,1.8188167994467221,2.14951076298249,2.4802047265182576,2.8108986900540254,3.141592653589793	3.954123931176863,3.9318439068290076,1.3995489592038517,3.294645481434611,3.5066195659178225,2.917673542357767,2.58957413883115,1.6432756555450085,4.361525945198386,1.8525955053118444,3.262866431470266,2.812225086663882,4.115715080701703,2.608958217238262,2.7959845105972976,1.6416153755509182,4.3760885765354125,1.1838965966928283,4.66937990762154,3.2732319410485684	sin	0.12	909472,,
909473	-3.141592653589793,-2.8108986900540254,-2.4802047265182576,-2.14951076298249,-1.8188167994467224,-1.4881228359109546,-1.157428872375187,-0.8267349088394194,-0.4960409453036516,-0.16534698176788387,0.16534698176788387,0.4960409453036516,0.8267349088394189,1.1574288723751867,1.4881228359109544,1.8188167994467221,2.14951076298249,2.4802047265182576,2.8108986900540254,3.141592653589793	-2.674608250289124,-1.8611795604915655,-2.704570335218784,-3.147581895979228,-3.3897242558328364,-1.7753769744798658,-4.696752860589858,-5.495476256237117,-6.973735069921679,-7.845082049533109,-6.616905586748959,-6.435715574287421,-5.736509130385924,-6.036537495876628,-4.079932125797687,-2.1834590611022264,-0.22218810791786003,-1.2603915592795398,1.469860772941208,-0.2719383509939215	sin	0.12	909473,,
909474	-3.141592653589793,-2.8108986900540254,-2.4802047265182576,-2.14951076298249,-1.8188167994467224,-1.4881228359109546,-1.157428872375187,-0.8267349088394194,-0.4960409453036516,-0.16534698176788387,0.16534698176788387,0.4960409453036516,0.8267349088394189,1.1574288723751867,1.4881228359109544,1.8188167994467221,2.14951076298249,2.4802047265182576,2.8108986900540254,3.141592653589793	10.307461305406084,9.659629541032025,10.22270293427746,10.010923639469324,9.859799635803245,14.39506576613201,14.767378966704754,15.207626250325674,11.617482203454172,7.450755515228414,5.818284225530627,2.621207698376372,5.057797905279003,8.73146957091702,10.944456218781568,15.990408296476069,16.36801872198974,13.807705732340036,11.41179329366885,5.720878735043788	sin	0.12	909474,,
909475	-3.141592653589793,-2.8108986900540254,-2.4802047265182576,-2.14951076298249,-1.8188167994467224,-1.4881228359109546,-1.157428872375187,-0.8267349088394194,-0.4960409453036516,-0.16534698176788387,0.16534698176788387,0.4960409453036516,0.8267349088394189,1.1574288723751867,1.4881228359109544,1.8188167994467221,2.14951076298249,2.4802047265182576,2.8108986900540254,3.141592653589793	19.899206677514375,13.101634095195516,19.449944239821317,25.478739005417495,16.448049773744543,13.2848595367897,22.73443124583583,24.608635569946216,16.594889847922474,13.576011324846748,25.32413404613759,23.878103148142966,15.128292576495532,15.161691308986274,27.317588782344806,20.746588557332487,12.976410585194422,19.17751630416676,27.04787575803293,18.592502272584586	sin	0.12	909475,,
909476	-3.141592653589793,-2.8108986900540254,-2.4802047265182576,-2.14951076298249,-1.8188167994467224,-1.4881228359109546,-1.157428872375187,-0.8267349088394194,-0.4960409453036516,-0.16534698176788387,0.16534698176788387,0.4960409453036516,0.8267349088394189,1.1574288723751867,1.4881228359109544,1.8188167994467221,2.14951076298249,2.4802047265182576,2.8108986900540254,3.141592653589793	5.973445019010229,8.43267670282692,8.681439862288578,8.162541464374522,6.583693743053095,5.752248005033338,7.425508006961449,5.463177190143745,6.292232335709667,6.436570598253636,7.826197351236049,6.228544557784108,5.897971796286935,8.356895661595956,8.762275257669753,9.18057395139936,9.325666777458089,8.9885413436304,6.92811699408359,7.120858240081677	sin	0.12	909476,,
909477	-3.141592653589793,-2.8108986900540254,-2.4802047265182576,-2.14951076298249,-1.8188167994467224,-1.4881228359109546,-1.157428872375187,-0.8267349088394194,-0.4960409453036516,-0.16534698176788387,0.16534698176788387,0.4960409453036516,0.8267349088394189,1.1574288723751867,1.4881228359109544,1.8188167994467221,2.14951076298249,2.4802047265182576,2.8108986900540254,3.141592653589793	-3.344135269382141,-5.724377896695527,-5.8659036684739565,-7.663882083398738,-2.256035830891209,-8.163045185399781,2.9880629516711643,-12.118657121480442,3.254018431948948,-13.197510039760411,4.384503445786681,-16.01794499924005,5.232527893022038,-15.534507981391597,5.072608896745386,-11.661957340509396,3.670515334321582,-9.375548411138038,-0.9977446313721803,-8.953177232827784	sin	0.12	909477,,
909478	-3.141592653589793,-2.8108986900540254,-2.4802047265182576,-2.14951076298249,-1.8188167994467224,-1.4881228359109546,-1.157428872375187,-0.8267349088394194,-0.4960409453036516,-0.16534698176788387,0.16534698176788387,0.4960409453036516,0.8267349088394189,1.1574288723751867,1.4881228359109544,1.8188167994467221,2.14951076298249,2.4802047265182576,2.8108986900540254,3.141592653589793	5.699120687133338,5.89840184127058,5.8093814898184375,4.869393556113147,3.7850205264773544,7.414862831583637,0.13377647463217235,12.674692633111963,0.04430376686803994,13.091122760002683,-1.1324779174808324,14.285186276864549,-2.034595155958678,15.053515023616473,-1.98164752304384,12.775385898918563,-1.3044555453771007,11.289279845509439,-0.2420210237780922,8.547316791184489	sin	0.12	909478,,
909479	-3.141592653589793,-2.8108986900540254,-2.4802047265182576,-2.14951076298249,-1.8188167994467224,-1.4881228359109546,-1.157428872375187,-0.8267349088394194,-0.4960409453036516,-0.16534698176788387,0.16534698176788387,0.4960409453036516,0.8267349088394189,1.1574288723751867,1.4881228359109544,1.8188167994467221,2.14951076298249,2.4802047265182576,2.8108986900540254,3.141592653589793	7.171435674781627,7.259169887164254,8.248169134664952,6.695330343724601,7.343316919740177,5.542731900989583,5.515006470046292,5.231682746781157,5.3569439152012785,5.125009114544129,2.9076490825858676,4.406159435135928,4.2000300567450655,6.5045653794966825,7.583105524819834,6.393275545151592,9.608413904331915,7.848789842182376,9.22410649581316,10.912750017093156	sin	0.12	909479,,
909480	-3.141592653589793,-2.8108986900540254,-2.4802047265182576,-2.14951076298249,-1.8188167994467224,-1.4881228359109546,-1.157428872375187,-0.8267349088394194,-0.4960409453036516,-0.16534698176788387,0.16534698176788387,0.4960409453036516,0.8267349088394189,1.1574288723751867,1.4881228359109544,1.8188167994467221,2.14951076298249,2.4802047265182576,2.8108986900540254,3.141592653589793	0.24370737122227304,0.09992867776948877,5.016617075784531,0.5775800351136251,-3.678669386235332,-3.494189228323581,1.1725370667471182,3.06578024645162,-0.3873381075436555,-2.7561912123132872,-2.4105997759848226,1.7180521332757621,3.712627569112046,-0.6745057081002352,-5.0769947356622325,-1.059809146646697,3.2574645001939615,2.6040043418678627,-2.9543619966391983,-4.314321606322237	sin	0.12	909480,,
909481	-3.141592653589793,-2.8108986900540254,-2.4802047265182576,-2.14951076298249,-1.8188167994467224,-1.4881228359109546,-1.157428872375187,-0.8267349088394194,-0.4960409453036516,-0.16534698176788387,0.16534698176788387,0.4960409453036516,0.8267349088394189,1.1574288723751867,1.4881228359109544,1.8188167994467221,2.14951076298249,2.4802047265182576,2.8108986900540254,3.141592653589793	4.972968852258642,5.201767949645589,5.002915131407924,5.063342392262435,5.197815821338166,5.032231578546091,6.320000774267555,6.379485272118492,8.202036482006264,5.370578022550849,8.307201166528335,4.021925198173292,7.232747636117322,5.527341791026586,7.273125640917438,6.596498863124355,7.288750180585103,5.753807521434991,4.640928281578421,6.913144499517388	sin	0.12	909481,,
909482	-3.141592653589793,-2.8108986900540254,-2.4802047265182576,-2.14951076298249,-1.8188167994467224,-1.4881228359109546,-1.157428872375187,-0.8267349088394194,-0.4960409453036516,-0.16534698176788387,0.16534698176788387,0.4960409453036516,0.8267349088394189,1.1574288723751867,1.4881228359109544,1.8188167994467221,2.14951076298249,2.4802047265182576,2.8108986900540254,3.141592653589793	15.269470163051093,12.918574070496321,14.59439589809081,14.588890628123629,22.415083044735788,17.67920033422327,9.336491440133212,7.503208159417154,15.350110430482262,20.147176933336223,16.131976542020574,9.204520280674615,8.957613026161884,18.122724898337978,20.597836563294337,13.879123978257738,8.498848560878528,12.069628286799643,21.265350173695772,18.51029370366782	sin	0.12	909482,,
909483	-3.141592653589793,-2.8108986900540254,-2.4802047265182576,-2.14951076298249,-1.8188167994467224,-1.4881228359109546,-1.157428872375187,-0.8267349088394194,-0.4960409453036516,-0.16534698176788387,0.16534698176788387,0.4960409453036516,0.8267349088394189,1.1574288723751867,1.4881228359109544,1.8188167994467221,2.14951076298249,2.4802047265182576,2.8108986900540254,3.141592653589793	2.693435790681598,0.8052027156217219,-0.012716707354622159,2.2920475787204335,0.5891119264784059,2.689547894093458,0.2455749972212069,4.547063844038747,-3.230624603269174,4.1346430993054515,-3.2383201182011057,6.590699719499182,-3.7211280934872066,5.161872579920878,-2.169559159242219,6.105666057825063,-2.8716537238114497,5.1874030084929235,-1.5861485306083472,4.833196393260195	sin	0.12	909483,,
909484	-3.141592653589793,-2.8108986900540254,-2.4802047265182576,-2.14951076298249,-1.8188167994467224,-1.4881228359109546,-1.157428872375187,-0.8267349088394194,-0.4960409453036516,-0.16534698176788387,0.16534698176788387,0.4960409453036516,0.8267349088394189,1.1574288723751867,1.4881228359109544,1.8188167994467221,2.14951076298249,2.4802047265182576,2.8108986900540254,3.141592653589793	-0.3501404886929116,-8.966145561384154,3.048629279526258,8.367849527545795,-1.6292003754787365,-6.697225000193187,3.7169253474211805,8.207681589183377,-5.31859103012535,-5.576995562678444,8.541532965796646,6.188636892973576,-5.798838205043781,-4.553700362160063,8.554269419601566,3.15325536631292,-8.795209884686427,-2.4088739847286926,8.885573642982068,-0.6570678423064278	sin	0.12	909484,,
909485	-3.141592653589793,-2.8108986900540254,-2.4802047265182576,-2.14951076298249,-1.8188167994467224,-1.4881228359109546,-1.157428872375187,-0.8267349088394194,-0.4960409453036516,-0.16534698176788387,0.16534698176788387,0.4960409453036516,0.8267349088394189,1.1574288723751867,1.4881228359109544,1.8188167994467221,2.14951076298249,2.4802047265182576,2.8108986900540254,3.141592653589793	-0.7395538787484206,-2.339608052762342,-2.018229275987128,2.2639734606215685,-8.6263978780099,5.721293429896715,-8.609747775237906,3.5083855279961584,-3.6676788956453485,-5.895101272038356,4.124303303637028,-7.836333763030857,3.9071617454893524,-6.506485804260754,-0.01822997246508784,-1.519566910740327,-6.440426177676798,5.744039564449018,-10.373906762901516,3.087885939288169	sin	0.12	909485,,
909486	-3.141592653589793,-2.8108986900540254,-2.4802047265182576,-2.14951076298249,-1.8188167994467224,-1.4881228359109546,-1.157428872375187,-0.8267349088394194,-0.4960409453036516,-0.16534698176788387,0.16534698176788387,0.4960409453036516,0.8267349088394189,1.1574288723751867,1.4881228359109544,1.8188167994467221,2.14951076298249,2.4802047265182576,2.8108986900540254,3.141592653589793	10.772390065204327,11.828689610307826,10.878326129313667,11.48177870699362,11.428294636191938,11.22637054608528,13.862890209888398,10.977831234065441,12.362128167624583,10.008750329404698,12.29486364959227,13.012243263049204,10.801170447000297,11.927842724897237,10.764974166040215,12.941041542508103,10.306731391450652,9.997935928746028,13.221471019635487,10.694152566513605	sin	0.12	909486,,
909487	-3.141592653589793,-2.8108986900540254,-2.4802047265182576,-2.14951076298249,-1.8188167994467224,-1.4881228359109546,-1.157428872375187,-0.8267349088394194,-0.4960409453036516,-0.16534698176788387,0.16534698176788387,0.4960409453036516,0.8267349088394189,1.1574288723751867,1.4881228359109544,1.8188167994467221,2.14951076298249,2.4802047265182576,2.8108986900540254,3.141592653589793	-4.787675104821597,-6.554782754368766,-4.628859860577723,-7.297210383282524,-2.807827271279759,-10.015141787472013,-0.5091068332148261,-14.27674064333246,1.5153723392411678,-16.24457722119866,4.855817988072916,-15.655872737645828,2.7226300808153745,-17.031023672448754,4.628425142215786,-15.311947164184456,1.8381497775745093,-11.53397171382608,-0.20074142202131284,-9.098839175491083	sin	0.12	909487,,
909488	-3.141592653589793,-2.8108986900540254,-2.4802047265182576,-2.14951076298249,-1.8188167994467224,-1.4881228359109546,-1.157428872375187,-0.8267349088394194,-0.4960409453036516,-0.16534698176788387,0.16534698176788387,0.4960409453036516,0.8267349088394189,1.1574288723751867,1.4881228359109544,1.8188167994467221,2.14951076298249,2.4802047265182576,2.8108986900540254,3.141592653589793	13.34247942114949,11.63164680305673,8.23919355110382,19.03922031125681,10.335030450591482,10.50107685704655,17.94465873848939,6.387963871920974,15.309742497841565,16.319701757274174,7.363471901175682,18.05043367957949,9.576415313114822,10.587651084734738,18.82659175999942,9.206444220561028,14.49476955588386,17.550101835970292,7.035833596536344,18.520676948081572	sin	0.12	909488,,
909489	-3.141592653589793,-2.8108986900540254,-2.4802047265182576,-2.14951076298249,-1.8188167994467224,-1.4881228359109546,-1.157428872375187,-0.8267349088394194,-0.4960409453036516,-0.16534698176788387,0.16534698176788387,0.4960409453036516,0.8267349088394189,1.1574288723751867,1.4881228359109544,1.8188167994467221,2.14951076298249,2.4802047265182576,2.8108986900540254,3.141592653589793	5.6753692479279225,4.914096306874175,5.023956160276368,4.899099463785035,7.207665861338981,4.359102132738871,6.292735123941593,3.402402600565785,5.913017538857943,8.509067120929593,4.585574391851143,3.3291924563869575,8.867745635830234,4.298997744402836,5.421922660332515,7.36199409069276,6.7515508571897005,2.528644984565638,7.679129581987232,5.315792889227316	sin	0.12	909489,,
909490	-3.141592653589793,-2.8108986900540254,-2.4802047265182576,-2.14951076298249,-1.8188167994467224,-1.4881228359109546,-1.157428872375187,-0.8267349088394194,-0.4960409453036516,-0.16534698176788387,0.16534698176788387,0.4960409453036516,0.8267349088394189,1.1574288723751867,1.4881228359109544,1.8188167994467221,2.14951076298249,2.4802047265182576,2.8108986900540254,3.141592653589793	5.7028671740737575,4.7645515786087955,3.280725305255886,5.931996545820198,4.828928360255572,4.413614601298898,2.4723202440136194,5.609593161789505,0.7876597364890587,9.355758566926745,2.0580208439263092,9.265816161440128,-0.8305364170956158,9.688909893095982,1.6440683990930665,7.311081458300849,0.6568732393027945,7.306291978844985,3.440503982319402,5.483250046589088	sin	0.12	909490,,
909491	-3.141592653589793,-2.8108986900540254,-2.4802047265182576,-2.14951076298249,-1.8188167994467224,-1.4881228359109546,-1.157428872375187,-0.8267349088394194,-0.4960409453036516,-0.16534698176788387,0.16534698176788387,0.4960409453036516,0.8267349088394189,1.1574288723751867,1.4881228359109544,1.8188167994467221,2.14951076298249,2.4802047265182576,2.8108986900540254,3.141592653589793	1.0778808686070867,0.662061213056079,2.045769826287701,0.19620583201848163,2.1973850813822633,1.4557416842812074,1.1393453021846103,0.42785869730675685,0.7298293597829542,1.7744698387031423,2.542557716842863,0.7530020578267322,1.1211812131734282,1.3302547239487215,0.7364359623139887,0.19147031230148848,1.3793395125576753,1.7714542765904735,2.5223829697038136,-0.014341840869176004	sin	0.12	909491,,
909492	-3.141592653589793,-2.8108986900540254,-2.4802047265182576,-2.14951076298249,-1.8188167994467224,-1.4881228359109546,-1.157428872375187,-0.8267349088394194,-0.4960409453036516,-0.16534698176788387,0.16534698176788387,0.4960409453036516,0.8267349088394189,1.1574288723751867,1.4881228359109544,1.8188167994467221,2.14951076298249,2.4802047265182576,2.8108986900540254,3.141592653589793	-0.026936304073291506,0.47906519351637034,-1.3925094209887545,0.10562896306585756,0.43209476843769457,0.6457032522337602,-0.6952241277486308,0.3260671602593104,-0.8976243215870952,-0.48243066055177186,-0.6894404532571077,0.4066527755115823,-0.5224557648774049,0.37222733254288576,-0.7688613597423783,0.5120202625415922,0.32319027969670167,-1.0203230230714198,-0.11081411039408628,0.6297277799640848	sin	0.12	909492,,
909493	-3.141592653589793,-2.8108986900540254,-2.4802047265182576,-2.14951076298249,-1.8188167994467224,-1.4881228359109546,-1.157428872375187,-0.8267349088394194,-0.4960409453036516,-0.16534698176788387,0.16534698176788387,0.4960409453036516,0.8267349088394189,1.1574288723751867,1.4881228359109544,1.8188167994467221,2.14951076298249,2.4802047265182576,2.8108986900540254,3.141592653589793	-7.579703413687115,-5.688647630045063,-4.957982385683552,-7.868180593800238,-7.214004507987742,0.4964526495338575,1.8114224485291892,0.40926074349788344,-0.7607569344631138,-8.966560112813799,-13.547222284632934,-14.880780784632105,-13.010322900125832,-10.677709841649738,-2.630420410198104,-0.35843302652444287,1.8587379458347097,0.47069746654202405,-5.687999721710354,-12.170260038186832	sin	0.12	909493,,
909494	-3.141592653589793,-2.8108986900540254,-2.4802047265182576,-2.14951076298249,-1.8188167994467224,-1.4881228359109546,-1.157428872375187,-0.8267349088394194,-0.4960409453036516,-0.16534698176788387,0.16534698176788387,0.4960409453036516,0.8267349088394189,1.1574288723751867,1.4881228359109544,1.8188167994467221,2.14951076298249,2.4802047265182576,2.8108986900540254,3.141592653589793	-2.8310506329199114,-1.7108672052608753,-3.305231461591312,-6.445541817451624,0.32927326964632186,-6.525493399443736,-3.093608823515856,-0.4549338974952164,-6.335648999289153,-1.9679953470699179,-2.796880265516208,-7.581407723108892,0.35375999010765824,-5.356327065167498,-4.872208506485839,1.1087376518965808,-7.263491681175516,-2.3434473142612093,0.6736837839580154,-6.67696567144859	sin	0.12	909494,,
909495	-3.141592653589793,-2.8108986900540254,-2.4802047265182576,-2.14951076298249,-1.8188167994467224,-1.4881228359109546,-1.157428872375187,-0.8267349088394194,-0.4960409453036516,-0.16534698176788387,0.16534698176788387,0.4960409453036516,0.8267349088394189,1.1574288723751867,1.4881228359109544,1.8188167994467221,2.14951076298249,2.4802047265182576,2.8108986900540254,3.141592653589793	-1.8640565349205778,1.975961322169173,1.383553642307584,0.1202052394818196,1.2868827680318065,-0.32163424075895364,-2.743621100361163,-4.946744432641078,-4.252597678177753,-2.425495636091232,0.9712908909253306,-0.1728091714581641,2.1347986241685204,0.46328512461889115,-0.992484671868235,-1.6235465606736836,-2.7198925397304294,-2.8544021253608336,-2.722743243892359,-1.0978719063513829	sin	0.12	909495,,
909496	-3.141592653589793,-2.8108986900540254,-2.4802047265182576,-2.14951076298249,-1.8188167994467224,-1.4881228359109546,-1.157428872375187,-0.8267349088394194,-0.4960409453036516,-0.16534698176788387,0.16534698176788387,0.4960409453036516,0.8267349088394189,1.1574288723751867,1.4881228359109544,1.8188167994467221,2.14951076298249,2.4802047265182576,2.8108986900540254,3.141592653589793	8.361945562584667,8.77359651912636,8.4343998451135,9.223308798515866,9.856221917399203,8.875009479207538,9.611604140609602,6.393177189309238,8.84153113419483,8.780722559642332,10.372727713331987,6.1564307340702324,10.25494719199399,8.03117099453032,9.659433270693958,7.562563201933919,8.902397803735727,8.037133446881427,7.3239058560819315,9.372660852897752	sin	0.12	909496,,
909497	-3.141592653589793,-2.8108986900540254,-2.4802047265182576,-2.14951076298249,-1.8188167994467224,-1.4881228359109546,-1.157428872375187,-0.8267349088394194,-0.4960409453036516,-0.16534698176788387,0.16534698176788387,0.4960409453036516,0.8267349088394189,1.1574288723751867,1.4881228359109544,1.8188167994467221,2.14951076298249,2.4802047265182576,2.8108986900540254,3.141592653589793	1.1142893953226025,6.388992864674339,4.093857511342297,-4.020266135878339,-5.5756204831572465,2.90396656639929,6.904562411380306,1.989592198263563,-6.856078770969191,-5.752898593777783,5.424839615883179,5.407835926086661,-1.4334923227404772,-6.439305781375159,-2.7679978507275025,6.961707132080955,3.752301533030174,-3.538770939299238,-7.979836525461463,-1.7850028833907157	sin	0.12	909497,,
909498	-3.141592653589793,-2.8108986900540254,-2.4802047265182576,-2.14951076298249,-1.8188167994467224,-1.4881228359109546,-1.157428872375187,-0.8267349088394194,-0.4960409453036516,-0.16534698176788387,0.16534698176788387,0.4960409453036516,0.8267349088394189,1.1574288723751867,1.4881228359109544,1.8188167994467221,2.14951076298249,2.4802047265182576,2.8108986900540254,3.141592653589793	1.8918001901921575,3.28092251259031,4.481275920151222,1.5598435506802475,2.828165257118302,3.7213036131408606,1.8969010420440595,2.9857689105379013,1.8085909590594387,4.480560500260895,2.507288989253618,0.9391676276541983,2.851409526501923,3.4663890739691716,4.723064164333225,2.6286369623033985,2.89535442176671,2.686815053148149,4.496820568049287,3.4682836414655753	sin	0.12	909498,,
909499	-3.141592653589793,-2.8108986900540254,-2.4802047265182576,-2.14951076298249,-1.8188167994467224,-1.4881228359109546,-1.157428872375187,-0.8267349088394194,-0.4960409453036516,-0.16534698176788387,0.16534698176788387,0.4960409453036516,0.8267349088394189,1.1574288723751867,1.4881228359109544,1.8188167994467221,2.14951076298249,2.4802047265182576,2.8108986900540254,3.141592653589793	2.7791127064380934,0.8381390965861946,3.371321549889014,2.0972224488922526,3.48935689212545,0.9325333269877842,2.387187586585921,0.7587741776743766,1.8759901083415365,1.2625938487820794,2.38735717191923,2.752328226791843,4.162966236028461,1.7556544290156437,4.1241370379025035,2.1519982344749096,3.218058857705354,0.33066283962758325,3.948968935460836,0.8933169550942477	sin	0.12	909499,,
909500	-3.141592653589793,-2.8108986900540254,-2.4802047265182576,-2.14951076298249,-1.8188167994467224,-1.4881228359109546,-1.157428872375187,-0.8267349088394194,-0.4960409453036516,-0.16534698176788387,0.16534698176788387,0.4960409453036516,0.8267349088394189,1.1574288723751867,1.4881228359109544,1.8188167994467221,2.14951076298249,2.4802047265182576,2.8108986900540254,3.141592653589793	3.2611795147803115,4.046612132145069,4.245480842652865,5.057558522954361,4.027734037449046,3.5983723414139397,5.119813457290286,1.1963991754379464,5.144897031400158,1.319169871700696,4.832117535588118,2.7537686844221643,4.236227411875954,5.317366403886883,3.3884926467351963,6.946230323399842,3.6699596493336193,3.594991667649814,5.435357631796254,4.528411131160016	sin	0.12	909500,,
909501	-3.141592653589793,-2.8108986900540254,-2.4802047265182576,-2.14951076298249,-1.8188167994467224,-1.4881228359109546,-1.157428872375187,-0.8267349088394194,-0.4960409453036516,-0.16534698176788387,0.16534698176788387,0.4960409453036516,0.8267349088394189,1.1574288723751867,1.4881228359109544,1.8188167994467221,2.14951076298249,2.4802047265182576,2.8108986900540254,3.141592653589793	21.27940908912141,20.897061754330913,20.59289043694899,18.751978336716697,18.528166356590198,12.495351462199373,20.811468796245418,26.812005292372657,16.360788740289422,13.375238200491438,22.79595862571566,26.46610750472059,15.348172108029683,13.06920394577046,25.543596728646936,24.181046548478264,14.207260836289766,15.96503194611383,28.025143952817,21.64035183356085	sin	0.12	909501,,
909502	-3.141592653589793,-2.8108986900540254,-2.4802047265182576,-2.14951076298249,-1.8188167994467224,-1.4881228359109546,-1.157428872375187,-0.8267349088394194,-0.4960409453036516,-0.16534698176788387,0.16534698176788387,0.4960409453036516,0.8267349088394189,1.1574288723751867,1.4881228359109544,1.8188167994467221,2.14951076298249,2.4802047265182576,2.8108986900540254,3.141592653589793	7.427387562273416,6.424565903332767,7.335157535166838,7.211384083961301,8.734713540678564,6.555625088779232,14.540386617229052,0.46197503847429155,4.878098778922277,17.043538103893376,5.0782737075690525,2.6438433522626,14.533143323792888,5.954242440627912,-0.598813736898415,15.329410050258977,10.212025026769709,0.057823398826595485,11.447502102239037,10.58590634777404	sin	0.12	909502,,
909503	-3.141592653589793,-2.8108986900540254,-2.4802047265182576,-2.14951076298249,-1.8188167994467224,-1.4881228359109546,-1.157428872375187,-0.8267349088394194,-0.4960409453036516,-0.16534698176788387,0.16534698176788387,0.4960409453036516,0.8267349088394189,1.1574288723751867,1.4881228359109544,1.8188167994467221,2.14951076298249,2.4802047265182576,2.8108986900540254,3.141592653589793	20.49111680396181,20.7977083069968,20.029785360030488,21.092384837783612,19.995045302705414,14.204365595282106,29.53290544760768,15.488076303508834,19.989856991841346,29.25120327197984,10.49109059306845,25.32625853603745,24.80640206684965,11.477837441639464,31.078205862596214,16.23363773478578,15.301289856517808,29.23264744706477,11.170693934925351,21.739786190734552	sin	0.12	909503,,
909504	-3.141592653589793,-2.8108986900540254,-2.4802047265182576,-2.14951076298249,-1.8188167994467224,-1.4881228359109546,-1.157428872375187,-0.8267349088394194,-0.4960409453036516,-0.16534698176788387,0.16534698176788387,0.4960409453036516,0.8267349088394189,1.1574288723751867,1.4881228359109544,1.8188167994467221,2.14951076298249,2.4802047265182576,2.8108986900540254,3.141592653589793	-4.3112366074976665,-3.442234011881946,-3.3005867890556084,-4.412962699733842,-3.606186629529806,-2.7999698280459695,-4.882178425957786,-5.820475102245296,-4.375455633124992,-4.8292400499189485,-5.580208847810299,-4.250415645159514,-2.568204450420099,-3.8577081792501087,-5.987409416555277,-5.683473409886583,-3.6534973527225323,-3.235207449799586,-5.235192994479592,-5.930909983662986	sin	0.12	909504,,
909505	-3.141592653589793,-2.8108986900540254,-2.4802047265182576,-2.14951076298249,-1.8188167994467224,-1.4881228359109546,-1.157428872375187,-0.8267349088394194,-0.4960409453036516,-0.16534698176788387,0.16534698176788387,0.4960409453036516,0.8267349088394189,1.1574288723751867,1.4881228359109544,1.8188167994467221,2.14951076298249,2.4802047265182576,2.8108986900540254,3.141592653589793	5.035260345248087,2.71609853074726,3.782576359853654,3.8448667819574,2.5643006157165473,6.342218929581019,0.783324843178204,7.0733648581320345,-0.08451946007374289,9.154095827343948,-3.036754271605316,9.380974490682956,-2.4279125835162825,10.229159850812103,-1.7095397860800992,8.778057709914428,-1.3491628538488882,9.451010670224912,0.08758026186487688,7.7914183071183185	sin	0.12	909505,,
909506	-3.141592653589793,-2.8108986900540254,-2.4802047265182576,-2.14951076298249,-1.8188167994467224,-1.4881228359109546,-1.157428872375187,-0.8267349088394194,-0.4960409453036516,-0.16534698176788387,0.16534698176788387,0.4960409453036516,0.8267349088394189,1.1574288723751867,1.4881228359109544,1.8188167994467221,2.14951076298249,2.4802047265182576,2.8108986900540254,3.141592653589793	1.7069037100869764,1.7241922605796502,0.8230037330699087,1.2945781760760031,0.04777046246448968,-0.9738648741814844,0.12173012214039858,1.4928188930282138,0.5860777513784834,-0.57731303825254,0.9806511440567309,1.0321406707511582,0.3533820161190393,-0.2235536673434675,0.955501337176015,-0.3061364221162579,0.2644573779940842,1.3103931860778006,-0.1544643970714521,1.2198663076991378	sin	0.12	909506,,
909507	-3.141592653589793,-2.8108986900540254,-2.4802047265182576,-2.14951076298249,-1.8188167994467224,-1.4881228359109546,-1.157428872375187,-0.8267349088394194,-0.4960409453036516,-0.16534698176788387,0.16534698176788387,0.4960409453036516,0.8267349088394189,1.1574288723751867,1.4881228359109544,1.8188167994467221,2.14951076298249,2.4802047265182576,2.8108986900540254,3.141592653589793	0.09689932162351944,0.44974420429357664,-0.04251985927970736,1.8435086790981066,0.8444021656202043,1.7200560247038439,-0.4213439351263002,0.9761168018205826,0.3831953886243724,1.7188883818246508,-0.032824464987522006,1.1758986233517499,1.1404486329296448,1.8241464088294457,1.41263615959312,0.9154835940436605,0.913552714423048,-0.6989501640328903,-0.8632515839787107,0.6824148048967906	sin	0.12	909507,,
909508	-3.141592653589793,-2.8108986900540254,-2.4802047265182576,-2.14951076298249,-1.8188167994467224,-1.4881228359109546,-1.157428872375187,-0.8267349088394194,-0.4960409453036516,-0.16534698176788387,0.16534698176788387,0.4960409453036516,0.8267349088394189,1.1574288723751867,1.4881228359109544,1.8188167994467221,2.14951076298249,2.4802047265182576,2.8108986900540254,3.141592653589793	11.761816015613366,13.819981744684107,11.432940870948778,12.713137686479179,13.480485647155454,12.563569593823084,5.989004361219841,5.074255150768002,10.718986350028583,17.761030622789885,21.036444727929315,13.96002508362174,8.984313791233422,3.991419476918101,9.767661894570026,17.823873565935532,22.084728183428286,17.231200794777514,11.516008061138974,5.390272499061469	sin	0.12	909508,,
909509	-3.141592653589793,-2.8108986900540254,-2.4802047265182576,-2.14951076298249,-1.8188167994467224,-1.4881228359109546,-1.157428872375187,-0.8267349088394194,-0.4960409453036516,-0.16534698176788387,0.16534698176788387,0.4960409453036516,0.8267349088394189,1.1574288723751867,1.4881228359109544,1.8188167994467221,2.14951076298249,2.4802047265182576,2.8108986900540254,3.141592653589793	14.73713250222322,15.190928984721177,13.692824946996883,13.93459539062589,14.555826038485634,15.004567261324208,11.87520417225522,10.318071356919727,12.88449883707754,17.902501298037016,17.15570465839255,15.571209265249589,11.702160811381056,12.590120529194483,12.830956722573355,14.777101026893472,18.819321580209547,17.086954053857028,13.089363281123408,10.218658477877735	sin	0.12	909509,,
909510	-3.141592653589793,-2.8108986900540254,-2.4802047265182576,-2.14951076298249,-1.8188167994467224,-1.4881228359109546,-1.157428872375187,-0.8267349088394194,-0.4960409453036516,-0.16534698176788387,0.16534698176788387,0.4960409453036516,0.8267349088394189,1.1574288723751867,1.4881228359109544,1.8188167994467221,2.14951076298249,2.4802047265182576,2.8108986900540254,3.141592653589793	5.042859243144838,5.9650006802784095,4.842936645247811,6.618802427259146,6.2724660438803905,4.7198336863539065,4.565965527628929,5.544709816919672,3.112984446404176,6.190316199720231,7.17925398555427,5.605218138815716,3.432120576248037,5.4110842206830885,4.961916702106245,7.548134054817961,6.347274412080681,2.921723324140234,3.9666011951260525,6.228863492407445	sin	0.12	909510,,
909511	-3.141592653589793,-2.8108986900540254,-2.4802047265182576,-2.14951076298249,-1.8188167994467224,-1.4881228359109546,-1.157428872375187,-0.8267349088394194,-0.4960409453036516,-0.16534698176788387,0.16534698176788387,0.4960409453036516,0.8267349088394189,1.1574288723751867,1.4881228359109544,1.8188167994467221,2.14951076298249,2.4802047265182576,2.8108986900540254,3.141592653589793	1.844624308355069,-0.4809909090402016,1.2769072234120635,1.5273317121645924,5.203185166268776,-8.023950603093539,9.075429566075343,-6.570817878481188,7.520900423615913,-0.7253533600689792,-0.8188012387268753,8.88139957668293,-9.10523467794651,10.27435217133179,-5.688808163915738,5.178790412997586,1.0390199251811616,-4.684801591547117,8.855929603854769,-8.334050249128122	sin	0.12	909511,,
909512	-3.141592653589793,-2.8108986900540254,-2.4802047265182576,-2.14951076298249,-1.8188167994467224,-1.4881228359109546,-1.157428872375187,-0.8267349088394194,-0.4960409453036516,-0.16534698176788387,0.16534698176788387,0.4960409453036516,0.8267349088394189,1.1574288723751867,1.4881228359109544,1.8188167994467221,2.14951076298249,2.4802047265182576,2.8108986900540254,3.141592653589793	20.676353467465262,21.20755545995125,21.718600654792528,19.79846060934883,20.19772747806598,20.191686250404942,17.926671769791913,15.084571578100935,13.899763554510022,14.266631785618884,13.29388832287767,13.962073125934241,15.252492694965452,16.893637209035965,18.919247034479266,22.179618698888827,23.282370707727292,24.464227001745883,26.098822863448135,25.964334768115975	sin	0.12	909512,,
909513	-3.141592653589793,-2.8108986900540254,-2.4802047265182576,-2.14951076298249,-1.8188167994467224,-1.4881228359109546,-1.157428872375187,-0.8267349088394194,-0.4960409453036516,-0.16534698176788387,0.16534698176788387,0.4960409453036516,0.8267349088394189,1.1574288723751867,1.4881228359109544,1.8188167994467221,2.14951076298249,2.4802047265182576,2.8108986900540254,3.141592653589793	4.257470610339561,4.4503427821761665,4.13802301997953,5.847693695642518,5.085726552870128,-3.240723061336289,-4.59897368226353,4.098261272578453,11.033264656396103,12.905063390926957,7.446573414210109,-0.888739536194382,-6.153714926100659,1.1657649425105894,10.269365327851684,14.97115183783581,9.885773383061656,0.8814820629781823,-4.681326247045098,-3.768514888325018	sin	0.12	909513,,
909514	-3.141592653589793,-2.8108986900540254,-2.4802047265182576,-2.14951076298249,-1.8188167994467224,-1.4881228359109546,-1.157428872375187,-0.8267349088394194,-0.4960409453036516,-0.16534698176788387,0.16534698176788387,0.4960409453036516,0.8267349088394189,1.1574288723751867,1.4881228359109544,1.8188167994467221,2.14951076298249,2.4802047265182576,2.8108986900540254,3.141592653589793	12.933252499274047,10.959643137214382,9.007812911920212,9.127250010324765,6.95215138207727,8.221783540397496,7.320563428942436,11.096348691538722,10.084064589651955,14.269430800322677,15.877790506535423,17.96376352374059,17.60708193754514,20.329095938738572,20.836563790249116,20.24536956448079,17.93941306369168,17.89955644491659,14.594183806751477,14.428879973660028	sin	0.12	909514,,
909515	-3.141592653589793,-2.8108986900540254,-2.4802047265182576,-2.14951076298249,-1.8188167994467224,-1.4881228359109546,-1.157428872375187,-0.8267349088394194,-0.4960409453036516,-0.16534698176788387,0.16534698176788387,0.4960409453036516,0.8267349088394189,1.1574288723751867,1.4881228359109544,1.8188167994467221,2.14951076298249,2.4802047265182576,2.8108986900540254,3.141592653589793	5.60092648563469,6.031120008669976,4.860934523183583,6.977373856774458,5.902303295541966,8.397180104844228,4.23969761053767,7.887816420678884,5.013303549619924,9.584502071026249,3.219810199925366,9.489425756552247,5.53185278564821,7.81392228336917,3.457568136515094,9.18644391000866,5.59525737827283,8.331666564964568,6.999622726025278,7.911919864427961	sin	0.12	909515,,
909516	-3.141592653589793,-2.8108986900540254,-2.4802047265182576,-2.14951076298249,-1.8188167994467224,-1.4881228359109546,-1.157428872375187,-0.8267349088394194,-0.4960409453036516,-0.16534698176788387,0.16534698176788387,0.4960409453036516,0.8267349088394189,1.1574288723751867,1.4881228359109544,1.8188167994467221,2.14951076298249,2.4802047265182576,2.8108986900540254,3.141592653589793	-0.6632965654380953,-2.4420105536088688,-2.2247903342856183,-1.9812778214405817,-1.7474121640299458,-0.5283630988666994,-2.7892449031666517,2.458624768512866,-4.796232395454294,3.9469077765588683,-7.545995491064527,4.184387786216867,-9.67039515042914,5.039759145089526,-8.269221212397886,7.702472709701183,-8.510779684309501,7.13600317624658,-6.89664896566369,6.020623560981093	sin	0.12	909516,,
909517	-3.141592653589793,-2.8108986900540254,-2.4802047265182576,-2.14951076298249,-1.8188167994467224,-1.4881228359109546,-1.157428872375187,-0.8267349088394194,-0.4960409453036516,-0.16534698176788387,0.16534698176788387,0.4960409453036516,0.8267349088394189,1.1574288723751867,1.4881228359109544,1.8188167994467221,2.14951076298249,2.4802047265182576,2.8108986900540254,3.141592653589793	4.992848297969264,7.174069128831847,6.410435642424859,6.219091276976854,2.0000735113603447,8.44020596852686,2.4120193087401383,4.704470975449331,9.632246457446414,3.2368366331300518,5.822895661736155,6.629081205959509,2.4429786447603785,8.033961888113556,5.278011188610301,3.495835433736659,9.949798489430336,3.501385421851515,4.972264879204056,8.514476694950785	sin	0.12	909517,,
909518	-3.141592653589793,-2.8108986900540254,-2.4802047265182576,-2.14951076298249,-1.8188167994467224,-1.4881228359109546,-1.157428872375187,-0.8267349088394194,-0.4960409453036516,-0.16534698176788387,0.16534698176788387,0.4960409453036516,0.8267349088394189,1.1574288723751867,1.4881228359109544,1.8188167994467221,2.14951076298249,2.4802047265182576,2.8108986900540254,3.141592653589793	4.284649149649386,5.8356484942430225,6.2425565277420105,5.821907849225179,4.29203408008592,7.380791283944003,0.9042789428177991,10.549207748666532,-1.159762132337847,9.063350283071784,5.789900466244443,2.4427374834514293,9.991525902511714,-0.15656569113997687,12.323143326819615,0.0670301567134195,5.944769710232367,5.4885155092048095,2.1603104663720356,11.463336283137284	sin	0.12	909518,,
909519	-3.141592653589793,-2.8108986900540254,-2.4802047265182576,-2.14951076298249,-1.8188167994467224,-1.4881228359109546,-1.157428872375187,-0.8267349088394194,-0.4960409453036516,-0.16534698176788387,0.16534698176788387,0.4960409453036516,0.8267349088394189,1.1574288723751867,1.4881228359109544,1.8188167994467221,2.14951076298249,2.4802047265182576,2.8108986900540254,3.141592653589793	-4.596664449566049,-4.869792136418873,-1.7469300268848489,-5.905783765342767,-6.49402589565185,-3.032552740492026,-6.778885010787203,-6.993684549221004,-2.7008819262825448,-6.778060628997952,-6.041022687998204,-3.0240719206625837,-4.201432253297504,-6.956686245485422,-3.3636150697472686,-4.08643283712005,-6.460017102483571,-3.7196139237037547,-2.055090537880206,-8.730355722190165	sin	0.12	909519,,
909520	-3.141592653589793,-2.8108986900540254,-2.4802047265182576,-2.14951076298249,-1.8188167994467224,-1.4881228359109546,-1.157428872375187,-0.8267349088394194,-0.4960409453036516,-0.16534698176788387,0.16534698176788387,0.4960409453036516,0.8267349088394189,1.1574288723751867,1.4881228359109544,1.8188167994467221,2.14951076298249,2.4802047265182576,2.8108986900540254,3.141592653589793	7.194408819440881,7.966064189294148,8.150987350142204,6.4736696605899855,8.47036140631159,7.762258359488884,7.703625546953765,8.49516130934878,8.212963503966163,6.525311674035694,8.49937561349871,6.854474375070794,6.5902726274089485,6.923197750145416,7.388763646321507,5.979053391170689,6.85413266416599,7.906414027678855,8.511251091991854,5.871410774658372	sin	0.12	909520,,
909521	-3.141592653589793,-2.8108986900540254,-2.4802047265182576,-2.14951076298249,-1.8188167994467224,-1.4881228359109546,-1.157428872375187,-0.8267349088394194,-0.4960409453036516,-0.16534698176788387,0.16534698176788387,0.4960409453036516,0.8267349088394189,1.1574288723751867,1.4881228359109544,1.8188167994467221,2.14951076298249,2.4802047265182576,2.8108986900540254,3.141592653589793	8.864407733478094,10.74404817077974,10.676907444772397,3.4005525923407953,17.29194354234448,5.748117067684842,9.423289037680007,15.26990601333192,4.351765320026779,13.775329215055828,12.713649855329423,3.681752449376239,17.48937385240472,7.724634210084451,6.097098427569083,16.785895435098986,2.5106276958047373,11.297232355093634,13.823773621782234,3.5642890376338725	sin	0.12	909521,,
909522	-3.141592653589793,-2.8108986900540254,-2.4802047265182576,-2.14951076298249,-1.8188167994467224,-1.4881228359109546,-1.157428872375187,-0.8267349088394194,-0.4960409453036516,-0.16534698176788387,0.16534698176788387,0.4960409453036516,0.8267349088394189,1.1574288723751867,1.4881228359109544,1.8188167994467221,2.14951076298249,2.4802047265182576,2.8108986900540254,3.141592653589793	12.9467395930237,11.560567918169511,9.625713731960872,7.653760801152378,4.867335317612997,5.212912718622215,4.07051370684048,6.403094109880567,6.425940205458084,7.184364545128715,9.561132715147691,13.58392845432586,15.593779430080723,17.07679286524769,17.624479399751586,17.646005976246276,18.305630493626733,18.2783597264256,15.388733901369545,14.465602502216246	sin	0.12	909522,,
909523	-3.141592653589793,-2.8108986900540254,-2.4802047265182576,-2.14951076298249,-1.8188167994467224,-1.4881228359109546,-1.157428872375187,-0.8267349088394194,-0.4960409453036516,-0.16534698176788387,0.16534698176788387,0.4960409453036516,0.8267349088394189,1.1574288723751867,1.4881228359109544,1.8188167994467221,2.14951076298249,2.4802047265182576,2.8108986900540254,3.141592653589793	-4.775866682237761,-4.806469090340038,-3.126873390166745,-5.686179563098587,-7.848479975709631,-8.693548559271829,-4.714532786393184,-4.189310597455327,-7.1702154314758575,-8.0430293571343,-8.951816291016126,-4.224221202371008,-3.9941898046797277,-6.683385881026914,-9.503939265141707,-7.616689429978903,-5.644705174529278,-4.84503223490725,-5.957263164348962,-8.388384698716008	sin	0.12	909523,,
909524	-3.141592653589793,-2.8108986900540254,-2.4802047265182576,-2.14951076298249,-1.8188167994467224,-1.4881228359109546,-1.157428872375187,-0.8267349088394194,-0.4960409453036516,-0.16534698176788387,0.16534698176788387,0.4960409453036516,0.8267349088394189,1.1574288723751867,1.4881228359109544,1.8188167994467221,2.14951076298249,2.4802047265182576,2.8108986900540254,3.141592653589793	13.87120448394241,13.251103054716298,13.66852756405872,11.340050763908199,14.750313882191923,11.34431382001227,13.126218927944924,10.347563675600444,15.086622989247427,9.419039998949433,13.876027270996534,9.573044823561073,14.741623300452101,11.50376714615201,14.969256654639056,11.13842337231167,12.442895179781893,12.461781562217222,13.377118304521751,13.402530900147854	sin	0.12	909524,,
909525	-3.141592653589793,-2.8108986900540254,-2.4802047265182576,-2.14951076298249,-1.8188167994467224,-1.4881228359109546,-1.157428872375187,-0.8267349088394194,-0.4960409453036516,-0.16534698176788387,0.16534698176788387,0.4960409453036516,0.8267349088394189,1.1574288723751867,1.4881228359109544,1.8188167994467221,2.14951076298249,2.4802047265182576,2.8108986900540254,3.141592653589793	12.111531656903576,11.894031555927139,12.164805304687425,11.655354929378285,10.132551504636465,11.269377057090823,11.391784559600453,12.58593146242199,6.8052474057801025,13.424875733827786,6.795280855195225,15.44458514897818,4.4028827635184715,17.410966097989416,6.072927608894067,17.74560942223339,6.148892514540966,16.068165080831985,5.373318954443233,15.523837675401708	sin	0.12	909525,,
909526	-3.141592653589793,-2.8108986900540254,-2.4802047265182576,-2.14951076298249,-1.8188167994467224,-1.4881228359109546,-1.157428872375187,-0.8267349088394194,-0.4960409453036516,-0.16534698176788387,0.16534698176788387,0.4960409453036516,0.8267349088394189,1.1574288723751867,1.4881228359109544,1.8188167994467221,2.14951076298249,2.4802047265182576,2.8108986900540254,3.141592653589793	11.896654367152008,13.207399858237464,12.05179020162363,10.721878171339258,10.910014578670852,12.880379754349343,11.135102288154854,11.192731074337017,12.62813390811827,10.515541580008646,11.460943556668926,11.019437033020074,13.241523266708668,11.447891320594941,12.544163034766452,11.152381119460012,12.22227797305523,12.96453692958248,11.57227977173247,11.226388726589075	sin	0.12	909526,,
909527	-3.141592653589793,-2.8108986900540254,-2.4802047265182576,-2.14951076298249,-1.8188167994467224,-1.4881228359109546,-1.157428872375187,-0.8267349088394194,-0.4960409453036516,-0.16534698176788387,0.16534698176788387,0.4960409453036516,0.8267349088394189,1.1574288723751867,1.4881228359109544,1.8188167994467221,2.14951076298249,2.4802047265182576,2.8108986900540254,3.141592653589793	-12.658926391725078,-12.33932154980377,-13.621260153064469,-11.977294278774764,-10.923487414470817,-13.821251635792752,-7.408726914191439,-3.580827906706814,-2.0869805984079655,-9.088259278284749,-13.926357211665362,-19.680819686689908,-21.154044648854427,-20.184423406356423,-14.642452455329446,-10.43193653961425,-4.529879936344324,-3.4258448057506055,-3.894072161459441,-10.94947408892989	sin	0.12	909527,,
909528	-3.141592653589793,-2.8108986900540254,-2.4802047265182576,-2.14951076298249,-1.8188167994467224,-1.4881228359109546,-1.157428872375187,-0.8267349088394194,-0.4960409453036516,-0.16534698176788387,0.16534698176788387,0.4960409453036516,0.8267349088394189,1.1574288723751867,1.4881228359109544,1.8188167994467221,2.14951076298249,2.4802047265182576,2.8108986900540254,3.141592653589793	12.695959023956402,12.371555499854914,10.999769106681114,8.906000546845037,11.465536975195054,16.187975570435007,9.74171594105384,8.379895267800862,13.781392939583249,13.691328252170482,9.71165924744248,8.340218317503476,15.503955206229033,15.326953578265911,8.229700098716805,9.728261568082562,14.88358406762412,11.431895135297635,6.718483958217697,11.487132738472543	sin	0.12	909528,,
909529	-3.141592653589793,-2.8108986900540254,-2.4802047265182576,-2.14951076298249,-1.8188167994467224,-1.4881228359109546,-1.157428872375187,-0.8267349088394194,-0.4960409453036516,-0.16534698176788387,0.16534698176788387,0.4960409453036516,0.8267349088394189,1.1574288723751867,1.4881228359109544,1.8188167994467221,2.14951076298249,2.4802047265182576,2.8108986900540254,3.141592653589793	3.1463756554548348,2.0149095809209823,1.1552671412672484,1.888072999658934,3.0503722473873767,0.5322154289392458,2.3125547674091154,1.9475598771858778,0.4440153000065461,0.8920441957369105,3.037457959092594,1.9939423989427099,1.9053166619455106,0.3474986975310368,1.3348969375927577,2.5527201410651585,0.7580159459699232,1.8805546161103601,2.485236874892417,2.0347848898621193	sin	0.12	909529,,
909530	-3.141592653589793,-2.8108986900540254,-2.4802047265182576,-2.14951076298249,-1.8188167994467224,-1.4881228359109546,-1.157428872375187,-0.8267349088394194,-0.4960409453036516,-0.16534698176788387,0.16534698176788387,0.4960409453036516,0.8267349088394189,1.1574288723751867,1.4881228359109544,1.8188167994467221,2.14951076298249,2.4802047265182576,2.8108986900540254,3.141592653589793	5.967539055756749,5.310394977418597,7.2669015779961565,4.490805486410229,9.185249117930741,1.4831866189909708,10.250138811628778,0.7872690936640838,14.092082347531546,-0.81412684552655,15.120804763501178,-2.5696127810918,15.191249130264351,-0.4764502405939033,13.962413137681121,0.019895617741441995,13.654832922588055,2.4115695868161913,11.047509927595982,3.8356203591963363	sin	0.12	909530,,
909531	-3.141592653589793,-2.8108986900540254,-2.4802047265182576,-2.14951076298249,-1.8188167994467224,-1.4881228359109546,-1.157428872375187,-0.8267349088394194,-0.4960409453036516,-0.16534698176788387,0.16534698176788387,0.4960409453036516,0.8267349088394189,1.1574288723751867,1.4881228359109544,1.8188167994467221,2.14951076298249,2.4802047265182576,2.8108986900540254,3.141592653589793	-1.1666059163677849,-0.5186808904321385,-0.9891846549291632,-3.126546458482184,-3.068179292148785,-1.795341267686644,0.7586941758727441,3.2799980274251572,2.7556909707199218,1.6432742714052218,-4.1277994277601415,-5.267446510285553,-7.470423884799063,-6.25322613170047,-4.654187224936275,-0.7942172570014732,1.1727534959294719,2.282205198792819,2.7935502508700933,-0.9839212976764786	sin	0.12	909531,,
909532	-3.141592653589793,-2.8108986900540254,-2.4802047265182576,-2.14951076298249,-1.8188167994467224,-1.4881228359109546,-1.157428872375187,-0.8267349088394194,-0.4960409453036516,-0.16534698176788387,0.16534698176788387,0.4960409453036516,0.8267349088394189,1.1574288723751867,1.4881228359109544,1.8188167994467221,2.14951076298249,2.4802047265182576,2.8108986900540254,3.141592653589793	-7.17288077424767,-5.464893734480707,-5.418409995469828,-5.4811633364037675,-5.824887694347575,-13.007674973991309,-14.261871252280834,-5.916200677699315,1.1353874912388253,5.371640843027837,-2.832090279860644,-11.04900635827072,-16.336316550884497,-11.801816207065173,-2.3345038532266447,4.845182379597025,0.5931596489448925,-10.405982653621404,-14.51839567102011,-12.72642150008668	sin	0.12	909532,,
909533	-3.141592653589793,-2.8108986900540254,-2.4802047265182576,-2.14951076298249,-1.8188167994467224,-1.4881228359109546,-1.157428872375187,-0.8267349088394194,-0.4960409453036516,-0.16534698176788387,0.16534698176788387,0.4960409453036516,0.8267349088394189,1.1574288723751867,1.4881228359109544,1.8188167994467221,2.14951076298249,2.4802047265182576,2.8108986900540254,3.141592653589793	-2.7380561359992814,-5.7720652061724875,-4.646989615895707,-4.249898214152232,-5.077361986120059,-3.8232854247872696,-4.528037579775974,-4.06478908499272,-4.258584895612848,-2.788137134306468,-2.7665368517745756,-2.708781022458772,-3.205616786925492,-3.3586106285720154,-1.8455252818057835,-4.481535799417874,-3.285793482281746,-3.3487553833888635,-4.169963720856937,-4.89439981839813	sin	0.12	909533,,
909534	-3.141592653589793,-2.8108986900540254,-2.4802047265182576,-2.14951076298249,-1.8188167994467224,-1.4881228359109546,-1.157428872375187,-0.8267349088394194,-0.4960409453036516,-0.16534698176788387,0.16534698176788387,0.4960409453036516,0.8267349088394189,1.1574288723751867,1.4881228359109544,1.8188167994467221,2.14951076298249,2.4802047265182576,2.8108986900540254,3.141592653589793	10.84324413757373,11.652519233443048,11.335692942318058,12.579917100363415,8.951360619298173,8.535961045530865,9.595758063684912,12.154444017463502,9.193653048501258,7.39182995766428,9.187936518306287,12.804065279152981,13.009050630554913,9.046154841722931,9.098937578837758,9.428444381479338,10.670162729228025,10.461204468842642,8.15539168441242,7.646259332688025	sin	0.12	909534,,
909535	-3.141592653589793,-2.8108986900540254,-2.4802047265182576,-2.14951076298249,-1.8188167994467224,-1.4881228359109546,-1.157428872375187,-0.8267349088394194,-0.4960409453036516,-0.16534698176788387,0.16534698176788387,0.4960409453036516,0.8267349088394189,1.1574288723751867,1.4881228359109544,1.8188167994467221,2.14951076298249,2.4802047265182576,2.8108986900540254,3.141592653589793	6.8105550669957235,6.451338367428187,7.047445736388564,7.3145432518124345,7.1653231221278295,7.594043643737654,8.147185996670647,5.360382240029947,4.730659811726091,5.760937642749272,8.892364650608318,9.643492143030114,7.340569598106834,7.278726581225456,5.589550089554363,6.424186373964329,7.048331196998525,8.739278725291005,6.678341399465944,6.743763036632542	sin	0.12	909535,,
909536	-3.141592653589793,-2.8108986900540254,-2.4802047265182576,-2.14951076298249,-1.8188167994467224,-1.4881228359109546,-1.157428872375187,-0.8267349088394194,-0.4960409453036516,-0.16534698176788387,0.16534698176788387,0.4960409453036516,0.8267349088394189,1.1574288723751867,1.4881228359109544,1.8188167994467221,2.14951076298249,2.4802047265182576,2.8108986900540254,3.141592653589793	8.918396791340362,7.373162925583928,8.657380959150172,7.433845465108188,8.393671063186144,7.039677578644775,8.143344013556488,9.307245596346144,8.672699035196183,8.082629044867604,8.536719597517404,8.471289877071005,6.904918044701644,8.090603021503487,8.642228491339495,8.688321869540298,8.350279397613908,9.667605702762256,9.268259794135398,9.407946060651044	sin	0.12	909536,,
909537	-3.141592653589793,-2.8108986900540254,-2.4802047265182576,-2.14951076298249,-1.8188167994467224,-1.4881228359109546,-1.157428872375187,-0.8267349088394194,-0.4960409453036516,-0.16534698176788387,0.16534698176788387,0.4960409453036516,0.8267349088394189,1.1574288723751867,1.4881228359109544,1.8188167994467221,2.14951076298249,2.4802047265182576,2.8108986900540254,3.141592653589793	12.88804692888776,11.267326602329689,13.216020282482553,11.59569322657124,13.5064509624906,12.644609416333804,14.27171682559191,9.58849095190407,15.882449360405525,9.518515443817613,15.32584131712606,9.431294935105853,16.13446952056252,10.072758644961556,15.491247365533873,7.770539586664828,15.967702968568215,9.827374323125209,14.151475198983533,9.37571721932814	sin	0.12	909537,,
909538	-3.141592653589793,-2.8108986900540254,-2.4802047265182576,-2.14951076298249,-1.8188167994467224,-1.4881228359109546,-1.157428872375187,-0.8267349088394194,-0.4960409453036516,-0.16534698176788387,0.16534698176788387,0.4960409453036516,0.8267349088394189,1.1574288723751867,1.4881228359109544,1.8188167994467221,2.14951076298249,2.4802047265182576,2.8108986900540254,3.141592653589793	10.000445525412339,9.52819767871074,10.455974703367536,9.167110749932236,12.571641687208782,1.2269249411277445,18.59673091436465,1.5717810786436122,14.828725348228895,8.533886828530681,5.590837402478006,17.071247500056263,-0.4908784058466624,17.14304612726428,1.578359184095544,13.287830204392211,10.423596547446792,3.0302564253024444,16.427496858013846,-0.39712729026951066	sin	0.12	909538,,
909539	-3.141592653589793,-2.8108986900540254,-2.4802047265182576,-2.14951076298249,-1.8188167994467224,-1.4881228359109546,-1.157428872375187,-0.8267349088394194,-0.4960409453036516,-0.16534698176788387,0.16534698176788387,0.4960409453036516,0.8267349088394189,1.1574288723751867,1.4881228359109544,1.8188167994467221,2.14951076298249,2.4802047265182576,2.8108986900540254,3.141592653589793	-0.6294117391004459,0.8273142304428482,-1.8028228429025575,-1.4342602860254505,0.8406857664271357,6.367775488306771,-6.691291547486874,-2.2126025667665363,7.962300646750791,-5.894149017935788,-5.816685590856088,8.841461907685384,-1.5266134115953403,-8.671815492386687,7.231405120350894,2.1821513537473365,-9.661311547783601,6.217452285977124,4.601605166624104,-9.135147364740648	sin	0.12	909539,,
909540	-3.141592653589793,-2.8108986900540254,-2.4802047265182576,-2.14951076298249,-1.8188167994467224,-1.4881228359109546,-1.157428872375187,-0.8267349088394194,-0.4960409453036516,-0.16534698176788387,0.16534698176788387,0.4960409453036516,0.8267349088394189,1.1574288723751867,1.4881228359109544,1.8188167994467221,2.14951076298249,2.4802047265182576,2.8108986900540254,3.141592653589793	13.676967301255175,18.33095196503943,6.001991626296056,22.217794119234707,5.337054287578774,18.942725175271107,11.393887654558906,9.981026087406011,20.758963659462342,5.5241041284401335,21.171896260879517,6.173942639893852,14.648817084464042,15.875833863466234,9.821036159027349,21.30261855449313,6.0587919325275434,21.394197340923228,9.93940862272229,14.804245375221022	sin	0.12	909540,,
909541	-3.141592653589793,-2.8108986900540254,-2.4802047265182576,-2.14951076298249,-1.8188167994467224,-1.4881228359109546,-1.157428872375187,-0.8267349088394194,-0.4960409453036516,-0.16534698176788387,0.16534698176788387,0.4960409453036516,0.8267349088394189,1.1574288723751867,1.4881228359109544,1.8188167994467221,2.14951076298249,2.4802047265182576,2.8108986900540254,3.141592653589793	12.102910861939407,11.44273601896257,10.118316928075771,11.240524497294096,8.403454349263509,12.086973757777727,6.7695134347445975,14.65910949157423,7.045957489183893,14.799336718784508,6.19942187457585,15.74618428617917,7.019923269876811,16.708193229630893,6.408284663270269,15.239412645587862,5.711201920870888,14.11056256714264,7.728513839562223,12.094406161816796	sin	0.12	909541,,
909542	-3.141592653589793,-2.8108986900540254,-2.4802047265182576,-2.14951076298249,-1.8188167994467224,-1.4881228359109546,-1.157428872375187,-0.8267349088394194,-0.4960409453036516,-0.16534698176788387,0.16534698176788387,0.4960409453036516,0.8267349088394189,1.1574288723751867,1.4881228359109544,1.8188167994467221,2.14951076298249,2.4802047265182576,2.8108986900540254,3.141592653589793	-13.230977551081363,-11.31004635340453,-13.909583302750011,-13.690616544054542,-6.892184344142926,-20.317955126435187,-2.2196040883418995,-21.9931335802524,-6.615369437318822,-14.291979851509307,-17.028874416091163,-5.789064102997701,-22.631621567082824,-3.1515393079296032,-21.622397972924205,-10.070192375242517,-9.730710071702779,-19.587857705243504,-3.850975487472354,-24.003860682664023	sin	0.12	909542,,
909543	-3.141592653589793,-2.8108986900540254,-2.4802047265182576,-2.14951076298249,-1.8188167994467224,-1.4881228359109546,-1.157428872375187,-0.8267349088394194,-0.4960409453036516,-0.16534698176788387,0.16534698176788387,0.4960409453036516,0.8267349088394189,1.1574288723751867,1.4881228359109544,1.8188167994467221,2.14951076298249,2.4802047265182576,2.8108986900540254,3.141592653589793	-1.540623747999173,6.102954064093717,-6.961715683452725,-4.584354674775083,6.150960412308265,-6.983969620905233,-5.643059185478026,5.857995853291069,-3.5652458613404256,-9.796400928878484,5.638273930926829,-0.9381012220292426,-8.958384094863934,3.449522913353844,1.2919375311205972,-10.269484539759883,0.7801016437731327,2.916153469851759,-9.444976697986323,-2.0807557885706975	sin	0.12	909543,,
909544	-3.141592653589793,-2.8108986900540254,-2.4802047265182576,-2.14951076298249,-1.8188167994467224,-1.4881228359109546,-1.157428872375187,-0.8267349088394194,-0.4960409453036516,-0.16534698176788387,0.16534698176788387,0.4960409453036516,0.8267349088394189,1.1574288723751867,1.4881228359109544,1.8188167994467221,2.14951076298249,2.4802047265182576,2.8108986900540254,3.141592653589793	-3.898022113674141,-3.6153794674256257,-3.999628871722759,-3.7151279328830458,-0.7943712527109876,-5.763020744174164,0.1322878357170163,-9.383653368304213,0.5168537907433661,-8.43396897312497,3.038756407885146,-8.703472831604936,0.5488441114608404,-9.167200896910888,-0.19584726966374877,-9.131445752772862,-1.1044842629989473,-7.358885269276172,-0.00428702457419039,-6.615427674684739	sin	0.12	909544,,
909545	-3.141592653589793,-2.8108986900540254,-2.4802047265182576,-2.14951076298249,-1.8188167994467224,-1.4881228359109546,-1.157428872375187,-0.8267349088394194,-0.4960409453036516,-0.16534698176788387,0.16534698176788387,0.4960409453036516,0.8267349088394189,1.1574288723751867,1.4881228359109544,1.8188167994467221,2.14951076298249,2.4802047265182576,2.8108986900540254,3.141592653589793	6.060862646933417,6.7148685949323585,6.782429536194911,3.9517878209427204,4.659922102472311,7.02504459167485,8.270486192355655,6.823437708380961,5.0840411803499,4.614041471935874,6.4224610553296095,8.909038250055817,6.4679301949587975,2.5412727741712597,4.506437347351048,6.038497243002143,6.9098938757537525,3.4281788083191977,2.81381213940328,6.356696189133861	sin	0.12	909545,,
909546	-3.141592653589793,-2.8108986900540254,-2.4802047265182576,-2.14951076298249,-1.8188167994467224,-1.4881228359109546,-1.157428872375187,-0.8267349088394194,-0.4960409453036516,-0.16534698176788387,0.16534698176788387,0.4960409453036516,0.8267349088394189,1.1574288723751867,1.4881228359109544,1.8188167994467221,2.14951076298249,2.4802047265182576,2.8108986900540254,3.141592653589793	13.048363843162129,14.223188304038175,14.376959054389452,12.40817850605261,14.030462456067102,13.317695621660539,9.947668474202988,7.060172095626024,11.44711164050705,19.04563437358709,18.350685634153166,14.605729494150024,11.455439424304718,8.012842159851845,9.965332119844156,16.60742995442147,18.371660856688077,16.54219611510458,12.829926014675577,9.366964944211398	sin	0.12	909546,,
909547	-3.141592653589793,-2.8108986900540254,-2.4802047265182576,-2.14951076298249,-1.8188167994467224,-1.4881228359109546,-1.157428872375187,-0.8267349088394194,-0.4960409453036516,-0.16534698176788387,0.16534698176788387,0.4960409453036516,0.8267349088394189,1.1574288723751867,1.4881228359109544,1.8188167994467221,2.14951076298249,2.4802047265182576,2.8108986900540254,3.141592653589793	11.36747100153276,9.349969764841804,9.761131335700817,9.973340163860353,6.169330140747782,7.581720700632414,6.182756953841379,5.0247080497515295,6.3698337184591765,6.230235011430429,6.868117742364788,8.664614030637502,11.542388780412303,13.104572548873495,13.136595388293415,15.977052891072269,16.864626445632425,14.401793402039434,13.857118962853678,14.553026828837744	sin	0.12	909547,,
909548	-3.141592653589793,-2.8108986900540254,-2.4802047265182576,-2.14951076298249,-1.8188167994467224,-1.4881228359109546,-1.157428872375187,-0.8267349088394194,-0.4960409453036516,-0.16534698176788387,0.16534698176788387,0.4960409453036516,0.8267349088394189,1.1574288723751867,1.4881228359109544,1.8188167994467221,2.14951076298249,2.4802047265182576,2.8108986900540254,3.141592653589793	12.58822447903552,12.887414935437416,12.386001544867176,11.068331809875309,19.468269872187726,15.32790674167369,8.262731878681624,8.135094804026444,13.727097573546008,18.52121613568134,13.399765452967463,6.4485062849594375,7.857762550146135,16.08327618085002,16.903604370331106,10.585009132459525,7.385451589761437,9.501932516905534,17.34773581823875,15.648504742448159	sin	0.12	909548,,
909549	-3.141592653589793,-2.8108986900540254,-2.4802047265182576,-2.14951076298249,-1.8188167994467224,-1.4881228359109546,-1.157428872375187,-0.8267349088394194,-0.4960409453036516,-0.16534698176788387,0.16534698176788387,0.4960409453036516,0.8267349088394189,1.1574288723751867,1.4881228359109544,1.8188167994467221,2.14951076298249,2.4802047265182576,2.8108986900540254,3.141592653589793	5.17328049203972,2.807201298057393,4.88727543212765,3.914731920960363,3.339863102298371,3.001458603182706,0.5618463344014679,7.754177544385696,3.2624676258588576,4.765000609171846,5.057758998561499,-0.4810819741704577,4.8066853500219855,4.5710107892308915,-0.22481820767340865,6.844874885340929,2.9833937351706545,3.6348367605260536,5.945440596120552,1.1229656006610527	sin	0.12	909549,,
909550	-3.141592653589793,-2.8108986900540254,-2.4802047265182576,-2.14951076298249,-1.8188167994467224,-1.4881228359109546,-1.157428872375187,-0.8267349088394194,-0.4960409453036516,-0.16534698176788387,0.16534698176788387,0.4960409453036516,0.8267349088394189,1.1574288723751867,1.4881228359109544,1.8188167994467221,2.14951076298249,2.4802047265182576,2.8108986900540254,3.141592653589793	2.6934553150935594,3.663040436349948,3.2019509853334576,3.361467047451888,4.586899764312285,2.76576017421782,8.366905998897565,8.799394735259616,11.013564719208633,8.278383413049646,2.5286680058585596,0.9923325970414214,-2.4884234094738815,-2.1490416046526715,1.8722296436000367,5.978992580478308,8.933752265927335,10.700439813938138,7.162743666522373,4.780860502058864	sin	0.12	909550,,
909551	-3.141592653589793,-2.8108986900540254,-2.4802047265182576,-2.14951076298249,-1.8188167994467224,-1.4881228359109546,-1.157428872375187,-0.8267349088394194,-0.4960409453036516,-0.16534698176788387,0.16534698176788387,0.4960409453036516,0.8267349088394189,1.1574288723751867,1.4881228359109544,1.8188167994467221,2.14951076298249,2.4802047265182576,2.8108986900540254,3.141592653589793	-7.2721117418005585,-8.604233028406831,-8.472641433314863,-9.314049897865289,1.7734341675244956,-3.0324973585283113,-13.614419828196944,-16.55324491055193,-4.066637679204755,-0.4189524132357736,-7.199835421067646,-16.918976653804656,-13.238166921473486,-2.7106498976491897,1.6497054119040335,-10.065637517075114,-16.816253753751873,-9.454278736341685,-1.627735832457752,-1.488014188505236	sin	0.12	909551,,
909552	-3.141592653589793,-2.8108986900540254,-2.4802047265182576,-2.14951076298249,-1.8188167994467224,-1.4881228359109546,-1.157428872375187,-0.8267349088394194,-0.4960409453036516,-0.16534698176788387,0.16534698176788387,0.4960409453036516,0.8267349088394189,1.1574288723751867,1.4881228359109544,1.8188167994467221,2.14951076298249,2.4802047265182576,2.8108986900540254,3.141592653589793	19.1206818101233,19.54821522715696,18.25048287597653,26.869322900419245,21.627008264760974,10.326284221392424,9.077694290320721,20.462920849240795,26.81379735157633,18.777855233612932,9.980869309830265,13.055126082780403,23.77919600581002,28.015283432702503,15.467969463964272,7.3411792671831435,15.715467854401286,25.602983965258716,25.244405048064905,14.62252474970007	sin	0.12	909552,,
909553	-3.141592653589793,-2.8108986900540254,-2.4802047265182576,-2.14951076298249,-1.8188167994467224,-1.4881228359109546,-1.157428872375187,-0.8267349088394194,-0.4960409453036516,-0.16534698176788387,0.16534698176788387,0.4960409453036516,0.8267349088394189,1.1574288723751867,1.4881228359109544,1.8188167994467221,2.14951076298249,2.4802047265182576,2.8108986900540254,3.141592653589793	-4.542959029929139,-4.907010615348077,-4.048129661077858,-3.886396929063504,-3.5462961295824558,-5.382634763717512,-2.536074619091444,-7.95216600648171,-0.5981953152495936,-8.439486455359708,-2.354849540970395,-5.862478372454779,-5.624094372850516,-3.184494814795193,-6.782703298401234,-1.7550410893761845,-8.042284090752343,-2.3093069995709063,-2.411997417364602,-6.68036641177059	sin	0.12	909553,,
909554	-3.141592653589793,-2.8108986900540254,-2.4802047265182576,-2.14951076298249,-1.8188167994467224,-1.4881228359109546,-1.157428872375187,-0.8267349088394194,-0.4960409453036516,-0.16534698176788387,0.16534698176788387,0.4960409453036516,0.8267349088394189,1.1574288723751867,1.4881228359109544,1.8188167994467221,2.14951076298249,2.4802047265182576,2.8108986900540254,3.141592653589793	8.016290547097137,9.118131930186388,7.795474173307284,9.976359613745604,7.49605314316257,8.863549607881874,9.747737297420679,11.410390090453191,8.297819733525383,8.553775109978238,8.266863183373314,5.523968812112873,5.691579177698669,8.202650818356028,8.995261499292019,8.946040187215612,11.240098760198652,11.697598817340003,9.790333380809715,6.708901813031433	sin	0.12	909554,,
909555	-3.141592653589793,-2.8108986900540254,-2.4802047265182576,-2.14951076298249,-1.8188167994467224,-1.4881228359109546,-1.157428872375187,-0.8267349088394194,-0.4960409453036516,-0.16534698176788387,0.16534698176788387,0.4960409453036516,0.8267349088394189,1.1574288723751867,1.4881228359109544,1.8188167994467221,2.14951076298249,2.4802047265182576,2.8108986900540254,3.141592653589793	-3.632004313710438,-3.419588038786649,-1.8294438113339822,-1.6173038043518981,-3.17543428636838,-4.641838433376994,-0.04650535269330458,-6.457608636162592,4.557467504222878,-8.218821307501072,4.9774360898742085,-10.617448235450492,6.365347549225582,-10.880186769512099,8.65106964684643,-10.641591767688883,7.930093271839954,-10.922039465339921,6.033604261825194,-8.00449275818492	sin	0.12	909555,,
909556	-3.141592653589793,-2.8108986900540254,-2.4802047265182576,-2.14951076298249,-1.8188167994467224,-1.4881228359109546,-1.157428872375187,-0.8267349088394194,-0.4960409453036516,-0.16534698176788387,0.16534698176788387,0.4960409453036516,0.8267349088394189,1.1574288723751867,1.4881228359109544,1.8188167994467221,2.14951076298249,2.4802047265182576,2.8108986900540254,3.141592653589793	6.443711024411236,5.910602473747507,7.906479288544984,6.913783211420796,7.371234990948528,5.094999509513358,6.458693582229056,8.323250602520918,5.956135207969428,4.915931983182023,9.185464823286676,5.952301136831901,4.651583871664846,8.156172739129335,7.6410773490205735,5.399517313064145,8.73832806906958,7.074624545843903,5.592535547507863,6.621655703108432	sin	0.12	909556,,
909557	-3.141592653589793,-2.8108986900540254,-2.4802047265182576,-2.14951076298249,-1.8188167994467224,-1.4881228359109546,-1.157428872375187,-0.8267349088394194,-0.4960409453036516,-0.16534698176788387,0.16534698176788387,0.4960409453036516,0.8267349088394189,1.1574288723751867,1.4881228359109544,1.8188167994467221,2.14951076298249,2.4802047265182576,2.8108986900540254,3.141592653589793	0.4745971808219154,0.36184452467870054,-1.6921076572479778,-0.6277366464058529,-2.0207003232626244,-0.6294417450284273,6.5530966130250725,-4.925496082900253,-2.995160370285664,7.207409061918118,-4.392569257641483,-5.089188161094209,5.043347389545313,-1.3512681587657438,-6.073157843575057,4.0069935680068305,1.3282582022405962,-7.179509316821597,3.7621213738809463,2.352234537344194	sin	0.12	909557,,
909558	-3.141592653589793,-2.8108986900540254,-2.4802047265182576,-2.14951076298249,-1.8188167994467224,-1.4881228359109546,-1.157428872375187,-0.8267349088394194,-0.4960409453036516,-0.16534698176788387,0.16534698176788387,0.4960409453036516,0.8267349088394189,1.1574288723751867,1.4881228359109544,1.8188167994467221,2.14951076298249,2.4802047265182576,2.8108986900540254,3.141592653589793	8.86503482496795,9.200824590091905,9.62079764449193,9.836809865805401,8.165497321651117,2.7084365735294584,11.763036017348941,18.280209351242483,5.662755393189494,0.6741407269476012,12.260571105183736,16.323573843915067,3.0650574818546596,3.5922021807376643,14.150585885504874,13.27048720844645,2.736032501815954,6.742391281929734,17.229160549393647,11.54072047970542	sin	0.12	909558,,
909559	-3.141592653589793,-2.8108986900540254,-2.4802047265182576,-2.14951076298249,-1.8188167994467224,-1.4881228359109546,-1.157428872375187,-0.8267349088394194,-0.4960409453036516,-0.16534698176788387,0.16534698176788387,0.4960409453036516,0.8267349088394189,1.1574288723751867,1.4881228359109544,1.8188167994467221,2.14951076298249,2.4802047265182576,2.8108986900540254,3.141592653589793	10.113414881472346,14.692678765566026,7.6757719682576235,9.603845640283229,15.183811467355572,9.258994251604408,8.526463368701314,12.916490493359417,9.897579253153445,7.246963022499684,13.951246639493922,11.288377524730592,5.97413922559811,11.342826686657787,11.285294005148756,6.95823990192576,12.549736768262708,12.928590577676797,7.370488527071535,9.896599993412881	sin	0.12	909559,,
909560	-3.141592653589793,-2.8108986900540254,-2.4802047265182576,-2.14951076298249,-1.8188167994467224,-1.4881228359109546,-1.157428872375187,-0.8267349088394194,-0.4960409453036516,-0.16534698176788387,0.16534698176788387,0.4960409453036516,0.8267349088394189,1.1574288723751867,1.4881228359109544,1.8188167994467221,2.14951076298249,2.4802047265182576,2.8108986900540254,3.141592653589793	15.95755705304853,15.736104342547206,16.03349524580703,13.74278353488527,14.781321028547294,13.155279888366739,18.50863713348119,12.117948519510557,19.682499759568216,8.595898651301871,22.314297858844192,7.266197243535947,23.522364576447366,6.569364418570774,22.898671920927185,5.814344091430935,24.455259719826525,7.444934758656152,21.95808684912729,10.88097632435173	sin	0.12	909560,,
909561	-3.141592653589793,-2.8108986900540254,-2.4802047265182576,-2.14951076298249,-1.8188167994467224,-1.4881228359109546,-1.157428872375187,-0.8267349088394194,-0.4960409453036516,-0.16534698176788387,0.16534698176788387,0.4960409453036516,0.8267349088394189,1.1574288723751867,1.4881228359109544,1.8188167994467221,2.14951076298249,2.4802047265182576,2.8108986900540254,3.141592653589793	-0.6879672069350242,3.029423230390046,-7.918624047414762,8.112748833366899,-8.337791822447958,6.352732958396057,-0.3052267638587569,-3.5152316522225,6.779225853420339,-9.11884643071305,7.856278953553231,-6.099375586240868,4.423909034586478,2.37732535878302,-3.9935901736679646,9.58093312423417,-8.203669065058383,7.6825481725346645,-3.329509903264076,0.7260130658499353	sin	0.12	909561,,
909562	-3.141592653589793,-2.8108986900540254,-2.4802047265182576,-2.14951076298249,-1.8188167994467224,-1.4881228359109546,-1.157428872375187,-0.8267349088394194,-0.4960409453036516,-0.16534698176788387,0.16534698176788387,0.4960409453036516,0.8267349088394189,1.1574288723751867,1.4881228359109544,1.8188167994467221,2.14951076298249,2.4802047265182576,2.8108986900540254,3.141592653589793	-3.817760446118082,-3.7930451256954436,-2.807264443120153,-1.847893766166517,-2.896550060744631,-5.833876034517764,1.8227411844712673,-4.361043676393281,-4.6065164563604455,-0.01431783088000671,-6.880392562415134,-2.374817278192271,-1.3418425573989081,-6.450925311292455,0.02045414026743586,-2.3215204246860965,-3.0981021652947582,-0.6172129727315419,-4.218406293928398,-0.7157159497409573	sin	0.12	909562,,
909563	-3.141592653589793,-2.8108986900540254,-2.4802047265182576,-2.14951076298249,-1.8188167994467224,-1.4881228359109546,-1.157428872375187,-0.8267349088394194,-0.4960409453036516,-0.16534698176788387,0.16534698176788387,0.4960409453036516,0.8267349088394189,1.1574288723751867,1.4881228359109544,1.8188167994467221,2.14951076298249,2.4802047265182576,2.8108986900540254,3.141592653589793	-0.7624363663200526,-1.3559544084933801,0.28530917443241677,-1.9802393979056596,-1.6533893592804638,-2.4601280466166493,6.1436323830085495,9.194652220955145,6.686917876427518,3.5222305591477028,-2.3755269980896436,-7.659382615582517,-11.910436727668717,-10.813867734875528,-4.780296343777408,0.8409591561757512,7.090887504458394,7.564885432051591,5.836439188608873,0.47145386141611745	sin	0.12	909563,,
909564	-3.141592653589793,-2.8108986900540254,-2.4802047265182576,-2.14951076298249,-1.8188167994467224,-1.4881228359109546,-1.157428872375187,-0.8267349088394194,-0.4960409453036516,-0.16534698176788387,0.16534698176788387,0.4960409453036516,0.8267349088394189,1.1574288723751867,1.4881228359109544,1.8188167994467221,2.14951076298249,2.4802047265182576,2.8108986900540254,3.141592653589793	1.3428197711753704,3.1019763358533234,1.895057054548724,2.7714775474823945,2.8152185154710976,1.353461590000368,4.5836112559411255,-1.0701977598160868,5.647326526483805,-1.8466621931610439,5.797449311736317,-1.5705810008098282,6.942764273486217,-3.0003857156535947,6.844243441798756,-0.5958395971912669,6.087060980642848,-2.2710475176586233,4.993190397788167,-0.7452685281001492	sin	0.12	909564,,
909565	-3.141592653589793,-2.8108986900540254,-2.4802047265182576,-2.14951076298249,-1.8188167994467224,-1.4881228359109546,-1.157428872375187,-0.8267349088394194,-0.4960409453036516,-0.16534698176788387,0.16534698176788387,0.4960409453036516,0.8267349088394189,1.1574288723751867,1.4881228359109544,1.8188167994467221,2.14951076298249,2.4802047265182576,2.8108986900540254,3.141592653589793	5.814824689715017,4.52114340667843,4.82153133977528,5.081564545090312,4.969325298634281,3.9282054847064005,5.634546613332878,3.77683971756462,5.4513105388535195,4.355127290878324,4.825503303269782,3.8317627965980408,3.4573790704123555,5.700743546312742,5.368514591560904,4.240425724443465,5.211739401744457,3.9841505216167694,5.6255847974208315,3.894329819560093	sin	0.12	909565,,
909566	-3.141592653589793,-2.8108986900540254,-2.4802047265182576,-2.14951076298249,-1.8188167994467224,-1.4881228359109546,-1.157428872375187,-0.8267349088394194,-0.4960409453036516,-0.16534698176788387,0.16534698176788387,0.4960409453036516,0.8267349088394189,1.1574288723751867,1.4881228359109544,1.8188167994467221,2.14951076298249,2.4802047265182576,2.8108986900540254,3.141592653589793	7.360970399004964,7.3507761945073,5.937204057239318,7.804536635669745,6.411709395896832,10.341084312828691,-1.8175745508430765,15.765239050550928,-1.9872378576299692,13.5195291962624,4.0855094111167665,3.4933584881165,14.336010149024784,-0.7425805665720917,16.670542366094068,-1.0631501492100606,9.02895504376176,9.554487494579138,2.7050091096556317,14.468129272776391	sin	0.12	909566,,
909567	-3.141592653589793,-2.8108986900540254,-2.4802047265182576,-2.14951076298249,-1.8188167994467224,-1.4881228359109546,-1.157428872375187,-0.8267349088394194,-0.4960409453036516,-0.16534698176788387,0.16534698176788387,0.4960409453036516,0.8267349088394189,1.1574288723751867,1.4881228359109544,1.8188167994467221,2.14951076298249,2.4802047265182576,2.8108986900540254,3.141592653589793	-6.754526529954463,-6.963259376624006,-5.97955402326204,-6.345798281976055,-4.448452499331829,-12.452889702906472,-6.1800656303153145,1.0883341055343756,-8.269035256740924,-12.320351558762594,-2.4984689568418137,-1.5299999230472565,-8.43207611019999,-10.891431582888295,-0.4177991653528075,-2.3720614387360124,-11.788796695129376,-9.713677743540906,1.0065718822780436,-4.871559514495798	sin	0.12	909567,,
909568	-3.141592653589793,-2.8108986900540254,-2.4802047265182576,-2.14951076298249,-1.8188167994467224,-1.4881228359109546,-1.157428872375187,-0.8267349088394194,-0.4960409453036516,-0.16534698176788387,0.16534698176788387,0.4960409453036516,0.8267349088394189,1.1574288723751867,1.4881228359109544,1.8188167994467221,2.14951076298249,2.4802047265182576,2.8108986900540254,3.141592653589793	11.335048600338581,13.712772728703413,14.039622826281201,11.790903776700752,12.996293279339687,3.142538900801843,15.227031483626128,22.49088251468713,9.174014122698205,5.4420726887678,15.54043123138162,21.28811006398618,6.454622220143011,6.731042870397848,18.461982662273968,17.188157413563076,5.034912011910505,7.136687418780923,20.13773799178028,15.245680765851072	sin	0.12	909568,,
909569	-3.141592653589793,-2.8108986900540254,-2.4802047265182576,-2.14951076298249,-1.8188167994467224,-1.4881228359109546,-1.157428872375187,-0.8267349088394194,-0.4960409453036516,-0.16534698176788387,0.16534698176788387,0.4960409453036516,0.8267349088394189,1.1574288723751867,1.4881228359109544,1.8188167994467221,2.14951076298249,2.4802047265182576,2.8108986900540254,3.141592653589793	5.175011233118274,5.937298806266241,6.7303114516582045,6.4319936901813595,3.818472754222449,7.784017783185459,4.3579397825490025,6.551684549334441,5.091745765969177,6.686369327644833,5.092091380754958,8.185495721126914,5.001463444824315,7.518479232021012,2.8620000046012484,6.453859578645336,4.187383194410295,6.905849051352163,5.638693919989192,4.81644454836714	sin	0.12	909569,,
909570	-3.141592653589793,-2.8108986900540254,-2.4802047265182576,-2.14951076298249,-1.8188167994467224,-1.4881228359109546,-1.157428872375187,-0.8267349088394194,-0.4960409453036516,-0.16534698176788387,0.16534698176788387,0.4960409453036516,0.8267349088394189,1.1574288723751867,1.4881228359109544,1.8188167994467221,2.14951076298249,2.4802047265182576,2.8108986900540254,3.141592653589793	13.715865510333193,15.608775495262876,12.239458177272418,17.10580981931887,13.84611852691435,15.002987341598537,15.540054555913802,13.239202742199065,16.194185627679587,12.160501757201246,16.491904614690633,13.436953590986459,14.48894606443006,14.118090416436408,12.863572991357213,17.559640124615008,11.915178205024434,15.388118623626653,13.839658147112143,15.495706204271377	sin	0.12	909570,,
909571	-3.141592653589793,-2.8108986900540254,-2.4802047265182576,-2.14951076298249,-1.8188167994467224,-1.4881228359109546,-1.157428872375187,-0.8267349088394194,-0.4960409453036516,-0.16534698176788387,0.16534698176788387,0.4960409453036516,0.8267349088394189,1.1574288723751867,1.4881228359109544,1.8188167994467221,2.14951076298249,2.4802047265182576,2.8108986900540254,3.141592653589793	20.082010271393074,17.58044641768715,23.06765057906062,15.966011492508152,26.467648283905902,12.185972608784015,27.947525734384,12.604300975865705,27.313584637590022,10.551989673094997,28.585581721301807,9.890347052909421,27.23363652020947,10.997532258488278,26.6885320223939,12.641776432812968,23.690776412155657,16.62093049711289,22.15460335662747,20.7020361401343	sin	0.12	909571,,
909572	-3.141592653589793,-2.8108986900540254,-2.4802047265182576,-2.14951076298249,-1.8188167994467224,-1.4881228359109546,-1.157428872375187,-0.8267349088394194,-0.4960409453036516,-0.16534698176788387,0.16534698176788387,0.4960409453036516,0.8267349088394189,1.1574288723751867,1.4881228359109544,1.8188167994467221,2.14951076298249,2.4802047265182576,2.8108986900540254,3.141592653589793	13.071937395618315,14.523486997509902,14.79931822407586,13.506807627870904,15.406880799063657,12.969178180135874,7.079192606387737,22.545233275971846,10.653474063993269,13.678695334141366,22.34417452797228,7.666432943571051,18.21313325332808,17.602549343336626,6.2347172504049295,20.723530493759466,10.66404450548017,10.902242192381607,21.224489807629453,8.570432918659115	sin	0.12	909572,,
909573	-3.141592653589793,-2.8108986900540254,-2.4802047265182576,-2.14951076298249,-1.8188167994467224,-1.4881228359109546,-1.157428872375187,-0.8267349088394194,-0.4960409453036516,-0.16534698176788387,0.16534698176788387,0.4960409453036516,0.8267349088394189,1.1574288723751867,1.4881228359109544,1.8188167994467221,2.14951076298249,2.4802047265182576,2.8108986900540254,3.141592653589793	9.521054121837748,9.21178127003485,9.032940263306873,9.330216196913563,10.547177783797768,6.591941957079727,10.456341261011104,7.8538248784271785,12.571131776549976,5.225675566326501,11.663359645316115,6.508460656599516,11.064123228767519,5.548111936359376,10.739260969091497,5.96690228002962,10.297415815295317,8.54952256428955,11.696549736416019,8.89575526712752	sin	0.12	909573,,
909574	-3.141592653589793,-2.8108986900540254,-2.4802047265182576,-2.14951076298249,-1.8188167994467224,-1.4881228359109546,-1.157428872375187,-0.8267349088394194,-0.4960409453036516,-0.16534698176788387,0.16534698176788387,0.4960409453036516,0.8267349088394189,1.1574288723751867,1.4881228359109544,1.8188167994467221,2.14951076298249,2.4802047265182576,2.8108986900540254,3.141592653589793	22.085610143007052,21.414556758599872,20.54075436926671,24.515950349681546,16.486208468953027,27.33081667105964,16.609391458034718,27.27604312473813,14.850700593494249,29.909321426374763,13.991501490942031,28.966890077194627,12.797143469437556,27.923126467020438,15.623327885756007,28.831841689031137,17.691565784468064,24.76219121309998,19.220735321788226,21.763541025996407	sin	0.12	909574,,
909575	-3.141592653589793,-2.8108986900540254,-2.4802047265182576,-2.14951076298249,-1.8188167994467224,-1.4881228359109546,-1.157428872375187,-0.8267349088394194,-0.4960409453036516,-0.16534698176788387,0.16534698176788387,0.4960409453036516,0.8267349088394189,1.1574288723751867,1.4881228359109544,1.8188167994467221,2.14951076298249,2.4802047265182576,2.8108986900540254,3.141592653589793	-3.8260757229988407,-3.1827923498479933,-2.633741741482483,-4.418821671559604,-3.9208110015080813,-4.844932821021022,-3.064919709053312,-4.953159886512616,-2.536693357087761,-2.7371222496226846,-4.589012436334727,-2.3945856763430076,-3.553190457075905,-3.836181580718014,-4.645243406796057,-3.5834502720317047,-3.649523023087319,-5.099473592398315,-5.171202150091478,-2.355129347804308	sin	0.12	909575,,
909576	-3.141592653589793,-2.8108986900540254,-2.4802047265182576,-2.14951076298249,-1.8188167994467224,-1.4881228359109546,-1.157428872375187,-0.8267349088394194,-0.4960409453036516,-0.16534698176788387,0.16534698176788387,0.4960409453036516,0.8267349088394189,1.1574288723751867,1.4881228359109544,1.8188167994467221,2.14951076298249,2.4802047265182576,2.8108986900540254,3.141592653589793	11.968299836726633,11.451282529617206,20.020690934723604,4.5463218258704226,8.506385425543373,21.338292334299986,7.57706892928528,6.327743015691249,21.955270595149727,11.844995614493905,5.990611904162982,20.707353428031666,15.004997271180788,3.2981524729766214,17.034574927834974,15.574869159191888,4.468296331899365,15.337014758044871,20.37775764383072,2.7974695257316293	sin	0.12	909576,,
909577	-3.141592653589793,-2.8108986900540254,-2.4802047265182576,-2.14951076298249,-1.8188167994467224,-1.4881228359109546,-1.157428872375187,-0.8267349088394194,-0.4960409453036516,-0.16534698176788387,0.16534698176788387,0.4960409453036516,0.8267349088394189,1.1574288723751867,1.4881228359109544,1.8188167994467221,2.14951076298249,2.4802047265182576,2.8108986900540254,3.141592653589793	20.06326281591398,14.98499134646513,29.183138861520604,13.852940020938895,18.920876127069274,29.69748353632669,13.130899203533726,24.111930754506453,24.58970562515203,13.442500948618735,28.693052825768063,18.180883322025505,17.84898616372315,30.71510103775757,13.47076055439788,22.153344689246858,26.000369269648345,10.86445183617106,27.714852561559493,21.451762374072402	sin	0.12	909577,,
909578	-3.141592653589793,-2.8108986900540254,-2.4802047265182576,-2.14951076298249,-1.8188167994467224,-1.4881228359109546,-1.157428872375187,-0.8267349088394194,-0.4960409453036516,-0.16534698176788387,0.16534698176788387,0.4960409453036516,0.8267349088394189,1.1574288723751867,1.4881228359109544,1.8188167994467221,2.14951076298249,2.4802047265182576,2.8108986900540254,3.141592653589793	10.595672319070824,10.77801805545292,8.736777325583272,10.981934589635724,8.754752899672651,7.552120884183121,14.015572174010536,7.190035974753123,8.301534832309635,10.722466777232144,6.193488355319666,12.122979002902818,10.63966137006722,6.6741736463132355,11.944262875497863,7.356624849820686,9.32699161326562,11.259850896105725,8.142155306695013,10.527599206017788	sin	0.12	909578,,
909579	-3.141592653589793,-2.8108986900540254,-2.4802047265182576,-2.14951076298249,-1.8188167994467224,-1.4881228359109546,-1.157428872375187,-0.8267349088394194,-0.4960409453036516,-0.16534698176788387,0.16534698176788387,0.4960409453036516,0.8267349088394189,1.1574288723751867,1.4881228359109544,1.8188167994467221,2.14951076298249,2.4802047265182576,2.8108986900540254,3.141592653589793	8.077057591011286,8.688620222231641,7.363997638973585,8.07925164622591,6.51357331088281,4.906353456882496,6.177986421259058,5.544470522863354,4.7605258469899265,3.847843060710812,5.263848512529554,4.897437968676005,6.667162220421324,8.914311836250231,8.891488298886289,11.151951503006568,11.677685049728582,12.152546983730256,9.339992144497133,10.244317175601081	sin	0.12	909579,,
909580	-3.141592653589793,-2.8108986900540254,-2.4802047265182576,-2.14951076298249,-1.8188167994467224,-1.4881228359109546,-1.157428872375187,-0.8267349088394194,-0.4960409453036516,-0.16534698176788387,0.16534698176788387,0.4960409453036516,0.8267349088394189,1.1574288723751867,1.4881228359109544,1.8188167994467221,2.14951076298249,2.4802047265182576,2.8108986900540254,3.141592653589793	8.838835655365926,8.335761816950399,9.284272313733688,8.658849979212057,14.794433083742744,4.932932520543886,6.5099362770238445,15.642252539079417,7.879399550459683,6.483008838348616,15.191395206302511,8.25168534599935,3.7030106144909394,14.25786577566728,9.42971474101352,3.9913698781387517,11.8547448835351,12.330922154569329,3.729692302274823,10.26945797313194	sin	0.12	909580,,
909581	-3.141592653589793,-2.8108986900540254,-2.4802047265182576,-2.14951076298249,-1.8188167994467224,-1.4881228359109546,-1.157428872375187,-0.8267349088394194,-0.4960409453036516,-0.16534698176788387,0.16534698176788387,0.4960409453036516,0.8267349088394189,1.1574288723751867,1.4881228359109544,1.8188167994467221,2.14951076298249,2.4802047265182576,2.8108986900540254,3.141592653589793	-1.2367291881304165,0.5218177905409824,-1.3935760547504383,-0.5807103156467974,-0.9444045363183431,-0.7799675547664062,0.6729240303176507,-5.02562107558367,3.922329965969345,-4.484856640532184,2.419120865593017,-1.7098031917451593,-2.670350672492715,3.3662203389928997,-5.657544850081482,4.891587759559867,-5.903419955699889,1.3688774729484763,0.09872445475392944,-2.942210719699469	sin	0.12	909581,,
909582	-3.141592653589793,-2.8108986900540254,-2.4802047265182576,-2.14951076298249,-1.8188167994467224,-1.4881228359109546,-1.157428872375187,-0.8267349088394194,-0.4960409453036516,-0.16534698176788387,0.16534698176788387,0.4960409453036516,0.8267349088394189,1.1574288723751867,1.4881228359109544,1.8188167994467221,2.14951076298249,2.4802047265182576,2.8108986900540254,3.141592653589793	3.2268294110583233,3.8351173949765984,11.13642179074376,6.699488986270051,-2.333131960142026,-2.750524112640624,5.6166413009024305,11.447655467339494,4.315039339641176,-4.304576133524307,0.0197254564846312,7.567628997981995,12.316047083480266,2.035668312428578,-5.105468128270354,0.23336279482001565,10.498248629413775,10.52462447813573,-0.17610544277941464,-2.8872835124887635	sin	0.12	909582,,
909583	-3.141592653589793,-2.8108986900540254,-2.4802047265182576,-2.14951076298249,-1.8188167994467224,-1.4881228359109546,-1.157428872375187,-0.8267349088394194,-0.4960409453036516,-0.16534698176788387,0.16534698176788387,0.4960409453036516,0.8267349088394189,1.1574288723751867,1.4881228359109544,1.8188167994467221,2.14951076298249,2.4802047265182576,2.8108986900540254,3.141592653589793	2.1966160155278365,2.22174272471608,0.3104598876921405,1.5662868947332298,2.2577894416429265,0.5463930964599935,2.8056563569158484,-0.24584089003960874,2.374023332312383,-0.4018553073028095,2.630778108287732,-0.5217394226096621,3.202485378051149,1.136513818037893,3.379686874305505,1.2803576679446613,2.685160363487801,1.968488528815212,3.1466710408980143,2.4786693411489447	sin	0.12	909583,,
909584	-3.141592653589793,-2.8108986900540254,-2.4802047265182576,-2.14951076298249,-1.8188167994467224,-1.4881228359109546,-1.157428872375187,-0.8267349088394194,-0.4960409453036516,-0.16534698176788387,0.16534698176788387,0.4960409453036516,0.8267349088394189,1.1574288723751867,1.4881228359109544,1.8188167994467221,2.14951076298249,2.4802047265182576,2.8108986900540254,3.141592653589793	-7.355164667812019,0.5787666362734463,-2.664491813420872,-12.627388208036724,-12.36317406607906,-4.696502228705704,-0.5668831502055536,-5.891777939363541,-13.355407237004549,-12.673781615765769,-2.546280118923711,-0.7147826778689357,-9.600423953640716,-13.879077046108861,-9.97059035308066,-0.330499642415754,-1.8111720627215728,-9.806657954466136,-14.63868537162973,-6.277379663482712	sin	0.12	909584,,
909585	-3.141592653589793,-2.8108986900540254,-2.4802047265182576,-2.14951076298249,-1.8188167994467224,-1.4881228359109546,-1.157428872375187,-0.8267349088394194,-0.4960409453036516,-0.16534698176788387,0.16534698176788387,0.4960409453036516,0.8267349088394189,1.1574288723751867,1.4881228359109544,1.8188167994467221,2.14951076298249,2.4802047265182576,2.8108986900540254,3.141592653589793	-4.906636576813326,-6.355584822529143,-5.49931229869748,-8.831822813096387,-8.320161188268148,-10.653468997107685,-11.731559239603055,-10.084524135816524,-12.337275654525648,-10.121111248259801,-8.663724401949594,-7.13722699124562,-4.515768228016763,-1.787725189793389,-0.5612624337345338,-0.2270975086856506,0.11980192337561313,0.9575440669264506,-0.5530931013546745,-0.3594478627136839	sin	0.12	909585,,
909586	-3.141592653589793,-2.8108986900540254,-2.4802047265182576,-2.14951076298249,-1.8188167994467224,-1.4881228359109546,-1.157428872375187,-0.8267349088394194,-0.4960409453036516,-0.16534698176788387,0.16534698176788387,0.4960409453036516,0.8267349088394189,1.1574288723751867,1.4881228359109544,1.8188167994467221,2.14951076298249,2.4802047265182576,2.8108986900540254,3.141592653589793	3.6916881396216645,3.0415657530695555,3.3791806004163574,4.387697901908584,2.886600290043057,5.390822024425809,4.282679387113504,4.2424596340097915,3.5270473164678924,3.0275028646953004,5.3301854061782885,3.8102794394688138,4.43406580878387,5.450799217265725,4.652095785763455,4.677467553154674,4.641427048332144,2.898560719227872,3.4884746185318973,3.837667301883595	sin	0.12	909586,,
909587	-3.141592653589793,-2.8108986900540254,-2.4802047265182576,-2.14951076298249,-1.8188167994467224,-1.4881228359109546,-1.157428872375187,-0.8267349088394194,-0.4960409453036516,-0.16534698176788387,0.16534698176788387,0.4960409453036516,0.8267349088394189,1.1574288723751867,1.4881228359109544,1.8188167994467221,2.14951076298249,2.4802047265182576,2.8108986900540254,3.141592653589793	14.600221026099984,14.074256811361021,13.714398603327709,14.97865264242266,15.268595146889862,11.60751791247397,10.586308827605173,8.648896229739485,10.182840816352813,7.720457277163266,10.327864836263668,10.657763735458737,12.182651970442752,14.259199058608061,16.30676042262153,17.77033422626556,19.780552539643473,20.36345248507516,21.890961213573867,22.07899506411684	sin	0.12	909587,,
909588	-3.141592653589793,-2.8108986900540254,-2.4802047265182576,-2.14951076298249,-1.8188167994467224,-1.4881228359109546,-1.157428872375187,-0.8267349088394194,-0.4960409453036516,-0.16534698176788387,0.16534698176788387,0.4960409453036516,0.8267349088394189,1.1574288723751867,1.4881228359109544,1.8188167994467221,2.14951076298249,2.4802047265182576,2.8108986900540254,3.141592653589793	-1.777673755870441,-1.596537163504908,-0.07418521104483933,-1.2638455015860535,0.6609623719295419,-0.7909633051316378,-2.454030254520979,3.266741018372321,-3.3975635535048876,2.8371930836283283,-6.4596787160406794,7.229098053168192,-9.256061526463338,8.457534540633372,-9.999993329347442,6.091225123872075,-7.486553428494978,7.006739465131916,-6.989132010972851,6.326221594533931	sin	0.12	909588,,
909589	-3.141592653589793,-2.8108986900540254,-2.4802047265182576,-2.14951076298249,-1.8188167994467224,-1.4881228359109546,-1.157428872375187,-0.8267349088394194,-0.4960409453036516,-0.16534698176788387,0.16534698176788387,0.4960409453036516,0.8267349088394189,1.1574288723751867,1.4881228359109544,1.8188167994467221,2.14951076298249,2.4802047265182576,2.8108986900540254,3.141592653589793	14.268315068309512,13.685865112876538,14.622673666105339,19.958076138039445,17.86711958297003,9.02047779542121,8.66782213126249,15.72036813519475,19.05603139168595,16.009277245511473,9.691051036701628,9.38530783061796,17.206801358036657,18.403778054774328,12.10805908100166,7.721011781835652,12.47612346710261,20.595583149752095,19.444992596564205,10.342568228057825	sin	0.12	909589,,
909590	-3.141592653589793,-2.8108986900540254,-2.4802047265182576,-2.14951076298249,-1.8188167994467224,-1.4881228359109546,-1.157428872375187,-0.8267349088394194,-0.4960409453036516,-0.16534698176788387,0.16534698176788387,0.4960409453036516,0.8267349088394189,1.1574288723751867,1.4881228359109544,1.8188167994467221,2.14951076298249,2.4802047265182576,2.8108986900540254,3.141592653589793	11.454749653719542,10.134288084815838,14.434812563394516,9.466080615884497,15.466364194380729,7.5721630826112065,16.37296247192578,5.242313575169357,17.507568387647478,4.423044985896231,17.869816964999266,5.080179197943399,17.88043257864021,6.846800753724902,18.062298318327347,8.19650859767796,14.871534289405329,8.118907332469565,12.758309715686387,11.2149028689948	sin	0.12	909590,,
909591	-3.141592653589793,-2.8108986900540254,-2.4802047265182576,-2.14951076298249,-1.8188167994467224,-1.4881228359109546,-1.157428872375187,-0.8267349088394194,-0.4960409453036516,-0.16534698176788387,0.16534698176788387,0.4960409453036516,0.8267349088394189,1.1574288723751867,1.4881228359109544,1.8188167994467221,2.14951076298249,2.4802047265182576,2.8108986900540254,3.141592653589793	-7.125369332461552,-8.795055813606485,-7.724717880792022,-9.174790636345538,-7.989362523914996,-9.232768540333609,-4.8806096760246005,-14.777453439589994,-0.9067286453580206,-14.630940527823462,-2.760949394069926,-10.286920455603054,-10.800162412039528,-2.896765434056139,-14.475996973006154,-1.507087728809534,-14.55943797969318,-6.651997183979734,-6.625085106235005,-11.493163280897441	sin	0.12	909591,,
909592	-3.141592653589793,-2.8108986900540254,-2.4802047265182576,-2.14951076298249,-1.8188167994467224,-1.4881228359109546,-1.157428872375187,-0.8267349088394194,-0.4960409453036516,-0.16534698176788387,0.16534698176788387,0.4960409453036516,0.8267349088394189,1.1574288723751867,1.4881228359109544,1.8188167994467221,2.14951076298249,2.4802047265182576,2.8108986900540254,3.141592653589793	-0.7504096567746599,-2.186318535246464,-5.481622950681332,-7.5125746202033925,-8.829709012497746,-9.174991529560478,-10.294337860137562,-9.714644818249717,-8.544289771427358,-6.013083713617702,-3.995932474188815,-1.17450981613342,3.4294392790008255,4.108746401196571,6.584775459134854,5.5933009203248965,7.657255122597944,5.2414896855955915,4.946765585541151,-0.15853149262891097	sin	0.12	909592,,
909593	-3.141592653589793,-2.8108986900540254,-2.4802047265182576,-2.14951076298249,-1.8188167994467224,-1.4881228359109546,-1.157428872375187,-0.8267349088394194,-0.4960409453036516,-0.16534698176788387,0.16534698176788387,0.4960409453036516,0.8267349088394189,1.1574288723751867,1.4881228359109544,1.8188167994467221,2.14951076298249,2.4802047265182576,2.8108986900540254,3.141592653589793	-4.6600066151084345,-3.6168831225846043,-4.000813196900837,-6.127518215900038,-3.6320068578566986,-0.8672129752393802,-5.73319499417474,-7.020893237213932,-2.1776589321771436,-0.17886483478394233,-6.564133740744632,-6.620865261305507,-0.14289527546928849,-0.6729548014254423,-6.205246643525819,-6.332672180080759,-1.5396949959028179,-3.5786200675966295,-6.100006504156618,-3.9109137814492656	sin	0.12	909593,,
909594	-3.141592653589793,-2.8108986900540254,-2.4802047265182576,-2.14951076298249,-1.8188167994467224,-1.4881228359109546,-1.157428872375187,-0.8267349088394194,-0.4960409453036516,-0.16534698176788387,0.16534698176788387,0.4960409453036516,0.8267349088394189,1.1574288723751867,1.4881228359109544,1.8188167994467221,2.14951076298249,2.4802047265182576,2.8108986900540254,3.141592653589793	-9.966354427471149,-11.44064974702059,-10.414220548924483,-18.346256453595352,-18.688961645960475,-12.689740393309645,-5.669681071418637,-3.5658968311697556,-8.75633144166213,-14.94562229754218,-19.46208558956672,-13.806339428425865,-5.684610870629344,-2.5901188462194185,-5.382048317953725,-13.160247576718682,-19.30776168419741,-16.128455295813612,-9.231896231474312,-2.3245893470295833	sin	0.12	909594,,
909595	-3.141592653589793,-2.8108986900540254,-2.4802047265182576,-2.14951076298249,-1.8188167994467224,-1.4881228359109546,-1.157428872375187,-0.8267349088394194,-0.4960409453036516,-0.16534698176788387,0.16534698176788387,0.4960409453036516,0.8267349088394189,1.1574288723751867,1.4881228359109544,1.8188167994467221,2.14951076298249,2.4802047265182576,2.8108986900540254,3.141592653589793	-17.028373170297144,-19.56630455694137,-23.952545255484267,-26.173853825929413,-27.12476635828085,-28.062693420530778,-26.708764540949403,-25.455725371201996,-23.2778934851279,-17.855175657387704,-13.9507547464914,-12.087298424978023,-8.226737262386195,-8.66012053757117,-8.474785915343112,-7.451507043554248,-9.529168947322605,-10.65961082270142,-14.830488585409277,-17.8324391621578	sin	0.12	909595,,
909596	-3.141592653589793,-2.8108986900540254,-2.4802047265182576,-2.14951076298249,-1.8188167994467224,-1.4881228359109546,-1.157428872375187,-0.8267349088394194,-0.4960409453036516,-0.16534698176788387,0.16534698176788387,0.4960409453036516,0.8267349088394189,1.1574288723751867,1.4881228359109544,1.8188167994467221,2.14951076298249,2.4802047265182576,2.8108986900540254,3.141592653589793	8.948095472455478,8.575468589320558,8.626417646248804,7.147274592522937,15.185793377358879,12.560300046614286,2.06137405822437,0.8281699499915369,9.724078513557782,16.40768356065884,8.947895820529157,-0.22957397712734284,3.5344612302891356,14.460368765049513,17.22234605833122,4.884502596745588,-2.198529083762106,5.526055978282311,15.447834848064936,13.655848402248257	sin	0.12	909596,,
909597	-3.141592653589793,-2.8108986900540254,-2.4802047265182576,-2.14951076298249,-1.8188167994467224,-1.4881228359109546,-1.157428872375187,-0.8267349088394194,-0.4960409453036516,-0.16534698176788387,0.16534698176788387,0.4960409453036516,0.8267349088394189,1.1574288723751867,1.4881228359109544,1.8188167994467221,2.14951076298249,2.4802047265182576,2.8108986900540254,3.141592653589793	-1.7962204669207793,-0.7196702537583164,-1.3169352062543602,-2.6166055168135625,-2.397661417947914,-1.0975090810834534,-0.6944241096664285,-0.3821137222747115,-1.7063685204369339,0.007401439400267051,-0.769577037611672,-1.6089625066961126,-2.5120035280957804,-2.6186739607306215,-1.8690087136152336,-1.9662870047166106,-0.8132676897787015,-1.4426180743576147,-0.6209465884833687,-2.8196569273614642	sin	0.12	909597,,
909598	-3.141592653589793,-2.8108986900540254,-2.4802047265182576,-2.14951076298249,-1.8188167994467224,-1.4881228359109546,-1.157428872375187,-0.8267349088394194,-0.4960409453036516,-0.16534698176788387,0.16534698176788387,0.4960409453036516,0.8267349088394189,1.1574288723751867,1.4881228359109544,1.8188167994467221,2.14951076298249,2.4802047265182576,2.8108986900540254,3.141592653589793	-7.27696159748145,-7.851935813701949,-6.669325048349397,-7.212691253893255,-5.877200871428028,-5.1285643590113645,-8.465790206258095,-3.4475650981531443,-10.225826048790347,-1.4260077577460901,-11.078007505425761,0.2864140918919933,-14.220746442564156,0.928754326758984,-15.544044835425535,0.08534683699992662,-13.93642426061544,0.34507645305777856,-14.601919596743944,-1.4561180835424903	sin	0.12	909598,,
909599	-3.141592653589793,-2.8108986900540254,-2.4802047265182576,-2.14951076298249,-1.8188167994467224,-1.4881228359109546,-1.157428872375187,-0.8267349088394194,-0.4960409453036516,-0.16534698176788387,0.16534698176788387,0.4960409453036516,0.8267349088394189,1.1574288723751867,1.4881228359109544,1.8188167994467221,2.14951076298249,2.4802047265182576,2.8108986900540254,3.141592653589793	16.0265415121423,14.02303618177986,15.378921704546869,14.803921164451793,15.144766266234562,17.318823293380795,14.980783118582405,13.778611138734837,16.639131665584266,14.306098451307633,14.345043638822169,14.645656940295702,14.247041522434927,15.56135299639721,16.008678703165348,13.805285214339193,17.205398519790755,14.212755415940082,15.145261633284369,15.369354930455366	sin	0.12	909599